27.600000
0.127387
0.185106
0.243206
0.301533
0.359680
0.418575
0.477813
0.537048
0.597249
0.657359
0.718449
0.780236
0.842620
0.906686
0.971561
1.036907
1.103843
1.171825
1.240381
1.310698
1.382011
1.453068
1.523860
1.594207
1.664617
1.736666
1.809205
1.883071
1.957218
2.030777
2.105083
2.180026
2.255014
2.331041
2.407321
2.483192
2.560069
2.637342
2.714226
2.791802
2.869263
2.945828
3.022622
3.098891
3.173919
3.248840
3.322322
3.395483
3.467634
3.538116
3.608019
3.676703
3.743582
3.809750
3.874658
3.937821
4.000334
4.061740
4.121625
4.181065
4.239652
4.297011
4.354190
4.410345
4.466497
4.522262
4.577261
4.632465
4.687472
4.741878
4.796613
4.851255
4.905377
4.959887
5.014348
5.068322
5.122705
5.177054
5.230926
5.285215
5.339031
5.393265
5.447472
5.501209
5.555364
5.609492
5.663149
5.717223
5.771269
5.824845
5.824845
0.069000
0.127387
0.185106
0.243206
0.301533
