0.000000
1.066247
1.950320
2.716828
3.396958
4.010806
4.584547
5.124983
5.636992
6.134242
6.611826
7.081089
7.541523
7.994039
8.447224
8.895149
9.336381
9.778801
10.218986
10.654415
11.092789
11.529253
11.955764
12.369977
12.771278
13.163464
13.556226
13.943787
14.329728
14.707907
15.072920
15.430875
15.782490
16.125464
16.462845
16.791051
17.108128
17.421310
17.728722
18.027348
18.321452
18.608068
18.884790
19.156147
19.419840
19.673859
19.922545
20.161861
20.395780
20.622354
20.839899
21.052133
21.257406
21.454357
21.646540
21.832638
22.011562
22.186654
22.356795
22.521025
22.682419
22.839952
22.992698
23.143476
23.290071
23.435129
23.577620
23.716560
23.854372
23.990001
24.122437
24.253933
24.383439
24.509965
24.635643
24.759458
24.880454
25.000667
25.119127
25.234921
25.350002
25.462519
25.574366
25.684637
25.792477
25.899695
26.005421
26.108830
26.211657
26.313065
26.412264
26.412264
