27.600000
27.605895
26.658566
25.645633
24.705665
23.853100
23.067198
22.350103
21.703081
21.111085
20.579710
20.096976
19.664787
19.285438
18.949361
18.653451
18.398960
18.178013
17.989016
17.831888
17.701033
17.591540
17.494878
17.397307
17.298257
17.201661
17.108584
17.020757
16.931540
16.835158
16.729367
16.613855
16.494515
16.368968
16.234080
16.092074
15.946513
15.798751
15.651697
15.507342
15.364140
15.224231
15.089651
14.958965
14.833929
14.715950
14.603370
14.498198
14.398724
14.305767
14.219852
14.139343
14.064699
13.996160
13.932268
13.873274
13.819276
13.769062
13.722786
13.680491
13.641203
13.605027
13.571980
13.541294
13.513265
13.487238
13.463276
13.441389
13.421064
13.402351
13.385258
13.369386
13.354774
13.341430
13.329043
13.317643
13.307236
13.297580
13.288699
13.280597
13.273085
13.266236
13.259890
13.254061
13.248752
13.243837
13.239327
13.235223
13.231428
13.227950
13.224787
13.224787
27.600000
27.605895
26.658566
