27.600000
25.658106
23.828962
22.127862
20.568907
19.146694
17.823129
16.599472
15.475894
14.426239
13.461055
12.558537
11.721880
10.952884
10.234403
9.568593
8.956825
8.385551
7.856761
7.371362
6.918443
6.498612
6.110091
5.742273
5.398141
5.081367
4.786555
4.517320
4.267279
4.036685
3.825441
3.628892
3.448194
3.283397
3.130411
2.989553
2.861049
2.742285
2.633659
2.534999
2.443743
2.359936
2.283498
2.212572
2.147289
2.087650
2.032244
1.981599
1.934525
1.891134
1.851444
1.814529
1.780481
1.749316
1.720311
1.693540
1.669020
1.646182
1.625086
1.605748
1.587722
1.571057
1.555768
1.541506
1.528413
1.516192
1.504879
1.494485
1.484776
1.475782
1.467512
1.459783
1.452617
1.446025
1.439861
1.434144
1.428883
1.423962
1.419397
1.415197
1.411268
1.407653
1.404272
1.401137
1.398254
1.395559
1.393062
1.390767
1.388623
1.386637
1.384814
1.384814
27.600000
