27.600000
0.421081
0.642676
0.837722
1.026183
1.210942
1.395599
1.578760
1.759047
1.938912
2.114664
2.288918
2.460573
2.629370
2.797827
2.963535
3.125689
3.287019
3.446161
3.602186
3.757999
3.911918
4.060491
4.202849
4.339026
4.471217
4.603132
4.732964
4.862105
4.988350
5.110167
5.230305
5.349513
5.467088
5.584492
5.700490
5.814318
5.928568
6.042603
6.155313
6.268311
6.380477
6.490785
6.600983
6.710108
6.817249
6.924156
7.029067
7.133707
7.237203
7.338717
7.439928
7.539994
7.638110
7.735902
7.832558
7.927306
8.021714
8.115002
8.206425
8.297502
8.387480
8.475646
8.563465
8.649508
8.735206
8.819856
8.902788
8.985383
9.066964
9.146887
9.226486
9.305108
9.382133
9.458848
9.534626
9.608869
9.682817
9.755866
9.827441
9.898737
9.968598
10.038191
10.106948
10.174327
10.241453
10.307777
10.372777
10.437538
10.501529
10.564247
10.564247
0.069000
0.421081
0.642676
