27.600000
25.783392
24.088815
22.506102
21.044776
19.700195
18.437585
17.259432
16.167450
15.137702
14.181990
13.280044
12.436068
11.652830
10.914007
10.222999
9.582094
8.977982
8.413540
7.890509
7.397789
6.936629
6.505999
6.095279
5.707917
5.348090
5.009978
4.698129
4.405826
4.134063
3.883298
3.648132
3.429697
3.228407
3.039750
2.864429
2.702985
2.552246
2.412908
2.285027
2.165524
2.054652
1.952505
1.856771
1.767769
1.685649
1.608601
1.537476
1.470717
1.408579
1.351190
1.297302
1.247124
1.200766
1.157220
1.116660
1.079176
1.043957
1.011142
0.980807
0.952296
0.925724
0.901154
0.878056
0.856694
0.836609
0.817882
0.800559
0.784268
0.769076
0.755020
0.741798
0.729467
0.718056
0.707322
0.697309
0.688043
0.679325
0.671194
0.663669
0.656589
0.650038
0.643875
0.638126
0.632807
0.627804
0.623138
0.618821
0.614761
0.610976
0.607474
0.607474
27.600000
