5.680000
5.732561
5.839501
5.978621
6.137718
6.308668
6.491631
6.685508
6.890363
7.112335
7.351341
7.615586
7.907358
8.226503
8.578093
8.958092
9.367485
9.819298
10.314376
10.850523
11.437542
12.069664
12.737139
13.447447
14.194762
14.971177
15.783731
16.610022
17.450878
18.282101
19.078330
19.835589
20.532166
21.151859
21.699547
22.169995
22.564327
22.895585
23.168075
23.388413
23.568188
23.712740
23.827733
23.920627
23.995087
24.054515
24.103000
24.142218
24.174785
24.201839
24.224345
24.243534
24.259881
24.273809
24.285942
24.296481
24.305627
24.313774
24.321061
24.327624
24.333726
24.339448
24.344860
24.350135
24.355245
24.360316
24.365330
24.370264
24.375211
24.380139
24.385013
24.389917
24.394811
24.399656
24.404533
24.409402
24.414225
24.419082
24.423936
24.428748
24.433600
24.438412
24.443264
24.448115
24.452927
24.457778
24.462629
24.467441
24.472291
24.477141
24.481951
24.481951
