0.014347968750000002
0.1397390625
0.01453203125
38.672484374999996
0.392765625
0.00466509375
0.015256406250000002
0.01573734375
0.005703513749999999
0.09138671875000001
0.005229056249999999
0.0009509765625000001
0.015256406250000002
0.029302734375
0.18574218750000002
0.09740234375000001
0.10439453125
0.09689453125000001
0.10982421875000001
0.10451171875000001
0.10044921875000001
0.10099609375000002
0.10900390625000002
1.0080078125
0.17282226562500003
0.0010814453125000002
90800.78125
3.2876953125000004
0.93015234375
1.9363281250000002
1.8589843750000001
10.220117187500001
2.8775390625000004
0.0519462890625