370.625000
365.777344
385.858398
363.068848
375.259277
387.191895
561.536133
17.564209
17.213867
17.150879
21.804688
31.063721
19.366943
161.502441
156.111328
163.851562
141.368164
151.555664
149.722656
16.013672
18.778809
15.235840
15.085938
19.748657
15.732849
17.998810
16.961304
153.517273
3082.711670
212.840820
138.853699
472.440796
1429.977295
501.238037
217.441650
155.407959
59864.925781
1560.634766
139.308960
141.186279
139.244751
1280.411621
1397.872314
1475.919922
209.327637
16.108032
16.948730
16.489746
14.131348
14.157471
14.316162
13.330566
13.719482
16.477051
13.361328
17.761230
14.820312
1431.867676
1290.735352
1445.472656
1761.568848
241.597412
211.408203
6127.040039
5140.901855
5623.084473
188.828125
192.031250
171.126953
6058.395996
3.190918
3.224609
6.762207
6.293457
48.510742
557.726562
603.549561
600.716064
1205.925293
706.211426
621.068481
557.292114
563.910645
50.482361
51.128662
51.570068
563.012207
519.028931
676.749146
583.243896
578.333252
656.291016
659.500977
51.102539
49.805664
51.338867
51.150391
79.095215
73.878906
48.795898
49.327148
49.841797
49.215820
48.570679
46.902222
47.697144
50.355347
52.879883
50.901978
50.764771
55.092529
50.051758
672.972412
651.542969
593.797119
61.092285
59.530762
51.332520
50.824219
50.571289
54.118164
6.591553
2.982178
2.907959
5.627930
85.685059
18.705078
5.933594
2.858887
2.888184
3.079102
2.910156
6.616821
706.977539
61.590332
125.258545
64.388672
65.360596
123.169922
70.686523
163.550781
62.177246
713.478027
61.835999
134.729980
133.309204
84.023682
33.273438
83.236328
83.251953
32.265625
86.916016
86.103516
92.724609
30.138672
64.964844
76.166016
55.712891
80.679688
58.500000
45.662109
98.695312
658.861328
7.285156
16.296875
37.328125
621.171875
687.942383
661.906860
58.225586
62.345703
59.235352
49.002930
84.262695
94.095703
587.472656
124.487305
60.953125
24.638672
65.181641
52.604004
57.182129
58.272949
68.584961
385.678711
67.372589
17.700256
18.028503
19.748779
19.065430
19.192139
19.619080
68.151062
77.480957
77.325195
65.632812
120.298828
114.987305
8.648926
7.012817
9.124023
8.613281
60.007080
7.042969
6.354980
51.478027
253.616699
8.446289
64.893555
125.661133
67.734375
449.797852
385.741211
393.141602
59.106445
6.862305
184.662109
62.127197
53.244141
58.706055
63.265869
134.050781
138.427734
