[0.00407784 0.01397391 1.00545974]
[0.00447272 0.01397391 1.00545974]
[0.00407784 0.01453203 1.00545974]
[0.00407784 0.01397391 1.08332955]
[0.00447272 0.01453203 1.08332955]
[0.00450984 0.01549391 0.9052855 ]
[0.00404072 0.01549391 0.9052855 ]
[0.00450984 0.01605203 0.9052855 ]
[0.00450984 0.01549391 0.98315532]
[0.00404072 0.01605203 0.98315532]
[0.00472584 0.01473391 1.05554685]
[0.00468872 0.01473391 1.05554685]
[0.00472584 0.01529203 1.05554685]
[0.00472584 0.01473391 0.9330682 ]
[0.00468872 0.01529203 0.9330682 ]
[0.00429384 0.01625391 0.95537262]
[0.00425672 0.01625391 0.95537262]
[0.00429384 0.01377203 0.95537262]
[0.00429384 0.01625391 1.03324243]
[0.00425672 0.01377203 1.03324243]
[0.00418584 0.01511391 0.93032906]
[0.00414872 0.01511391 0.93032906]
[0.00418584 0.01415203 0.93032906]
[0.00418584 0.01511391 1.05828599]
[0.00414872 0.01415203 1.05828599]
[0.00461784 0.01663391 1.03050329]
[0.00458072 0.01663391 1.03050329]
[0.00461784 0.01567203 1.03050329]
[0.00461784 0.01663391 0.95811176]
[0.00458072 0.01567203 0.95811176]
[0.00440184 0.01435391 0.98041618]
[0.00393272 0.01435391 0.98041618]
[0.00440184 0.01643203 0.98041618]
[0.00440184 0.01435391 0.90802464]
[0.00393272 0.01643203 0.90802464]
[0.00396984 0.01587391 1.08059041]
[0.00436472 0.01587391 1.08059041]
[0.00396984 0.01491203 1.08059041]
[0.00396984 0.01587391 1.00819888]
[0.00436472 0.01491203 1.00819888]
[0.00394284 0.01425891 0.91154639]
[0.00428372 0.01425891 0.91154639]
[0.00394284 0.01557703 0.91154639]
[0.00394284 0.01425891 0.95185087]
[0.00428372 0.01557703 0.95185087]
[0.00437484 0.01577891 1.01172063]
[0.00471572 0.01577891 1.01172063]
[0.00437484 0.01405703 1.01172063]
[0.00437484 0.01577891 1.0520251 ]
[0.00471572 0.01405703 1.0520251 ]
[0.00459084 0.01501891 0.96163351]
[0.00406772 0.01501891 0.96163351]
[0.00459084 0.01481703 0.96163351]
[0.00459084 0.01501891 1.00193799]
[0.00406772 0.01481703 1.00193799]
[0.00415884 0.01653891 1.06180774]
[0.00449972 0.01653891 1.06180774]
[0.00415884 0.01633703 1.06180774]
[0.00415884 0.01653891 0.90176375]
[0.00449972 0.01633703 0.90176375]
[0.00426684 0.01463891 1.03676418]
[0.00439172 0.01463891 1.03676418]
[0.00426684 0.01671703 1.03676418]
[0.00426684 0.01463891 0.97689443]
[0.00439172 0.01671703 0.97689443]
[0.00469884 0.01615891 0.93658995]
[0.00395972 0.01615891 0.93658995]
[0.00469884 0.01519703 0.93658995]
[0.00469884 0.01615891 1.07706866]
[0.00395972 0.01519703 1.07706866]
[0.00448284 0.01387891 1.0868513 ]
[0.00460772 0.01387891 1.0868513 ]
[0.00448284 0.01443703 1.0868513 ]
[0.00448284 0.01387891 1.02698154]
[0.00460772 0.01443703 1.02698154]
[0.00405084 0.01539891 0.98667707]
[0.00417572 0.01539891 0.98667707]
[0.00405084 0.01595703 0.98667707]
[0.00405084 0.01539891 0.92680731]
[0.00417572 0.01595703 0.92680731]
[0.00399684 0.01482891 1.09937308]
[0.00390572 0.01482891 1.09937308]
[0.00399684 0.01386703 1.09937308]
[0.00399684 0.01482891 0.91428553]
[0.00390572 0.01386703 0.91428553]
[0.00442884 0.01634891 0.99919885]
[0.00433772 0.01634891 0.99919885]
[0.00442884 0.01538703 0.99919885]
[0.00442884 0.01634891 1.01445977]
[0.00433772 0.01538703 1.01445977]
[0.00464484 0.01406891 1.04928596]
[0.00412172 0.01406891 1.04928596]
[0.00464484 0.01614703 1.04928596]
[0.00464484 0.01406891 1.06454688]
[0.00412172 0.01614703 1.06454688]
[0.00421284 0.01558891 0.94911173]
[0.00455372 0.01558891 0.94911173]
[0.00421284 0.01462703 0.94911173]
[0.00421284 0.01558891 0.96437265]
[0.00455372 0.01462703 0.96437265]
[0.00410484 0.01368891 0.97415529]
[0.00466172 0.01368891 0.97415529]
[0.00410484 0.01500703 0.97415529]
[0.00410484 0.01368891 0.93932909]
[0.00466172 0.01500703 0.93932909]
[0.00453684 0.01520891 1.07432952]
[0.00422972 0.01520891 1.07432952]
[0.00453684 0.01652703 1.07432952]
[0.00453684 0.01520891 1.03950332]
[0.00422972 0.01652703 1.03950332]
[0.00432084 0.01444891 0.92406817]
[0.00444572 0.01444891 0.92406817]
[0.00432084 0.01576703 0.92406817]
[0.00432084 0.01444891 1.08959044]
[0.00444572 0.01576703 1.08959044]
[0.00388884 0.01596891 1.02424241]
[0.00401372 0.01596891 1.02424241]
[0.00388884 0.01424703 1.02424241]
[0.00388884 0.01596891 0.98941621]
[0.00401372 0.01424703 0.98941621]
[0.00388927 0.01482445 0.99127491]
[0.00430861 0.01482445 0.99127491]
[0.00388927 0.01537367 0.99127491]
[0.00388927 0.01482445 1.07070994]
[0.00430861 0.01537367 1.07070994]
[0.00432127 0.01634445 1.09144914]
[0.00474061 0.01634445 1.09144914]
[0.00432127 0.01385367 1.09144914]
[0.00432127 0.01634445 0.97053571]
[0.00474061 0.01385367 0.97053571]
[0.00453727 0.01406445 0.94118779]
[0.00409261 0.01406445 0.94118779]
[0.00453727 0.01461367 0.94118779]
[0.00453727 0.01406445 0.92044859]
[0.00409261 0.01461367 0.92044859]
[0.00410527 0.01558445 1.04136202]
[0.00452461 0.01558445 1.04136202]
[0.00410527 0.01613367 1.04136202]
[0.00410527 0.01558445 1.02062283]
[0.00452461 0.01613367 1.02062283]
[0.00421327 0.01368445 1.06640558]
[0.00441661 0.01368445 1.06640558]
[0.00421327 0.01651367 1.06640558]
[0.00421327 0.01368445 1.0957535 ]
[0.00441661 0.01651367 1.0957535 ]
[0.00464527 0.01520445 0.96623135]
[0.00398461 0.01520445 0.96623135]
[0.00464527 0.01499367 0.96623135]
[0.00464527 0.01520445 0.99557927]
[0.00398461 0.01499367 0.99557927]
[0.00442927 0.01444445 1.01631847]
[0.00463261 0.01444445 1.01631847]
[0.00442927 0.01423367 1.01631847]
[0.00442927 0.01444445 0.94549215]
[0.00463261 0.01423367 0.94549215]
[0.00399727 0.01596445 0.91614423]
[0.00420061 0.01596445 0.91614423]
[0.00399727 0.01575367 0.91614423]
[0.00399727 0.01596445 1.04566639]
[0.00420061 0.01575367 1.04566639]
[0.00405127 0.01425445 1.00379669]
[0.00393061 0.01425445 1.00379669]
[0.00405127 0.01404367 1.00379669]
[0.00405127 0.01425445 1.00810105]
[0.00393061 0.01404367 1.00810105]
[0.00448327 0.01577445 0.90362245]
[0.00436261 0.01577445 0.90362245]
[0.00448327 0.01556367 0.90362245]
[0.00448327 0.01577445 0.90792682]
[0.00436261 0.01556367 0.90792682]
[0.00469927 0.01501445 1.0538838 ]
[0.00414661 0.01501445 1.0538838 ]
[0.00469927 0.01632367 1.0538838 ]
[0.00469927 0.01501445 0.95801393]
[0.00414661 0.01632367 0.95801393]
[0.00426727 0.01653445 0.95370957]
[0.00457861 0.01653445 0.95370957]
[0.00426727 0.01480367 0.95370957]
[0.00426727 0.01653445 1.05818817]
[0.00457861 0.01480367 1.05818817]
[0.00415927 0.01463445 0.92866601]
[0.00468661 0.01463445 0.92866601]
[0.00415927 0.01518367 0.92866601]
[0.00415927 0.01463445 1.03314461]
[0.00468661 0.01518367 1.03314461]
[0.00459127 0.01615445 1.02884025]
[0.00425461 0.01615445 1.02884025]
[0.00459127 0.01670367 1.02884025]
[0.00459127 0.01615445 0.93297037]
[0.00425461 0.01670367 0.93297037]
[0.00437527 0.01387445 0.97875313]
[0.00447061 0.01387445 0.97875313]
[0.00437527 0.01594367 0.97875313]
[0.00437527 0.01387445 0.98305749]
[0.00447061 0.01594367 0.98305749]
[0.00394327 0.01539445 1.07892736]
[0.00403861 0.01539445 1.07892736]
[0.00394327 0.01442367 1.07892736]
[0.00394327 0.01539445 1.08323172]
[0.00403861 0.01442367 1.08323172]
[0.00397027 0.01396945 0.90988334]
[0.00460561 0.01396945 0.90988334]
[0.00397027 0.01603867 0.90988334]
[0.00397027 0.01396945 0.92670948]
[0.00460561 0.01603867 0.92670948]
[0.00440227 0.01548945 1.01005758]
[0.00417361 0.01548945 1.01005758]
[0.00440227 0.01451867 1.01005758]
[0.00440227 0.01548945 1.02688372]
[0.00417361 0.01451867 1.02688372]
[0.00461827 0.01472945 0.95997046]
[0.00438961 0.01472945 0.95997046]
[0.00461827 0.01375867 0.95997046]
[0.00461827 0.01472945 1.07697083]
[0.00438961 0.01375867 1.07697083]
[0.00418627 0.01624945 1.06014469]
[0.00395761 0.01624945 1.06014469]
[0.00418627 0.01527867 1.06014469]
[0.00418627 0.01624945 0.9767966 ]
[0.00395761 0.01527867 0.9767966 ]
[0.00429427 0.01510945 1.03510114]
[0.00406561 0.01510945 1.03510114]
[0.00429427 0.01565867 1.03510114]
[0.00429427 0.01510945 0.90166593]
[0.00406561 0.01565867 0.90166593]
[0.00472627 0.01662945 0.9349269 ]
[0.00449761 0.01662945 0.9349269 ]
[0.00472627 0.01413867 0.9349269 ]
[0.00472627 0.01662945 1.00184016]
[0.00449761 0.01413867 1.00184016]
[0.00451027 0.01434945 1.08518825]
[0.00428161 0.01434945 1.08518825]
[0.00451027 0.01489867 1.08518825]
[0.00451027 0.01434945 1.05192728]
[0.00428161 0.01489867 1.05192728]
[0.00407827 0.01586945 0.98501402]
[0.00471361 0.01586945 0.98501402]
[0.00407827 0.01641867 0.98501402]
[0.00407827 0.01586945 0.95175304]
[0.00471361 0.01641867 0.95175304]
[0.00402427 0.01453945 1.09771003]
[0.00444361 0.01453945 1.09771003]
[0.00402427 0.01470867 1.09771003]
[0.00402427 0.01453945 0.98931838]
[0.00444361 0.01470867 0.98931838]
[0.00445627 0.01605945 0.9975358 ]
[0.00401161 0.01605945 0.9975358 ]
[0.00445627 0.01622867 0.9975358 ]
[0.00445627 0.01605945 1.08949261]
[0.00401161 0.01622867 1.08949261]
[0.00467227 0.01377945 1.04762291]
[0.00465961 0.01377945 1.04762291]
[0.00467227 0.01546867 1.04762291]
[0.00467227 0.01377945 1.0394055 ]
[0.00465961 0.01546867 1.0394055 ]
[0.00424027 0.01529945 0.94744868]
[0.00422761 0.01529945 0.94744868]
[0.00424027 0.01394867 0.94744868]
[0.00424027 0.01529945 0.93923126]
[0.00422761 0.01394867 0.93923126]
[0.00413227 0.01415945 0.97249224]
[0.00411961 0.01415945 0.97249224]
[0.00413227 0.01432867 0.97249224]
[0.00413227 0.01415945 0.96427482]
[0.00411961 0.01432867 0.96427482]
[0.00456427 0.01567945 1.07266647]
[0.00455161 0.01567945 1.07266647]
[0.00456427 0.01584867 1.07266647]
[0.00456427 0.01567945 1.06444906]
[0.00455161 0.01584867 1.06444906]
[0.00434827 0.01491945 0.92240512]
[0.00390361 0.01491945 0.92240512]
[0.00434827 0.01660867 0.92240512]
[0.00434827 0.01491945 1.01436194]
[0.00390361 0.01660867 1.01436194]
[0.00391627 0.01643945 1.02257936]
[0.00433561 0.01643945 1.02257936]
[0.00391627 0.01508867 1.02257936]
[0.00391627 0.01643945 0.91418771]
[0.00433561 0.01508867 0.91418771]
[0.00392977 0.01411195 1.05701425]
[0.00470011 0.01411195 1.05701425]
[0.00392977 0.01570617 1.05701425]
[0.00392977 0.01411195 0.94236171]
[0.00470011 0.01570617 0.94236171]
[0.00436177 0.01563195 0.95684002]
[0.00426811 0.01563195 0.95684002]
[0.00436177 0.01418617 0.95684002]
[0.00436177 0.01563195 1.04253594]
[0.00426811 0.01418617 1.04253594]
[0.00457777 0.01487195 1.00692713]
[0.00448411 0.01487195 1.00692713]
[0.00457777 0.01494617 1.00692713]
[0.00457777 0.01487195 1.09262306]
[0.00448411 0.01494617 1.09262306]
[0.00414577 0.01639195 0.9067529 ]
[0.00405211 0.01639195 0.9067529 ]
[0.00414577 0.01646617 0.9067529 ]
[0.00414577 0.01639195 0.99244883]
[0.00405211 0.01646617 0.99244883]
[0.00425377 0.01449195 0.98188357]
[0.00394411 0.01449195 0.98188357]
[0.00425377 0.01608617 0.98188357]
[0.00425377 0.01449195 0.91731815]
[0.00394411 0.01608617 0.91731815]
[0.00468577 0.01601195 1.08205781]
[0.00437611 0.01601195 1.08205781]
[0.00468577 0.01456617 1.08205781]
[0.00468577 0.01601195 1.01749238]
[0.00437611 0.01456617 1.01749238]
[0.00446977 0.01373195 0.93179646]
[0.00416011 0.01373195 0.93179646]
[0.00446977 0.01380617 0.93179646]
[0.00446977 0.01373195 1.0675795 ]
[0.00416011 0.01380617 1.0675795 ]
[0.00403777 0.01525195 1.03197069]
[0.00459211 0.01525195 1.03197069]
[0.00403777 0.01532617 1.03197069]
[0.00403777 0.01525195 0.96740527]
[0.00459211 0.01532617 0.96740527]
[0.00409177 0.01506195 0.94431824]
[0.00432211 0.01506195 0.94431824]
[0.00409177 0.01437617 0.94431824]
[0.00409177 0.01506195 0.97992705]
[0.00432211 0.01437617 0.97992705]
[0.00452377 0.01658195 1.04449247]
[0.00389011 0.01658195 1.04449247]
[0.00452377 0.01589617 1.04449247]
[0.00452377 0.01658195 1.08010128]
[0.00389011 0.01589617 1.08010128]
[0.00473977 0.01430195 0.99440535]
[0.00453811 0.01430195 0.99440535]
[0.00473977 0.01665617 0.99440535]
[0.00473977 0.01430195 1.03001416]
[0.00453811 0.01665617 1.03001416]
[0.00430777 0.01582195 1.09457959]
[0.00410611 0.01582195 1.09457959]
[0.00430777 0.01513617 1.09457959]
[0.00430777 0.01582195 0.92983993]
[0.00410611 0.01513617 0.92983993]
[0.00419977 0.01392195 1.01944891]
[0.00421411 0.01392195 1.01944891]
[0.00419977 0.01475617 1.01944891]
[0.00419977 0.01392195 0.95488349]
[0.00421411 0.01475617 0.95488349]
[0.00463177 0.01544195 0.91927468]
[0.00464611 0.01544195 0.91927468]
[0.00463177 0.01627617 0.91927468]
[0.00463177 0.01544195 1.05505772]
[0.00464611 0.01627617 1.05505772]
[0.00441577 0.01468195 1.06953603]
[0.00399811 0.01468195 1.06953603]
[0.00441577 0.01551617 1.06953603]
[0.00441577 0.01468195 1.0049706 ]
[0.00399811 0.01551617 1.0049706 ]
[0.00398377 0.01620195 0.96936179]
[0.00443011 0.01620195 0.96936179]
[0.00398377 0.01399617 0.96936179]
[0.00398377 0.01620195 0.90479637]
[0.00443011 0.01399617 0.90479637]
[0.00395677 0.01477695 1.05075336]
[0.00418711 0.01477695 1.05075336]
[0.00395677 0.01637117 1.05075336]
[0.00395677 0.01477695 1.06131861]
[0.00418711 0.01637117 1.06131861]
[0.00438877 0.01629695 0.95057913]
[0.00461911 0.01629695 0.95057913]
[0.00438877 0.01485117 0.95057913]
[0.00438877 0.01629695 0.96114438]
[0.00461911 0.01485117 0.96114438]
[0.00460477 0.01401695 1.10084048]
[0.00397111 0.01401695 1.10084048]
[0.00460477 0.01409117 1.10084048]
[0.00460477 0.01401695 0.91105726]
[0.00397111 0.01409117 0.91105726]
[0.00417277 0.01553695 1.00066624]
[0.00440311 0.01553695 1.00066624]
[0.00417277 0.01561117 1.00066624]
[0.00417277 0.01553695 1.01123149]
[0.00440311 0.01561117 1.01123149]
[0.00428077 0.01439695 0.92553557]
[0.00451111 0.01439695 0.92553557]
[0.00428077 0.01523117 0.92553557]
[0.00428077 0.01439695 1.08636217]
[0.00451111 0.01523117 1.08636217]
[0.00471277 0.01591695 1.0257098 ]
[0.00407911 0.01591695 1.0257098 ]
[0.00471277 0.01371117 1.0257098 ]
[0.00471277 0.01591695 0.98618794]
[0.00407911 0.01371117 0.98618794]
[0.00449677 0.01515695 0.97562268]
[0.00472711 0.01515695 0.97562268]
[0.00449677 0.01447117 0.97562268]
[0.00449677 0.01515695 0.93610082]
[0.00472711 0.01447117 0.93610082]
[0.00406477 0.01667695 1.07579692]
[0.00429511 0.01667695 1.07579692]
[0.00406477 0.01599117 1.07579692]
[0.00406477 0.01667695 1.03627505]
[0.00429511 0.01599117 1.03627505]
[0.00401077 0.01382695 0.96310091]
[0.00402511 0.01382695 0.96310091]
[0.00401077 0.01504117 0.96310091]
[0.00401077 0.01382695 1.02375327]
[0.00402511 0.01504117 1.02375327]
[0.00444277 0.01534695 1.06327514]
[0.00445711 0.01534695 1.06327514]
[0.00444277 0.01656117 1.06327514]
[0.00444277 0.01534695 0.92357904]
[0.00445711 0.01656117 0.92357904]
[0.00465877 0.01458695 0.91301379]
[0.00424111 0.01458695 0.91301379]
[0.00465877 0.01580117 0.91301379]
[0.00465877 0.01458695 0.97366616]
[0.00424111 0.01580117 0.97366616]
[0.00422677 0.01610695 1.01318802]
[0.00467311 0.01610695 1.01318802]
[0.00422677 0.01428117 1.01318802]
[0.00422677 0.01610695 1.07384039]
[0.00467311 0.01428117 1.07384039]
[0.00411877 0.01496695 1.0883187 ]
[0.00456511 0.01496695 1.0883187 ]
[0.00411877 0.01390117 1.0883187 ]
[0.00411877 0.01496695 1.04879683]
[0.00456511 0.01390117 1.04879683]
[0.00455077 0.01648695 0.98814446]
[0.00413311 0.01648695 0.98814446]
[0.00455077 0.01542117 0.98814446]
[0.00455077 0.01648695 0.9486226 ]
[0.00413311 0.01542117 0.9486226 ]
[0.00433477 0.01420695 1.03823158]
[0.00434911 0.01420695 1.03823158]
[0.00433477 0.01618117 1.03823158]
[0.00433477 0.01420695 0.99870971]
[0.00434911 0.01618117 0.99870971]
[0.00390277 0.01572695 0.93805735]
[0.00391711 0.01572695 0.93805735]
[0.00390277 0.01466117 0.93805735]
[0.00390277 0.01572695 1.09888395]
[0.00391711 0.01466117 1.09888395]
[0.00390952 0.0137557  1.02727502]
[0.00446386 0.0137557  1.02727502]
[0.00390952 0.01416242 1.02727502]
[0.00390952 0.0137557  1.03470983]
[0.00446386 0.01416242 1.03470983]
[0.00434152 0.0152757  0.92710079]
[0.00403186 0.0152757  0.92710079]
[0.00434152 0.01568242 0.92710079]
[0.00434152 0.0152757  0.9345356 ]
[0.00403186 0.01568242 0.9345356 ]
[0.00455752 0.0145157  1.07736214]
[0.00467986 0.0145157  1.07736214]
[0.00455752 0.01644242 1.07736214]
[0.00455752 0.0145157  0.98462271]
[0.00467986 0.01644242 0.98462271]
[0.00412552 0.0160357  0.97718791]
[0.00424786 0.0160357  0.97718791]
[0.00412552 0.01492242 0.97718791]
[0.00412552 0.0160357  1.08479695]
[0.00424786 0.01492242 1.08479695]
[0.00423352 0.0148957  0.90205723]
[0.00413986 0.0148957  0.90205723]
[0.00423352 0.01454242 0.90205723]
[0.00423352 0.0148957  1.00966627]
[0.00413986 0.01454242 1.00966627]
[0.00466552 0.0164157  1.00223147]
[0.00457186 0.0164157  1.00223147]
[0.00466552 0.01606242 1.00223147]
[0.00466552 0.0164157  0.90949204]
[0.00457186 0.01606242 0.90949204]
[0.00444952 0.0141357  0.95214435]
[0.00392386 0.0141357  0.95214435]
[0.00444952 0.01530242 0.95214435]
[0.00444952 0.0141357  0.95957915]
[0.00392386 0.01530242 0.95957915]
[0.00401752 0.0156557  1.05231858]
[0.00435586 0.0156557  1.05231858]
[0.00401752 0.01378242 1.05231858]
[0.00401752 0.0156557  1.05975339]
[0.00435586 0.01378242 1.05975339]
[0.00407152 0.0147057  0.96466613]
[0.00462586 0.0147057  0.96466613]
[0.00407152 0.01587242 0.96466613]
[0.00407152 0.0147057  1.09731873]
[0.00462586 0.01587242 1.09731873]
[0.00450352 0.0162257  1.06484036]
[0.00419386 0.0162257  1.06484036]
[0.00450352 0.01435242 1.06484036]
[0.00450352 0.0162257  0.99714449]
[0.00419386 0.01435242 0.99714449]
[0.00471952 0.0139457  0.91457901]
[0.00440986 0.0139457  0.91457901]
[0.00471952 0.01511242 0.91457901]
[0.00471952 0.0139457  0.94705738]
[0.00440986 0.01511242 0.94705738]
[0.00428752 0.0154657  1.01475324]
[0.00397786 0.0154657  1.01475324]
[0.00428752 0.01663242 1.01475324]
[0.00428752 0.0154657  1.04723161]
[0.00397786 0.01663242 1.04723161]
[0.00417952 0.0143257  1.08988392]
[0.00408586 0.0143257  1.08988392]
[0.00417952 0.01625242 1.08988392]
[0.00417952 0.0143257  1.07227517]
[0.00408586 0.01625242 1.07227517]
[0.00461152 0.0158457  0.98970969]
[0.00451786 0.0158457  0.98970969]
[0.00461152 0.01473242 0.98970969]
[0.00461152 0.0158457  0.97210093]
[0.00451786 0.01473242 0.97210093]
[0.00439552 0.0150857  1.0397968 ]
[0.00430186 0.0150857  1.0397968 ]
[0.00439552 0.01397242 1.0397968 ]
[0.00439552 0.0150857  0.92201382]
[0.00430186 0.01397242 0.92201382]
[0.00396352 0.0166057  0.93962257]
[0.00473386 0.0166057  0.93962257]
[0.00396352 0.01549242 0.93962257]
[0.00396352 0.0166057  1.02218805]
[0.00473386 0.01549242 1.02218805]
[0.00399052 0.0151807  1.07110125]
[0.00389686 0.0151807  1.07110125]
[0.00399052 0.01482742 1.07110125]
[0.00399052 0.0151807  0.96584004]
[0.00389686 0.01482742 0.96584004]
[0.00442252 0.0167007  0.97092702]
[0.00432886 0.0167007  0.97092702]
[0.00442252 0.01634742 0.97092702]
[0.00442252 0.0167007  1.06601428]
[0.00432886 0.01634742 1.06601428]
[0.00463852 0.0144207  1.02101413]
[0.00411286 0.0144207  1.02101413]
[0.00463852 0.01558742 1.02101413]
[0.00463852 0.0144207  1.01592716]
[0.00411286 0.01558742 1.01592716]
[0.00420652 0.0159407  0.9208399 ]
[0.00454486 0.0159407  0.9208399 ]
[0.00420652 0.01406742 0.9208399 ]
[0.00420652 0.0159407  0.91575293]
[0.00454486 0.01406742 0.91575293]
[0.00431452 0.0140407  0.99597058]
[0.00465286 0.0140407  0.99597058]
[0.00431452 0.01368742 0.99597058]
[0.00431452 0.0140407  0.9908836 ]
[0.00465286 0.01368742 0.9908836 ]
[0.00474652 0.0155607  1.09614481]
[0.00422086 0.0155607  1.09614481]
[0.00474652 0.01520742 1.09614481]
[0.00474652 0.0155607  1.09105784]
[0.00422086 0.01520742 1.09105784]
[0.00453052 0.0148007  0.94588346]
[0.00443686 0.0148007  0.94588346]
[0.00453052 0.01596742 0.94588346]
[0.00453052 0.0148007  1.04097072]
[0.00443686 0.01596742 1.04097072]
[0.00409852 0.0163207  1.04605769]
[0.00400486 0.0163207  1.04605769]
[0.00409852 0.01444742 1.04605769]
[0.00409852 0.0163207  0.94079649]
[0.00400486 0.01444742 0.94079649]
[0.00404452 0.0142307  0.93336168]
[0.00427486 0.0142307  0.93336168]
[0.00404452 0.01653742 0.93336168]
[0.00404452 0.0142307  0.90323115]
[0.00427486 0.01653742 0.90323115]
[0.00447652 0.0157507  1.03353591]
[0.00470686 0.0157507  1.03353591]
[0.00447652 0.01501742 1.03353591]
[0.00447652 0.0157507  1.00340538]
[0.00470686 0.01501742 1.00340538]
[0.00469252 0.0149907  0.9834488 ]
[0.00405886 0.0149907  0.9834488 ]
[0.00469252 0.01425742 0.9834488 ]
[0.00469252 0.0149907  1.0534925 ]
[0.00405886 0.01425742 1.0534925 ]
[0.00426052 0.0165107  1.08362303]
[0.00449086 0.0165107  1.08362303]
[0.00426052 0.01577742 1.08362303]
[0.00426052 0.0165107  0.95331827]
[0.00449086 0.01577742 0.95331827]
[0.00415252 0.0146107  1.00849235]
[0.00438286 0.0146107  1.00849235]
[0.00415252 0.01539742 1.00849235]
[0.00415252 0.0146107  0.92827471]
[0.00438286 0.01539742 0.92827471]
[0.00458452 0.0161307  0.90831812]
[0.00395086 0.0161307  0.90831812]
[0.00458452 0.01387742 0.90831812]
[0.00458452 0.0161307  1.02844894]
[0.00395086 0.01387742 1.02844894]
[0.00436852 0.0138507  1.05857947]
[0.00459886 0.0138507  1.05857947]
[0.00436852 0.01463742 1.05857947]
[0.00436852 0.0138507  1.07853606]
[0.00459886 0.01463742 1.07853606]
[0.00393652 0.0153707  0.95840524]
[0.00416686 0.0153707  0.95840524]
[0.00393652 0.01615742 0.95840524]
[0.00393652 0.0153707  0.97836182]
[0.00416686 0.01615742 0.97836182]
[0.00392302 0.0144682  0.91770946]
[0.00401836 0.0144682  0.91770946]
[0.00392302 0.01382992 0.91770946]
[0.00392302 0.0144682  0.95644871]
[0.00401836 0.01382992 0.95644871]
[0.00435502 0.0159882  1.01788369]
[0.00445036 0.0159882  1.01788369]
[0.00435502 0.01534992 1.01788369]
[0.00435502 0.0159882  1.05662294]
[0.00445036 0.01534992 1.05662294]
[0.00457102 0.0137082  0.96779657]
[0.00423436 0.0137082  0.96779657]
[0.00457102 0.01610992 0.96779657]
[0.00457102 0.0137082  1.00653583]
[0.00423436 0.01610992 1.00653583]
[0.00413902 0.0152282  1.06797081]
[0.00466636 0.0152282  1.06797081]
[0.00413902 0.01458992 1.06797081]
[0.00413902 0.0152282  0.90636159]
[0.00466636 0.01458992 0.90636159]
[0.00424702 0.0140882  1.04292725]
[0.00455836 0.0140882  1.04292725]
[0.00424702 0.01496992 1.04292725]
[0.00424702 0.0140882  0.98149227]
[0.00455836 0.01496992 0.98149227]
[0.00467902 0.0156082  0.94275301]
[0.00412636 0.0156082  0.94275301]
[0.00467902 0.01648992 0.94275301]
[0.00467902 0.0156082  1.0816665 ]
[0.00412636 0.01648992 1.0816665 ]
[0.00446302 0.0148482  1.09301436]
[0.00434236 0.0148482  1.09301436]
[0.00446302 0.01572992 1.09301436]
[0.00446302 0.0148482  1.03157939]
[0.00434236 0.01572992 1.03157939]
[0.00403102 0.0163682  0.99284013]
[0.00391036 0.0163682  0.99284013]
[0.00403102 0.01420992 0.99284013]
[0.00403102 0.0163682  0.93140515]
[0.00391036 0.01420992 0.93140515]
[0.00408502 0.0138982  1.08049258]
[0.00418036 0.0138982  1.08049258]
[0.00408502 0.01553992 1.08049258]
[0.00408502 0.0138982  0.91888337]
[0.00418036 0.01553992 0.91888337]
[0.00451702 0.0154182  0.98031835]
[0.00461236 0.0154182  0.98031835]
[0.00451702 0.01401992 0.98031835]
[0.00451702 0.0154182  1.01905761]
[0.00461236 0.01401992 1.01905761]
[0.00473302 0.0146582  1.03040547]
[0.00396436 0.0146582  1.03040547]
[0.00473302 0.01477992 1.03040547]
[0.00473302 0.0146582  1.06914472]
[0.00396436 0.01477992 1.06914472]
[0.00430102 0.0161782  0.93023123]
[0.00439636 0.0161782  0.93023123]
[0.00430102 0.01629992 0.93023123]
[0.00430102 0.0161782  0.96897049]
[0.00439636 0.01629992 0.96897049]
[0.00419302 0.0150382  0.95527479]
[0.00450436 0.0150382  0.95527479]
[0.00419302 0.01667992 0.95527479]
[0.00419302 0.0150382  0.94392693]
[0.00450436 0.01667992 0.94392693]
[0.00462502 0.0165582  1.05544903]
[0.00407236 0.0165582  1.05544903]
[0.00462502 0.01515992 1.05544903]
[0.00462502 0.0165582  1.04410116]
[0.00407236 0.01515992 1.04410116]
[0.00440902 0.0142782  0.90518768]
[0.00472036 0.0142782  0.90518768]
[0.00440902 0.01439992 0.90518768]
[0.00440902 0.0142782  1.09418828]
[0.00472036 0.01439992 1.09418828]
[0.00397702 0.0157982  1.00536191]
[0.00428836 0.0157982  1.00536191]
[0.00397702 0.01591992 1.00536191]
[0.00397702 0.0157982  0.99401405]
[0.00428836 0.01591992 0.99401405]
[0.00395002 0.0143732  0.98657924]
[0.00436936 0.0143732  0.98657924]
[0.00395002 0.01449492 0.98657924]
[0.00395002 0.0143732  1.05036205]
[0.00436936 0.01449492 1.05036205]
[0.00438202 0.0158932  1.08675347]
[0.00393736 0.0158932  1.08675347]
[0.00438202 0.01601492 1.08675347]
[0.00438202 0.0158932  0.95018782]
[0.00393736 0.01601492 0.95018782]
[0.00459802 0.0151332  0.93649212]
[0.00458536 0.0151332  0.93649212]
[0.00459802 0.01525492 0.93649212]
[0.00459802 0.0151332  1.00027494]
[0.00458536 0.01525492 1.00027494]
[0.00416602 0.0166532  1.03666636]
[0.00415336 0.0166532  1.03666636]
[0.00416602 0.01373492 1.03666636]
[0.00416602 0.0166532  1.10044917]
[0.00415336 0.01373492 1.10044917]
[0.00427402 0.0147532  1.06170992]
[0.00426136 0.0147532  1.06170992]
[0.00427402 0.01411492 1.06170992]
[0.00427402 0.0147532  1.0253185 ]
[0.00426136 0.01411492 1.0253185 ]
[0.00470602 0.0162732  0.96153568]
[0.00469336 0.0162732  0.96153568]
[0.00470602 0.01563492 0.96153568]
[0.00470602 0.0162732  0.92514426]
[0.00469336 0.01563492 0.92514426]
[0.00449002 0.0139932  1.0116228 ]
[0.00404536 0.0139932  1.0116228 ]
[0.00449002 0.01639492 1.0116228 ]
[0.00449002 0.0139932  0.97523138]
[0.00404536 0.01639492 0.97523138]
[0.00405802 0.0155132  0.91144857]
[0.00447736 0.0155132  0.91144857]
[0.00405802 0.01487492 0.91144857]
[0.00405802 0.0155132  1.07540561]
[0.00447736 0.01487492 1.07540561]
[0.00400402 0.0149432  1.02414458]
[0.00474736 0.0149432  1.02414458]
[0.00400402 0.01620492 1.02414458]
[0.00400402 0.0149432  1.08792739]
[0.00474736 0.01620492 1.08792739]
[0.00443602 0.0164632  0.92397035]
[0.00431536 0.0164632  0.92397035]
[0.00443602 0.01468492 0.92397035]
[0.00443602 0.0164632  0.98775316]
[0.00431536 0.01468492 0.98775316]
[0.00465202 0.0141832  1.0742317 ]
[0.00453136 0.0141832  1.0742317 ]
[0.00465202 0.01392492 1.0742317 ]
[0.00465202 0.0141832  0.93766604]
[0.00453136 0.01392492 0.93766604]
[0.00422002 0.0157032  0.97405746]
[0.00409936 0.0157032  0.97405746]
[0.00422002 0.01544492 0.97405746]
[0.00422002 0.0157032  1.03784027]
[0.00409936 0.01544492 1.03784027]
[0.00411202 0.0138032  0.9490139 ]
[0.00399136 0.0138032  0.9490139 ]
[0.00411202 0.01582492 0.9490139 ]
[0.00411202 0.0138032  1.06288383]
[0.00399136 0.01582492 1.06288383]
[0.00454402 0.0153232  1.04918814]
[0.00442336 0.0153232  1.04918814]
[0.00454402 0.01430492 1.04918814]
[0.00454402 0.0153232  0.9627096 ]
[0.00442336 0.01430492 0.9627096 ]
[0.00432802 0.0145632  0.99910102]
[0.00420736 0.0145632  0.99910102]
[0.00432802 0.01506492 0.99910102]
[0.00432802 0.0145632  0.91262248]
[0.00420736 0.01506492 0.91262248]
[0.00389602 0.0160832  1.09927525]
[0.00463936 0.0160832  1.09927525]
[0.00389602 0.01658492 1.09927525]
[0.00389602 0.0160832  1.01279672]
[0.00463936 0.01658492 1.01279672]
[0.00389939 0.01431383 0.94666607]
[0.00414998 0.01431383 0.94666607]
[0.00389939 0.0149343  0.94666607]
[0.00389939 0.01431383 0.99323144]
[0.00414998 0.0149343  0.99323144]
[0.00433139 0.01583383 1.0468403 ]
[0.00458198 0.01583383 1.0468403 ]
[0.00433139 0.0164543  1.0468403 ]
[0.00433139 0.01583383 1.09340567]
[0.00458198 0.0164543  1.09340567]
[0.00454739 0.01507383 0.99675319]
[0.00393398 0.01507383 0.99675319]
[0.00454739 0.0156943  0.99675319]
[0.00454739 0.01507383 1.04331855]
[0.00393398 0.0156943  1.04331855]
[0.00411539 0.01659383 1.09692742]
[0.00436598 0.01659383 1.09692742]
[0.00411539 0.0141743  1.09692742]
[0.00411539 0.01659383 0.94314432]
[0.00436598 0.0141743  0.94314432]
[0.00422339 0.01469383 1.02179675]
[0.00447398 0.01469383 1.02179675]
[0.00422339 0.0137943  1.02179675]
[0.00422339 0.01469383 0.96818788]
[0.00447398 0.0137943  0.96818788]
[0.00465539 0.01621383 0.92162251]
[0.00404198 0.01621383 0.92162251]
[0.00465539 0.0153143  0.92162251]
[0.00465539 0.01621383 1.06836211]
[0.00404198 0.0153143  1.06836211]
[0.00443939 0.01393383 1.07188386]
[0.00468998 0.01393383 1.07188386]
[0.00443939 0.0160743  1.07188386]
[0.00443939 0.01393383 1.01827499]
[0.00468998 0.0160743  1.01827499]
[0.00400739 0.01545383 0.97170963]
[0.00425798 0.01545383 0.97170963]
[0.00400739 0.0145543  0.97170963]
[0.00400739 0.01545383 0.91810076]
[0.00425798 0.0145543  0.91810076]
[0.00406139 0.01488383 1.05936208]
[0.00409598 0.01488383 1.05936208]
[0.00406139 0.0166443  1.05936208]
[0.00406139 0.01488383 0.93062254]
[0.00409598 0.0166443  0.93062254]
[0.00449339 0.01640383 0.95918785]
[0.00452798 0.01640383 0.95918785]
[0.00449339 0.0151243  0.95918785]
[0.00449339 0.01640383 1.03079677]
[0.00452798 0.0151243  1.03079677]
[0.00470939 0.01412383 1.00927497]
[0.00431198 0.01412383 1.00927497]
[0.00470939 0.0143643  1.00927497]
[0.00470939 0.01412383 1.08088389]
[0.00431198 0.0143643  1.08088389]
[0.00427739 0.01564383 0.90910073]
[0.00474398 0.01564383 0.90910073]
[0.00427739 0.0158843  0.90910073]
[0.00427739 0.01564383 0.98070966]
[0.00474398 0.0158843  0.98070966]
[0.00416939 0.01374383 0.98423141]
[0.00463598 0.01374383 0.98423141]
[0.00416939 0.0155043  0.98423141]
[0.00416939 0.01374383 0.90557898]
[0.00463598 0.0155043  0.90557898]
[0.00460139 0.01526383 1.08440564]
[0.00420398 0.01526383 1.08440564]
[0.00460139 0.0139843  1.08440564]
[0.00460139 0.01526383 1.00575322]
[0.00420398 0.0139843  1.00575322]
[0.00438539 0.01450383 0.93414429]
[0.00441998 0.01450383 0.93414429]
[0.00438539 0.0147443  0.93414429]
[0.00438539 0.01450383 1.05584033]
[0.00441998 0.0147443  1.05584033]
[0.00395339 0.01602383 1.03431852]
[0.00398798 0.01602383 1.03431852]
[0.00395339 0.0162643  1.03431852]
[0.00395339 0.01602383 0.9556661 ]
[0.00398798 0.0162643  0.9556661 ]
[0.00398039 0.01459883 0.95292696]
[0.00466298 0.01459883 0.95292696]
[0.00398039 0.0140793  0.95292696]
[0.00398039 0.01459883 1.01201411]
[0.00466298 0.0140793  1.01201411]
[0.00441239 0.01611883 1.05310119]
[0.00423098 0.01611883 1.05310119]
[0.00441239 0.0155993  1.05310119]
[0.00441239 0.01611883 0.91183987]
[0.00423098 0.0155993  0.91183987]
[0.00462839 0.01383883 0.90283984]
[0.00444698 0.01383883 0.90283984]
[0.00462839 0.0163593  0.90283984]
[0.00462839 0.01383883 0.96192699]
[0.00444698 0.0163593  0.96192699]
[0.00419639 0.01535883 1.00301408]
[0.00401498 0.01535883 1.00301408]
[0.00419639 0.0148393  1.00301408]
[0.00419639 0.01535883 1.06210122]
[0.00401498 0.0148393  1.06210122]
[0.00430439 0.01421883 1.07814475]
[0.00390698 0.01421883 1.07814475]
[0.00430439 0.0144593  1.07814475]
[0.00430439 0.01421883 1.03705766]
[0.00390698 0.0144593  1.03705766]
[0.00473639 0.01573883 0.97797052]
[0.00433898 0.01573883 0.97797052]
[0.00473639 0.0159793  0.97797052]
[0.00473639 0.01573883 0.93688343]
[0.00433898 0.0159793  0.93688343]
[0.00452039 0.01497883 1.02805763]
[0.00412298 0.01497883 1.02805763]
[0.00452039 0.0152193  1.02805763]
[0.00452039 0.01497883 0.98697055]
[0.00412298 0.0152193  0.98697055]
[0.00408839 0.01649883 0.9278834 ]
[0.00455498 0.01649883 0.9278834 ]
[0.00408839 0.0136993  0.9278834 ]
[0.00408839 0.01649883 1.08714478]
[0.00455498 0.0136993  1.08714478]
[0.00403439 0.01402883 1.04057941]
[0.00439298 0.01402883 1.04057941]
[0.00403439 0.0157893  1.04057941]
[0.00403439 0.01402883 1.074623  ]
[0.00439298 0.0157893  1.074623  ]
[0.00446639 0.01554883 0.94040518]
[0.00396098 0.01554883 0.94040518]
[0.00446639 0.0142693  0.94040518]
[0.00446639 0.01554883 0.97444877]
[0.00396098 0.0142693  0.97444877]
[0.00468239 0.01478883 1.09066653]
[0.00460898 0.01478883 1.09066653]
[0.00468239 0.0150293  1.09066653]
[0.00468239 0.01478883 0.92436165]
[0.00460898 0.0150293  0.92436165]
[0.00425039 0.01630883 0.9904923 ]
[0.00417698 0.01630883 0.9904923 ]
[0.00425039 0.0165493  0.9904923 ]
[0.00425039 0.01630883 1.02453588]
[0.00417698 0.0165493  1.02453588]
[0.00414239 0.01516883 0.91536162]
[0.00428498 0.01516883 0.91536162]
[0.00414239 0.0161693  0.91536162]
[0.00414239 0.01516883 1.09966656]
[0.00428498 0.0161693  1.09966656]
[0.00457439 0.01668883 1.01553586]
[0.00471698 0.01668883 1.01553586]
[0.00457439 0.0146493  1.01553586]
[0.00457439 0.01668883 0.99949233]
[0.00471698 0.0146493  0.99949233]
[0.00435839 0.01440883 0.96544874]
[0.00406898 0.01440883 0.96544874]
[0.00435839 0.0138893  0.96544874]
[0.00435839 0.01440883 0.94940521]
[0.00406898 0.0138893  0.94940521]
[0.00392639 0.01592883 1.06562297]
[0.00450098 0.01592883 1.06562297]
[0.00392639 0.0154093  1.06562297]
[0.00392639 0.01592883 1.04957944]
[0.00450098 0.0154093  1.04957944]
[0.00393989 0.01502633 1.01240541]
[0.00454148 0.01502633 1.01240541]
[0.00393989 0.0146018  1.01240541]
[0.00393989 0.01502633 1.02140544]
[0.00454148 0.0146018  1.02140544]
[0.00437189 0.01654633 0.91223118]
[0.00410948 0.01654633 0.91223118]
[0.00437189 0.0161218  0.91223118]
[0.00437189 0.01654633 0.92123121]
[0.00410948 0.0161218  0.92123121]
[0.00458789 0.01426633 1.06249253]
[0.00432548 0.01426633 1.06249253]
[0.00458789 0.0153618  1.06249253]
[0.00458789 0.01426633 0.97131832]
[0.00432548 0.0153618  0.97131832]
[0.00415589 0.01578633 0.96231829]
[0.00389348 0.01578633 0.96231829]
[0.00415589 0.0138418  0.96231829]
[0.00415589 0.01578633 1.07149256]
[0.00389348 0.0138418  1.07149256]
[0.00426389 0.01388633 0.93727474]
[0.00400148 0.01388633 0.93727474]
[0.00426389 0.0142218  0.93727474]
[0.00426389 0.01388633 1.046449  ]
[0.00400148 0.0142218  1.046449  ]
[0.00469589 0.01540633 1.03744897]
[0.00443348 0.01540633 1.03744897]
[0.00469589 0.0157418  1.03744897]
[0.00469589 0.01540633 0.94627476]
[0.00443348 0.0157418  0.94627476]
[0.00447989 0.01464633 0.98736185]
[0.00421748 0.01464633 0.98736185]
[0.00447989 0.0165018  0.98736185]
[0.00447989 0.01464633 0.99636188]
[0.00421748 0.0165018  0.99636188]
[0.00404789 0.01616633 1.08753609]
[0.00464948 0.01616633 1.08753609]
[0.00404789 0.0149818  1.08753609]
[0.00404789 0.01616633 1.09653611]
[0.00464948 0.0149818  1.09653611]
[0.00410189 0.01407633 0.99988363]
[0.00448748 0.01407633 0.99988363]
[0.00410189 0.0163118  0.99988363]
[0.00410189 0.01407633 1.05897078]
[0.00448748 0.0163118  1.05897078]
[0.00453389 0.01559633 1.10005786]
[0.00405548 0.01559633 1.10005786]
[0.00453389 0.0147918  1.10005786]
[0.00453389 0.01559633 0.95879654]
[0.00405548 0.0147918  0.95879654]
[0.00474989 0.01483633 0.94979651]
[0.00470348 0.01483633 0.94979651]
[0.00474989 0.0140318  0.94979651]
[0.00474989 0.01483633 0.90870943]
[0.00470348 0.0140318  0.90870943]
[0.00431789 0.01635633 1.04997075]
[0.00427148 0.01635633 1.04997075]
[0.00431789 0.0155518  1.04997075]
[0.00431789 0.01635633 1.00888366]
[0.00427148 0.0155518  1.00888366]
[0.00420989 0.01445633 1.07501431]
[0.00416348 0.01445633 1.07501431]
[0.00420989 0.0159318  1.07501431]
[0.00420989 0.01445633 1.08401434]
[0.00416348 0.0159318  1.08401434]
[0.00464189 0.01597633 0.97484007]
[0.00459548 0.01597633 0.97484007]
[0.00464189 0.0144118  0.97484007]
[0.00464189 0.01597633 0.9838401 ]
[0.00459548 0.0144118  0.9838401 ]
[0.00442589 0.01369633 1.02492719]
[0.00394748 0.01369633 1.02492719]
[0.00442589 0.0151718  1.02492719]
[0.00442589 0.01369633 0.93375299]
[0.00394748 0.0151718  0.93375299]
[0.00399389 0.01521633 0.92475296]
[0.00437948 0.01521633 0.92475296]
[0.00399389 0.0166918  0.92475296]
[0.00399389 0.01521633 1.03392722]
[0.00437948 0.0166918  1.03392722]
[0.00396689 0.01379133 1.09379698]
[0.00424448 0.01379133 1.09379698]
[0.00396689 0.0137468  1.09379698]
[0.00396689 0.01379133 0.97757921]
[0.00424448 0.0137468  0.97757921]
[0.00439889 0.01531133 0.99362274]
[0.00467648 0.01531133 0.99362274]
[0.00439889 0.0152668  0.99362274]
[0.00439889 0.01531133 1.07775345]
[0.00467648 0.0152668  1.07775345]
[0.00461489 0.01455133 1.04370986]
[0.00402848 0.01455133 1.04370986]
[0.00461489 0.0160268  1.04370986]
[0.00461489 0.01455133 1.02766633]
[0.00402848 0.0160268  1.02766633]
[0.00418289 0.01607133 0.94353563]
[0.00446048 0.01607133 0.94353563]
[0.00418289 0.0145068  0.94353563]
[0.00418289 0.01607133 0.9274921 ]
[0.00446048 0.0145068  0.9274921 ]
[0.00429089 0.01493133 0.96857918]
[0.00435248 0.01493133 0.96857918]
[0.00429089 0.0148868  0.96857918]
[0.00429089 0.01493133 0.95253565]
[0.00435248 0.0148868  0.95253565]
[0.00472289 0.01645133 1.06875342]
[0.00392048 0.01645133 1.06875342]
[0.00472289 0.0164068  1.06875342]
[0.00472289 0.01645133 1.05270989]
[0.00392048 0.0164068  1.05270989]
[0.00450689 0.01417133 0.91849207]
[0.00456848 0.01417133 0.91849207]
[0.00450689 0.0156468  0.91849207]
[0.00450689 0.01417133 1.00262277]
[0.00456848 0.0156468  1.00262277]
[0.00407489 0.01569133 1.0186663 ]
[0.00413648 0.01569133 1.0186663 ]
[0.00407489 0.0141268  1.0186663 ]
[0.00407489 0.01569133 0.90244854]
[0.00413648 0.0141268  0.90244854]
[0.00402089 0.01474133 0.90597029]
[0.00397448 0.01474133 0.90597029]
[0.00402089 0.0154568  0.90597029]
[0.00402089 0.01474133 0.94001387]
[0.00397448 0.0154568  0.94001387]
[0.00445289 0.01626133 1.00614452]
[0.00440648 0.01626133 1.00614452]
[0.00445289 0.0139368  1.00614452]
[0.00445289 0.01626133 1.04018811]
[0.00440648 0.0139368  1.04018811]
[0.00466889 0.01398133 0.9560574 ]
[0.00419048 0.01398133 0.9560574 ]
[0.00466889 0.0146968  0.9560574 ]
[0.00466889 0.01398133 1.09027522]
[0.00419048 0.0146968  1.09027522]
[0.00423689 0.01550133 1.05623164]
[0.00462248 0.01550133 1.05623164]
[0.00423689 0.0162168  1.05623164]
[0.00423689 0.01550133 0.99010099]
[0.00462248 0.0162168  0.99010099]
[0.00412889 0.01436133 1.03118808]
[0.00473048 0.01436133 1.03118808]
[0.00412889 0.0165968  1.03118808]
[0.00412889 0.01436133 0.91497032]
[0.00473048 0.0165968  0.91497032]
[0.00456089 0.01588133 0.93101385]
[0.00429848 0.01588133 0.93101385]
[0.00456089 0.0150768  0.93101385]
[0.00456089 0.01588133 1.01514455]
[0.00429848 0.0150768  1.01514455]
[0.00434489 0.01512133 1.0812752 ]
[0.00451448 0.01512133 1.0812752 ]
[0.00434489 0.0143168  1.0812752 ]
[0.00434489 0.01512133 1.06523167]
[0.00451448 0.0143168  1.06523167]
[0.00391289 0.01664133 0.98110096]
[0.00408248 0.01664133 0.98110096]
[0.00391289 0.0158368  0.98110096]
[0.00391289 0.01664133 0.96505743]
[0.00408248 0.0158368  0.96505743]
[0.00390614 0.01467008 1.08597086]
[0.00441323 0.01467008 1.08597086]
[0.00390614 0.01614555 1.08597086]
[0.00390614 0.01467008 0.9071442 ]
[0.00441323 0.01614555 0.9071442 ]
[0.00433814 0.01619008 0.98579663]
[0.00398123 0.01619008 0.98579663]
[0.00433814 0.01462555 0.98579663]
[0.00433814 0.01619008 1.00731844]
[0.00398123 0.01462555 1.00731844]
[0.00455414 0.01391008 1.03588375]
[0.00462923 0.01391008 1.03588375]
[0.00455414 0.01386555 1.03588375]
[0.00455414 0.01391008 1.05740555]
[0.00462923 0.01386555 1.05740555]
[0.00412214 0.01543008 0.93570951]
[0.00419723 0.01543008 0.93570951]
[0.00412214 0.01538555 0.93570951]
[0.00412214 0.01543008 0.95723132]
[0.00419723 0.01538555 0.95723132]
[0.00423014 0.01429008 0.96075307]
[0.00430523 0.01429008 0.96075307]
[0.00423014 0.01576555 0.96075307]
[0.00423014 0.01429008 0.93218776]
[0.00430523 0.01576555 0.93218776]
[0.00466214 0.01581008 1.0609273 ]
[0.00473723 0.01581008 1.0609273 ]
[0.00466214 0.01424555 1.0609273 ]
[0.00466214 0.01581008 1.032362  ]
[0.00473723 0.01424555 1.032362  ]
[0.00444614 0.01505008 0.91066595]
[0.00408923 0.01505008 0.91066595]
[0.00444614 0.01500555 0.91066595]
[0.00444614 0.01505008 1.08244911]
[0.00408923 0.01500555 1.08244911]
[0.00401414 0.01657008 1.01084019]
[0.00452123 0.01657008 1.01084019]
[0.00401414 0.01652555 1.01084019]
[0.00401414 0.01657008 0.98227488]
[0.00452123 0.01652555 0.98227488]
[0.00406814 0.01372008 0.92318773]
[0.00468323 0.01372008 0.92318773]
[0.00406814 0.01481555 0.92318773]
[0.00406814 0.01372008 0.9697531 ]
[0.00468323 0.01481555 0.9697531 ]
[0.00450014 0.01524008 1.02336197]
[0.00425123 0.01524008 1.02336197]
[0.00450014 0.01633555 1.02336197]
[0.00450014 0.01524008 1.06992733]
[0.00425123 0.01633555 1.06992733]
[0.00471614 0.01448008 0.97327485]
[0.00446723 0.01448008 0.97327485]
[0.00471614 0.01557555 0.97327485]
[0.00471614 0.01448008 1.01984022]
[0.00446723 0.01557555 1.01984022]
[0.00428414 0.01600008 1.07344908]
[0.00403523 0.01600008 1.07344908]
[0.00428414 0.01405555 1.07344908]
[0.00428414 0.01600008 0.91966598]
[0.00403523 0.01405555 0.91966598]
[0.00417614 0.01486008 1.04840553]
[0.00392723 0.01486008 1.04840553]
[0.00417614 0.01443555 1.04840553]
[0.00417614 0.01486008 0.99479666]
[0.00392723 0.01443555 0.99479666]
[0.00460814 0.01638008 0.94823129]
[0.00435923 0.01638008 0.94823129]
[0.00460814 0.01595555 0.94823129]
[0.00460814 0.01638008 1.09497089]
[0.00435923 0.01595555 1.09497089]
[0.00439214 0.01410008 1.09849264]
[0.00414323 0.01410008 1.09849264]
[0.00439214 0.01671555 1.09849264]
[0.00439214 0.01410008 1.04488378]
[0.00414323 0.01671555 1.04488378]
[0.00396014 0.01562008 0.99831841]
[0.00457523 0.01562008 0.99831841]
[0.00396014 0.01519555 0.99831841]
[0.00396014 0.01562008 0.94470954]
[0.00457523 0.01519555 0.94470954]
[0.00398714 0.01419508 1.01710108]
[0.00406223 0.01419508 1.01710108]
[0.00398714 0.01529055 1.01710108]
[0.00398714 0.01419508 1.10123178]
[0.00406223 0.01529055 1.10123178]
[0.00441914 0.01571508 0.91692684]
[0.00449423 0.01571508 0.91692684]
[0.00441914 0.01377055 0.91692684]
[0.00441914 0.01571508 1.00105755]
[0.00449423 0.01377055 1.00105755]
[0.00463514 0.01495508 1.06718819]
[0.00427823 0.01495508 1.06718819]
[0.00463514 0.01453055 1.06718819]
[0.00463514 0.01495508 0.95097043]
[0.00427823 0.01453055 0.95097043]
[0.00420314 0.01647508 0.96701396]
[0.00471023 0.01647508 0.96701396]
[0.00420314 0.01605055 0.96701396]
[0.00420314 0.01647508 1.05114466]
[0.00471023 0.01605055 1.05114466]
[0.00431114 0.01457508 0.9419704 ]
[0.00460223 0.01457508 0.9419704 ]
[0.00431114 0.01643055 0.9419704 ]
[0.00431114 0.01457508 1.07618822]
[0.00460223 0.01643055 1.07618822]
[0.00474314 0.01609508 1.04214464]
[0.00417023 0.01609508 1.04214464]
[0.00474314 0.01491055 1.04214464]
[0.00474314 0.01609508 0.97601399]
[0.00417023 0.01491055 0.97601399]
[0.00452714 0.01381508 0.99205752]
[0.00438623 0.01381508 0.99205752]
[0.00452714 0.01415055 0.99205752]
[0.00452714 0.01381508 0.92592687]
[0.00438623 0.01415055 0.92592687]
[0.00409514 0.01533508 1.09223175]
[0.00395423 0.01533508 1.09223175]
[0.00409514 0.01567055 1.09223175]
[0.00409514 0.01533508 1.02610111]
[0.00395423 0.01567055 1.02610111]
[0.00404114 0.01514508 0.97953574]
[0.00411623 0.01514508 0.97953574]
[0.00404114 0.01396055 0.97953574]
[0.00404114 0.01514508 1.03862289]
[0.00411623 0.01396055 1.03862289]
[0.00447314 0.01666508 1.07970997]
[0.00454823 0.01666508 1.07970997]
[0.00447314 0.01548055 1.07970997]
[0.00447314 0.01666508 0.93844865]
[0.00454823 0.01548055 0.93844865]
[0.00468914 0.01438508 0.92944862]
[0.00390023 0.01438508 0.92944862]
[0.00468914 0.01624055 0.92944862]
[0.00468914 0.01438508 0.98853577]
[0.00390023 0.01624055 0.98853577]
[0.00425714 0.01590508 1.02962286]
[0.00433223 0.01590508 1.02962286]
[0.00425714 0.01472055 1.02962286]
[0.00425714 0.01590508 1.08871   ]
[0.00433223 0.01472055 1.08871   ]
[0.00414914 0.01400508 1.05466642]
[0.00444023 0.01400508 1.05466642]
[0.00414914 0.01510055 1.05466642]
[0.00414914 0.01400508 1.01357933]
[0.00444023 0.01510055 1.01357933]
[0.00458114 0.01552508 0.95449218]
[0.00400823 0.01552508 0.95449218]
[0.00458114 0.01662055 0.95449218]
[0.00458114 0.01552508 0.91340509]
[0.00400823 0.01662055 0.91340509]
[0.00436514 0.01476508 1.0045793 ]
[0.00465623 0.01476508 1.0045793 ]
[0.00436514 0.01586055 1.0045793 ]
[0.00436514 0.01476508 0.96349221]
[0.00465623 0.01586055 0.96349221]
[0.00393314 0.01628508 0.90440507]
[0.00422423 0.01628508 0.90440507]
[0.00393314 0.01434055 0.90440507]
[0.00393314 0.01628508 1.06366644]
[0.00422423 0.01434055 1.06366644]
[0.00391964 0.01395758 0.9764053 ]
[0.00396773 0.01395758 0.9764053 ]
[0.00391964 0.01647805 0.9764053 ]
[0.00391964 0.01395758 1.08557956]
[0.00396773 0.01647805 1.08557956]
[0.00435164 0.01547758 1.07657953]
[0.00439973 0.01547758 1.07657953]
[0.00435164 0.01495805 1.07657953]
[0.00435164 0.01547758 0.98540532]
[0.00439973 0.01495805 0.98540532]
[0.00456764 0.01471758 0.92631818]
[0.00418373 0.01471758 0.92631818]
[0.00456764 0.01419805 0.92631818]
[0.00456764 0.01471758 0.93531821]
[0.00418373 0.01419805 0.93531821]
[0.00413564 0.01623758 1.02649241]
[0.00461573 0.01623758 1.02649241]
[0.00413564 0.01571805 1.02649241]
[0.00413564 0.01623758 1.03549244]
[0.00461573 0.01571805 1.03549244]
[0.00424364 0.01509758 1.10162309]
[0.00472373 0.01509758 1.10162309]
[0.00424364 0.01533805 1.10162309]
[0.00424364 0.01509758 1.060536  ]
[0.00472373 0.01533805 1.060536  ]
[0.00467564 0.01661758 1.00144885]
[0.00429173 0.01661758 1.00144885]
[0.00467564 0.01381805 1.00144885]
[0.00467564 0.01661758 0.96036177]
[0.00429173 0.01381805 0.96036177]
[0.00445964 0.01433758 1.05153597]
[0.00450773 0.01433758 1.05153597]
[0.00445964 0.01457805 1.05153597]
[0.00445964 0.01433758 0.91027465]
[0.00450773 0.01457805 0.91027465]
[0.00402764 0.01585758 0.95136174]
[0.00407573 0.01585758 0.95136174]
[0.00402764 0.01609805 0.95136174]
[0.00402764 0.01585758 1.01044888]
[0.00407573 0.01609805 1.01044888]
[0.00408164 0.01452758 1.03901419]
[0.00423773 0.01452758 1.03901419]
[0.00408164 0.01514805 1.03901419]
[0.00408164 0.01452758 1.04801422]
[0.00423773 0.01514805 1.04801422]
[0.00451364 0.01604758 0.93883996]
[0.00466973 0.01604758 0.93883996]
[0.00451364 0.01666805 0.93883996]
[0.00451364 0.01604758 0.94783999]
[0.00466973 0.01666805 0.94783999]
[0.00472964 0.01376758 1.08910131]
[0.00402173 0.01376758 1.08910131]
[0.00472964 0.01590805 1.08910131]
[0.00472964 0.01376758 0.9979271 ]
[0.00402173 0.01590805 0.9979271 ]
[0.00429764 0.01528758 0.98892707]
[0.00445373 0.01528758 0.98892707]
[0.00429764 0.01438805 0.98892707]
[0.00429764 0.01528758 1.09810134]
[0.00445373 0.01438805 1.09810134]
[0.00418964 0.01414758 0.9137964 ]
[0.00434573 0.01414758 0.9137964 ]
[0.00418964 0.01400805 0.9137964 ]
[0.00418964 0.01414758 1.02297066]
[0.00434573 0.01400805 1.02297066]
[0.00462164 0.01566758 1.01397063]
[0.00391373 0.01566758 1.01397063]
[0.00462164 0.01552805 1.01397063]
[0.00462164 0.01566758 0.92279643]
[0.00391373 0.01552805 0.92279643]
[0.00440564 0.01490758 0.96388352]
[0.00456173 0.01490758 0.96388352]
[0.00440564 0.01628805 0.96388352]
[0.00440564 0.01490758 0.97288355]
[0.00456173 0.01628805 0.97288355]
[0.00397364 0.01642758 1.06405775]
[0.00412973 0.01642758 1.06405775]
[0.00397364 0.01476805 1.06405775]
[0.00397364 0.01642758 1.07305778]
[0.00412973 0.01476805 1.07305778]
[0.00394664 0.01500258 0.93257907]
[0.00453473 0.01500258 0.93257907]
[0.00394664 0.01562305 0.93257907]
[0.00394664 0.01500258 0.91653554]
[0.00453473 0.01562305 0.91653554]
[0.00437864 0.01652258 1.0327533 ]
[0.00410273 0.01652258 1.0327533 ]
[0.00437864 0.01410305 1.0327533 ]
[0.00437864 0.01652258 1.01670977]
[0.00410273 0.01410305 1.01670977]
[0.00459464 0.01424258 0.98266619]
[0.00475073 0.01424258 0.98266619]
[0.00459464 0.01486305 0.98266619]
[0.00459464 0.01424258 1.06679689]
[0.00475073 0.01486305 1.06679689]
[0.00416264 0.01576258 1.08284042]
[0.00431873 0.01576258 1.08284042]
[0.00416264 0.01638305 1.08284042]
[0.00416264 0.01576258 0.96662266]
[0.00431873 0.01638305 0.96662266]
[0.00427064 0.01386258 1.00770974]
[0.00421073 0.01386258 1.00770974]
[0.00427064 0.01600305 1.00770974]
[0.00427064 0.01386258 0.9415791 ]
[0.00421073 0.01600305 0.9415791 ]
[0.00470264 0.01538258 0.90753551]
[0.00464273 0.01538258 0.90753551]
[0.00470264 0.01448305 0.90753551]
[0.00470264 0.01538258 1.04175333]
[0.00464273 0.01448305 1.04175333]
[0.00448664 0.01462258 1.05779686]
[0.00399473 0.01462258 1.05779686]
[0.00448664 0.01372305 1.05779686]
[0.00448664 0.01462258 1.09184045]
[0.00399473 0.01372305 1.09184045]
[0.00405464 0.01614258 0.95762263]
[0.00442673 0.01614258 0.95762263]
[0.00405464 0.01524305 0.95762263]
[0.00405464 0.01614258 0.99166621]
[0.00442673 0.01524305 0.99166621]
[0.00400064 0.01443258 1.07031864]
[0.00458873 0.01443258 1.07031864]
[0.00400064 0.01429305 1.07031864]
[0.00400064 0.01443258 0.95410088]
[0.00458873 0.01429305 0.95410088]
[0.00443264 0.01595258 0.97014441]
[0.00415673 0.01595258 0.97014441]
[0.00443264 0.01581305 0.97014441]
[0.00443264 0.01595258 1.05427511]
[0.00415673 0.01581305 1.05427511]
[0.00464864 0.01519258 1.02023152]
[0.00437273 0.01519258 1.02023152]
[0.00464864 0.01657305 1.02023152]
[0.00464864 0.01519258 1.00418799]
[0.00437273 0.01657305 1.00418799]
[0.00421664 0.01671258 0.92005729]
[0.00394073 0.01671258 0.92005729]
[0.00421664 0.01505305 0.92005729]
[0.00421664 0.01671258 0.90401376]
[0.00394073 0.01505305 0.90401376]
[0.00410864 0.01481258 0.99518796]
[0.00404873 0.01481258 0.99518796]
[0.00410864 0.01467305 0.99518796]
[0.00410864 0.01481258 0.97914443]
[0.00404873 0.01467305 0.97914443]
[0.00454064 0.01633258 1.0953622 ]
[0.00448073 0.01633258 1.0953622 ]
[0.00454064 0.01619305 1.0953622 ]
[0.00454064 0.01633258 1.07931867]
[0.00448073 0.01619305 1.07931867]
[0.00432464 0.01405258 0.94510085]
[0.00426473 0.01405258 0.94510085]
[0.00432464 0.01543305 0.94510085]
[0.00432464 0.01405258 1.02923155]
[0.00426473 0.01543305 1.02923155]
[0.00389264 0.01557258 1.04527508]
[0.00469673 0.01557258 1.04527508]
[0.00389264 0.01391305 1.04527508]
[0.00389264 0.01557258 0.92905732]
[0.00469673 0.01391305 0.92905732]
[0.00389433 0.01405852 1.07618822]
[0.00407405 0.01405852 1.07618822]
[0.00389433 0.01454836 1.07618822]
[0.00389433 0.01405852 1.05466642]
[0.00407405 0.01454836 1.05466642]
[0.00432633 0.01557852 0.97601399]
[0.00450605 0.01557852 0.97601399]
[0.00432633 0.01606836 0.97601399]
[0.00432633 0.01557852 0.95449218]
[0.00450605 0.01606836 0.95449218]
[0.00454233 0.01481852 1.02610111]
[0.00429005 0.01481852 1.02610111]
[0.00454233 0.01530836 1.02610111]
[0.00454233 0.01481852 0.90440507]
[0.00429005 0.01530836 0.90440507]
[0.00411033 0.01633852 0.92592687]
[0.00472205 0.01633852 0.92592687]
[0.00411033 0.01378836 0.92592687]
[0.00411033 0.01633852 1.0045793 ]
[0.00472205 0.01378836 1.0045793 ]
[0.00421833 0.01519852 1.00105755]
[0.00461405 0.01519852 1.00105755]
[0.00421833 0.01416836 1.00105755]
[0.00421833 0.01519852 1.07970997]
[0.00461405 0.01416836 1.07970997]
[0.00465033 0.01671852 1.10123178]
[0.00418205 0.01671852 1.10123178]
[0.00465033 0.01568836 1.10123178]
[0.00465033 0.01671852 0.97953574]
[0.00418205 0.01568836 0.97953574]
[0.00443433 0.01443852 0.95097043]
[0.00439805 0.01443852 0.95097043]
[0.00443433 0.01644836 0.95097043]
[0.00443433 0.01443852 0.92944862]
[0.00439805 0.01644836 0.92944862]
[0.00400233 0.01595852 1.05114466]
[0.00396605 0.01595852 1.05114466]
[0.00400233 0.01492836 1.05114466]
[0.00400233 0.01595852 1.02962286]
[0.00396605 0.01492836 1.02962286]
[0.00405633 0.01462852 0.93844865]
[0.00412805 0.01462852 0.93844865]
[0.00405633 0.01625836 0.93844865]
[0.00405633 0.01462852 1.01710108]
[0.00412805 0.01625836 1.01710108]
[0.00448833 0.01614852 1.03862289]
[0.00456005 0.01614852 1.03862289]
[0.00448833 0.01473836 1.03862289]
[0.00448833 0.01614852 0.91692684]
[0.00456005 0.01473836 0.91692684]
[0.00470433 0.01386852 0.98853577]
[0.00391205 0.01386852 0.98853577]
[0.00470433 0.01397836 0.98853577]
[0.00470433 0.01386852 0.96701396]
[0.00391205 0.01397836 0.96701396]
[0.00427233 0.01538852 1.08871   ]
[0.00434405 0.01538852 1.08871   ]
[0.00427233 0.01549836 1.08871   ]
[0.00427233 0.01538852 1.06718819]
[0.00434405 0.01549836 1.06718819]
[0.00416433 0.01424852 1.01357933]
[0.00445205 0.01424852 1.01357933]
[0.00416433 0.01587836 1.01357933]
[0.00416433 0.01424852 1.04214464]
[0.00445205 0.01587836 1.04214464]
[0.00459633 0.01576852 0.91340509]
[0.00402005 0.01576852 0.91340509]
[0.00459633 0.01435836 0.91340509]
[0.00459633 0.01576852 0.9419704 ]
[0.00402005 0.01435836 0.9419704 ]
[0.00438033 0.01500852 1.06366644]
[0.00466805 0.01500852 1.06366644]
[0.00438033 0.01511836 1.06366644]
[0.00438033 0.01500852 0.99205752]
[0.00466805 0.01511836 0.99205752]
[0.00394833 0.01652852 0.96349221]
[0.00423605 0.01652852 0.96349221]
[0.00394833 0.01663836 0.96349221]
[0.00394833 0.01652852 1.09223175]
[0.00423605 0.01663836 1.09223175]
[0.00397533 0.01491352 1.032362  ]
[0.00442505 0.01491352 1.032362  ]
[0.00397533 0.01369336 1.032362  ]
[0.00397533 0.01491352 0.94823129]
[0.00442505 0.01369336 0.94823129]
[0.00440733 0.01643352 0.93218776]
[0.00399305 0.01643352 0.93218776]
[0.00440733 0.01521336 0.93218776]
[0.00440733 0.01643352 1.04840553]
[0.00399305 0.01521336 1.04840553]
[0.00462333 0.01415352 1.08244911]
[0.00464105 0.01415352 1.08244911]
[0.00462333 0.01597336 1.08244911]
[0.00462333 0.01415352 1.09849264]
[0.00464105 0.01597336 1.09849264]
[0.00419133 0.01567352 0.98227488]
[0.00420905 0.01567352 0.98227488]
[0.00419133 0.01445336 0.98227488]
[0.00419133 0.01567352 0.99831841]
[0.00420905 0.01445336 0.99831841]
[0.00429933 0.01377352 0.9071442 ]
[0.00431705 0.01377352 0.9071442 ]
[0.00429933 0.01483336 0.9071442 ]
[0.00429933 0.01377352 0.92318773]
[0.00431705 0.01483336 0.92318773]
[0.00473133 0.01529352 1.00731844]
[0.00474905 0.01529352 1.00731844]
[0.00473133 0.01635336 1.00731844]
[0.00473133 0.01529352 1.02336197]
[0.00474905 0.01635336 1.02336197]
[0.00451533 0.01453352 0.95723132]
[0.00410105 0.01453352 0.95723132]
[0.00451533 0.01559336 0.95723132]
[0.00451533 0.01453352 1.07344908]
[0.00410105 0.01559336 1.07344908]
[0.00408333 0.01605352 1.05740555]
[0.00453305 0.01605352 1.05740555]
[0.00408333 0.01407336 1.05740555]
[0.00408333 0.01605352 0.97327485]
[0.00453305 0.01407336 0.97327485]
[0.00402933 0.01434352 0.9697531 ]
[0.00469505 0.01434352 0.9697531 ]
[0.00402933 0.01540336 0.9697531 ]
[0.00402933 0.01434352 0.98579663]
[0.00469505 0.01540336 0.98579663]
[0.00446133 0.01586352 1.06992733]
[0.00426305 0.01586352 1.06992733]
[0.00446133 0.01388336 1.06992733]
[0.00446133 0.01586352 1.08597086]
[0.00426305 0.01388336 1.08597086]
[0.00467733 0.01510352 0.91966598]
[0.00447905 0.01510352 0.91966598]
[0.00467733 0.01464336 0.91966598]
[0.00467733 0.01510352 1.03588375]
[0.00447905 0.01464336 1.03588375]
[0.00424533 0.01662352 1.01984022]
[0.00404705 0.01662352 1.01984022]
[0.00424533 0.01616336 1.01984022]
[0.00424533 0.01662352 0.93570951]
[0.00404705 0.01616336 0.93570951]
[0.00413733 0.01472352 1.09497089]
[0.00393905 0.01472352 1.09497089]
[0.00413733 0.01654336 1.09497089]
[0.00413733 0.01472352 0.96075307]
[0.00393905 0.01654336 0.96075307]
[0.00456933 0.01624352 0.99479666]
[0.00437105 0.01624352 0.99479666]
[0.00456933 0.01502336 0.99479666]
[0.00456933 0.01624352 1.0609273 ]
[0.00437105 0.01502336 1.0609273 ]
[0.00435333 0.01396352 1.04488378]
[0.00415505 0.01396352 1.04488378]
[0.00435333 0.01426336 1.04488378]
[0.00435333 0.01396352 1.01084019]
[0.00415505 0.01426336 1.01084019]
[0.00392133 0.01548352 0.94470954]
[0.00458705 0.01548352 0.94470954]
[0.00392133 0.01578336 0.94470954]
[0.00392133 0.01548352 0.91066595]
[0.00458705 0.01578336 0.91066595]
[0.00393483 0.01477102 0.98540532]
[0.00451955 0.01477102 0.98540532]
[0.00393483 0.01497586 0.98540532]
[0.00393483 0.01477102 0.93883996]
[0.00451955 0.01497586 0.93883996]
[0.00436683 0.01629102 1.08557956]
[0.00408755 0.01629102 1.08557956]
[0.00436683 0.01649586 1.08557956]
[0.00436683 0.01629102 1.03901419]
[0.00408755 0.01649586 1.03901419]
[0.00458283 0.01401102 0.93531821]
[0.00473555 0.01401102 0.93531821]
[0.00458283 0.01573586 0.93531821]
[0.00458283 0.01401102 1.08910131]
[0.00473555 0.01573586 1.08910131]
[0.00415083 0.01553102 1.03549244]
[0.00430355 0.01553102 1.03549244]
[0.00415083 0.01421586 1.03549244]
[0.00415083 0.01553102 0.98892707]
[0.00430355 0.01421586 0.98892707]
[0.00425883 0.01439102 1.060536  ]
[0.00419555 0.01439102 1.060536  ]
[0.00425883 0.01383586 1.060536  ]
[0.00425883 0.01439102 0.9137964 ]
[0.00419555 0.01383586 0.9137964 ]
[0.00469083 0.01591102 0.96036177]
[0.00462755 0.01591102 0.96036177]
[0.00469083 0.01535586 0.96036177]
[0.00469083 0.01591102 1.01397063]
[0.00462755 0.01535586 1.01397063]
[0.00447483 0.01515102 1.01044888]
[0.00397955 0.01515102 1.01044888]
[0.00447483 0.01611586 1.01044888]
[0.00447483 0.01515102 1.06405775]
[0.00397955 0.01611586 1.06405775]
[0.00404283 0.01667102 0.91027465]
[0.00441155 0.01667102 0.91027465]
[0.00404283 0.01459586 0.91027465]
[0.00404283 0.01667102 0.96388352]
[0.00441155 0.01459586 0.96388352]
[0.00409683 0.01382102 1.02297066]
[0.00457355 0.01382102 1.02297066]
[0.00409683 0.01668586 1.02297066]
[0.00409683 0.01382102 1.00144885]
[0.00457355 0.01668586 1.00144885]
[0.00452883 0.01534102 0.92279643]
[0.00414155 0.01534102 0.92279643]
[0.00452883 0.01516586 0.92279643]
[0.00452883 0.01534102 1.10162309]
[0.00414155 0.01516586 1.10162309]
[0.00474483 0.01458102 1.07305778]
[0.00435755 0.01458102 1.07305778]
[0.00474483 0.01440586 1.07305778]
[0.00474483 0.01458102 1.05153597]
[0.00435755 0.01440586 1.05153597]
[0.00431283 0.01610102 0.97288355]
[0.00392555 0.01610102 0.97288355]
[0.00431283 0.01592586 0.97288355]
[0.00431283 0.01610102 0.95136174]
[0.00392555 0.01592586 0.95136174]
[0.00420483 0.01496102 0.94783999]
[0.00403355 0.01496102 0.94783999]
[0.00420483 0.01554586 0.94783999]
[0.00420483 0.01496102 0.9764053 ]
[0.00403355 0.01554586 0.9764053 ]
[0.00463683 0.01648102 1.04801422]
[0.00446555 0.01648102 1.04801422]
[0.00463683 0.01402586 1.04801422]
[0.00463683 0.01648102 1.07657953]
[0.00446555 0.01402586 1.07657953]
[0.00442083 0.01420102 0.9979271 ]
[0.00424955 0.01420102 0.9979271 ]
[0.00442083 0.01478586 0.9979271 ]
[0.00442083 0.01420102 1.02649241]
[0.00424955 0.01478586 1.02649241]
[0.00398883 0.01572102 1.09810134]
[0.00468155 0.01572102 1.09810134]
[0.00398883 0.01630586 1.09810134]
[0.00398883 0.01572102 0.92631818]
[0.00468155 0.01630586 0.92631818]
[0.00396183 0.01410602 0.91653554]
[0.00395255 0.01410602 0.91653554]
[0.00396183 0.01412086 0.91653554]
[0.00396183 0.01410602 1.07031864]
[0.00395255 0.01412086 1.07031864]
[0.00439383 0.01562602 1.01670977]
[0.00438455 0.01562602 1.01670977]
[0.00439383 0.01564086 1.01670977]
[0.00439383 0.01562602 0.97014441]
[0.00438455 0.01564086 0.97014441]
[0.00460983 0.01486602 0.96662266]
[0.00416855 0.01486602 0.96662266]
[0.00460983 0.01640086 0.96662266]
[0.00460983 0.01486602 0.92005729]
[0.00416855 0.01640086 0.92005729]
[0.00417783 0.01638602 1.06679689]
[0.00460055 0.01638602 1.06679689]
[0.00417783 0.01488086 1.06679689]
[0.00417783 0.01638602 1.02023152]
[0.00460055 0.01488086 1.02023152]
[0.00428583 0.01448602 1.04175333]
[0.00470855 0.01448602 1.04175333]
[0.00428583 0.01450086 1.04175333]
[0.00428583 0.01448602 1.0953622 ]
[0.00470855 0.01450086 1.0953622 ]
[0.00471783 0.01600602 0.9415791 ]
[0.00427655 0.01600602 0.9415791 ]
[0.00471783 0.01602086 0.9415791 ]
[0.00471783 0.01600602 0.99518796]
[0.00427655 0.01602086 0.99518796]
[0.00450183 0.01372602 1.09184045]
[0.00449255 0.01372602 1.09184045]
[0.00450183 0.01526086 1.09184045]
[0.00450183 0.01372602 0.94510085]
[0.00449255 0.01526086 0.94510085]
[0.00406983 0.01524602 0.99166621]
[0.00406055 0.01524602 0.99166621]
[0.00406983 0.01374086 0.99166621]
[0.00406983 0.01524602 1.04527508]
[0.00406055 0.01374086 1.04527508]
[0.00401583 0.01505602 1.07931867]
[0.00422255 0.01505602 1.07931867]
[0.00401583 0.01583086 1.07931867]
[0.00401583 0.01505602 1.00770974]
[0.00422255 0.01583086 1.00770974]
[0.00444783 0.01657602 0.97914443]
[0.00465455 0.01657602 0.97914443]
[0.00444783 0.01431086 0.97914443]
[0.00444783 0.01657602 0.90753551]
[0.00465455 0.01431086 0.90753551]
[0.00466383 0.01429602 1.02923155]
[0.00400655 0.01429602 1.02923155]
[0.00466383 0.01507086 1.02923155]
[0.00466383 0.01429602 0.95762263]
[0.00400655 0.01507086 0.95762263]
[0.00423183 0.01581602 0.92905732]
[0.00443855 0.01581602 0.92905732]
[0.00423183 0.01659086 0.92905732]
[0.00423183 0.01581602 1.05779686]
[0.00443855 0.01659086 1.05779686]
[0.00412383 0.01391602 0.95410088]
[0.00433055 0.01391602 0.95410088]
[0.00412383 0.01621086 0.95410088]
[0.00412383 0.01391602 1.0327533 ]
[0.00433055 0.01621086 1.0327533 ]
[0.00455583 0.01543602 1.05427511]
[0.00389855 0.01543602 1.05427511]
[0.00455583 0.01469086 1.05427511]
[0.00455583 0.01543602 0.93257907]
[0.00389855 0.01469086 0.93257907]
[0.00433983 0.01467602 0.90401376]
[0.00454655 0.01467602 0.90401376]
[0.00433983 0.01393086 0.90401376]
[0.00433983 0.01467602 0.98266619]
[0.00454655 0.01393086 0.98266619]
[0.00390783 0.01619602 1.00418799]
[0.00411455 0.01619602 1.00418799]
[0.00390783 0.01545086 1.00418799]
[0.00390783 0.01619602 1.08284042]
[0.00411455 0.01545086 1.08284042]
[0.00391458 0.01512727 0.91183987]
[0.0046478  0.01512727 0.91183987]
[0.00391458 0.01651961 0.91183987]
[0.00391458 0.01512727 1.04057941]
[0.0046478  0.01651961 1.04057941]
[0.00434658 0.01664727 1.01201411]
[0.0042158  0.01664727 1.01201411]
[0.00434658 0.01499961 1.01201411]
[0.00434658 0.01664727 0.94040518]
[0.0042158  0.01499961 0.94040518]
[0.00456258 0.01436727 0.96192699]
[0.0044318  0.01436727 0.96192699]
[0.00456258 0.01423961 0.96192699]
[0.00456258 0.01436727 0.9904923 ]
[0.0044318  0.01423961 0.9904923 ]
[0.00413058 0.01588727 1.06210122]
[0.0039998  0.01588727 1.06210122]
[0.00413058 0.01575961 1.06210122]
[0.00413058 0.01588727 1.09066653]
[0.0039998  0.01575961 1.09066653]
[0.00423858 0.01398727 1.03705766]
[0.0038918  0.01398727 1.03705766]
[0.00423858 0.01537961 1.03705766]
[0.00423858 0.01398727 1.01553586]
[0.0038918  0.01537961 1.01553586]
[0.00467058 0.01550727 0.93688343]
[0.0043238  0.01550727 0.93688343]
[0.00467058 0.01385961 0.93688343]
[0.00467058 0.01550727 0.91536162]
[0.0043238  0.01385961 0.91536162]
[0.00445458 0.01474727 1.08714478]
[0.0041078  0.01474727 1.08714478]
[0.00445458 0.01461961 1.08714478]
[0.00445458 0.01474727 0.96544874]
[0.0041078  0.01461961 0.96544874]
[0.00402258 0.01626727 0.98697055]
[0.0045398  0.01626727 0.98697055]
[0.00402258 0.01613961 0.98697055]
[0.00402258 0.01626727 1.06562297]
[0.0045398  0.01613961 1.06562297]
[0.00407658 0.01417727 1.09966656]
[0.0043778  0.01417727 1.09966656]
[0.00407658 0.01518961 1.09966656]
[0.00407658 0.01417727 1.07814475]
[0.0043778  0.01518961 1.07814475]
[0.00450858 0.01569727 0.99949233]
[0.0039458  0.01569727 0.99949233]
[0.00450858 0.01670961 0.99949233]
[0.00450858 0.01569727 0.97797052]
[0.0039458  0.01670961 0.97797052]
[0.00472458 0.01493727 1.04957944]
[0.0045938  0.01493727 1.04957944]
[0.00472458 0.01594961 1.04957944]
[0.00472458 0.01493727 0.9278834 ]
[0.0045938  0.01594961 0.9278834 ]
[0.00429258 0.01645727 0.94940521]
[0.0041618  0.01645727 0.94940521]
[0.00429258 0.01442961 0.94940521]
[0.00429258 0.01645727 1.02805763]
[0.0041618  0.01442961 1.02805763]
[0.00418458 0.01455727 0.97444877]
[0.0042698  0.01455727 0.97444877]
[0.00418458 0.01404961 0.97444877]
[0.00418458 0.01455727 1.05310119]
[0.0042698  0.01404961 1.05310119]
[0.00461658 0.01607727 1.074623  ]
[0.0047018  0.01607727 1.074623  ]
[0.00461658 0.01556961 1.074623  ]
[0.00461658 0.01607727 0.95292696]
[0.0047018  0.01556961 0.95292696]
[0.00440058 0.01379727 0.92436165]
[0.0040538  0.01379727 0.92436165]
[0.00440058 0.01632961 0.92436165]
[0.00440058 0.01379727 0.90283984]
[0.0040538  0.01632961 0.90283984]
[0.00396858 0.01531727 1.02453588]
[0.0044858  0.01531727 1.02453588]
[0.00396858 0.01480961 1.02453588]
[0.00396858 0.01531727 1.00301408]
[0.0044858  0.01480961 1.00301408]
[0.00399558 0.01370227 0.99323144]
[0.0041348  0.01370227 0.99323144]
[0.00399558 0.01566461 0.99323144]
[0.00399558 0.01370227 0.95918785]
[0.0041348  0.01566461 0.95918785]
[0.00442758 0.01522227 1.09340567]
[0.0045668  0.01522227 1.09340567]
[0.00442758 0.01414461 1.09340567]
[0.00442758 0.01522227 1.05936208]
[0.0045668  0.01414461 1.05936208]
[0.00464358 0.01446227 0.94314432]
[0.0039188  0.01446227 0.94314432]
[0.00464358 0.01490461 0.94314432]
[0.00464358 0.01446227 1.00927497]
[0.0039188  0.01490461 1.00927497]
[0.00421158 0.01598227 1.04331855]
[0.0043508  0.01598227 1.04331855]
[0.00421158 0.01642461 1.04331855]
[0.00421158 0.01598227 0.90910073]
[0.0043508  0.01642461 0.90910073]
[0.00431958 0.01484227 1.06836211]
[0.0044588  0.01484227 1.06836211]
[0.00431958 0.01604461 1.06836211]
[0.00431958 0.01484227 0.98423141]
[0.0044588  0.01604461 0.98423141]
[0.00475158 0.01636227 0.96818788]
[0.0040268  0.01636227 0.96818788]
[0.00475158 0.01452461 0.96818788]
[0.00475158 0.01636227 1.08440564]
[0.0040268  0.01452461 1.08440564]
[0.00453558 0.01408227 1.01827499]
[0.0046748  0.01408227 1.01827499]
[0.00453558 0.01376461 1.01827499]
[0.00453558 0.01408227 1.03431852]
[0.0046748  0.01376461 1.03431852]
[0.00410358 0.01560227 0.91810076]
[0.0042428  0.01560227 0.91810076]
[0.00410358 0.01528461 0.91810076]
[0.00410358 0.01560227 0.93414429]
[0.0042428  0.01528461 0.93414429]
[0.00404958 0.01465227 1.00575322]
[0.0040808  0.01465227 1.00575322]
[0.00404958 0.01433461 1.00575322]
[0.00404958 0.01465227 0.92162251]
[0.0040808  0.01433461 0.92162251]
[0.00448158 0.01617227 0.90557898]
[0.0045128  0.01617227 0.90557898]
[0.00448158 0.01585461 0.90557898]
[0.00448158 0.01617227 1.02179675]
[0.0045128  0.01585461 1.02179675]
[0.00469758 0.01389227 1.05584033]
[0.0042968  0.01389227 1.05584033]
[0.00469758 0.01661461 1.05584033]
[0.00469758 0.01389227 1.07188386]
[0.0042968  0.01661461 1.07188386]
[0.00426558 0.01541227 0.9556661 ]
[0.0047288  0.01541227 0.9556661 ]
[0.00426558 0.01509461 0.9556661 ]
[0.00426558 0.01541227 0.97170963]
[0.0047288  0.01509461 0.97170963]
[0.00415758 0.01427227 0.93062254]
[0.0046208  0.01427227 0.93062254]
[0.00415758 0.01471461 0.93062254]
[0.00415758 0.01427227 0.94666607]
[0.0046208  0.01471461 0.94666607]
[0.00458958 0.01579227 1.03079677]
[0.0041888  0.01579227 1.03079677]
[0.00458958 0.01623461 1.03079677]
[0.00458958 0.01579227 1.0468403 ]
[0.0041888  0.01623461 1.0468403 ]
[0.00437358 0.01503227 0.98070966]
[0.0044048  0.01503227 0.98070966]
[0.00437358 0.01547461 0.98070966]
[0.00437358 0.01503227 1.09692742]
[0.0044048  0.01547461 1.09692742]
[0.00394158 0.01655227 1.08088389]
[0.0039728  0.01655227 1.08088389]
[0.00394158 0.01395461 1.08088389]
[0.00394158 0.01655227 0.99675319]
[0.0039728  0.01395461 0.99675319]
[0.00392808 0.01441477 1.046449  ]
[0.0042563  0.01441477 1.046449  ]
[0.00392808 0.01609211 1.046449  ]
[0.00392808 0.01441477 0.97484007]
[0.0042563  0.01609211 0.97484007]
[0.00436008 0.01593477 0.94627476]
[0.0046883  0.01593477 0.94627476]
[0.00436008 0.01457211 0.94627476]
[0.00436008 0.01593477 1.07501431]
[0.0046883  0.01457211 1.07501431]
[0.00457608 0.01517477 1.09653611]
[0.0040403  0.01517477 1.09653611]
[0.00457608 0.01381211 1.09653611]
[0.00457608 0.01517477 1.02492719]
[0.0040403  0.01381211 1.02492719]
[0.00414408 0.01669477 0.99636188]
[0.0044723  0.01669477 0.99636188]
[0.00414408 0.01533211 0.99636188]
[0.00414408 0.01669477 0.92475296]
[0.0044723  0.01533211 0.92475296]
[0.00425208 0.01479477 0.92123121]
[0.0043643  0.01479477 0.92123121]
[0.00425208 0.01571211 0.92123121]
[0.00425208 0.01479477 0.99988363]
[0.0043643  0.01571211 0.99988363]
[0.00468408 0.01631477 1.02140544]
[0.0039323  0.01631477 1.02140544]
[0.00468408 0.01419211 1.02140544]
[0.00468408 0.01631477 1.10005786]
[0.0039323  0.01419211 1.10005786]
[0.00446808 0.01403477 0.97131832]
[0.0045803  0.01403477 0.97131832]
[0.00446808 0.01495211 0.97131832]
[0.00446808 0.01403477 1.04997075]
[0.0045803  0.01495211 1.04997075]
[0.00403608 0.01555477 1.07149256]
[0.0041483  0.01555477 1.07149256]
[0.00403608 0.01647211 1.07149256]
[0.00403608 0.01555477 0.94979651]
[0.0041483  0.01647211 0.94979651]
[0.00409008 0.01498477 0.95879654]
[0.0039863  0.01498477 0.95879654]
[0.00409008 0.01476211 0.95879654]
[0.00409008 0.01498477 0.91223118]
[0.0039863  0.01476211 0.91223118]
[0.00452208 0.01650477 1.05897078]
[0.0044183  0.01650477 1.05897078]
[0.00452208 0.01628211 1.05897078]
[0.00452208 0.01650477 1.01240541]
[0.0044183  0.01628211 1.01240541]
[0.00473808 0.01422477 0.90870943]
[0.0042023  0.01422477 0.90870943]
[0.00473808 0.01552211 0.90870943]
[0.00473808 0.01422477 1.06249253]
[0.0042023  0.01552211 1.06249253]
[0.00430608 0.01574477 1.00888366]
[0.0046343  0.01574477 1.00888366]
[0.00430608 0.01400211 1.00888366]
[0.00430608 0.01574477 0.96231829]
[0.0046343  0.01400211 0.96231829]
[0.00419808 0.01384477 1.08401434]
[0.0047423  0.01384477 1.08401434]
[0.00419808 0.01438211 1.08401434]
[0.00419808 0.01384477 0.93727474]
[0.0047423  0.01438211 0.93727474]
[0.00463008 0.01536477 0.9838401 ]
[0.0043103  0.01536477 0.9838401 ]
[0.00463008 0.01590211 0.9838401 ]
[0.00463008 0.01536477 1.03744897]
[0.0043103  0.01590211 1.03744897]
[0.00441408 0.01460477 1.03392722]
[0.0045263  0.01460477 1.03392722]
[0.00441408 0.01666211 1.03392722]
[0.00441408 0.01460477 1.08753609]
[0.0045263  0.01666211 1.08753609]
[0.00398208 0.01612477 0.93375299]
[0.0040943  0.01612477 0.93375299]
[0.00398208 0.01514211 0.93375299]
[0.00398208 0.01612477 0.98736185]
[0.0040943  0.01514211 0.98736185]
[0.00395508 0.01450977 1.05270989]
[0.0045533  0.01450977 1.05270989]
[0.00395508 0.01523711 1.05270989]
[0.00395508 0.01450977 1.03118808]
[0.0045533  0.01523711 1.03118808]
[0.00438708 0.01602977 0.95253565]
[0.0041213  0.01602977 0.95253565]
[0.00438708 0.01371711 0.95253565]
[0.00438708 0.01602977 0.93101385]
[0.0041213  0.01371711 0.93101385]
[0.00460308 0.01374977 1.00262277]
[0.0043373  0.01374977 1.00262277]
[0.00460308 0.01447711 1.00262277]
[0.00460308 0.01374977 0.98110096]
[0.0043373  0.01447711 0.98110096]
[0.00417108 0.01526977 0.90244854]
[0.0039053  0.01526977 0.90244854]
[0.00417108 0.01599711 0.90244854]
[0.00417108 0.01526977 1.0812752 ]
[0.0039053  0.01599711 1.0812752 ]
[0.00427908 0.01412977 0.97757921]
[0.0040133  0.01412977 0.97757921]
[0.00427908 0.01637711 0.97757921]
[0.00427908 0.01412977 1.00614452]
[0.0040133  0.01637711 1.00614452]
[0.00471108 0.01564977 1.07775345]
[0.0044453  0.01564977 1.07775345]
[0.00471108 0.01485711 1.07775345]
[0.00471108 0.01564977 0.90597029]
[0.0044453  0.01485711 0.90597029]
[0.00449508 0.01488977 0.9274921 ]
[0.0042293  0.01488977 0.9274921 ]
[0.00449508 0.01409711 0.9274921 ]
[0.00449508 0.01488977 0.9560574 ]
[0.0042293  0.01409711 0.9560574 ]
[0.00406308 0.01640977 1.02766633]
[0.0046613  0.01640977 1.02766633]
[0.00406308 0.01561711 1.02766633]
[0.00406308 0.01640977 1.05623164]
[0.0046613  0.01561711 1.05623164]
[0.00400908 0.01393977 0.94001387]
[0.0044993  0.01393977 0.94001387]
[0.00400908 0.01390711 0.94001387]
[0.00400908 0.01393977 1.09379698]
[0.0044993  0.01390711 1.09379698]
[0.00444108 0.01545977 1.04018811]
[0.0040673  0.01545977 1.04018811]
[0.00444108 0.01542711 1.04018811]
[0.00444108 0.01545977 0.99362274]
[0.0040673  0.01542711 0.99362274]
[0.00465708 0.01469977 0.99010099]
[0.0047153  0.01469977 0.99010099]
[0.00465708 0.01618711 0.99010099]
[0.00465708 0.01469977 0.94353563]
[0.0047153  0.01618711 0.94353563]
[0.00422508 0.01621977 1.09027522]
[0.0042833  0.01621977 1.09027522]
[0.00422508 0.01466711 1.09027522]
[0.00422508 0.01621977 1.04370986]
[0.0042833  0.01466711 1.04370986]
[0.00411708 0.01507977 1.01514455]
[0.0041753  0.01507977 1.01514455]
[0.00411708 0.01504711 1.01514455]
[0.00411708 0.01507977 1.06875342]
[0.0041753  0.01504711 1.06875342]
[0.00454908 0.01659977 0.91497032]
[0.0046073  0.01659977 0.91497032]
[0.00454908 0.01656711 0.91497032]
[0.00454908 0.01659977 0.96857918]
[0.0046073  0.01656711 0.96857918]
[0.00433308 0.01431977 1.06523167]
[0.0039593  0.01431977 1.06523167]
[0.00433308 0.01580711 1.06523167]
[0.00433308 0.01431977 0.91849207]
[0.0039593  0.01580711 0.91849207]
[0.00390108 0.01583977 0.96505743]
[0.0043913  0.01583977 0.96505743]
[0.00390108 0.01428711 0.96505743]
[0.00390108 0.01583977 1.0186663 ]
[0.0043913  0.01428711 1.0186663 ]
[0.0038977  0.01456914 1.01749238]
[0.00390867 0.01456914 1.01749238]
[0.0038977  0.01574773 1.01749238]
[0.0038977  0.01456914 0.98814446]
[0.00390867 0.01574773 0.98814446]
[0.0043297  0.01608914 0.91731815]
[0.00434067 0.01608914 0.91731815]
[0.0043297  0.01422773 0.91731815]
[0.0043297  0.01608914 1.0883187 ]
[0.00434067 0.01422773 1.0883187 ]
[0.0045457  0.01380914 1.0675795 ]
[0.00412467 0.01380914 1.0675795 ]
[0.0045457  0.01498773 1.0675795 ]
[0.0045457  0.01380914 1.03823158]
[0.00412467 0.01498773 1.03823158]
[0.0041137  0.01532914 0.96740527]
[0.00455667 0.01532914 0.96740527]
[0.0041137  0.01650773 0.96740527]
[0.0041137  0.01532914 0.93805735]
[0.00455667 0.01650773 0.93805735]
[0.0042217  0.01418914 0.94236171]
[0.00466467 0.01418914 0.94236171]
[0.0042217  0.01612773 0.94236171]
[0.0042217  0.01418914 0.96310091]
[0.00466467 0.01612773 0.96310091]
[0.0046537  0.01570914 1.04253594]
[0.00423267 0.01570914 1.04253594]
[0.0046537  0.01460773 1.04253594]
[0.0046537  0.01570914 1.06327514]
[0.00423267 0.01460773 1.06327514]
[0.0044377  0.01494914 0.99244883]
[0.00444867 0.01494914 0.99244883]
[0.0044377  0.01384773 0.99244883]
[0.0044377  0.01494914 1.01318802]
[0.00444867 0.01384773 1.01318802]
[0.0040057  0.01646914 1.09262306]
[0.00401667 0.01646914 1.09262306]
[0.0040057  0.01536773 1.09262306]
[0.0040057  0.01646914 0.91301379]
[0.00401667 0.01536773 0.91301379]
[0.0040597  0.01399914 0.97992705]
[0.00428667 0.01399914 0.97992705]
[0.0040597  0.01441773 0.97992705]
[0.0040597  0.01399914 0.95057913]
[0.00428667 0.01441773 0.95057913]
[0.0044917  0.01551914 1.08010128]
[0.00471867 0.01551914 1.08010128]
[0.0044917  0.01593773 1.08010128]
[0.0044917  0.01551914 1.05075336]
[0.00471867 0.01593773 1.05075336]
[0.0047077  0.01475914 0.92983993]
[0.00407067 0.01475914 0.92983993]
[0.0047077  0.01669773 0.92983993]
[0.0047077  0.01475914 1.10084048]
[0.00407067 0.01669773 1.10084048]
[0.0042757  0.01627914 1.03001416]
[0.00450267 0.01627914 1.03001416]
[0.0042757  0.01517773 1.03001416]
[0.0042757  0.01627914 1.00066624]
[0.00450267 0.01517773 1.00066624]
[0.0041677  0.01513914 1.05505772]
[0.00439467 0.01513914 1.05505772]
[0.0041677  0.01479773 1.05505772]
[0.0041677  0.01513914 0.92553557]
[0.00439467 0.01479773 0.92553557]
[0.0045997  0.01665914 0.95488349]
[0.00396267 0.01665914 0.95488349]
[0.0045997  0.01631773 0.95488349]
[0.0045997  0.01665914 1.0257098 ]
[0.00396267 0.01631773 1.0257098 ]
[0.0043837  0.01437914 1.0049706 ]
[0.00461067 0.01437914 1.0049706 ]
[0.0043837  0.01555773 1.0049706 ]
[0.0043837  0.01437914 1.07579692]
[0.00461067 0.01555773 1.07579692]
[0.0039517  0.01589914 0.90479637]
[0.00417867 0.01589914 0.90479637]
[0.0039517  0.01403773 0.90479637]
[0.0039517  0.01589914 0.97562268]
[0.00417867 0.01403773 0.97562268]
[0.0039787  0.01428414 1.08636217]
[0.00447567 0.01428414 1.08636217]
[0.0039787  0.01641273 1.08636217]
[0.0039787  0.01428414 1.01944891]
[0.00447567 0.01641273 1.01944891]
[0.0044107  0.01580414 0.98618794]
[0.00404367 0.01580414 0.98618794]
[0.0044107  0.01489273 0.98618794]
[0.0044107  0.01580414 0.91927468]
[0.00404367 0.01489273 0.91927468]
[0.0046267  0.01504414 1.03627505]
[0.00469167 0.01504414 1.03627505]
[0.0046267  0.01413273 1.03627505]
[0.0046267  0.01504414 0.96936179]
[0.00469167 0.01413273 0.96936179]
[0.0041947  0.01656414 0.93610082]
[0.00425967 0.01656414 0.93610082]
[0.0041947  0.01565273 0.93610082]
[0.0041947  0.01656414 1.06953603]
[0.00425967 0.01565273 1.06953603]
[0.0043027  0.01466414 0.96114438]
[0.00415167 0.01466414 0.96114438]
[0.0043027  0.01527273 0.96114438]
[0.0043027  0.01466414 1.04449247]
[0.00415167 0.01527273 1.04449247]
[0.0047347  0.01618414 1.06131861]
[0.00458367 0.01618414 1.06131861]
[0.0047347  0.01375273 1.06131861]
[0.0047347  0.01618414 0.94431824]
[0.00458367 0.01375273 0.94431824]
[0.0045187  0.01390414 0.91105726]
[0.00393567 0.01390414 0.91105726]
[0.0045187  0.01451273 0.91105726]
[0.0045187  0.01390414 0.99440535]
[0.00393567 0.01451273 0.99440535]
[0.0040867  0.01542414 1.01123149]
[0.00436767 0.01542414 1.01123149]
[0.0040867  0.01603273 1.01123149]
[0.0040867  0.01542414 1.09457959]
[0.00436767 0.01603273 1.09457959]
[0.0040327  0.01485414 0.92357904]
[0.00463767 0.01485414 0.92357904]
[0.0040327  0.01508273 0.92357904]
[0.0040327  0.01485414 1.05701425]
[0.00463767 0.01508273 1.05701425]
[0.0044647  0.01637414 1.02375327]
[0.00420567 0.01637414 1.02375327]
[0.0044647  0.01660273 1.02375327]
[0.0044647  0.01637414 0.95684002]
[0.00420567 0.01660273 0.95684002]
[0.0046807  0.01409414 0.97366616]
[0.00442167 0.01409414 0.97366616]
[0.0046807  0.01584273 0.97366616]
[0.0046807  0.01409414 0.9067529 ]
[0.00442167 0.01584273 0.9067529 ]
[0.0042487  0.01561414 1.07384039]
[0.00398967 0.01561414 1.07384039]
[0.0042487  0.01432273 1.07384039]
[0.0042487  0.01561414 1.00692713]
[0.00398967 0.01432273 1.00692713]
[0.0041407  0.01371414 1.04879683]
[0.00409767 0.01371414 1.04879683]
[0.0041407  0.01394273 1.04879683]
[0.0041407  0.01371414 1.08205781]
[0.00409767 0.01394273 1.08205781]
[0.0045727  0.01523414 0.9486226 ]
[0.00452967 0.01523414 0.9486226 ]
[0.0045727  0.01546273 0.9486226 ]
[0.0045727  0.01523414 0.98188357]
[0.00452967 0.01546273 0.98188357]
[0.0043567  0.01447414 1.09888395]
[0.00431367 0.01447414 1.09888395]
[0.0043567  0.01622273 1.09888395]
[0.0043567  0.01447414 0.93179646]
[0.00431367 0.01622273 0.93179646]
[0.0039247  0.01599414 0.99870971]
[0.00474567 0.01599414 0.99870971]
[0.0039247  0.01470273 0.99870971]
[0.0039247  0.01599414 1.03197069]
[0.00474567 0.01470273 1.03197069]
[0.0039382  0.01385664 0.92670948]
[0.00435417 0.01385664 0.92670948]
[0.0039382  0.01532023 0.92670948]
[0.0039382  0.01385664 1.00379669]
[0.00435417 0.01532023 1.00379669]
[0.0043702  0.01537664 1.02688372]
[0.00392217 0.01537664 1.02688372]
[0.0043702  0.01380023 1.02688372]
[0.0043702  0.01537664 0.90362245]
[0.00392217 0.01380023 0.90362245]
[0.0045862  0.01461664 0.9767966 ]
[0.00457017 0.01461664 0.9767966 ]
[0.0045862  0.01456023 0.9767966 ]
[0.0045862  0.01461664 0.95370957]
[0.00457017 0.01456023 0.95370957]
[0.0041542  0.01613664 1.07697083]
[0.00413817 0.01613664 1.07697083]
[0.0041542  0.01608023 1.07697083]
[0.0041542  0.01613664 1.0538838 ]
[0.00413817 0.01608023 1.0538838 ]
[0.0042622  0.01499664 1.00184016]
[0.00424617 0.01499664 1.00184016]
[0.0042622  0.01646023 1.00184016]
[0.0042622  0.01499664 1.02884025]
[0.00424617 0.01646023 1.02884025]
[0.0046942  0.01651664 0.90166593]
[0.00467817 0.01651664 0.90166593]
[0.0046942  0.01494023 0.90166593]
[0.0046942  0.01651664 0.92866601]
[0.00467817 0.01494023 0.92866601]
[0.0044782  0.01423664 1.05192728]
[0.00403017 0.01423664 1.05192728]
[0.0044782  0.01418023 1.05192728]
[0.0044782  0.01423664 0.97875313]
[0.00403017 0.01418023 0.97875313]
[0.0040462  0.01575664 0.95175304]
[0.00446217 0.01575664 0.95175304]
[0.0040462  0.01570023 0.95175304]
[0.0040462  0.01575664 1.07892736]
[0.00446217 0.01570023 1.07892736]
[0.0041002  0.01480664 1.06444906]
[0.00473217 0.01480664 1.06444906]
[0.0041002  0.01399023 1.06444906]
[0.0041002  0.01480664 1.06640558]
[0.00473217 0.01399023 1.06640558]
[0.0045322  0.01632664 0.96427482]
[0.00430017 0.01632664 0.96427482]
[0.0045322  0.01551023 0.96427482]
[0.0045322  0.01632664 0.96623135]
[0.00430017 0.01551023 0.96623135]
[0.0047482  0.01404664 1.01436194]
[0.00451617 0.01404664 1.01436194]
[0.0047482  0.01627023 1.01436194]
[0.0047482  0.01404664 0.91614423]
[0.00451617 0.01627023 0.91614423]
[0.0043162  0.01556664 0.91418771]
[0.00408417 0.01556664 0.91418771]
[0.0043162  0.01475023 0.91418771]
[0.0043162  0.01556664 1.01631847]
[0.00408417 0.01475023 1.01631847]
[0.0042082  0.01442664 0.98931838]
[0.00397617 0.01442664 0.98931838]
[0.0042082  0.01513023 0.98931838]
[0.0042082  0.01442664 1.09144914]
[0.00397617 0.01513023 1.09144914]
[0.0046402  0.01594664 1.08949261]
[0.00440817 0.01594664 1.08949261]
[0.0046402  0.01665023 1.08949261]
[0.0046402  0.01594664 0.99127491]
[0.00440817 0.01665023 0.99127491]
[0.0044242  0.01518664 0.93923126]
[0.00419217 0.01518664 0.93923126]
[0.0044242  0.01589023 0.93923126]
[0.0044242  0.01518664 0.94118779]
[0.00419217 0.01589023 0.94118779]
[0.0039922  0.01670664 1.0394055 ]
[0.00462417 0.01670664 1.0394055 ]
[0.0039922  0.01437023 1.0394055 ]
[0.0039922  0.01670664 1.04136202]
[0.00462417 0.01437023 1.04136202]
[0.0039652  0.01509164 0.97053571]
[0.00400317 0.01509164 0.97053571]
[0.0039652  0.01598523 0.97053571]
[0.0039652  0.01509164 0.9975358 ]
[0.00400317 0.01598523 0.9975358 ]
[0.0043972  0.01661164 1.07070994]
[0.00443517 0.01661164 1.07070994]
[0.0043972  0.01446523 1.07070994]
[0.0043972  0.01661164 1.09771003]
[0.00443517 0.01446523 1.09771003]
[0.0046132  0.01433164 0.92044859]
[0.00421917 0.01433164 0.92044859]
[0.0046132  0.01370523 0.92044859]
[0.0046132  0.01433164 1.04762291]
[0.00421917 0.01370523 1.04762291]
[0.0041812  0.01585164 1.02062283]
[0.00465117 0.01585164 1.02062283]
[0.0041812  0.01522523 1.02062283]
[0.0041812  0.01585164 0.94744868]
[0.00465117 0.01522523 0.94744868]
[0.0042892  0.01395164 1.0957535 ]
[0.00454317 0.01395164 1.0957535 ]
[0.0042892  0.01560523 1.0957535 ]
[0.0042892  0.01395164 0.97249224]
[0.00454317 0.01560523 0.97249224]
[0.0047212  0.01547164 0.99557927]
[0.00411117 0.01547164 0.99557927]
[0.0047212  0.01408523 0.99557927]
[0.0047212  0.01547164 1.07266647]
[0.00411117 0.01408523 1.07266647]
[0.0045052  0.01471164 1.04566639]
[0.00432717 0.01471164 1.04566639]
[0.0045052  0.01484523 1.04566639]
[0.0045052  0.01471164 1.02257936]
[0.00432717 0.01484523 1.02257936]
[0.0040732  0.01623164 0.94549215]
[0.00389517 0.01623164 0.94549215]
[0.0040732  0.01636523 0.94549215]
[0.0040732  0.01623164 0.92240512]
[0.00389517 0.01636523 0.92240512]
[0.0040192  0.01414164 1.03314461]
[0.00416517 0.01414164 1.03314461]
[0.0040192  0.01465523 1.03314461]
[0.0040192  0.01414164 0.9349269 ]
[0.00416517 0.01465523 0.9349269 ]
[0.0044512  0.01566164 0.93297037]
[0.00459717 0.01566164 0.93297037]
[0.0044512  0.01617523 0.93297037]
[0.0044512  0.01566164 1.03510114]
[0.00459717 0.01617523 1.03510114]
[0.0046672  0.01490164 1.08323172]
[0.00394917 0.01490164 1.08323172]
[0.0046672  0.01541523 1.08323172]
[0.0046672  0.01490164 1.08518825]
[0.00394917 0.01541523 1.08518825]
[0.0042352  0.01642164 0.98305749]
[0.00438117 0.01642164 0.98305749]
[0.0042352  0.01389523 0.98305749]
[0.0042352  0.01642164 0.98501402]
[0.00438117 0.01389523 0.98501402]
[0.0041272  0.01452164 0.90792682]
[0.00448917 0.01452164 0.90792682]
[0.0041272  0.01427523 0.90792682]
[0.0041272  0.01452164 0.90988334]
[0.00448917 0.01427523 0.90988334]
[0.0045592  0.01604164 1.00810105]
[0.00405717 0.01604164 1.00810105]
[0.0045592  0.01579523 1.00810105]
[0.0045592  0.01604164 1.01005758]
[0.00405717 0.01579523 1.01005758]
[0.0043432  0.01376164 0.95801393]
[0.00470517 0.01376164 0.95801393]
[0.0043432  0.01655523 0.95801393]
[0.0043432  0.01376164 1.06014469]
[0.00470517 0.01655523 1.06014469]
[0.0039112  0.01528164 1.05818817]
[0.00427317 0.01528164 1.05818817]
[0.0039112  0.01503523 1.05818817]
[0.0039112  0.01528164 0.95997046]
[0.00427317 0.01503523 0.95997046]
[0.00390445 0.01421289 0.95644871]
[0.00459042 0.01421289 0.95644871]
[0.00390445 0.01377648 0.95644871]
[0.00390445 0.01421289 0.92397035]
[0.00459042 0.01377648 0.92397035]
[0.00433645 0.01573289 1.05662294]
[0.00415842 0.01573289 1.05662294]
[0.00433645 0.01529648 1.05662294]
[0.00433645 0.01573289 1.02414458]
[0.00415842 0.01529648 1.02414458]
[0.00455245 0.01497289 0.90636159]
[0.00437442 0.01497289 0.90636159]
[0.00455245 0.01605648 0.90636159]
[0.00455245 0.01497289 1.0742317 ]
[0.00437442 0.01605648 1.0742317 ]
[0.00412045 0.01649289 1.00653583]
[0.00394242 0.01649289 1.00653583]
[0.00412045 0.01453648 1.00653583]
[0.00412045 0.01649289 0.97405746]
[0.00394242 0.01453648 0.97405746]
[0.00422845 0.01459289 1.0816665 ]
[0.00405042 0.01459289 1.0816665 ]
[0.00422845 0.01491648 1.0816665 ]
[0.00422845 0.01459289 0.9490139 ]
[0.00405042 0.01491648 0.9490139 ]
[0.00466045 0.01611289 0.98149227]
[0.00448242 0.01611289 0.98149227]
[0.00466045 0.01643648 0.98149227]
[0.00466045 0.01611289 1.04918814]
[0.00448242 0.01643648 1.04918814]
[0.00444445 0.01383289 1.03157939]
[0.00426642 0.01383289 1.03157939]
[0.00444445 0.01567648 1.03157939]
[0.00444445 0.01383289 1.09927525]
[0.00426642 0.01567648 1.09927525]
[0.00401245 0.01535289 0.93140515]
[0.00469842 0.01535289 0.93140515]
[0.00401245 0.01415648 0.93140515]
[0.00401245 0.01535289 0.99910102]
[0.00469842 0.01415648 0.99910102]
[0.00406645 0.01516289 1.04410116]
[0.00442842 0.01516289 1.04410116]
[0.00406645 0.01548648 1.04410116]
[0.00406645 0.01516289 0.96153568]
[0.00442842 0.01548648 0.96153568]
[0.00449845 0.01668289 0.94392693]
[0.00399642 0.01668289 0.94392693]
[0.00449845 0.01396648 0.94392693]
[0.00449845 0.01668289 1.06170992]
[0.00399642 0.01396648 1.06170992]
[0.00471445 0.01440289 1.09418828]
[0.00464442 0.01440289 1.09418828]
[0.00471445 0.01472648 1.09418828]
[0.00471445 0.01440289 1.0116228 ]
[0.00464442 0.01472648 1.0116228 ]
[0.00428245 0.01592289 0.99401405]
[0.00421242 0.01592289 0.99401405]
[0.00428245 0.01624648 0.99401405]
[0.00428245 0.01592289 0.91144857]
[0.00421242 0.01624648 0.91144857]
[0.00417445 0.01402289 0.91888337]
[0.00410442 0.01402289 0.91888337]
[0.00417445 0.01662648 0.91888337]
[0.00417445 0.01402289 0.98657924]
[0.00410442 0.01662648 0.98657924]
[0.00460645 0.01554289 1.01905761]
[0.00453642 0.01554289 1.01905761]
[0.00460645 0.01510648 1.01905761]
[0.00460645 0.01554289 1.08675347]
[0.00453642 0.01510648 1.08675347]
[0.00439045 0.01478289 0.96897049]
[0.00388842 0.01478289 0.96897049]
[0.00439045 0.01434648 0.96897049]
[0.00439045 0.01478289 1.03666636]
[0.00388842 0.01434648 1.03666636]
[0.00395845 0.01630289 1.06914472]
[0.00432042 0.01630289 1.06914472]
[0.00395845 0.01586648 1.06914472]
[0.00395845 0.01630289 0.93649212]
[0.00432042 0.01586648 0.93649212]
[0.00398545 0.01468789 0.95018782]
[0.00429342 0.01468789 0.95018782]
[0.00398545 0.01444148 0.95018782]
[0.00398545 0.01468789 1.08049258]
[0.00429342 0.01444148 1.08049258]
[0.00441745 0.01620789 1.05036205]
[0.00472542 0.01620789 1.05036205]
[0.00441745 0.01596148 1.05036205]
[0.00441745 0.01620789 0.98031835]
[0.00472542 0.01596148 0.98031835]
[0.00463345 0.01392789 1.00027494]
[0.00407742 0.01392789 1.00027494]
[0.00463345 0.01520148 1.00027494]
[0.00463345 0.01392789 0.93023123]
[0.00407742 0.01520148 0.93023123]
[0.00420145 0.01544789 1.10044917]
[0.00450942 0.01544789 1.10044917]
[0.00420145 0.01368148 1.10044917]
[0.00420145 0.01544789 1.03040547]
[0.00450942 0.01368148 1.03040547]
[0.00430945 0.01430789 1.0253185 ]
[0.00440142 0.01430789 1.0253185 ]
[0.00430945 0.01406148 1.0253185 ]
[0.00430945 0.01430789 1.05544903]
[0.00440142 0.01406148 1.05544903]
[0.00474145 0.01582789 0.92514426]
[0.00396942 0.01582789 0.92514426]
[0.00474145 0.01558148 0.92514426]
[0.00474145 0.01582789 0.95527479]
[0.00396942 0.01558148 0.95527479]
[0.00452545 0.01506789 1.07540561]
[0.00461742 0.01506789 1.07540561]
[0.00452545 0.01634148 1.07540561]
[0.00452545 0.01506789 0.90518768]
[0.00461742 0.01634148 0.90518768]
[0.00409345 0.01658789 0.97523138]
[0.00418542 0.01658789 0.97523138]
[0.00409345 0.01482148 0.97523138]
[0.00409345 0.01658789 1.00536191]
[0.00418542 0.01482148 1.00536191]
[0.00403945 0.01373789 1.06288383]
[0.00391542 0.01373789 1.06288383]
[0.00403945 0.01615148 1.06288383]
[0.00403945 0.01373789 1.04292725]
[0.00391542 0.01615148 1.04292725]
[0.00447145 0.01525789 0.9627096 ]
[0.00434742 0.01525789 0.9627096 ]
[0.00447145 0.01463148 0.9627096 ]
[0.00447145 0.01525789 0.94275301]
[0.00434742 0.01463148 0.94275301]
[0.00468745 0.01449789 1.01279672]
[0.00413142 0.01449789 1.01279672]
[0.00468745 0.01387148 1.01279672]
[0.00468745 0.01449789 0.99284013]
[0.00413142 0.01387148 0.99284013]
[0.00425545 0.01601789 0.91262248]
[0.00456342 0.01601789 0.91262248]
[0.00425545 0.01539148 0.91262248]
[0.00425545 0.01601789 1.09301436]
[0.00456342 0.01539148 1.09301436]
[0.00414745 0.01487789 0.98775316]
[0.00467142 0.01487789 0.98775316]
[0.00414745 0.01577148 0.98775316]
[0.00414745 0.01487789 1.01788369]
[0.00467142 0.01577148 1.01788369]
[0.00457945 0.01639789 1.08792739]
[0.00423942 0.01639789 1.08792739]
[0.00457945 0.01425148 1.08792739]
[0.00457945 0.01639789 0.91770946]
[0.00423942 0.01425148 0.91770946]
[0.00436345 0.01411789 0.93766604]
[0.00445542 0.01411789 0.93766604]
[0.00436345 0.01501148 0.93766604]
[0.00436345 0.01411789 0.96779657]
[0.00445542 0.01501148 0.96779657]
[0.00393145 0.01563789 1.03784027]
[0.00402342 0.01563789 1.03784027]
[0.00393145 0.01653148 1.03784027]
[0.00393145 0.01563789 1.06797081]
[0.00402342 0.01653148 1.06797081]
[0.00391795 0.01492539 1.09105784]
[0.00419892 0.01492539 1.09105784]
[0.00391795 0.01420398 1.09105784]
[0.00391795 0.01492539 1.08988392]
[0.00419892 0.01420398 1.08988392]
[0.00434995 0.01644539 0.9908836 ]
[0.00463092 0.01644539 0.9908836 ]
[0.00434995 0.01572398 0.9908836 ]
[0.00434995 0.01644539 0.98970969]
[0.00463092 0.01572398 0.98970969]
[0.00456595 0.01416539 1.04097072]
[0.00398292 0.01416539 1.04097072]
[0.00456595 0.01648398 1.04097072]
[0.00456595 0.01416539 0.93962257]
[0.00398292 0.01648398 0.93962257]
[0.00413395 0.01568539 0.94079649]
[0.00441492 0.01568539 0.94079649]
[0.00413395 0.01496398 0.94079649]
[0.00413395 0.01568539 1.0397968 ]
[0.00441492 0.01496398 1.0397968 ]
[0.00424195 0.01378539 0.96584004]
[0.00452292 0.01378539 0.96584004]
[0.00424195 0.01458398 0.96584004]
[0.00424195 0.01378539 1.06484036]
[0.00452292 0.01458398 1.06484036]
[0.00467395 0.01530539 1.06601428]
[0.00409092 0.01530539 1.06601428]
[0.00467395 0.01610398 1.06601428]
[0.00467395 0.01530539 0.96466613]
[0.00409092 0.01610398 0.96466613]
[0.00445795 0.01454539 0.91575293]
[0.00473892 0.01454539 0.91575293]
[0.00445795 0.01534398 0.91575293]
[0.00445795 0.01454539 0.91457901]
[0.00473892 0.01534398 0.91457901]
[0.00402595 0.01606539 1.01592716]
[0.00430692 0.01606539 1.01592716]
[0.00402595 0.01382398 1.01592716]
[0.00402595 0.01606539 1.01475324]
[0.00430692 0.01382398 1.01475324]
