0.010926 0.058674 0.289604 1.047665 0.304131 0.132920 0.212706 0.075419 0.017073 0.002960 0.000439 0.000211 0.001305 0.009355 0.057208 0.282602 1.015797 0.321295 0.258039 0.698845 0.644594 0.138776 0.025641 0.004030 0.000577 0.000254 0.000939 0.003432 0.008025 0.007469 0.011303 0.023702 0.093506 0.462487 0.079305 0.013858 0.002762 0.002645 0.010631 0.037148 
0.019523 0.116178 0.712333 3.975959 0.762142 0.459986 1.264436 0.342402 0.065313 0.010133 0.001377 0.000439 0.002220 0.016515 0.113688 0.700357 3.925741 0.779136 0.690890 3.239283 1.043291 0.235088 0.042793 0.006613 0.001008 0.000893 0.004193 0.017061 0.045555 0.037474 0.054342 0.076287 0.157245 0.144776 0.064440 0.021047 0.006252 0.006491 0.028342 0.147345 
0.009851 0.047300 0.218522 0.732724 0.415777 1.323211 7.985106 1.236893 0.184338 0.025232 0.003229 0.000822 0.002038 0.008866 0.045920 0.213111 0.709929 0.315831 0.506936 1.035421 2.988030 0.496642 0.077761 0.011246 0.001918 0.002986 0.016355 0.077430 0.261919 0.178932 0.284629 0.373219 0.894140 0.369525 0.247224 0.083693 0.024597 0.016469 0.032762 0.041068 
0.013373 0.032542 0.059139 0.152997 0.237522 0.555284 1.303598 0.470494 0.113654 0.021520 0.003807 0.002557 0.007070 0.013913 0.028697 0.056180 0.151671 0.279404 1.282178 0.430717 0.538138 0.149173 0.030761 0.007623 0.002755 0.006456 0.040207 0.242486 1.357510 0.674891 1.315757 1.429772 5.298118 1.312009 1.131171 0.304476 0.094920 0.085391 0.185571 0.088873 
0.070331 0.160501 0.075252 0.090606 0.254709 0.285452 0.476774 0.908794 0.260179 0.052244 0.010197 0.010904 0.038637 0.071818 0.121872 0.056285 0.053845 0.154738 0.760522 0.180778 0.105176 0.035756 0.017343 0.025032 0.010745 0.005985 0.018246 0.083286 0.295666 0.345085 0.991346 0.538976 0.927130 0.395365 0.441883 0.745850 0.321770 0.423690 1.237432 0.440224 
0.353119 1.067081 0.320418 0.231696 1.015967 0.599546 1.080336 4.892654 0.826240 0.131429 0.023452 0.034492 0.189138 0.356195 0.720226 0.218018 0.062568 0.095566 0.556150 0.092439 0.031426 0.022909 0.066690 0.179327 0.066420 0.019997 0.013749 0.032258 0.117541 0.481881 2.658896 0.507801 0.222232 0.187255 0.713839 3.721056 1.125290 1.624659 7.710314 1.647648 
1.234128 6.705079 1.072475 0.286305 0.554555 1.278691 0.596027 0.912182 0.278218 0.060938 0.014259 0.026064 0.144308 0.747498 4.030122 0.706509 0.121759 0.044498 0.125265 0.033618 0.032704 0.073789 0.340769 1.180016 0.346385 0.095167 0.050186 0.044236 0.056752 0.195298 0.682577 0.196165 0.063463 0.059965 0.214224 0.683342 0.309013 0.421942 1.238961 0.447539 
0.392367 1.074993 0.319383 0.234789 1.138503 6.691002 1.138186 0.357733 0.251402 0.078978 0.018546 0.013889 0.062494 0.285976 0.981761 0.288887 0.073813 0.042639 0.077806 0.058430 0.127350 0.222820 1.191570 6.168938 1.219762 0.381591 0.249685 0.218795 0.113065 0.261109 0.850195 0.239025 0.052656 0.020904 0.049334 0.121729 0.066517 0.082773 0.191810 0.115647 
0.204957 0.179331 0.070420 0.078332 0.327838 1.144802 0.386281 0.420080 1.261458 0.343027 0.066670 0.019336 0.056025 0.258189 0.839058 0.342342 0.150460 0.182005 0.180474 0.224130 0.516313 0.261108 0.418456 1.833166 0.860043 1.787093 1.153382 1.162714 0.355714 0.753014 3.618051 0.632508 0.104824 0.023310 0.033975 0.076453 0.035306 0.022735 0.051096 0.160593 
0.079162 0.035799 0.015614 0.025652 0.097477 0.251680 0.255361 1.264135 7.938263 1.233657 0.184814 0.039975 0.105017 0.563695 2.272389 1.967125 0.917246 0.894099 0.456691 0.725125 1.961993 0.597937 0.286610 1.226190 0.727056 0.435449 0.438327 0.303460 0.161294 0.317581 0.680017 0.202213 0.046093 0.032861 0.116723 0.350651 0.114915 0.028553 0.015414 0.030890 
0.014438 0.007697 0.007919 0.029336 0.160870 0.202976 0.106389 0.355592 1.275662 0.446016 0.097638 0.023674 0.043821 0.196501 0.636211 0.570986 1.236171 2.102976 1.040666 1.226027 3.329627 0.809984 0.461863 1.138603 2.158362 0.845526 1.161468 0.496179 0.313712 0.704318 0.292864 0.079728 0.026793 0.070982 0.376137 1.868155 0.364740 0.066350 0.012434 0.006717 
0.003950 0.006285 0.012672 0.013692 0.033570 0.045000 0.056433 0.093257 0.292967 0.734460 0.140288 0.027614 0.016532 0.062347 0.268278 0.863201 3.709754 3.534090 2.311572 2.477865 5.758943 1.612348 1.128324 1.670005 3.314264 2.371298 5.272721 1.791963 1.046340 3.907084 0.674045 0.115528 0.030009 0.070549 0.313586 1.151786 0.289427 0.057910 0.009930 0.002292 
0.008984 0.029270 0.071203 0.031256 0.017864 0.040423 0.193105 0.059078 0.081317 0.204038 0.171621 0.043946 0.012300 0.026995 0.158548 0.528034 1.735765 4.759300 4.625026 4.752527 7.476399 2.925081 2.402110 2.972632 4.609939 5.697672 3.216113 4.037332 1.202632 1.350748 0.387216 0.102942 0.047281 0.136693 0.557419 1.941095 0.380079 0.068418 0.010804 0.001758 
0.034807 0.135671 0.417769 0.134624 0.035546 0.036023 0.151769 0.038865 0.040570 0.152099 0.820581 0.140153 0.033451 0.050739 0.190288 0.847789 1.577527 4.225409 6.457160 7.624262 10.442015 5.694033 4.976862 5.015067 4.645280 3.247387 1.937603 1.639139 1.593670 2.595443 0.642963 0.293145 0.149501 0.387427 1.383989 0.692161 0.178206 0.035248 0.005816 0.001014 
0.090056 0.444224 2.260507 0.433479 0.081726 0.028245 0.036987 0.028313 0.048223 0.050706 0.145824 0.067425 0.065226 0.149026 0.430153 1.091026 4.027855 8.538139 11.207095 12.166984 14.981206 8.810732 7.491127 6.576429 4.084181 2.385385 1.243335 0.716201 0.575765 0.749515 0.543295 1.318238 0.532255 1.338593 8.176714 1.299790 0.203603 0.029831 0.004307 0.001307 
0.074607 0.317868 1.205984 0.318082 0.082528 0.062396 0.057977 0.094217 0.237612 0.069003 0.067256 0.073178 0.141813 0.316762 0.821070 1.435276 3.603822 7.158366 11.614493 15.144081 18.696022 12.329632 11.199719 6.688480 4.613545 2.439331 1.330803 0.877336 1.141373 0.662638 1.431720 7.607000 1.295618 0.525970 1.294142 0.353737 0.069144 0.011595 0.003503 0.005284 
0.092207 0.446412 2.271517 0.451384 0.160209 0.281980 0.236845 0.341391 0.272520 0.228277 0.280886 0.272230 0.426223 0.756062 1.594456 2.491668 4.487339 7.638622 12.559084 16.926142 22.255043 15.314120 12.547472 7.938818 5.997936 3.852919 2.538112 2.691342 4.674492 1.040364 0.578074 1.292592 0.362933 0.131238 0.192922 0.067479 0.015803 0.005296 0.010497 0.029757 
0.046699 0.140286 0.426451 0.178836 0.283507 1.328260 0.896814 1.647921 0.386308 0.366083 1.005304 0.700558 0.734639 1.205752 2.351594 3.859519 6.082082 9.489876 14.175714 19.391562 26.194691 18.882502 14.629106 10.823895 9.885478 5.398833 3.800255 2.294870 1.639190 0.519924 0.231326 0.236415 0.085081 0.028881 0.027263 0.010993 0.005113 0.011799 0.042044 0.156526 
0.071208 0.041780 0.078176 0.059073 0.141217 0.435091 0.297945 0.392133 0.373532 0.964865 3.960205 3.723658 2.779201 3.156150 4.597823 6.636550 9.417882 12.590500 17.304497 22.551645 31.045050 24.430634 19.193617 15.008785 10.969374 7.176400 4.514061 2.219647 1.056483 0.412439 0.219620 0.222977 0.080263 0.020244 0.006549 0.003796 0.011347 0.046123 0.124233 0.088450 
0.000000 0.000000 0.000000 0.000000 0.000000 0.000000 0.000000 0.000000 0.000000 0.000000 0.000000 0.000000 0.000000 0.000000 0.000000 0.000000 0.000000 0.000000 0.000000 0.000000 0.000000 0.000000 0.000000 0.000000 0.000000 0.000000 0.000000 0.000000 0.000000 0.000000 0.000000 0.000000 0.000000 0.000000 0.000000 0.000000 0.000000 0.000000 0.000000 0.000000 
0.012559 0.008483 0.030691 0.161181 0.758617 3.220263 0.863233 1.027906 4.577303 1.874329 1.134448 1.508877 4.469474 7.510980 12.565791 18.108547 22.277290 26.260466 31.301132 38.838947 55.011730 36.940704 28.074728 21.416183 16.420732 11.516030 6.890635 4.451932 2.351092 1.213260 0.592955 0.506251 0.161110 0.036464 0.009043 0.019719 0.122884 0.731588 4.069657 0.976105 
0.003616 0.011764 0.072391 0.385478 1.454345 0.963284 0.324555 0.296015 0.768427 0.281088 0.216317 0.568232 1.433212 2.767746 5.109015 8.215354 11.705502 16.119331 20.517481 26.696880 35.420822 35.387753 26.766760 20.502428 15.380906 10.492331 6.381506 3.848526 1.938821 1.245943 0.537426 0.813697 0.190039 0.042120 0.012103 0.024290 0.104098 0.376064 0.777366 0.296502 
0.003605 0.024679 0.186624 1.288560 8.217955 1.590412 0.316061 0.100434 0.126727 0.057905 0.079020 0.268355 0.784861 1.759790 3.444531 5.734830 8.588503 12.088103 16.403347 20.833725 27.206156 28.132006 23.231922 17.504324 13.463336 9.483654 5.237290 2.760431 1.304834 0.630366 0.258302 0.244619 0.175209 0.061079 0.031412 0.084372 0.325608 1.144554 0.424159 0.126951 
0.002386 0.011519 0.074009 0.399345 1.561815 1.809451 0.362209 0.074336 0.027863 0.011738 0.025281 0.109448 0.358305 0.878580 1.899406 3.487943 5.553621 8.934633 12.397289 17.094992 21.955832 21.392551 19.118183 14.409924 11.222268 8.835824 4.660484 2.698818 1.892116 1.005016 0.281934 0.294926 0.725303 0.231428 0.124343 0.330300 1.159661 6.905349 1.122863 0.201176 
0.005401 0.005631 0.024158 0.119382 0.452701 1.137905 0.289509 0.070877 0.017144 0.004277 0.006398 0.036220 0.145159 0.406254 1.061562 2.062278 3.651661 6.411139 9.325871 13.377319 17.098320 16.155088 13.948889 9.828691 8.089351 6.654146 4.387993 3.414279 3.522047 0.894908 0.343627 0.794535 3.860265 0.755301 0.427490 1.176694 0.616351 1.194425 0.490753 0.115378 
0.028264 0.011174 0.016484 0.080198 0.422606 2.093178 0.419320 0.148602 0.037501 0.007939 0.002314 0.008974 0.048117 0.160702 0.542175 1.083468 2.253463 4.316689 6.928346 9.860780 12.421385 11.505729 9.582759 6.944097 5.114879 4.049248 2.230268 1.070800 0.885556 0.561224 0.204697 0.350192 1.015693 0.448995 1.165486 7.011239 1.150117 0.363077 0.265623 0.092650 
0.146260 0.037131 0.023050 0.035914 0.139270 0.435166 0.237325 0.469077 0.095919 0.019517 0.004176 0.002991 0.014153 0.055004 0.258462 0.507277 1.339895 2.803440 4.908880 5.622013 8.827710 7.817140 7.172295 4.180820 2.688903 2.540893 2.187531 1.009570 0.354359 0.152758 0.098263 0.306408 1.003399 0.342340 0.364112 1.115837 0.318600 0.101603 0.092751 0.196692 
0.066741 0.088667 0.101353 0.046364 0.096825 0.302164 0.236202 0.533241 0.115464 0.036394 0.012701 0.010081 0.018951 0.023982 0.112383 0.217933 0.884082 1.631665 2.464619 3.476980 7.022943 4.724585 3.736291 3.045451 1.322046 1.082184 1.402163 1.272054 0.341293 0.091287 0.129175 0.718763 3.988668 0.714715 0.182357 0.203452 0.082665 0.066326 0.133604 0.095160 
0.108861 0.483020 0.622855 0.152435 0.256180 1.299959 0.519975 0.439257 0.130340 0.133452 0.061498 0.058920 0.116229 0.051544 0.048608 0.111925 0.582387 0.583166 1.176877 1.980423 4.897543 2.860977 1.947985 1.173366 0.597711 0.565101 1.014882 0.516958 0.149937 0.040601 0.052299 0.223536 0.728709 0.236911 0.121256 0.219105 0.119409 0.232365 0.725634 0.289337 
0.000000 0.000000 0.000000 0.000000 0.000000 0.000000 0.000000 0.000000 0.000000 0.000000 0.000000 0.000000 0.000000 0.000000 0.000000 0.000000 0.000000 0.000000 0.000000 0.000000 0.000000 0.000000 0.000000 0.000000 0.000000 0.000000 0.000000 0.000000 0.000000 0.000000 0.000000 0.000000 0.000000 0.000000 0.000000 0.000000 0.000000 0.000000 0.000000 0.000000 
0.285139 0.792423 0.236635 0.058423 0.066163 0.319333 1.666583 0.410631 0.770381 4.079072 1.043718 1.055199 4.001008 0.858698 0.176294 0.039754 0.032821 0.053347 0.309188 0.643682 1.209461 0.784581 0.506719 0.268317 0.140398 0.062955 0.114507 0.215735 0.115904 0.149975 0.098271 0.302486 1.012134 0.466354 1.329643 8.194520 1.289581 0.394106 0.743315 0.283525 
0.914053 4.388814 0.732119 0.118483 0.036304 0.093154 0.292827 0.132413 0.237305 0.732893 0.301649 0.353245 1.049510 1.475018 0.385546 0.075287 0.027909 0.070145 0.407916 0.405792 1.219954 0.459612 0.652246 0.160570 0.058362 0.078857 0.356631 1.295328 0.529459 0.940401 0.339177 1.055167 5.838120 1.016086 0.494851 1.294907 0.356862 0.109366 0.125934 0.058885 
0.327404 0.762736 0.219730 0.045596 0.013965 0.024762 0.053168 0.033974 0.053124 0.125016 0.084352 0.240926 1.380940 8.162530 1.250796 0.188628 0.071938 0.247675 1.125918 0.339213 0.360826 0.470969 1.763376 0.546595 0.157502 0.208323 1.270678 8.119833 1.280213 0.312782 0.117225 0.295944 0.977681 0.300964 0.143991 0.203089 0.073412 0.023651 0.019536 0.009909 
0.191811 0.140073 0.048379 0.014089 0.014716 0.035610 0.041044 0.037295 0.029237 0.044984 0.030188 0.077547 0.362417 1.273562 0.346043 0.082350 0.134754 0.805629 4.823414 0.833378 0.363397 1.274031 6.436209 2.382857 0.526011 0.157288 0.364077 1.272987 0.353706 0.090176 0.031773 0.061898 0.164681 0.125359 0.207750 0.100915 0.048724 0.015882 0.005438 0.002047 
0.035504 0.024160 0.010613 0.013225 0.051436 0.173372 0.178779 0.174616 0.112929 0.195248 0.071486 0.032707 0.070842 0.183986 0.066432 0.023268 0.056261 0.269254 0.970540 0.309867 0.198300 0.552020 2.438858 8.379561 1.311881 0.231126 0.131078 0.223647 0.091582 0.061132 0.020503 0.026194 0.096904 0.379288 1.288422 0.410303 0.247295 0.074978 0.016358 0.003897 
0.005933 0.004247 0.005351 0.025804 0.146551 0.787399 0.816932 0.824630 0.477073 1.292526 0.353494 0.083753 0.027247 0.027186 0.011262 0.007996 0.031768 0.145652 0.506155 0.295744 0.337994 0.224103 0.545689 1.341063 0.401587 0.219146 0.248141 0.232478 0.115145 0.268088 0.056808 0.062469 0.258390 1.455767 8.234058 1.585633 1.440335 0.364425 0.068919 0.016415 
0.001006 0.000830 0.002162 0.011158 0.051159 0.175124 0.198845 0.341958 1.315926 8.169226 1.285358 0.292054 0.068207 0.016118 0.004519 0.007969 0.045195 0.249130 1.273486 0.898767 1.513104 0.298454 0.139803 0.223489 0.210909 0.705427 1.116335 0.993942 0.231734 0.129498 0.078815 0.192087 0.456594 1.642061 1.784645 1.664912 8.177015 1.246500 0.187858 0.055145 
0.001126 0.000255 0.000616 0.003018 0.012083 0.033462 0.043635 0.096122 0.363655 1.313887 0.554927 0.763743 0.220111 0.045110 0.008313 0.005919 0.022439 0.083712 0.262979 0.228531 0.300412 0.095190 0.035015 0.041937 0.070096 0.156034 0.228790 0.203503 0.075615 0.074593 0.243342 0.884337 1.489626 8.247000 1.486208 0.587289 1.298830 0.349729 0.090774 0.161443 
0.000122 0.000047 0.000132 0.000616 0.002264 0.005655 0.008278 0.021648 0.083990 0.298184 0.773402 3.964814 0.694496 0.113457 0.018215 0.011057 0.030567 0.026885 0.050564 0.046793 0.054390 0.021749 0.010478 0.023480 0.076626 0.045489 0.044529 0.039256 0.031499 0.121938 0.719163 4.014292 1.033073 1.390985 0.396490 0.141674 0.194540 0.068148 0.022889 0.031855 
0.000000 0.000000 0.000000 0.000000 0.000000 0.000000 0.000000 0.000000 0.000000 0.000000 0.000000 0.000000 0.000000 0.000000 0.000000 0.000000 0.000000 0.000000 0.000000 0.000000 0.000000 0.000000 0.000000 0.000000 0.000000 0.000000 0.000000 0.000000 0.000000 0.000000 0.000000 0.000000 0.000000 0.000000 0.000000 0.000000 0.000000 0.000000 0.000000 0.000000 
