0.000000 0.000000 0.000000 0.000000 0.000000 0.000000 0.000000 0.000000 0.000000 0.000000 0.000000 0.000000 0.000000 0.000003 0.000023 0.000156 0.000999 0.005919 0.032995 0.187707 1.546620 0.182647 0.032111 0.005771 0.000976 0.000153 0.000025 0.000026 0.000157 0.000999 0.005909 0.032549 0.168714 0.836903 0.163727 0.031666 0.005762 0.000976 0.000153 0.000025 
0.000000 0.000000 0.000000 0.000000 0.000000 0.000000 0.000000 0.000000 0.000000 0.000000 0.000000 0.000000 0.000000 0.000002 0.000013 0.000085 0.000508 0.002732 0.012970 0.054153 0.281870 0.053391 0.012735 0.002680 0.000499 0.000083 0.000014 0.000015 0.000085 0.000506 0.002718 0.012859 0.051329 0.149805 0.050572 0.012624 0.002666 0.000496 0.000083 0.000014 
0.000000 0.000000 0.000000 0.000000 0.000000 0.000000 0.000000 0.000000 0.000000 0.000000 0.000000 0.000000 0.000000 0.000001 0.000006 0.000046 0.000284 0.001405 0.005418 0.018052 0.144702 0.017942 0.005372 0.001393 0.000282 0.000046 0.000007 0.000006 0.000031 0.000175 0.000863 0.003603 0.011968 0.026452 0.011857 0.003556 0.000850 0.000173 0.000031 0.000006 
0.000000 0.000000 0.000000 0.000000 0.000000 0.000000 0.000000 0.000000 0.000000 0.000000 0.000000 0.000000 0.000000 0.000006 0.000072 0.000579 0.002841 0.009148 0.021470 0.042832 0.228317 0.042822 0.021469 0.009152 0.002844 0.000580 0.000073 0.000008 0.000009 0.000047 0.000216 0.000822 0.002400 0.004500 0.002385 0.000814 0.000214 0.000047 0.000009 0.000002 
0.000000 0.000000 0.000000 0.000000 0.000000 0.000000 0.000000 0.000000 0.000000 0.000000 0.000000 0.000001 0.000018 0.000234 0.001819 0.008302 0.025916 0.061395 0.117116 0.188944 0.508695 0.188957 0.117134 0.061416 0.025936 0.008315 0.001825 0.000236 0.000020 0.000011 0.000046 0.000161 0.000429 0.000725 0.000427 0.000160 0.000045 0.000010 0.000002 0.000000 
0.000000 0.000000 0.000000 0.000000 0.000000 0.000000 0.000000 0.000000 0.000000 0.000000 0.000002 0.000040 0.000553 0.004017 0.017381 0.053227 0.127663 0.254061 0.430026 0.632889 1.122450 0.632916 0.430066 0.254109 0.127713 0.053269 0.017409 0.004030 0.000556 0.000043 0.000010 0.000028 0.000069 0.000110 0.000069 0.000028 0.000008 0.000002 0.000000 0.000000 
0.000000 0.000000 0.000000 0.000000 0.000000 0.000000 0.000000 0.000000 0.000000 0.000003 0.000071 0.000988 0.006863 0.028867 0.087552 0.211486 0.430537 0.760899 1.186932 1.635470 2.315734 1.635507 1.186991 0.760978 0.430629 0.211573 0.087621 0.028910 0.006883 0.000994 0.000073 0.000007 0.000010 0.000015 0.000010 0.000004 0.000001 0.000000 0.000000 0.000000 
0.000000 0.000000 0.000000 0.000000 0.000000 0.000000 0.000000 0.000000 0.000004 0.000099 0.001413 0.009707 0.040577 0.123261 0.300205 0.620083 1.121006 1.810341 2.633358 3.465531 4.308195 3.465556 2.633411 1.810428 1.121125 0.620213 0.300322 0.123348 0.040629 0.009729 0.001418 0.000100 0.000005 0.000002 0.000001 0.000001 0.000000 0.000000 0.000000 0.000000 
0.000000 0.000000 0.000000 0.000000 0.000000 0.000000 0.000000 0.000004 0.000111 0.001675 0.011799 0.050093 0.154194 0.380486 0.796608 1.462115 2.405412 3.596341 4.942636 6.234684 7.304556 6.234665 4.942641 3.596383 2.405513 1.462255 0.796758 0.380614 0.154283 0.050141 0.011818 0.001679 0.000111 0.000004 0.000000 0.000000 0.000000 0.000000 0.000000 0.000000 
0.000000 0.000000 0.000000 0.000000 0.000000 0.000000 0.000003 0.000099 0.001675 0.012567 0.055409 0.175085 0.440853 0.938368 1.747107 2.913266 4.423645 6.209763 8.123363 9.951294 11.273050 9.951213 8.123270 6.209706 4.423655 2.913351 1.747242 0.938511 0.440969 0.175158 0.055446 0.012580 0.001678 0.000099 0.000003 0.000000 0.000000 0.000000 0.000000 0.000000 
0.000000 0.000000 0.000000 0.000000 0.000000 0.000002 0.000071 0.001413 0.011798 0.055408 0.182452 0.473141 1.029647 1.950175 3.296852 5.068701 7.210282 9.605588 12.114943 14.454118 16.210855 14.453964 12.114749 9.605406 7.210170 5.068674 3.296926 1.950285 1.029759 0.473226 0.182502 0.055432 0.011806 0.001414 0.000071 0.000002 0.000000 0.000000 0.000000 0.000000 
0.000000 0.000000 0.000000 0.000000 0.000001 0.000040 0.000988 0.009705 0.050091 0.175084 0.473141 1.061101 2.055460 3.534420 5.507764 7.927967 10.694630 13.698843 16.759298 19.667093 21.874294 19.666878 16.759027 13.698561 10.694390 7.927812 5.507714 3.534450 2.055533 1.061177 0.473195 0.175113 0.050103 0.009709 0.000989 0.000040 0.000001 0.000000 0.000000 0.000000 
0.000000 0.000000 0.000000 0.000000 0.000018 0.000552 0.006861 0.040572 0.154189 0.440849 1.029646 2.055460 3.614754 5.729539 8.358645 11.409132 14.785129 18.346498 21.976540 25.361750 28.238997 25.361488 21.976236 18.346151 14.784811 11.408886 8.358499 5.729492 3.614768 2.055510 1.029693 0.440881 0.154204 0.040578 0.006862 0.000552 0.000018 0.000000 0.000000 0.000000 
0.000000 0.000000 0.000000 0.000006 0.000233 0.004013 0.028857 0.123248 0.380476 0.938366 1.950185 3.534436 5.729553 8.502126 11.762836 15.420462 19.351507 23.468332 27.579885 31.511517 34.977085 31.511255 27.579590 23.467991 19.351160 15.420176 11.762629 8.502007 5.729516 3.534446 1.950213 0.938390 0.380491 0.123254 0.028859 0.004013 0.000233 0.000006 0.000000 0.000000 
0.000000 0.000000 0.000001 0.000070 0.001813 0.017364 0.087525 0.300180 0.796601 1.747125 3.296902 5.507823 8.358704 11.762873 15.629667 19.840004 24.315947 28.905107 33.538651 37.842438 42.101021 37.842091 33.538319 28.904461 24.315634 19.839716 15.629448 11.762732 8.358630 5.507800 3.296914 1.747141 0.796613 0.300186 0.087527 0.017364 0.001813 0.000070 0.000001 0.000000 
0.000000 0.000000 0.000015 0.000565 0.008274 0.053173 0.211427 0.620053 1.462146 2.913370 5.068857 7.928135 11.409283 15.420573 19.840067 24.591213 29.533281 34.616760 39.622555 44.402237 49.211159 44.401974 39.622234 34.616444 29.533049 24.590796 19.839872 15.420441 11.409211 7.928098 5.068852 2.913377 1.462155 0.620059 0.211430 0.053175 0.008275 0.000565 0.000015 0.000000 
0.000000 0.000002 0.000107 0.002767 0.025820 0.127531 0.430432 1.121013 2.405587 4.423983 7.210712 10.695065 14.785491 19.351780 24.316132 29.533373 34.959694 40.402088 45.866116 50.861568 56.359207 50.861328 45.865856 40.401829 34.959480 29.533209 24.315983 19.351669 14.785430 10.695029 7.210702 4.423986 2.405600 1.121027 0.430446 0.127545 0.025830 0.002771 0.000108 0.000002 
0.000000 0.000012 0.000522 0.008820 0.061102 0.253751 0.760724 1.810487 3.596903 6.210645 9.606607 13.699818 18.347319 23.468920 28.905661 34.617039 40.402218 46.275578 51.995087 57.408661 63.218018 57.408531 51.994907 46.275391 40.402031 34.616886 28.905478 23.468855 18.347256 13.699802 9.606617 6.210686 3.596994 1.810639 0.760914 0.253934 0.061238 0.008890 0.000541 0.000014 
0.000001 0.000046 0.001636 0.020062 0.115927 0.428868 1.186242 2.633559 4.943791 8.125190 12.116984 16.761263 21.978148 27.581043 33.539520 39.623177 45.866467 51.995251 58.155052 63.804947 70.047058 63.804825 58.154919 51.995125 45.866352 39.623070 33.539440 27.580999 21.978127 16.761293 12.117117 8.125532 4.944536 2.634808 1.187859 0.430435 0.117070 0.020662 0.001825 0.000074 
0.000000 0.000000 0.000000 0.000000 0.000000 0.000000 0.000000 0.000000 0.000000 0.000000 0.000000 0.000000 0.000000 0.000000 0.000000 0.000000 0.000000 0.000000 0.000000 0.000000 0.000000 0.000000 0.000000 0.000000 0.000000 0.000000 0.000000 0.000000 0.000000 0.000000 0.000000 0.000000 0.000000 0.000000 0.000000 0.000000 0.000000 0.000000 0.000000 0.000000 
0.000003 0.000158 0.004376 0.041571 0.212975 0.723252 1.882153 3.938124 7.049162 11.125066 16.135038 21.838415 28.223913 34.971786 42.100548 49.213257 56.362942 63.220024 70.048401 76.360046 82.258614 76.360031 70.048378 63.220005 56.362923 49.213284 42.100609 34.971996 28.224396 21.839575 16.137802 11.131069 7.060454 3.955351 1.902377 0.740700 0.224145 0.046748 0.006016 0.000452 
0.000002 0.000113 0.003321 0.034167 0.177315 0.617800 1.620148 3.453961 6.228564 9.949858 14.455441 19.669502 25.364206 31.513449 37.844208 44.403305 50.862392 57.409019 63.805237 69.922028 76.360085 69.922028 63.805237 57.409019 50.862392 44.403305 37.844212 31.513466 25.364269 19.669725 14.456104 9.951571 6.232219 3.460170 1.628090 0.625307 0.182527 0.036812 0.004178 0.000262 
0.000001 0.000046 0.001636 0.020062 0.115927 0.428868 1.186242 2.633559 4.943791 8.125190 12.116983 16.761265 21.978148 27.581043 33.539524 39.623188 45.866497 51.995312 58.155182 63.805241 70.048424 63.805241 58.155182 51.995312 45.866501 39.623192 33.539524 27.581049 21.978159 16.761311 12.117122 8.125534 4.944535 2.634807 1.187858 0.430434 0.117070 0.020662 0.001825 0.000074 
0.000000 0.000012 0.000522 0.008820 0.061102 0.253751 0.760724 1.810487 3.596902 6.210645 9.606608 13.699820 18.347319 23.468922 28.905676 34.617062 40.402275 46.275696 51.995312 57.409019 63.220032 57.409019 51.995312 46.275692 40.402275 34.617065 28.905678 23.468922 18.347319 13.699826 9.606627 6.210691 3.596993 1.810637 0.760913 0.253934 0.061238 0.008890 0.000541 0.000014 
0.000000 0.000002 0.000107 0.002767 0.025820 0.127531 0.430432 1.121013 2.405587 4.423983 7.210712 10.695065 14.785493 19.351788 24.316153 29.533407 34.959782 40.402275 45.866497 50.862392 56.362965 50.862392 45.866501 40.402275 34.959782 29.533409 24.316154 19.351788 14.785492 10.695065 7.210713 4.423987 2.405595 1.121023 0.430444 0.127544 0.025829 0.002771 0.000108 0.000002 
0.000000 0.000000 0.000015 0.000565 0.008274 0.053173 0.211427 0.620053 1.462146 2.913370 5.068857 7.928140 11.409283 15.420583 19.840088 24.591284 29.533409 34.617065 39.623192 44.403309 49.213295 44.403309 39.623192 34.617065 29.533409 24.591284 19.840088 15.420582 11.409284 7.928139 5.068857 2.913370 1.462146 0.620053 0.211428 0.053174 0.008275 0.000565 0.000015 0.000000 
0.000000 0.000000 0.000001 0.000070 0.001813 0.017364 0.087525 0.300180 0.796601 1.747125 3.296901 5.507825 8.358707 11.762888 15.629708 19.840086 24.316151 28.905678 33.539524 37.844212 42.100624 37.844212 33.539524 28.905678 24.316154 19.840088 15.629709 11.762888 8.358707 5.507826 3.296901 1.747125 0.796601 0.300180 0.087525 0.017364 0.001813 0.000070 0.000001 0.000000 
0.000000 0.000000 0.000000 0.000006 0.000233 0.004013 0.028857 0.123248 0.380476 0.938366 1.950185 3.534436 5.729559 8.502146 11.762888 15.420583 19.351788 23.468922 27.581049 31.513468 34.972004 31.513468 27.581049 23.468922 19.351788 15.420582 11.762888 8.502147 5.729559 3.534436 1.950185 0.938366 0.380476 0.123248 0.028857 0.004013 0.000233 0.000006 0.000000 0.000000 
0.000000 0.000000 0.000000 0.000000 0.000018 0.000552 0.006861 0.040572 0.154189 0.440849 1.029646 2.055460 3.614756 5.729559 8.358707 11.409283 14.785493 18.347321 21.978159 25.364267 28.224400 25.364269 21.978159 18.347319 14.785492 11.409284 8.358707 5.729559 3.614756 2.055460 1.029646 0.440849 0.154189 0.040572 0.006861 0.000552 0.000018 0.000000 0.000000 0.000000 
0.000000 0.000000 0.000000 0.000000 0.000000 0.000000 0.000000 0.000000 0.000000 0.000000 0.000000 0.000000 0.000000 0.000000 0.000000 0.000000 0.000000 0.000000 0.000000 0.000000 0.000000 0.000000 0.000000 0.000000 0.000000 0.000000 0.000000 0.000000 0.000000 0.000000 0.000000 0.000000 0.000000 0.000000 0.000000 0.000000 0.000000 0.000000 0.000000 0.000000 
0.000000 0.000000 0.000000 0.000000 0.000000 0.000002 0.000071 0.001413 0.011798 0.055408 0.182451 0.473140 1.029646 1.950185 3.296901 5.068857 7.210713 9.606627 12.117122 14.456104 16.137802 14.456104 12.117122 9.606627 7.210713 5.068857 3.296901 1.950185 1.029646 0.473140 0.182451 0.055408 0.011798 0.001413 0.000071 0.000002 0.000000 0.000000 0.000000 0.000000 
0.000000 0.000000 0.000000 0.000000 0.000000 0.000000 0.000003 0.000099 0.001675 0.012567 0.055408 0.175083 0.440849 0.938366 1.747125 2.913370 4.423987 6.210691 8.125534 9.951571 11.131070 9.951571 8.125534 6.210691 4.423987 2.913370 1.747125 0.938366 0.440849 0.175083 0.055408 0.012567 0.001675 0.000099 0.000003 0.000000 0.000000 0.000000 0.000000 0.000000 
0.000000 0.000000 0.000000 0.000000 0.000000 0.000000 0.000000 0.000004 0.000111 0.001675 0.011798 0.050090 0.154189 0.380476 0.796601 1.462146 2.405595 3.596993 4.944535 6.232218 7.060454 6.232219 4.944535 3.596993 2.405595 1.462146 0.796601 0.380476 0.154189 0.050090 0.011798 0.001675 0.000111 0.000004 0.000000 0.000000 0.000000 0.000000 0.000000 0.000000 
0.000000 0.000000 0.000000 0.000000 0.000000 0.000000 0.000000 0.000000 0.000004 0.000099 0.001413 0.009705 0.040572 0.123248 0.300180 0.620053 1.121023 1.810637 2.634807 3.460170 3.955351 3.460170 2.634807 1.810637 1.121023 0.620053 0.300180 0.123248 0.040572 0.009705 0.001413 0.000099 0.000004 0.000000 0.000000 0.000000 0.000000 0.000000 0.000000 0.000000 
0.000000 0.000000 0.000000 0.000000 0.000000 0.000000 0.000000 0.000000 0.000000 0.000003 0.000071 0.000988 0.006861 0.028857 0.087525 0.211428 0.430444 0.760913 1.187858 1.628090 1.902377 1.628090 1.187858 0.760913 0.430444 0.211428 0.087525 0.028857 0.006861 0.000988 0.000071 0.000003 0.000000 0.000000 0.000000 0.000000 0.000000 0.000000 0.000000 0.000000 
0.000000 0.000000 0.000000 0.000000 0.000000 0.000000 0.000000 0.000000 0.000000 0.000000 0.000002 0.000040 0.000552 0.004013 0.017364 0.053174 0.127544 0.253934 0.430434 0.625307 0.740700 0.625307 0.430434 0.253934 0.127544 0.053174 0.017364 0.004013 0.000552 0.000040 0.000002 0.000000 0.000000 0.000000 0.000000 0.000000 0.000000 0.000000 0.000000 0.000000 
0.000000 0.000000 0.000000 0.000000 0.000000 0.000000 0.000000 0.000000 0.000000 0.000000 0.000000 0.000001 0.000018 0.000233 0.001813 0.008275 0.025829 0.061238 0.117070 0.182527 0.224145 0.182527 0.117070 0.061238 0.025829 0.008275 0.001813 0.000233 0.000018 0.000001 0.000000 0.000000 0.000000 0.000000 0.000000 0.000000 0.000000 0.000000 0.000000 0.000000 
0.000000 0.000000 0.000000 0.000000 0.000000 0.000000 0.000000 0.000000 0.000000 0.000000 0.000000 0.000000 0.000000 0.000006 0.000070 0.000565 0.002771 0.008890 0.020662 0.036812 0.046748 0.036812 0.020662 0.008890 0.002771 0.000565 0.000070 0.000006 0.000000 0.000000 0.000000 0.000000 0.000000 0.000000 0.000000 0.000000 0.000000 0.000000 0.000000 0.000000 
0.000000 0.000000 0.000000 0.000000 0.000000 0.000000 0.000000 0.000000 0.000000 0.000000 0.000000 0.000000 0.000000 0.000000 0.000001 0.000015 0.000108 0.000541 0.001825 0.004178 0.006016 0.004178 0.001825 0.000541 0.000108 0.000015 0.000001 0.000000 0.000000 0.000000 0.000000 0.000000 0.000000 0.000000 0.000000 0.000000 0.000000 0.000000 0.000000 0.000000 
0.000000 0.000000 0.000000 0.000000 0.000000 0.000000 0.000000 0.000000 0.000000 0.000000 0.000000 0.000000 0.000000 0.000000 0.000000 0.000000 0.000000 0.000000 0.000000 0.000000 0.000000 0.000000 0.000000 0.000000 0.000000 0.000000 0.000000 0.000000 0.000000 0.000000 0.000000 0.000000 0.000000 0.000000 0.000000 0.000000 0.000000 0.000000 0.000000 0.000000 
