0.013360 0.067463 0.317628 1.109170 0.335797 0.155172 0.242516 0.089315 0.021211 0.003880 0.000611 0.000293 0.001679 0.011344 0.065737 0.309867 1.074419 0.354818 0.289142 0.752434 0.686376 0.153826 0.029784 0.004935 0.000750 0.000336 0.001165 0.004063 0.009210 0.008857 0.013388 0.028182 0.106431 0.504640 0.089731 0.016302 0.003402 0.003126 0.011774 0.039619 
0.022784 0.126988 0.745719 4.046343 0.805474 0.513670 1.376286 0.385615 0.076871 0.012552 0.001805 0.000583 0.002715 0.019027 0.124273 0.733980 4.001692 0.822404 0.743535 3.381445 1.110990 0.258778 0.049157 0.007989 0.001290 0.001112 0.004912 0.019138 0.049579 0.042015 0.060637 0.087222 0.176850 0.164407 0.072385 0.024113 0.007496 0.007575 0.030614 0.152717 
0.012041 0.054005 0.237255 0.769096 0.458309 1.440047 8.439683 1.345309 0.208866 0.030065 0.004074 0.001062 0.002520 0.010644 0.052300 0.231332 0.744595 0.344878 0.544082 1.104610 3.107651 0.530739 0.086390 0.013144 0.002380 0.003535 0.018319 0.083378 0.274362 0.192535 0.303483 0.407900 0.962733 0.405340 0.262448 0.091213 0.028483 0.020048 0.038168 0.045951 
0.016626 0.038595 0.068078 0.168430 0.261162 0.609226 1.419166 0.525394 0.131839 0.026167 0.004849 0.003082 0.008149 0.016275 0.033369 0.064253 0.166061 0.295845 1.194262 0.460067 0.575743 0.164779 0.035601 0.009326 0.003483 0.007417 0.043573 0.253520 1.386822 0.704921 1.355951 1.510385 5.547081 1.386695 1.159108 0.321953 0.107170 0.100222 0.209912 0.104719 
0.082851 0.181311 0.088060 0.103138 0.277657 0.320655 0.530168 0.965882 0.285960 0.060106 0.012268 0.012418 0.042335 0.079342 0.132962 0.064332 0.061604 0.180941 1.042841 0.210147 0.117159 0.041519 0.021163 0.029545 0.013260 0.007378 0.020714 0.090352 0.312445 0.372586 1.045409 0.587686 0.999965 0.433539 0.470805 0.779076 0.356120 0.477015 1.344492 0.496836 
0.397820 1.158395 0.359310 0.256486 1.070422 0.656244 1.152911 5.017239 0.871180 0.144626 0.027029 0.037842 0.199650 0.378087 0.747240 0.236348 0.071414 0.130193 1.369067 0.126738 0.036697 0.027879 0.077790 0.196958 0.077383 0.024380 0.016482 0.036992 0.129815 0.517376 2.769194 0.548209 0.248379 0.207328 0.744403 3.762754 1.201905 1.766486 8.148082 1.787659 
1.343285 7.085196 1.164940 0.322872 0.607512 1.374069 0.658372 0.969539 0.306965 0.070736 0.017338 0.029742 0.156662 0.777144 3.889076 0.736028 0.135365 0.067894 0.788943 0.055700 0.038728 0.086346 0.372301 1.176715 0.379233 0.111886 0.057705 0.050936 0.066032 0.218270 0.735697 0.219502 0.074173 0.068987 0.231621 0.712425 0.342137 0.475057 1.346214 0.504896 
0.439142 1.167042 0.359062 0.265067 1.220114 6.950360 1.222755 0.400228 0.285449 0.093202 0.022973 0.016939 0.071412 0.310907 1.014148 0.357633 0.118382 0.082256 0.647250 0.106550 0.151463 0.253020 1.200985 5.267467 1.241740 0.455421 0.273825 0.238372 0.128530 0.287227 0.899835 0.261738 0.060693 0.025118 0.056142 0.132901 0.077189 0.097443 0.216683 0.133134 
0.222537 0.200983 0.082590 0.091767 0.364436 1.227659 0.433413 0.474776 1.371142 0.385893 0.078479 0.023596 0.063602 0.272922 0.826891 0.486916 0.255439 0.300552 0.902498 0.320583 0.527544 0.316443 0.552267 2.710511 1.184356 2.091836 1.181317 1.193454 0.386296 0.793415 3.680302 0.661269 0.114506 0.027071 0.038474 0.083003 0.040292 0.027108 0.057426 0.168569 
0.084763 0.040992 0.018907 0.030448 0.110763 0.281079 0.290545 1.374423 8.365479 1.338562 0.208919 0.046555 0.110611 0.538807 2.001315 2.839146 1.397696 1.305905 1.299569 1.088583 2.163485 0.766191 0.569722 3.361011 1.098245 0.628994 0.545985 0.343321 0.185720 0.348367 0.714388 0.219739 0.052571 0.037220 0.124614 0.361973 0.122555 0.032085 0.017645 0.033274 
0.015908 0.009024 0.009222 0.031964 0.169085 0.220773 0.122777 0.400213 1.385324 0.495843 0.112704 0.028417 0.049464 0.208499 0.696920 0.864381 1.691054 2.855537 2.352838 2.229958 4.107292 1.378064 1.014628 2.509409 2.646241 1.021223 1.264781 0.547266 0.353717 0.753441 0.321737 0.091159 0.031499 0.077318 0.390406 1.888490 0.378004 0.071625 0.014163 0.007608 
0.004669 0.007412 0.014349 0.015510 0.036512 0.049961 0.064004 0.108092 0.325242 0.773679 0.154121 0.032113 0.020815 0.077502 0.380430 1.043402 4.300986 4.714194 4.158869 4.241822 7.204407 2.842286 2.263518 3.437114 4.265054 2.728738 5.316332 1.818786 1.127242 3.939601 0.718722 0.129764 0.035710 0.079862 0.336213 1.190570 0.308022 0.064298 0.011617 0.002784 
0.010615 0.032677 0.076413 0.034908 0.020323 0.044379 0.207219 0.067130 0.093310 0.227152 0.188542 0.054803 0.023582 0.058054 0.330288 0.882487 2.367168 6.326697 6.978448 7.231933 9.718425 4.895122 4.272025 5.380006 6.384078 6.402861 3.724374 3.838337 1.285067 1.390567 0.420224 0.118897 0.056892 0.154590 0.595060 1.972341 0.396465 0.074264 0.012335 0.002136 
0.039210 0.144995 0.431665 0.143823 0.039730 0.039227 0.158176 0.043088 0.046544 0.166574 0.796350 0.217585 0.104129 0.164582 0.472490 1.597138 2.537183 6.041147 9.145586 10.659251 13.329471 8.554841 7.755613 8.198355 7.589452 5.370634 3.371940 2.735026 2.031986 2.280321 0.642432 0.325112 0.175229 0.437610 1.503979 0.746055 0.196694 0.040379 0.006987 0.001285 
0.098090 0.461263 2.285094 0.449945 0.088749 0.031753 0.040489 0.031901 0.053445 0.063572 0.228731 0.278183 0.329597 0.510604 1.030247 2.025824 5.829123 11.047040 14.467302 15.781669 18.501598 12.553031 11.059424 10.470991 7.296512 4.786669 2.854268 1.645630 1.006575 0.859667 0.614107 1.382918 0.596877 1.462997 8.652487 1.412859 0.229702 0.035228 0.005344 0.001600 
0.083820 0.339707 1.249762 0.339980 0.091866 0.068304 0.064147 0.101942 0.236494 0.111727 0.183166 0.366909 0.641893 1.036279 1.915504 2.899836 5.827515 10.253037 15.378977 19.264412 22.842760 16.846094 15.496469 10.649947 7.944444 4.953971 3.103198 1.971094 1.706923 1.239272 1.808846 6.831075 1.359085 0.591333 1.411035 0.398441 0.081255 0.014302 0.004269 0.005901 
0.100494 0.463788 2.297408 0.469614 0.171665 0.293340 0.250718 0.365283 0.287302 0.436974 0.715846 0.982243 1.439949 2.070858 3.357281 4.644246 7.239141 11.059794 16.583401 21.413282 26.939075 20.475210 17.396921 12.237153 9.686617 6.887242 4.996974 4.691335 5.491842 1.383057 0.833004 1.377836 0.408294 0.154238 0.219409 0.079501 0.019503 0.006577 0.011816 0.031804 
0.052051 0.150179 0.441433 0.191158 0.295634 1.341436 0.906452 1.901704 0.459214 0.444314 1.337237 1.575941 2.046338 2.943731 4.619534 6.596434 9.334568 13.284314 18.495283 24.150270 31.385509 24.452126 19.862211 15.513317 13.872342 8.605341 6.383837 4.027251 2.597125 0.968946 0.416540 0.288601 0.102359 0.035392 0.032666 0.013669 0.006484 0.013797 0.046022 0.163180 
0.075164 0.046307 0.084602 0.066520 0.153737 0.450586 0.333239 0.452024 0.419562 0.980667 4.174368 5.400013 5.023705 5.686011 7.546460 10.021073 13.245728 16.846893 21.985933 27.648300 36.476715 30.150391 24.410521 19.794346 14.984138 10.567757 7.144981 3.999299 2.102384 0.908134 0.399588 0.247175 0.086868 0.022920 0.007987 0.004845 0.013626 0.052436 0.135935 0.098958 
0.065999 0.020959 0.026115 0.067292 0.252469 0.727391 0.355034 0.416393 0.935359 0.753022 1.847073 2.771639 4.932882 7.231310 9.937131 13.075389 16.801502 21.581545 26.222385 33.145287 43.700260 35.178383 28.015839 22.307062 17.313469 12.810261 8.835773 5.419238 3.244982 1.827913 1.098795 0.715887 0.192508 0.042946 0.009391 0.010437 0.051665 0.235878 0.757721 0.315640 
0.013603 0.010129 0.036414 0.180738 0.799332 3.005334 1.087060 1.278414 4.977565 3.682661 2.389462 2.952334 6.623263 10.119473 15.663983 21.590912 26.251265 30.719131 36.125168 43.615498 58.269871 41.498150 32.480083 25.395029 19.884552 14.447610 9.064699 6.008342 3.288286 1.666760 0.761006 0.501352 0.162753 0.039505 0.010623 0.023049 0.135303 0.769886 4.163896 1.028458 
0.004335 0.014502 0.085225 0.434195 1.580640 1.026267 0.364526 0.333741 0.836143 0.438756 0.456686 1.103078 2.455895 4.456242 7.552561 11.388538 15.509326 20.433300 25.291195 31.734137 40.383980 40.104778 30.857689 24.090267 18.414833 12.973688 8.294624 5.269562 2.834649 1.743697 0.699740 0.819837 0.196143 0.045894 0.014552 0.029560 0.120155 0.414080 0.823210 0.326512 
0.004508 0.029345 0.211501 1.403551 8.690726 1.714448 0.352150 0.116058 0.146609 0.104956 0.220778 0.632273 1.557518 3.116246 5.488247 8.469625 11.940450 15.981419 20.824944 25.510210 32.239159 32.748138 27.112244 20.974815 16.310390 11.716598 6.906804 3.957636 2.057043 0.987431 0.421092 0.306460 0.190935 0.069408 0.038018 0.099023 0.365389 1.238403 0.471051 0.147434 
0.003003 0.014186 0.086695 0.447324 1.685263 1.873285 0.386074 0.083113 0.033868 0.028079 0.091415 0.307966 0.828170 1.766376 3.373652 5.637135 8.333281 12.302863 16.325300 21.281328 26.657200 25.677612 23.093245 18.036762 14.165211 11.205187 6.375485 3.889314 2.661378 1.463215 0.421306 0.378674 0.743176 0.252127 0.143971 0.371829 1.257453 7.253340 1.213007 0.227542 
0.006100 0.006951 0.029159 0.136730 0.493813 1.185197 0.310567 0.078698 0.020085 0.009094 0.031427 0.127456 0.399495 0.940540 2.090528 3.691298 5.904922 9.252766 12.690013 17.180708 21.238495 20.122755 17.656507 13.133522 11.133647 9.431621 6.719464 5.231708 4.799524 1.471327 0.810698 1.280151 3.417598 0.778167 0.476121 1.281885 0.689267 1.294118 0.536417 0.131391 
0.030163 0.012702 0.019341 0.088799 0.444944 2.131667 0.439271 0.157995 0.041027 0.009713 0.009452 0.042781 0.167576 0.448235 1.213350 2.224011 3.970350 6.570960 9.722482 13.173578 15.910100 14.959399 12.666495 9.609081 7.407823 5.889720 3.497313 1.803462 1.228271 1.383643 0.481840 0.509710 1.031533 0.494980 1.269204 7.413117 1.251436 0.405843 0.288234 0.102828 
0.152193 0.041037 0.026854 0.041234 0.151479 0.456531 0.253200 0.484163 0.101607 0.021673 0.006079 0.012725 0.062760 0.197028 0.678572 1.237570 2.555853 4.444488 7.065907 8.215285 11.707734 10.746641 9.725298 6.132397 4.311797 3.864069 3.060895 1.549073 0.543617 0.289533 0.195492 0.403590 1.026066 0.377275 0.409854 1.212228 0.358428 0.118205 0.103487 0.208718 
0.075537 0.100300 0.114144 0.054158 0.108924 0.326788 0.254753 0.554678 0.124090 0.040995 0.015327 0.014003 0.038739 0.094780 0.363902 0.627768 1.675929 2.647624 3.925907 5.427781 9.201433 7.038741 5.682797 4.456224 2.289836 1.798758 1.734961 1.363572 0.369025 0.123327 0.153109 0.759086 3.889641 0.746262 0.205089 0.231200 0.097749 0.077226 0.147188 0.106995 
0.125140 0.529703 0.674250 0.172137 0.281134 1.370688 0.550206 0.459314 0.142538 0.146034 0.070710 0.068129 0.134086 0.097640 0.177189 0.304406 0.992898 1.076658 2.095156 3.352938 6.348679 4.550765 3.394456 1.931534 1.181235 0.924048 1.105732 0.520600 0.167802 0.051060 0.061075 0.243828 0.760048 0.260147 0.141521 0.249972 0.139163 0.254918 0.763360 0.316906 
0.105377 0.248474 0.165269 0.062143 0.100260 0.338698 0.518991 0.277192 0.284776 0.771827 0.321271 0.319438 0.758042 0.284106 0.115288 0.123005 0.280206 0.365568 1.083515 2.081469 4.004783 2.818866 2.487319 1.598467 0.556104 0.291921 0.288681 0.175587 0.067972 0.038493 0.038288 0.117691 0.299650 0.190078 0.422159 1.411076 0.512809 0.823461 4.183834 1.023557 
0.316431 0.840297 0.260146 0.067303 0.074072 0.339281 1.719719 0.437207 0.807309 4.149971 1.103382 1.119325 4.128916 0.924863 0.207431 0.067007 0.074585 0.147520 0.713340 1.164469 1.567163 1.270953 1.252157 0.459511 0.378116 0.137317 0.152990 0.250762 0.138024 0.171191 0.114939 0.336166 1.080494 0.520038 1.451340 8.670967 1.405055 0.435910 0.784025 0.310614 
0.975247 4.519508 0.774246 0.130700 0.041639 0.102006 0.310119 0.146031 0.257867 0.767847 0.332066 0.392504 1.127110 1.610558 0.435569 0.091175 0.047360 0.126195 0.946187 0.594518 1.391595 0.667090 1.500722 0.272181 0.110649 0.107264 0.410189 1.414850 0.620636 1.012589 0.381330 1.129972 6.024915 1.087228 0.555018 1.411550 0.402831 0.126849 0.139206 0.067805 
0.360313 0.807877 0.240450 0.052250 0.016628 0.028206 0.058761 0.039159 0.060787 0.137573 0.098018 0.273620 1.497949 8.417359 1.356472 0.214217 0.086188 0.309696 2.025841 0.430411 0.402628 0.582006 2.753518 0.667312 0.199980 0.240956 1.382630 8.403093 1.390972 0.353026 0.136931 0.328452 1.040907 0.334962 0.168434 0.231855 0.087086 0.029056 0.022957 0.012093 
0.204767 0.153425 0.055174 0.016737 0.016689 0.038795 0.045451 0.041493 0.034459 0.052828 0.037067 0.091844 0.408379 1.381471 0.389751 0.096532 0.150392 0.858733 4.884560 0.904550 0.412307 1.306371 5.746441 2.491055 0.589025 0.184818 0.411451 1.382333 0.398656 0.105790 0.038803 0.072399 0.184868 0.146793 0.237749 0.119754 0.059042 0.019969 0.006952 0.002694 
0.039001 0.027477 0.012562 0.014898 0.054834 0.180416 0.189162 0.184711 0.127631 0.220945 0.084513 0.040312 0.083758 0.208374 0.078261 0.028464 0.064992 0.296965 1.045579 0.344719 0.226458 0.610177 2.541837 8.617580 1.422373 0.262565 0.151329 0.252042 0.106266 0.068936 0.024346 0.032198 0.114511 0.429857 1.406447 0.465866 0.282935 0.088810 0.020267 0.004997 
0.006757 0.005019 0.006134 0.027622 0.151698 0.800051 0.841058 0.848171 0.524603 1.406557 0.398478 0.098242 0.033369 0.032564 0.013999 0.009867 0.036436 0.159907 0.548586 0.319865 0.358302 0.252553 0.607962 1.454680 0.450953 0.240447 0.266031 0.248576 0.125685 0.283800 0.063596 0.073812 0.296200 1.594287 8.725120 1.739401 1.575573 0.411700 0.081158 0.019710 
0.001214 0.001022 0.002519 0.012308 0.054465 0.182572 0.212650 0.372538 1.431389 8.643430 1.400178 0.325480 0.078691 0.019532 0.005696 0.009130 0.048534 0.257106 1.269732 0.913415 1.522672 0.313103 0.158992 0.252208 0.230049 0.728385 1.151055 1.019800 0.243222 0.138084 0.089459 0.216385 0.518070 1.803578 1.963049 1.830232 8.658709 1.357564 0.212407 0.061935 
0.001484 0.000334 0.000749 0.003475 0.013392 0.036327 0.049174 0.110241 0.409823 1.432175 0.615387 0.805921 0.239573 0.051392 0.009999 0.006939 0.024758 0.088892 0.271448 0.241005 0.311534 0.102219 0.040601 0.049149 0.078447 0.166126 0.242254 0.214616 0.082500 0.083652 0.266134 0.940255 1.622271 8.737033 1.630653 0.665421 1.417927 0.394301 0.103763 0.169033 
0.000165 0.000064 0.000168 0.000746 0.002635 0.006464 0.009911 0.026161 0.098313 0.332909 0.817517 4.034938 0.726788 0.123890 0.020938 0.012436 0.032838 0.029626 0.054409 0.051478 0.058646 0.024354 0.012521 0.027395 0.085602 0.050988 0.049316 0.043313 0.035880 0.133659 0.754584 4.093611 1.108241 1.516561 0.449857 0.167271 0.221667 0.080312 0.027098 0.034471 
0.000000 0.000000 0.000000 0.000000 0.000000 0.000000 0.000000 0.000000 0.000000 0.000000 0.000000 0.000000 0.000000 0.000000 0.000000 0.000000 0.000000 0.000000 0.000000 0.000000 0.000000 0.000000 0.000000 0.000000 0.000000 0.000000 0.000000 0.000000 0.000000 0.000000 0.000000 0.000000 0.000000 0.000000 0.000000 0.000000 0.000000 0.000000 0.000000 0.000000 
