0.000069 0.001183 0.016340 0.144056 0.016400 0.002387 0.008390 0.001183 0.000097 0.000006 0.000000 0.000000 0.000003 0.000065 0.001167 0.016090 0.141533 0.017001 0.013612 0.104411 0.166761 0.014409 0.000975 0.000054 0.000003 0.000001 0.000006 0.000061 0.000328 0.000119 0.000288 0.000616 0.007455 0.084640 0.007275 0.000527 0.000037 0.000077 0.000885 0.006756 
0.000391 0.007549 0.129290 1.762350 0.129581 0.023709 0.140587 0.015741 0.001120 0.000061 0.000003 0.000001 0.000016 0.000362 0.007432 0.127010 1.726703 0.131863 0.098508 1.119470 0.183405 0.017145 0.001174 0.000064 0.000003 0.000005 0.000079 0.000841 0.005115 0.001819 0.004490 0.002477 0.008341 0.009059 0.005550 0.000840 0.000098 0.000401 0.005654 0.064221 
0.000066 0.001104 0.015047 0.130332 0.028111 0.147692 2.014308 0.139299 0.007945 0.000381 0.000016 0.000005 0.000028 0.000088 0.001090 0.014776 0.127586 0.023157 0.076823 0.174415 1.074147 0.082558 0.005097 0.000260 0.000014 0.000048 0.000769 0.009273 0.069177 0.023086 0.063828 0.035304 0.124831 0.033194 0.065861 0.009384 0.000814 0.000180 0.001184 0.006065 
0.000073 0.000485 0.001515 0.012621 0.054589 0.089308 0.146061 0.023753 0.002232 0.000152 0.000015 0.000070 0.000439 0.000505 0.000526 0.001280 0.010223 0.044093 0.508522 0.057670 0.085997 0.010248 0.000775 0.000060 0.000016 0.000238 0.004308 0.062813 0.703896 0.205322 0.675781 0.361090 1.657479 0.323024 0.680952 0.071290 0.005685 0.001491 0.008141 0.001671 
0.001206 0.007785 0.001423 0.004192 0.037992 0.013669 0.024429 0.134764 0.015312 0.001103 0.000128 0.000802 0.006062 0.007148 0.008266 0.001302 0.002383 0.028070 0.289509 0.028985 0.007051 0.000876 0.000132 0.000383 0.000065 0.000059 0.000778 0.009353 0.070570 0.042426 0.256746 0.052988 0.125992 0.033766 0.080607 0.137442 0.016999 0.017399 0.142371 0.017388 
0.016717 0.134966 0.016520 0.021296 0.290159 0.038623 0.138981 1.862656 0.132356 0.007664 0.000761 0.005679 0.065116 0.079979 0.133131 0.015301 0.002985 0.023179 0.205130 0.022875 0.002135 0.000254 0.001133 0.007961 0.001153 0.000228 0.000213 0.001253 0.010403 0.081885 0.953958 0.081461 0.013009 0.010038 0.133044 1.748224 0.142877 0.157405 2.047341 0.157121 
0.146792 1.888344 0.134799 0.015152 0.068267 0.148263 0.031640 0.134774 0.015658 0.001161 0.000148 0.001161 0.013488 0.134808 1.756248 0.127625 0.007854 0.004219 0.021713 0.003533 0.000762 0.001206 0.015802 0.140520 0.016250 0.003538 0.002329 0.002327 0.001600 0.011764 0.091941 0.011682 0.001337 0.001254 0.015144 0.128487 0.016263 0.017361 0.142434 0.017806 
0.023371 0.135521 0.015862 0.009833 0.145563 2.018915 0.140850 0.016754 0.009446 0.001231 0.000107 0.000140 0.001610 0.016684 0.143132 0.016265 0.001992 0.005756 0.002587 0.001485 0.007958 0.009039 0.140602 2.020372 0.145525 0.043055 0.035398 0.029752 0.005361 0.015882 0.132610 0.015330 0.001144 0.000162 0.001147 0.007827 0.001237 0.001307 0.008864 0.007296 
0.046776 0.011302 0.001412 0.001364 0.016672 0.142328 0.017097 0.017327 0.140865 0.015822 0.001133 0.000131 0.001184 0.015891 0.138580 0.016348 0.007374 0.060719 0.006957 0.015456 0.130229 0.016052 0.017199 0.145134 0.067074 0.378235 0.405768 0.310142 0.037230 0.127216 1.640450 0.121249 0.007185 0.000438 0.001026 0.006680 0.001037 0.000544 0.006072 0.065113 
0.025179 0.002774 0.000313 0.000914 0.007220 0.015243 0.009963 0.140933 2.023044 0.140421 0.008082 0.000749 0.007331 0.124033 1.664975 0.125335 0.022966 0.081053 0.015491 0.131614 1.801626 0.129073 0.009344 0.017835 0.079666 0.046577 0.044684 0.031347 0.006380 0.021355 0.123343 0.014375 0.001103 0.001012 0.012556 0.100490 0.012506 0.001021 0.000873 0.006055 
0.002359 0.000369 0.000440 0.005661 0.064652 0.064852 0.007194 0.016441 0.142696 0.031526 0.003169 0.000292 0.001074 0.014563 0.125085 0.030094 0.139290 0.029874 0.004244 0.015381 0.131819 0.015267 0.005331 0.066843 0.839732 0.092279 0.148775 0.025927 0.015579 0.108562 0.020150 0.002025 0.000467 0.006398 0.101223 1.213782 0.100192 0.006343 0.000394 0.000452 
0.000180 0.000089 0.000399 0.000860 0.006096 0.006873 0.006906 0.003017 0.023915 0.209166 0.017698 0.001287 0.000182 0.001436 0.015131 0.137538 1.923468 0.269152 0.023344 0.003769 0.017584 0.002277 0.000915 0.009768 0.089464 0.283339 2.020685 0.258401 0.130125 1.394643 0.107379 0.006621 0.000453 0.002077 0.028172 0.264806 0.027695 0.001993 0.000115 0.000031 
0.000098 0.000977 0.006556 0.001068 0.000972 0.006763 0.068701 0.006752 0.004340 0.030815 0.028030 0.003123 0.000250 0.000154 0.001925 0.024359 0.279063 1.929398 0.137478 0.018189 0.121975 0.009296 0.001396 0.008525 0.140157 1.911400 0.384833 1.535522 0.153035 0.234551 0.026998 0.002379 0.000591 0.007547 0.109583 1.220211 0.100672 0.006364 0.000325 0.000016 
0.001032 0.013019 0.106496 0.012994 0.001433 0.006047 0.063636 0.006069 0.002178 0.018559 0.218729 0.016195 0.000994 0.000123 0.001288 0.017961 0.163219 0.152624 0.017072 0.007030 0.065035 0.006862 0.008250 0.002282 0.015782 0.136699 0.036936 0.122604 0.123184 1.397827 0.108553 0.014636 0.002637 0.016904 0.153545 0.116650 0.013665 0.001014 0.000057 0.000004 
0.006954 0.107219 1.336898 0.106160 0.006690 0.001428 0.005765 0.001918 0.006056 0.002918 0.016347 0.001963 0.000166 0.000387 0.007946 0.140158 2.013499 0.146524 0.009054 0.001302 0.007068 0.016192 0.130834 0.015520 0.002605 0.007991 0.002622 0.009072 0.022122 0.110083 0.028960 0.142716 0.023864 0.142152 2.028401 0.145952 0.008871 0.000459 0.000025 0.000027 
0.002130 0.027670 0.252564 0.027635 0.002887 0.005885 0.002836 0.012095 0.067780 0.006366 0.001810 0.000237 0.000023 0.000062 0.001121 0.015756 0.140081 0.016069 0.001220 0.000715 0.009888 0.131932 1.619297 0.130958 0.015669 0.001933 0.001372 0.016325 0.142685 0.030371 0.143460 2.034245 0.141208 0.023788 0.141375 0.016115 0.001176 0.000073 0.000074 0.000438 
0.007132 0.107296 1.337786 0.107068 0.017708 0.084983 0.028985 0.095185 0.077822 0.008123 0.008544 0.001166 0.000110 0.000014 0.000092 0.001124 0.007969 0.001283 0.000556 0.004315 0.029587 0.025446 0.168661 0.037865 0.136955 0.016063 0.009128 0.141361 2.032661 0.141446 0.023925 0.142024 0.015978 0.002255 0.008045 0.001140 0.000099 0.000076 0.000819 0.006052 
0.003416 0.013367 0.106866 0.018577 0.084826 0.920103 0.291490 0.990308 0.094491 0.022520 0.141686 0.015897 0.001505 0.000123 0.000019 0.000120 0.000892 0.002993 0.006050 0.078324 0.106510 0.088932 0.070893 0.236120 1.792408 0.134964 0.009027 0.016259 0.141306 0.016004 0.003069 0.013119 0.001945 0.000225 0.000390 0.000064 0.000034 0.000456 0.006048 0.065094 
0.025727 0.003360 0.006783 0.001959 0.012511 0.097062 0.029938 0.090658 0.027444 0.143353 2.033144 0.141147 0.015937 0.001507 0.000156 0.000649 0.006716 0.048113 0.040035 0.172588 1.036242 0.333846 0.321357 0.921237 0.225753 0.028659 0.002564 0.001296 0.008101 0.002196 0.010246 0.074000 0.010065 0.000819 0.000065 0.000011 0.000094 0.001148 0.008327 0.007236 
0.025430 0.002432 0.000572 0.001259 0.015767 0.131666 0.017841 0.022220 0.130985 0.030872 0.143450 0.031735 0.142375 0.015884 0.001389 0.004192 0.057607 0.659269 0.211996 0.868653 3.883217 1.195873 0.338214 0.199552 0.042351 0.114989 0.014129 0.001189 0.001456 0.009688 0.075240 0.796201 0.073644 0.005090 0.000280 0.000072 0.001083 0.014936 0.128915 0.016661 
0.002392 0.000354 0.000489 0.008332 0.128702 1.589071 0.134123 0.143349 1.759781 0.129224 0.023462 0.142796 2.033046 0.140035 0.008007 0.001416 0.013947 0.102874 0.579123 3.237160 21.378481 4.539813 1.320563 0.319309 0.338199 1.237654 0.111726 0.007776 0.009416 0.065202 0.037261 0.273955 0.027100 0.001918 0.000122 0.000375 0.007581 0.129214 1.756692 0.142281 
0.000179 0.000093 0.001188 0.016902 0.155485 0.142170 0.017601 0.016405 0.128995 0.014992 0.002585 0.015999 0.141314 0.015819 0.001135 0.000266 0.003520 0.033209 0.190060 1.000228 3.571413 1.252970 0.355797 0.090715 0.025870 0.114075 0.015021 0.005809 0.064818 0.653355 0.153376 0.653068 0.064005 0.004608 0.000269 0.000177 0.002192 0.022745 0.130021 0.016328 
0.000028 0.000383 0.008006 0.141299 2.029952 0.232381 0.020455 0.002461 0.007597 0.001089 0.000196 0.001137 0.008001 0.001126 0.000096 0.000081 0.001292 0.017370 0.183416 0.252028 0.753756 0.369087 0.380204 0.111859 0.016501 0.015165 0.012169 0.004543 0.035092 0.273941 0.037297 0.066243 0.016519 0.001829 0.000255 0.001495 0.015671 0.138065 0.023382 0.002418 
0.000029 0.000079 0.001433 0.021659 0.228394 0.982281 0.088296 0.006082 0.000700 0.000076 0.000012 0.000062 0.000381 0.000061 0.000007 0.000025 0.000391 0.004785 0.040869 0.144512 0.102166 0.126488 0.554532 0.539860 0.102327 0.085291 0.123580 0.031158 0.214302 0.811466 0.076523 0.024568 0.129939 0.015057 0.002559 0.015657 0.138097 1.943295 0.141799 0.009117 
0.000433 0.000081 0.000215 0.003237 0.038576 0.319926 0.030992 0.004204 0.000501 0.000044 0.000003 0.000003 0.000016 0.000003 0.000001 0.000007 0.000115 0.001668 0.019836 0.208880 0.048938 0.131939 1.357219 0.161296 0.026739 0.111773 0.027780 0.142372 2.006648 0.211020 0.025359 0.130408 1.758252 0.128875 0.022963 0.137348 0.031409 0.144744 0.082728 0.008474 
0.005946 0.000833 0.000428 0.006360 0.097770 1.135138 0.100615 0.033618 0.004473 0.000388 0.000025 0.000002 0.000001 0.000000 0.000001 0.000020 0.000381 0.007157 0.114565 1.292653 0.116225 0.038450 0.313185 0.039831 0.005054 0.010036 0.004016 0.021252 0.140841 0.020761 0.003104 0.016460 0.144083 0.024022 0.137043 1.921201 0.136930 0.022535 0.069135 0.013058 
0.063472 0.006047 0.000994 0.001113 0.013030 0.103193 0.043218 0.270589 0.027922 0.002167 0.000133 0.000009 0.000015 0.000003 0.000007 0.000071 0.000454 0.001118 0.014130 0.114633 0.020689 0.098954 1.119974 0.182414 0.017812 0.002836 0.011279 0.078888 0.017139 0.002162 0.001361 0.016312 0.143718 0.017341 0.016608 0.135942 0.015574 0.002783 0.011996 0.066711 
0.007376 0.008434 0.008396 0.001574 0.006384 0.046723 0.033392 0.200461 0.018282 0.001619 0.000134 0.000068 0.000365 0.000064 0.000075 0.000804 0.005689 0.000892 0.001196 0.008051 0.007893 0.019139 0.184211 0.986962 0.088476 0.013331 0.098888 0.926649 0.068984 0.004593 0.007745 0.128940 1.757303 0.127820 0.008635 0.008525 0.001283 0.001330 0.008743 0.007345 
0.008514 0.090476 0.103564 0.011065 0.038297 0.417572 0.146167 0.177965 0.017842 0.008839 0.001259 0.001181 0.007511 0.001117 0.000529 0.006055 0.065047 0.006047 0.001373 0.011503 0.083810 0.014224 0.035970 0.296507 0.030492 0.032335 0.450338 0.099489 0.010070 0.000815 0.001133 0.014989 0.129249 0.015026 0.002273 0.008495 0.002271 0.015034 0.129012 0.016679 
0.002282 0.015928 0.009426 0.001617 0.006102 0.048581 0.114580 0.052244 0.020597 0.131664 0.016490 0.016274 0.128595 0.015231 0.001572 0.006116 0.065079 0.006294 0.006124 0.084442 0.916905 0.093415 0.093753 0.904805 0.082835 0.008906 0.030570 0.008115 0.001388 0.000676 0.000274 0.002197 0.015350 0.003309 0.016082 0.141767 0.023348 0.129985 1.757146 0.142293 
0.015996 0.126582 0.015125 0.001407 0.004674 0.065671 0.744003 0.073618 0.135926 1.794481 0.144694 0.143471 1.752149 0.135202 0.008634 0.001257 0.005715 0.000971 0.002446 0.028803 0.296383 0.029779 0.013618 0.082830 0.011010 0.001201 0.002924 0.009195 0.006888 0.009411 0.002261 0.015623 0.136268 0.023417 0.142487 2.034478 0.141171 0.022867 0.129291 0.016245 
0.136649 1.693177 0.123876 0.007336 0.001047 0.008417 0.062977 0.009574 0.015869 0.131277 0.016526 0.017394 0.144374 0.155777 0.016860 0.001254 0.000562 0.001462 0.013432 0.089761 0.982740 0.088955 0.014759 0.007354 0.001098 0.001246 0.016264 0.145851 0.072958 0.125088 0.017673 0.137177 1.910415 0.135401 0.023608 0.141755 0.015929 0.002205 0.007587 0.001180 
0.024819 0.125995 0.014591 0.001070 0.000175 0.000964 0.004276 0.000978 0.001199 0.007681 0.001575 0.009160 0.148460 2.028665 0.139764 0.007990 0.001485 0.015034 0.130429 0.026511 0.090079 0.027496 0.143072 0.024066 0.002674 0.008132 0.140726 2.023787 0.145015 0.017239 0.002630 0.015564 0.135535 0.015507 0.002607 0.008128 0.001155 0.000154 0.000371 0.000065 
0.063381 0.012777 0.001447 0.000185 0.000797 0.004697 0.002182 0.003772 0.000737 0.000809 0.000192 0.001197 0.016206 0.141010 0.015801 0.001487 0.007606 0.129577 1.777461 0.129695 0.021641 0.143437 2.044728 0.279433 0.023739 0.002748 0.016028 0.140921 0.016284 0.002162 0.000316 0.001130 0.007862 0.002246 0.008118 0.001568 0.000532 0.000075 0.000021 0.000005 
0.005953 0.001145 0.000171 0.000723 0.008320 0.059245 0.027283 0.050978 0.008286 0.008604 0.001172 0.000203 0.001149 0.007985 0.001127 0.000156 0.001173 0.016076 0.140659 0.017273 0.008782 0.024841 0.282069 2.043943 0.141325 0.010398 0.004167 0.011599 0.002719 0.006920 0.000922 0.000218 0.001565 0.016241 0.140651 0.016874 0.009079 0.001182 0.000099 0.000032 
0.000434 0.000094 0.000227 0.003814 0.052275 0.527182 0.298151 0.506738 0.064976 0.144559 0.016047 0.001501 0.000183 0.000388 0.000064 0.000063 0.000976 0.012425 0.097239 0.029897 0.088956 0.013761 0.024779 0.142817 0.021931 0.034212 0.041125 0.049771 0.015275 0.083241 0.007037 0.001313 0.009187 0.148529 2.022347 0.154982 0.148383 0.016118 0.001204 0.000504 
0.000026 0.000007 0.000046 0.000714 0.008319 0.059242 0.027644 0.058867 0.148145 2.028773 0.140812 0.015445 0.001458 0.000120 0.000022 0.000301 0.005616 0.083496 0.913647 0.292622 0.983135 0.087127 0.007542 0.012261 0.046986 0.343985 0.471368 0.506548 0.069327 0.042389 0.005421 0.009023 0.018046 0.156920 0.164203 0.157339 2.021070 0.139341 0.008708 0.006474 
0.000014 0.000001 0.000005 0.000075 0.000787 0.004658 0.002019 0.004849 0.016515 0.142116 0.030712 0.129990 0.014929 0.001080 0.000069 0.000122 0.001272 0.011177 0.084272 0.028568 0.088692 0.011509 0.001036 0.001179 0.006784 0.033171 0.040987 0.048968 0.008866 0.005474 0.015887 0.136611 0.155589 2.025263 0.148452 0.024823 0.140975 0.016153 0.006834 0.065544 
0.000001 0.000000 0.000000 0.000006 0.000056 0.000295 0.000121 0.000320 0.001529 0.015514 0.130049 1.757400 0.127725 0.007473 0.000433 0.000824 0.005764 0.001680 0.005737 0.002010 0.005887 0.000910 0.000166 0.001030 0.007699 0.003266 0.002738 0.003565 0.001089 0.007857 0.128757 1.754388 0.143136 0.148185 0.016582 0.002319 0.008030 0.001192 0.000899 0.006089 
0.000000 0.000000 0.000000 0.000000 0.000003 0.000016 0.000007 0.000019 0.000131 0.001575 0.016359 0.143650 0.016236 0.001200 0.000503 0.006056 0.065104 0.006048 0.000748 0.000141 0.000326 0.000084 0.000514 0.007405 0.086777 0.007462 0.000647 0.000244 0.000113 0.001200 0.016271 0.143424 0.017382 0.009521 0.001269 0.000167 0.000401 0.000071 0.000081 0.000466 
