0.021599 0.093264 0.391538 1.260891 0.422747 0.224515 0.333847 0.134619 0.035969 0.007529 0.001377 0.000662 0.003079 0.017893 0.090686 0.381851 1.220973 0.446351 0.378852 0.895126 0.805172 0.198617 0.043074 0.008141 0.001440 0.000670 0.001966 0.006108 0.012889 0.013428 0.020434 0.043179 0.146569 0.623753 0.122367 0.024521 0.005741 0.004792 0.015158 0.046337 
0.033428 0.156111 0.826896 4.213005 0.919378 0.669612 1.692576 0.514061 0.114042 0.021147 0.003516 0.001180 0.004427 0.026629 0.152799 0.819064 4.294494 0.935986 0.879521 3.567622 1.285763 0.325500 0.068554 0.012627 0.002358 0.001901 0.007163 0.025112 0.060693 0.055343 0.079584 0.120592 0.235252 0.223907 0.097137 0.033855 0.011771 0.011329 0.037509 0.167564 
0.019567 0.073673 0.286224 0.859976 0.577855 1.769467 9.686275 1.651654 0.282910 0.046114 0.007225 0.002020 0.004253 0.016419 0.070713 0.278941 0.837250 0.422720 0.627929 1.313738 3.216446 0.621149 0.111499 0.019250 0.004054 0.005331 0.023927 0.099048 0.306037 0.229813 0.355799 0.505226 1.151192 0.507038 0.305648 0.112677 0.040872 0.032350 0.055775 0.061872 
0.028242 0.058336 0.095262 0.212420 0.332366 0.768391 1.745895 0.684266 0.187710 0.041770 0.008718 0.004975 0.011656 0.023721 0.047263 0.087937 0.208200 0.330852 1.070776 0.633550 0.733608 0.211061 0.050765 0.015065 0.006166 0.010490 0.052725 0.281234 1.457257 0.783376 1.462790 1.727923 6.213151 1.588982 1.234434 0.368515 0.143734 0.147188 0.283958 0.155585 
0.123479 0.244824 0.128890 0.142077 0.345881 0.423057 0.681023 1.116431 0.356667 0.083629 0.019145 0.017240 0.052411 0.099312 0.157141 0.091515 0.111804 0.316927 1.493710 0.443096 0.222728 0.065383 0.034988 0.041980 0.021728 0.012577 0.028282 0.109762 0.357929 0.448044 1.189165 0.723184 1.200459 0.540238 0.545981 0.858611 0.451588 0.633486 1.648674 0.664181 
0.532104 1.420575 0.475358 0.331055 1.225706 0.809335 1.340590 5.329704 0.985386 0.181026 0.038059 0.047177 0.208456 0.416650 0.734300 0.294560 0.200470 0.512150 3.248720 0.613029 0.233551 0.085607 0.129113 0.229543 0.110443 0.043575 0.027027 0.051729 0.165184 0.613846 3.049563 0.660457 0.324328 0.263510 0.816199 3.848425 1.402509 2.159384 9.294771 2.176417 
1.657411 8.151930 1.430671 0.431745 0.755833 1.625434 0.828533 1.120011 0.386785 0.100846 0.027831 0.041650 0.216277 0.814535 3.056578 0.908640 0.454505 0.816581 5.452752 0.907664 0.417426 0.248927 0.473733 1.049633 0.489037 0.218671 0.090922 0.071510 0.094758 0.283833 0.874375 0.286482 0.107583 0.095908 0.275842 0.780961 0.434290 0.630862 1.650975 0.674368 
0.578897 1.431291 0.477676 0.354605 1.437145 7.617654 1.449793 0.522584 0.386626 0.138648 0.038540 0.028392 0.126423 0.436168 1.319282 1.180037 1.154700 1.557072 7.466601 1.735449 1.144411 0.778462 1.494964 4.209516 1.311470 0.668636 0.334518 0.264640 0.169564 0.356540 1.015716 0.322397 0.084894 0.038722 0.075678 0.162738 0.109728 0.144065 0.292151 0.188199 
0.276747 0.266870 0.121727 0.133931 0.467373 1.447223 0.569467 0.636176 1.676538 0.511933 0.116353 0.039430 0.118207 0.390850 1.144634 1.778049 2.085377 2.941401 10.064243 2.816955 2.094446 1.646176 2.076847 4.705568 2.219191 2.252434 1.074725 0.929707 0.428432 0.876758 3.647785 0.725023 0.140525 0.038604 0.051558 0.100807 0.055360 0.041667 0.077540 0.192709 
0.102146 0.058154 0.030384 0.046519 0.151218 0.365870 0.396217 1.681998 9.469627 1.630573 0.282332 0.072836 0.184465 0.582420 2.352574 5.470268 5.592157 6.058629 11.091362 5.232211 5.942792 3.620462 3.962450 9.662788 3.791368 2.702983 1.366746 0.741919 0.342678 0.441300 0.794269 0.265455 0.071445 0.049999 0.144916 0.389369 0.142172 0.042405 0.024746 0.040494 
0.020620 0.013554 0.013670 0.040329 0.194012 0.279645 0.175915 0.531935 1.689379 0.631747 0.167835 0.068958 0.205280 0.481567 1.672087 3.390135 5.842169 8.622754 14.803575 8.951067 9.940310 6.504570 6.421229 11.625834 6.363893 2.961893 2.320724 1.081571 0.596232 0.806507 0.391235 0.124296 0.046425 0.095145 0.425881 1.937933 0.410949 0.085720 0.019374 0.010427 
0.007106 0.010985 0.019304 0.021123 0.045676 0.066393 0.088907 0.155767 0.410904 0.714967 0.278390 0.184133 0.413014 0.711104 1.949490 3.517369 9.138284 11.345455 16.761818 13.587906 15.059702 10.602819 10.126515 14.373373 9.476447 5.748683 7.357812 2.700051 2.013093 2.887433 0.742174 0.166872 0.054223 0.107395 0.394902 1.283324 0.354034 0.081579 0.016754 0.004468 
0.015693 0.042044 0.089722 0.045017 0.027882 0.056577 0.234931 0.113172 0.155750 0.419826 0.555814 0.488490 0.846152 1.301318 2.780537 4.485497 7.682411 14.489550 19.442055 18.941267 19.970724 14.968799 14.487762 17.970434 13.586518 11.374635 6.854444 5.537580 2.021850 1.593184 0.527298 0.175087 0.089180 0.209443 0.700216 2.054870 0.440041 0.090517 0.017012 0.003445 
0.051628 0.168287 0.464207 0.166829 0.051462 0.048276 0.163520 0.176295 0.226731 0.423598 1.481602 1.535729 1.950352 2.561900 4.045447 7.018651 9.282375 15.124240 21.306223 24.047419 25.380943 20.822805 20.193714 21.968859 17.119040 12.591771 8.494636 6.133547 3.608566 2.253799 0.663561 0.407875 0.252005 0.586630 1.828994 0.898713 0.250666 0.056219 0.010920 0.002303 
0.119652 0.502236 2.343019 0.490124 0.107545 0.042008 0.050862 0.050600 0.144819 0.284042 0.884955 1.887419 3.160184 4.416590 6.261569 8.804940 15.037188 21.495602 27.324343 30.446455 31.849491 27.007793 25.312817 24.121294 17.962496 12.906235 8.355443 4.868840 2.507728 1.392729 0.866995 1.365852 0.744452 1.808060 9.544217 1.719543 0.307164 0.052675 0.009037 0.002681 
0.109239 0.393224 1.351506 0.393727 0.117117 0.084511 0.081361 0.127037 0.321919 0.469892 1.044393 2.305207 4.211623 6.240482 8.852658 11.387498 16.364853 22.784243 29.575924 34.854103 37.602898 32.825623 30.552713 24.314962 19.407701 13.885281 9.476442 6.009974 3.960678 3.139171 2.774565 5.349511 1.347013 0.787410 1.737547 0.530866 0.119933 0.023790 0.007035 0.007838 
0.122867 0.505838 2.359224 0.514521 0.200844 0.316790 0.281646 0.433802 0.475910 1.160621 2.370221 4.109092 6.496957 9.011658 12.169978 15.020700 19.316788 24.849764 31.769917 37.827858 42.897720 37.673859 33.731083 27.252163 22.648746 17.791971 13.839320 11.505675 9.835519 4.244963 2.847956 2.014427 0.649939 0.306857 0.308373 0.118672 0.032503 0.011272 0.015966 0.037641 
0.067726 0.175300 0.477212 0.222231 0.321517 1.286092 0.874993 1.837165 1.379563 2.316017 3.693949 5.684962 8.308704 11.302711 14.996311 18.625011 22.880789 28.221632 34.669781 41.224895 48.206024 42.656822 37.462872 31.736469 27.984320 20.701418 16.823956 12.486560 8.646790 4.762884 2.610139 1.187707 0.440944 0.133277 0.061388 0.023851 0.011605 0.020261 0.057550 0.181878 
0.086565 0.059562 0.101897 0.087547 0.184645 0.477813 0.532838 1.252373 2.292568 3.687793 9.035976 11.933530 14.051478 16.460072 19.950562 23.846985 28.320503 33.032707 39.103855 45.532887 53.661884 48.648365 41.670586 36.147717 29.254623 23.433264 18.033819 12.712174 8.512344 5.050138 2.691039 1.216045 0.455622 0.119778 0.024773 0.009604 0.021080 0.070689 0.167761 0.128990 
0.073748 0.028654 0.037784 0.092671 0.292777 0.685690 0.709684 1.414680 3.251948 4.521716 7.753049 11.190578 15.240011 19.272886 23.668449 28.191856 33.255817 38.321655 43.597843 51.058643 59.897293 52.377224 44.666611 37.582634 30.816921 24.561750 18.623154 13.187878 9.051213 5.756960 3.445873 1.815928 0.512725 0.180715 0.026435 0.017757 0.070151 0.285701 0.850521 0.387708 
0.016850 0.015907 0.054778 0.230866 0.806351 1.969477 2.716215 3.780702 8.426744 13.026825 10.985166 12.166273 17.314611 21.351444 27.754051 34.306046 39.997192 45.458759 51.524616 58.578918 68.639755 56.384106 47.610184 39.654736 32.829319 26.135874 18.700230 13.925905 9.425427 6.009821 3.508368 1.853120 0.735727 0.216230 0.038339 0.037426 0.170369 0.868595 4.421444 1.159158 
0.006977 0.024128 0.125972 0.571326 1.841332 1.297541 1.261422 1.965576 3.399153 4.373717 5.308997 7.400033 10.387188 14.088115 18.879904 24.280760 29.835209 35.898956 41.863049 48.615463 56.351768 55.495430 46.292480 38.782021 31.843185 24.990410 18.582062 13.676785 9.168097 6.206779 3.096523 2.143971 0.590097 0.224492 0.040139 0.049674 0.169082 0.519994 0.944890 0.408583 
0.007845 0.044722 0.283854 1.642005 7.795553 3.063253 2.078171 1.956729 2.431560 3.116778 4.193260 5.854942 8.344391 11.595966 15.680230 20.328331 25.340096 30.750032 36.907093 41.820255 48.983749 49.160526 42.501892 36.198456 30.291182 24.238045 17.911530 13.055267 8.925625 5.586096 3.054394 1.555097 0.626567 0.228574 0.078371 0.148153 0.482499 1.496652 0.605031 0.210285 
0.005360 0.023547 0.126896 0.583315 1.948220 1.990993 1.209060 1.130062 1.499533 2.044091 2.876939 4.145475 6.055976 8.591386 11.997840 16.122662 20.574455 26.039566 31.577461 36.679478 42.994282 41.750885 38.627369 33.257317 28.019272 24.130886 17.628202 13.089991 9.843971 6.558666 3.164272 1.822985 1.090037 0.420174 0.242639 0.505278 1.542476 8.073012 1.461704 0.306879 
0.008424 0.011748 0.045955 0.189284 0.604330 1.224454 0.683298 0.672269 1.013928 1.394009 1.938884 2.806273 4.247702 6.245322 9.277278 12.878333 17.021364 21.982817 26.778273 32.075024 36.598686 36.058941 32.809155 27.121019 24.254890 21.428537 17.083639 14.340244 13.221176 8.887027 6.485946 4.065651 2.844006 0.833198 0.680389 1.547189 0.901963 1.571417 0.668964 0.181887 
0.035719 0.017779 0.028772 0.113536 0.486437 1.825365 0.706200 0.659780 0.842847 0.873004 1.138392 1.693707 2.763588 4.328012 7.015273 10.109166 13.937778 18.146145 22.585758 27.161764 29.992844 30.100367 26.820774 22.439472 19.050070 15.821438 11.498343 7.869836 5.640579 5.568321 2.638914 1.643493 1.287158 1.242084 2.259399 7.228352 1.494164 0.531003 0.356016 0.135116 
0.169891 0.053926 0.039291 0.057717 0.184067 0.494838 0.315921 0.764766 0.511483 0.372799 0.526897 0.902390 1.695908 2.934605 5.320436 7.925576 11.339597 14.576640 18.371223 20.765087 24.685892 24.914165 22.903639 17.585625 14.801615 12.806700 9.950212 6.728121 3.542832 2.433489 1.597540 1.167256 1.148458 0.490514 0.569528 1.440335 0.475144 0.170667 0.136783 0.243890 
0.104112 0.136828 0.152700 0.079105 0.144962 0.393916 0.308263 0.626005 0.237530 0.158033 0.246407 0.499872 1.089318 2.097994 4.188447 6.229994 9.109616 10.862315 13.425911 16.324886 20.565216 19.717024 17.689850 14.591153 11.023217 9.316493 7.255646 5.168674 2.185901 1.263121 0.767954 1.170321 2.834929 0.743396 0.268393 0.314547 0.146593 0.111528 0.185759 0.141537 
0.177725 0.664797 0.815873 0.231311 0.352886 1.552704 0.676140 0.616025 0.223828 0.232501 0.235168 0.416492 0.930788 1.790379 3.468805 4.738268 6.632132 6.901568 9.634060 12.578960 16.214962 15.428863 13.910548 9.812072 8.325237 7.036851 5.741775 3.040019 1.513294 0.619453 0.277368 0.344305 0.755978 0.314071 0.204411 0.344480 0.201088 0.317904 0.860092 0.390012 
0.153814 0.317160 0.221433 0.091575 0.135168 0.410717 0.615297 0.338361 0.354630 0.883671 0.526309 0.654888 1.518340 2.164596 2.706526 2.899478 3.587360 4.071264 6.764729 9.711916 12.515430 11.622141 11.907592 7.753412 5.491197 4.520804 3.672671 2.296352 1.013881 0.428459 0.182420 0.194571 0.375033 0.268174 0.569600 1.741970 0.670466 0.947691 4.433362 1.151407 
0.405219 0.963716 0.324810 0.094295 0.097793 0.392732 1.827415 0.506336 0.874744 3.718899 1.234791 1.234638 3.574814 3.240788 1.467134 1.287969 1.717620 2.272068 5.007206 7.543760 8.052500 7.940867 8.402223 3.877966 3.629198 2.776030 2.631622 2.126320 0.854590 0.448529 0.226702 0.454510 1.254234 0.672932 1.797213 9.975013 1.732064 0.554631 0.890045 0.382729 
1.137408 4.847506 0.882797 0.164880 0.057856 0.126939 0.355820 0.183715 0.309899 0.830684 0.411990 0.499788 1.343059 2.995988 1.001359 0.549776 0.786585 1.230565 4.570597 5.256832 6.233068 5.241274 8.172270 2.387086 1.548941 1.232671 1.567063 3.288125 1.080817 0.824911 0.444914 1.284079 6.313107 1.270313 0.730785 1.742839 0.539975 0.180964 0.177163 0.094292 
0.451759 0.924389 0.296438 0.071991 0.025248 0.038643 0.074901 0.054974 0.083292 0.171861 0.139304 0.358985 1.597564 6.107874 1.520903 0.384671 0.367492 0.930710 4.944396 3.536261 2.894400 3.218947 7.557408 2.041726 0.960511 0.723011 1.748992 5.889684 1.486554 0.437785 0.194022 0.417069 1.198003 0.431238 0.245399 0.320779 0.132008 0.047866 0.034160 0.019496 
0.242181 0.190963 0.075227 0.025219 0.022785 0.047887 0.058049 0.054387 0.051551 0.078033 0.060717 0.136697 0.520258 1.456121 0.500653 0.154059 0.249949 0.981245 4.120220 2.638357 1.844419 2.127527 4.939982 3.016024 0.957098 0.381312 0.551961 1.447451 0.508801 0.153416 0.062717 0.105378 0.244028 0.214527 0.331033 0.181655 0.094415 0.034931 0.012745 0.005295 
0.049659 0.037557 0.018813 0.019975 0.063889 0.198529 0.216751 0.213612 0.173041 0.298515 0.126921 0.066751 0.124169 0.269790 0.115275 0.048251 0.104408 0.391647 1.270327 1.189552 0.756777 0.839854 2.619925 7.950648 1.698767 0.436969 0.220760 0.324798 0.151141 0.093996 0.037904 0.053228 0.171599 0.582789 1.744813 0.634486 0.392971 0.134032 0.034168 0.009292 
0.009436 0.007562 0.008616 0.032554 0.164635 0.831753 0.903532 0.914660 0.663797 1.728920 0.532295 0.144469 0.054362 0.050135 0.023733 0.016678 0.052901 0.207835 0.743973 0.666272 0.772274 0.371039 0.765777 1.645690 0.621173 0.427413 0.322646 0.293529 0.156650 0.327931 0.085666 0.111076 0.413150 1.992559 10.083745 2.182086 1.962752 0.553358 0.120662 0.031187 
0.002001 0.001713 0.003658 0.015526 0.063149 0.202051 0.251033 0.461461 1.757363 9.945805 1.724822 0.422235 0.110641 0.030946 0.010017 0.012859 0.056708 0.256718 0.983085 0.727648 1.130957 0.329256 0.215008 0.332554 0.307276 0.759050 1.171534 1.074627 0.274322 0.163200 0.122214 0.289087 0.702614 2.268833 2.477893 2.307512 9.987918 1.673682 0.286625 0.083467 
0.003207 0.000680 0.001205 0.004867 0.017136 0.044508 0.066026 0.154322 0.546750 1.766528 0.787133 0.915059 0.291284 0.069671 0.015518 0.010213 0.031067 0.099827 0.269958 0.252434 0.310268 0.118884 0.058219 0.072146 0.104789 0.193105 0.275479 0.243510 0.101984 0.109923 0.328023 1.089523 1.995023 10.089742 2.047899 0.900898 1.758798 0.527456 0.144764 0.191402 
0.000379 0.000144 0.000307 0.001186 0.003817 0.009047 0.015494 0.041569 0.143670 0.433865 0.932730 4.201189 0.806010 0.151894 0.029147 0.016636 0.039167 0.037081 0.063391 0.062887 0.068551 0.031813 0.019401 0.040176 0.112652 0.067555 0.063034 0.055003 0.048955 0.165669 0.842826 4.288465 1.314939 1.872701 0.611564 0.250189 0.305405 0.119738 0.041392 0.042543 
0.000049 0.000029 0.000074 0.000277 0.000839 0.001921 0.003801 0.011692 0.042645 0.141336 0.412718 1.257634 0.387128 0.092606 0.024864 0.038377 0.168877 0.043195 0.020706 0.016018 0.015674 0.010150 0.019281 0.095566 0.504867 0.101973 0.028493 0.016325 0.023947 0.095578 0.396556 1.284205 0.518096 0.416265 0.164389 0.065877 0.057870 0.026111 0.010638 0.010037 
