0.008700 0.049965 0.260022 0.979622 0.271312 0.111513 0.183574 0.062355 0.013385 0.002188 0.000304 0.000146 0.000982 0.007512 0.048750 0.253817 0.950747 0.286488 0.226769 0.643148 0.601175 0.123755 0.021703 0.003219 0.000432 0.000186 0.000738 0.002838 0.006879 0.006171 0.009376 0.019554 0.081018 0.419543 0.069229 0.011592 0.002195 0.002202 0.009485 0.034542 
0.016425 0.104834 0.674923 3.894450 0.715436 0.405868 1.149408 0.299381 0.054361 0.007971 0.001018 0.000321 0.001771 0.014059 0.102581 0.662897 3.839083 0.732125 0.635706 3.088216 0.971622 0.210784 0.036577 0.005347 0.000765 0.000699 0.003506 0.014970 0.041387 0.032930 0.048121 0.065604 0.137790 0.125557 0.056732 0.018102 0.005113 0.005498 0.026076 0.141685 
0.007857 0.040630 0.198538 0.692473 0.372084 1.202928 7.507155 1.125308 0.160163 0.020734 0.002492 0.000620 0.001611 0.007204 0.039532 0.193660 0.671423 0.285106 0.463256 0.962027 2.859603 0.460754 0.069059 0.009446 0.001508 0.002470 0.014370 0.071114 0.248362 0.164681 0.265065 0.337549 0.822489 0.332930 0.231581 0.076013 0.020889 0.013210 0.027651 0.036431 
0.010474 0.026857 0.050403 0.137236 0.214178 0.501256 1.184749 0.415060 0.096006 0.017245 0.002901 0.002088 0.006054 0.011671 0.024157 0.048148 0.136545 0.257356 1.273149 0.395207 0.498387 0.133248 0.026093 0.006077 0.002122 0.005534 0.036687 0.230377 1.324740 0.642568 1.272901 1.344532 5.032716 1.233123 1.101630 0.285863 0.082813 0.071233 0.161622 0.073850 
0.058509 0.140055 0.063042 0.078425 0.231715 0.250098 0.422220 0.847506 0.233352 0.044508 0.008278 0.009460 0.034935 0.064130 0.110057 0.048278 0.046641 0.140160 0.603569 0.162983 0.093527 0.030240 0.013844 0.020644 0.008466 0.004744 0.015824 0.075928 0.277799 0.316341 0.933908 0.488666 0.851203 0.356101 0.410886 0.708290 0.286363 0.370310 1.128336 0.383781 
0.308862 0.973767 0.281720 0.207091 0.959793 0.539914 1.001842 4.753142 0.776883 0.117733 0.019982 0.031171 0.178155 0.332367 0.682962 0.198169 0.054451 0.084777 0.370851 0.081921 0.027058 0.018362 0.055621 0.157954 0.055492 0.016055 0.011244 0.027670 0.105118 0.444710 2.539981 0.465965 0.195981 0.166662 0.678984 3.668643 1.043055 1.478160 7.257204 1.502697 
1.122812 6.310580 0.978037 0.250032 0.500104 1.176784 0.531252 0.850516 0.248531 0.051435 0.011444 0.022474 0.131135 0.707352 3.976694 0.668725 0.109473 0.038591 0.067476 0.028738 0.027798 0.061569 0.301690 1.127005 0.306533 0.080234 0.043140 0.037787 0.047841 0.172075 0.626397 0.172628 0.053192 0.051089 0.195424 0.650204 0.274897 0.368768 1.129646 0.390218 
0.345835 0.980931 0.280000 0.204608 1.051626 6.406957 1.048647 0.314807 0.217696 0.065494 0.014576 0.011107 0.053534 0.258127 0.933838 0.255421 0.059667 0.036081 0.028831 0.047413 0.118834 0.196450 1.135692 6.895167 1.153725 0.318223 0.226473 0.198049 0.097668 0.233927 0.795881 0.215218 0.044785 0.016954 0.042498 0.109959 0.056137 0.068802 0.167307 0.098844 
0.187673 0.157950 0.058874 0.065463 0.290388 1.056488 0.338823 0.365587 1.148034 0.300209 0.055469 0.015418 0.048028 0.237706 0.838038 0.268880 0.109834 0.154293 0.081566 0.198260 0.538048 0.238683 0.349222 1.287206 0.607819 1.207160 1.089061 1.101609 0.322064 0.707691 3.545177 0.600268 0.094684 0.019664 0.029474 0.069600 0.030408 0.018677 0.045002 0.152604 
0.073646 0.030883 0.012627 0.021217 0.084498 0.221955 0.220704 1.150167 7.482927 1.124807 0.160926 0.033552 0.097041 0.576990 2.655940 1.216263 0.633514 0.720265 0.257759 0.613759 2.052812 0.557963 0.189931 0.418936 0.535349 0.350435 0.389015 0.269484 0.138202 0.285483 0.642062 0.183593 0.039633 0.028514 0.108187 0.337867 0.106633 0.025003 0.013273 0.028494 
0.013016 0.006470 0.006714 0.026782 0.152659 0.186088 0.090852 0.311076 1.161962 0.395718 0.083092 0.019258 0.037925 0.182776 0.618007 0.451442 1.028987 1.615458 0.542099 0.739906 2.844764 0.513635 0.217185 0.554515 1.930740 0.759693 1.108140 0.445189 0.274438 0.649419 0.262846 0.068412 0.022321 0.064455 0.360305 1.845118 0.349965 0.060774 0.010733 0.005855 
0.003289 0.005213 0.010999 0.011918 0.030673 0.040290 0.049351 0.079044 0.260473 0.690057 0.126600 0.023578 0.013465 0.053204 0.225052 0.825483 3.564491 2.760078 1.385119 1.463129 4.516438 0.853081 0.501433 0.732671 2.572069 2.143803 5.479471 1.741472 0.960388 3.760346 0.623383 0.101310 0.024687 0.061261 0.289187 1.107567 0.268892 0.051261 0.008293 0.001842 
0.007422 0.025758 0.065558 0.027498 0.015466 0.036604 0.179650 0.051535 0.069889 0.182499 0.155064 0.037884 0.009332 0.017328 0.090674 0.404497 1.517707 3.852842 3.165466 3.094140 5.436509 1.578732 1.198409 1.463158 2.923671 5.269063 2.713614 4.416516 1.124776 1.291607 0.349199 0.087164 0.038406 0.119199 0.518433 1.907609 0.362451 0.062351 0.009305 0.001414 
0.030335 0.125454 0.401774 0.124538 0.031270 0.032817 0.145194 0.034864 0.034916 0.136768 0.748956 0.113327 0.017826 0.016189 0.084055 0.479429 1.163138 3.116970 4.548977 5.356498 7.737105 3.476093 2.894480 2.700413 2.244732 1.715634 0.929265 1.029820 0.992285 2.991777 0.626859 0.257932 0.124769 0.337689 1.260193 0.636938 0.159573 0.030254 0.004734 0.000778 
0.081615 0.424963 2.231690 0.414925 0.074323 0.024740 0.033486 0.024789 0.042618 0.043404 0.117891 0.032085 0.011473 0.037537 0.188296 0.696171 2.982321 6.756711 8.529646 9.152596 11.587988 5.680109 4.597864 3.566877 1.875568 0.943222 0.410861 0.292273 0.371735 0.673508 0.479871 1.207253 0.464835 1.211502 7.677644 1.183298 0.177693 0.024735 0.003381 0.001048 
0.065158 0.293740 1.155516 0.293899 0.072839 0.056328 0.051616 0.085765 0.226600 0.051347 0.041227 0.017255 0.021608 0.077580 0.321134 0.693425 2.206740 4.844589 8.492241 11.559389 14.699097 8.384102 7.565073 3.721375 2.309975 0.964119 0.445080 0.416468 0.965984 0.516725 1.239954 7.615116 1.186381 0.459439 1.174292 0.309235 0.057632 0.009159 0.002820 0.004681 
0.083521 0.426828 2.241408 0.430985 0.147909 0.269507 0.221457 0.323056 0.256039 0.102825 0.159660 0.078961 0.094366 0.220449 0.667224 1.214028 2.610532 5.021406 9.218228 13.000306 17.803444 10.808829 8.525432 4.643502 3.333959 1.876373 1.114321 1.594010 4.316019 0.943206 0.453770 1.181232 0.316423 0.109328 0.166993 0.056105 0.012476 0.004169 0.009219 0.027649 
0.041308 0.129515 0.409379 0.165445 0.270317 1.309710 0.869860 1.550143 0.358084 0.334391 0.932025 0.393876 0.245444 0.424122 1.071574 2.073042 3.712488 6.494810 10.489391 15.307259 20.939285 14.000600 10.260175 7.024976 6.726228 3.127206 2.072898 1.261747 1.167957 0.326920 0.136031 0.203464 0.071582 0.023076 0.022282 0.008613 0.003920 0.009910 0.038024 0.149625 
0.067177 0.037198 0.071391 0.051546 0.128009 0.412575 0.273627 0.363710 0.342029 0.973071 4.267822 2.555306 1.498374 1.642658 2.622039 4.144801 6.381652 9.064723 13.316956 17.840004 27.021458 18.936176 14.660148 10.917033 7.708750 4.602839 2.671225 1.128783 0.492468 0.164774 0.123707 0.220089 0.075746 0.017726 0.005259 0.002886 0.009214 0.039785 0.111995 0.077850 
0.060409 0.016469 0.018891 0.049758 0.209241 0.670097 0.275213 0.312129 0.778879 0.492752 1.127531 0.770363 1.526810 2.561327 4.157632 6.250606 8.861019 12.930210 16.920063 22.620932 33.395790 23.518967 17.612207 13.105813 9.490627 6.338315 3.846725 1.896789 0.971384 0.569113 0.579197 0.835217 0.206950 0.039349 0.007101 0.007015 0.039017 0.196979 0.680832 0.259388 
0.011520 0.006992 0.025332 0.141547 0.707714 3.191607 0.788915 0.932108 4.367508 0.943296 0.506400 0.729312 2.990605 5.473113 9.950898 15.028508 18.640965 22.219395 26.419647 32.976498 45.785412 30.879154 23.270168 17.270313 12.854989 8.636100 4.860190 3.088897 1.620664 0.883287 0.478710 0.527628 0.158922 0.033346 0.007533 0.016542 0.110100 0.689761 3.965174 0.917996 
0.002979 0.009304 0.060209 0.336859 1.323276 0.889912 0.288169 0.263261 0.710777 0.217146 0.120166 0.306299 0.858032 1.649178 3.273262 5.607180 8.403079 12.225899 15.998137 21.465189 29.258368 29.745567 22.496826 16.924463 12.527926 8.364832 4.956186 2.980539 1.510727 1.097687 0.492079 0.794700 0.184397 0.038310 0.009874 0.019458 0.088420 0.336831 0.728233 0.265270 
0.002813 0.020327 0.162114 1.170303 7.716602 1.461537 0.279971 0.085705 0.112212 0.042536 0.031003 0.110110 0.374518 0.909619 1.986033 3.596775 5.806406 8.706676 12.397674 16.382132 22.161470 23.475018 19.331390 14.123484 10.848948 7.698053 4.126244 2.126849 1.014001 0.561081 0.235288 0.226620 0.160652 0.052871 0.025319 0.070430 0.285796 1.047077 0.376474 0.107083 
0.001853 0.009120 0.061924 0.351340 1.433931 1.746138 0.337950 0.065797 0.023590 0.007780 0.006694 0.033180 0.135810 0.388724 0.960643 1.957542 3.413243 6.129125 8.942730 13.218300 17.480114 17.331720 15.328197 10.991429 8.500290 6.901392 3.523715 2.061325 1.629680 0.884918 0.260888 0.263770 0.689308 0.208790 0.105271 0.289042 1.058679 6.536718 1.029255 0.175139 
0.004737 0.004462 0.019546 0.102401 0.410274 1.087223 0.267183 0.062945 0.014551 0.003164 0.001324 0.007722 0.042706 0.151718 0.474494 1.020796 2.053828 4.163189 6.441974 9.919765 13.250125 12.588356 10.671493 6.988676 5.544037 4.456602 2.750268 2.261065 3.071012 0.834096 0.284042 0.713254 3.929932 0.712057 0.378010 1.069553 0.543223 1.091372 0.444606 0.099941 
0.026315 0.009728 0.013808 0.071575 0.398658 2.049240 0.397572 0.138737 0.033955 0.006847 0.001272 0.001348 0.010157 0.048072 0.207729 0.457294 1.164748 2.660398 4.609447 6.932493 9.270658 8.561373 7.051900 4.835168 3.345989 2.606168 1.334277 0.649854 0.759373 0.295557 0.113075 0.271629 0.970820 0.399880 1.060135 6.597710 1.046854 0.320350 0.243186 0.082797 
0.140191 0.033400 0.019468 0.030764 0.126603 0.411993 0.220528 0.454869 0.090143 0.017448 0.003408 0.001389 0.003179 0.012530 0.082229 0.180674 0.662523 1.699601 3.184529 3.478989 6.317548 5.473939 5.330293 2.867288 1.632461 1.584026 1.517064 0.700785 0.264807 0.092915 0.067021 0.261414 0.958753 0.304643 0.318532 1.017400 0.279121 0.085716 0.082300 0.184512 
0.058408 0.077475 0.088759 0.038973 0.084861 0.276623 0.216932 0.510467 0.106536 0.031799 0.010335 0.008002 0.014360 0.008629 0.030662 0.077577 0.499449 1.036614 1.430833 2.000206 5.209802 3.014806 2.543122 2.321970 0.818331 0.654596 1.191592 1.371917 0.346010 0.079684 0.114717 0.678938 3.932861 0.674515 0.159673 0.176291 0.068447 0.055860 0.119693 0.083339 
0.093488 0.436265 0.569428 0.132994 0.230946 1.224773 0.488328 0.418295 0.117892 0.120283 0.052386 0.050133 0.104485 0.040823 0.020568 0.066939 0.457106 0.351739 0.622738 1.071349 3.843670 1.652410 1.199464 0.897357 0.377905 0.414845 1.096198 0.539366 0.142213 0.034555 0.044528 0.202270 0.688367 0.212674 0.101814 0.188954 0.100424 0.209051 0.684433 0.260220 
0.075657 0.199945 0.127426 0.044266 0.077505 0.286075 0.459655 0.236678 0.238529 0.697394 0.262998 0.260610 0.675461 0.210630 0.049732 0.034424 0.118202 0.085995 0.249442 0.672244 2.705290 1.029910 0.721699 0.947803 0.247637 0.129558 0.263093 0.146017 0.048535 0.025810 0.025279 0.087183 0.241780 0.139001 0.324362 1.175072 0.404432 0.727612 3.979637 0.914704 
0.253258 0.740540 0.212252 0.049754 0.058343 0.298310 1.609104 0.382276 0.728999 3.995388 0.976580 0.985008 3.903208 0.801545 0.154878 0.032348 0.027164 0.027927 0.129824 0.347148 1.036736 0.496987 0.250606 0.229570 0.084189 0.043958 0.098257 0.187404 0.098284 0.129577 0.082315 0.268010 0.938467 0.411858 1.204968 7.694544 1.170954 0.351379 0.699247 0.254959 
0.848885 4.243741 0.686399 0.105927 0.031089 0.084072 0.274480 0.118392 0.215348 0.693807 0.269864 0.313033 0.969521 1.341797 0.336872 0.062513 0.021949 0.051224 0.189515 0.325385 1.228223 0.375560 0.332610 0.123170 0.044470 0.064535 0.311339 1.176957 0.469463 0.854035 0.296562 0.974994 5.626128 0.940085 0.434459 1.175308 0.311273 0.092441 0.112408 0.050091 
0.293538 0.713868 0.198040 0.039024 0.011462 0.021387 0.047512 0.028929 0.045524 0.112062 0.071102 0.208529 1.255153 7.685461 1.137187 0.163579 0.060672 0.215334 0.792879 0.298329 0.339776 0.405186 1.320005 0.468098 0.130310 0.179120 1.154384 7.637997 1.163359 0.272708 0.098309 0.262605 0.909075 0.266339 0.120588 0.175094 0.060603 0.018765 0.016313 0.007910 
0.178708 0.126332 0.041639 0.011591 0.012796 0.032363 0.036552 0.033182 0.024340 0.037546 0.023951 0.064089 0.316482 1.157480 0.302366 0.068847 0.119304 0.747585 4.605221 0.770433 0.324014 1.211632 7.035591 2.228978 0.461144 0.131087 0.317088 1.156699 0.308963 0.075372 0.025383 0.051846 0.144480 0.104873 0.178662 0.083272 0.039296 0.012291 0.004138 0.001508 
0.032067 0.020907 0.008773 0.011581 0.047829 0.165719 0.167609 0.164251 0.098612 0.169898 0.059226 0.025852 0.058676 0.159875 0.055233 0.018539 0.047793 0.241185 0.897968 0.276298 0.171396 0.486751 2.279671 7.928524 1.190714 0.200122 0.111585 0.195475 0.077506 0.053693 0.017024 0.020785 0.080303 0.329485 1.167944 0.355674 0.212613 0.061988 0.012865 0.002961 
0.005151 0.003525 0.004600 0.023893 0.140891 0.773407 0.790464 0.800285 0.429243 1.175271 0.308774 0.069965 0.021684 0.022217 0.008825 0.006325 0.027225 0.131241 0.471759 0.271758 0.317944 0.195673 0.479314 1.216550 0.351973 0.197976 0.229687 0.215864 0.104515 0.252003 0.050314 0.051834 0.221663 1.314711 7.720614 1.429226 1.302312 0.317616 0.057339 0.013421 
0.000822 0.000658 0.001820 0.009978 0.047628 0.167106 0.184401 0.311070 1.197067 7.671355 1.167334 0.258273 0.057976 0.012968 0.003489 0.006862 0.041695 0.240008 1.261433 0.871484 1.490460 0.283070 0.120966 0.194922 0.191996 0.681278 1.078678 0.965663 0.219599 0.120829 0.068414 0.167991 0.395898 1.477955 1.603570 1.497074 7.672549 1.132592 0.163650 0.048605 
0.000845 0.000191 0.000495 0.002572 0.010755 0.030534 0.038182 0.082494 0.317732 1.192362 0.493250 0.717936 0.199508 0.038834 0.006741 0.004951 0.020048 0.078069 0.253126 0.214440 0.287829 0.087815 0.029696 0.035122 0.061921 0.145509 0.214341 0.191592 0.068570 0.065504 0.219483 0.824677 1.352806 7.734138 1.339579 0.510204 1.177165 0.305499 0.078294 0.153726 
0.000089 0.000033 0.000100 0.000496 0.001910 0.004879 0.006777 0.017519 0.070310 0.263248 0.725757 3.883575 0.658380 0.102487 0.015544 0.009705 0.028219 0.024056 0.046483 0.041869 0.049888 0.019132 0.008592 0.019799 0.067739 0.040060 0.039673 0.035150 0.027176 0.109729 0.679921 3.924201 0.954327 1.262066 0.343997 0.117520 0.168091 0.056659 0.019010 0.029264 
0.000010 0.000005 0.000018 0.000087 0.000316 0.000762 0.001190 0.003729 0.016726 0.071576 0.267806 0.977257 0.257279 0.049839 0.012033 0.027989 0.144615 0.030103 0.012216 0.008164 0.008654 0.004669 0.009477 0.058524 0.362550 0.061406 0.014520 0.007649 0.010201 0.050781 0.260927 0.986431 0.318070 0.228171 0.073717 0.024090 0.024356 0.009505 0.003909 0.005563 
