0.024556 0.101397 0.412775 1.302313 0.448900 0.247800 0.364244 0.150483 0.041530 0.009027 0.001724 0.000829 0.003624 0.020173 0.098553 0.403425 1.279260 0.474527 0.405896 0.923876 0.841660 0.213359 0.047683 0.009347 0.001726 0.000811 0.002265 0.006817 0.014127 0.015046 0.022988 0.048544 0.160010 0.660440 0.133499 0.027495 0.006648 0.005415 0.016268 0.048378 
0.037266 0.164742 0.848907 4.258087 0.952998 0.719229 1.791278 0.555764 0.126916 0.024380 0.004223 0.001435 0.005057 0.029125 0.161605 0.854138 4.635106 0.981010 0.906617 3.387211 1.303841 0.344337 0.074905 0.014294 0.002782 0.002200 0.007920 0.026979 0.064058 0.059622 0.085811 0.131648 0.254218 0.243405 0.105519 0.037225 0.013346 0.012731 0.039837 0.172188 
0.022325 0.079936 0.300323 0.885435 0.614825 1.871940 10.065717 1.747308 0.307273 0.051826 0.008459 0.002418 0.004909 0.018411 0.076509 0.294802 0.926339 0.476672 0.663857 1.413638 2.897721 0.628460 0.118896 0.021357 0.004696 0.005964 0.025669 0.103567 0.314385 0.241036 0.371725 0.535230 1.208440 0.538761 0.319207 0.119451 0.045142 0.036844 0.061975 0.067514 
0.032624 0.065253 0.104228 0.226243 0.355715 0.819792 1.847847 0.734626 0.206253 0.047334 0.010219 0.005696 0.012828 0.026173 0.051881 0.098712 0.270557 0.412325 1.145881 0.949032 0.851613 0.231744 0.057250 0.017306 0.007348 0.011677 0.055493 0.288401 1.445104 0.796757 1.487669 1.790519 6.411397 1.649910 1.257050 0.382406 0.155603 0.163207 0.308423 0.173155 
0.137698 0.266020 0.142947 0.155265 0.368171 0.455640 0.727722 1.160747 0.378035 0.091254 0.021574 0.018805 0.054507 0.104382 0.164784 0.118408 0.228223 0.506225 1.729491 0.958493 0.381612 0.095608 0.049433 0.049294 0.028969 0.018037 0.032158 0.117427 0.393084 0.480624 1.222513 0.764380 1.261374 0.572950 0.567553 0.879921 0.480671 0.683319 1.741885 0.718054 
0.576315 1.503837 0.513354 0.355698 1.274673 0.855118 1.394618 5.418600 1.018031 0.192090 0.041704 0.049293 0.200857 0.423395 0.719069 0.348632 0.418848 0.892072 3.865286 1.311884 0.585356 0.212188 0.223872 0.285409 0.144899 0.070476 0.044829 0.063907 0.184707 0.649415 3.049248 0.693074 0.348357 0.280721 0.835013 3.868861 1.460635 2.277112 9.614019 2.293761 
1.757342 8.484084 1.515157 0.467126 0.801450 1.698961 0.879364 1.164002 0.411153 0.110850 0.031881 0.048864 0.272699 0.877332 2.854743 1.128976 0.925756 1.536127 6.655149 1.956860 1.082480 0.562429 0.666588 1.107899 0.657079 0.370172 0.160490 0.101924 0.113574 0.311152 0.897969 0.306850 0.118748 0.104582 0.288172 0.799024 0.462387 0.680499 1.744364 0.728834 
0.624677 1.515200 0.516523 0.383464 1.501190 7.810440 1.517400 0.561052 0.419107 0.154245 0.044959 0.038567 0.204526 0.639690 1.921221 1.946911 2.237242 2.898489 9.402113 3.416343 2.370171 1.507837 2.080512 4.708354 1.585920 0.909273 0.427028 0.298321 0.199327 0.390637 1.021442 0.338769 0.092682 0.043379 0.081736 0.171495 0.120427 0.160000 0.317057 0.206963 
0.295189 0.288942 0.135310 0.148162 0.499047 1.511784 0.612297 0.687524 1.761978 0.552738 0.131726 0.056280 0.214381 0.675626 1.874153 2.922318 3.703418 5.063554 12.878441 5.089291 3.849484 3.016487 3.406169 5.844263 3.093089 2.846238 1.253143 1.043960 0.527541 0.989683 3.448418 0.731311 0.147754 0.042395 0.055685 0.106137 0.060310 0.046850 0.084497 0.200756 
0.108130 0.064398 0.034653 0.052270 0.164564 0.392963 0.430475 1.768230 9.494946 1.739152 0.331730 0.128435 0.386517 0.933908 3.360246 7.143367 8.108937 9.051721 14.582574 8.244503 8.694687 5.806081 6.226101 11.818159 5.374876 3.996313 2.029085 1.205324 0.568887 0.534564 0.817059 0.278043 0.077350 0.054072 0.150707 0.396797 0.147782 0.045711 0.027205 0.042923 
0.022289 0.015232 0.015314 0.043258 0.201837 0.314153 0.196823 0.576330 1.784301 0.710562 0.248883 0.190948 0.557611 1.081242 2.929931 5.486035 8.660406 12.047991 19.200045 12.706648 13.251646 9.543608 9.558570 14.789839 8.565256 4.326493 3.215550 1.716311 0.900525 0.863982 0.416998 0.135431 0.051528 0.100681 0.435736 1.951185 0.420208 0.089881 0.021084 0.011402 
0.007991 0.012204 0.020903 0.023016 0.048836 0.072569 0.098393 0.179980 0.447182 0.793800 0.505128 0.499829 1.058399 1.707013 3.621276 5.773067 12.284663 14.987805 21.740082 17.921003 18.892065 14.413547 14.031096 18.294632 12.127076 7.611172 8.995418 3.747687 2.941492 2.750900 0.734471 0.183086 0.061469 0.116354 0.411820 1.305927 0.366644 0.086683 0.018434 0.005078 
0.017381 0.044844 0.093468 0.048066 0.030369 0.059804 0.233824 0.171440 0.232602 0.643229 1.029398 1.100390 1.878475 2.779694 4.957471 7.227720 11.097020 18.611282 24.516706 23.747328 24.467096 19.385757 19.042513 22.475838 16.779182 14.023406 8.907958 7.113418 2.770274 1.897206 0.637994 0.229467 0.107832 0.229249 0.732907 2.058858 0.452728 0.095519 0.018564 0.003929 
0.055418 0.174687 0.472701 0.173177 0.055018 0.050709 0.166845 0.319191 0.581235 1.035639 2.601460 2.813748 3.665992 4.729648 6.790749 10.363461 13.151932 19.508112 26.366552 29.247938 30.357409 25.774513 25.261381 26.767292 20.739037 15.590883 10.905409 7.911321 4.816278 2.898883 0.850753 0.527259 0.291290 0.637704 1.897599 0.943611 0.267863 0.061533 0.012336 0.002703 
0.125974 0.513169 2.358033 0.501171 0.113070 0.045466 0.063378 0.090120 0.310454 0.720229 1.773955 3.384725 5.314075 7.166415 9.585577 12.669411 19.417446 25.984589 32.382687 35.885059 37.053017 32.485046 30.605301 28.501709 21.629686 15.969051 10.833618 6.755373 3.758037 2.079556 1.165824 1.495359 0.846617 1.945565 9.146054 1.781394 0.331077 0.058706 0.010428 0.003106 
0.116816 0.407630 1.377754 0.408244 0.124490 0.089480 0.097376 0.155883 0.472150 0.912141 1.954884 3.858731 6.503802 9.241225 12.527030 15.632306 21.110186 27.895821 34.997364 40.530327 43.051926 38.386593 35.576065 28.596750 23.207977 17.142630 12.180284 8.150394 5.548615 4.419322 3.640735 5.885435 1.516350 0.986526 1.833671 0.573199 0.133219 0.027308 0.008096 0.008511 
0.129490 0.517247 2.382560 0.527010 0.208598 0.319190 0.299739 0.472237 0.660790 1.673541 3.378317 5.784852 8.914887 12.153069 16.016972 19.504372 24.313627 30.259474 37.433552 43.705742 48.508629 43.167313 38.762299 31.862675 26.769995 21.416836 17.012463 14.240984 12.272741 6.103086 4.347426 2.880149 1.041373 0.523738 0.366345 0.136531 0.037528 0.013089 0.017399 0.039507 
0.072847 0.182369 0.486903 0.230714 0.324591 1.214209 0.880778 1.968190 1.823372 3.195335 4.977624 7.620011 10.985536 14.676332 19.040134 23.295254 28.073376 33.798664 40.509048 47.191471 53.893085 48.219212 42.746620 36.692757 32.526924 24.797400 20.672348 16.120373 11.807217 7.164452 4.393592 2.206071 0.939833 0.319032 0.110453 0.033520 0.013909 0.022520 0.061223 0.188072 
0.090836 0.063964 0.107096 0.095085 0.199352 0.527284 0.687742 1.703792 3.180787 5.000800 10.997289 14.415765 17.278175 20.288395 24.329990 28.744164 33.677299 38.743996 45.022175 51.562134 59.281975 54.359875 47.111118 41.607281 34.373055 28.283770 22.600006 16.827480 11.966476 7.732662 4.587221 2.330805 1.003847 0.321059 0.078249 0.020168 0.024271 0.076449 0.177356 0.138302 
0.000000 0.000000 0.000000 0.000000 0.000000 0.000000 0.000000 0.000000 0.000000 0.000000 0.000000 0.000000 0.000000 0.000000 0.000000 0.000000 0.000000 0.000000 0.000000 0.000000 0.000000 0.000000 0.000000 0.000000 0.000000 0.000000 0.000000 0.000000 0.000000 0.000000 0.000000 0.000000 0.000000 0.000000 0.000000 0.000000 0.000000 0.000000 0.000000 0.000000 
0.017990 0.018061 0.060873 0.243290 0.791912 1.857943 3.104122 4.571413 9.739773 15.592903 15.354672 17.112036 22.623966 26.758789 33.241611 39.724121 45.452366 50.939678 56.949581 63.715935 72.281845 61.792427 53.380447 45.449776 38.421787 31.516771 23.576748 18.308426 13.189780 9.043726 5.758055 3.325910 1.570461 0.618253 0.188632 0.104481 0.199846 0.921783 4.640798 1.200556 
0.008012 0.027674 0.139132 0.602642 1.816532 1.441252 1.843824 3.187832 5.657578 8.044871 9.792728 12.345236 15.617416 19.540539 24.525349 30.090572 35.814186 41.976021 48.077991 54.708061 61.938801 60.958397 52.294006 44.834511 37.699841 30.551807 23.684065 18.159046 12.968789 9.285344 5.213314 3.612084 1.246838 0.561680 0.129596 0.083899 0.188254 0.552755 0.984739 0.433458 
0.009137 0.049929 0.301442 1.609527 6.637920 4.108183 4.590977 4.856843 5.651557 6.807154 8.279341 10.249974 13.040203 16.563482 20.909861 25.824739 31.093609 36.738823 43.104553 47.874744 55.007950 55.309662 48.530224 42.424950 36.250546 29.842213 23.068802 17.587360 12.747955 8.629249 5.241478 2.964386 1.339606 0.562605 0.185886 0.196138 0.527260 1.557320 0.646152 0.231076 
0.006305 0.026997 0.139909 0.614430 1.914581 1.970890 1.700064 2.103770 3.213881 4.563532 6.001805 7.710996 10.010477 12.911350 16.692978 21.193092 26.027927 31.785223 37.645477 42.595787 49.097736 48.071281 44.829380 39.455433 33.799881 29.673973 22.730764 17.576393 13.745301 9.817245 5.464331 3.411234 1.963363 0.981907 0.537410 0.717372 1.810486 7.717075 1.519483 0.332430 
0.009278 0.013590 0.051913 0.205527 0.625245 1.180075 0.926983 1.269174 2.279970 3.357826 4.421236 5.708578 7.582239 10.012620 13.506078 17.570486 22.171246 27.481607 32.579128 37.986744 42.624516 42.584587 39.028305 33.017910 29.841242 26.526447 21.518070 18.379196 16.767405 11.795817 8.806933 5.750465 3.889594 1.322590 1.079149 1.705821 0.976859 1.638897 0.710203 0.199227 
0.037563 0.019632 0.032083 0.120363 0.481217 1.639746 0.862641 1.076511 1.812407 2.315391 2.981533 3.948031 5.501030 7.563181 10.802251 14.431707 18.768602 23.333107 28.043293 32.856319 35.758896 36.480927 32.869991 28.145254 24.357725 20.505592 15.541209 11.304949 8.470577 7.862706 4.010034 2.399589 1.627636 1.766439 2.876157 6.498837 1.505716 0.567620 0.378052 0.146400 
0.175918 0.058656 0.043675 0.063127 0.191801 0.490626 0.353313 0.873898 1.075364 1.262684 1.794157 2.594295 3.913975 5.708530 8.730130 11.893529 15.802584 19.306417 23.319790 26.097837 30.255436 31.000374 28.615227 22.906908 19.861181 17.252951 13.646611 9.824682 5.750231 4.108730 2.658008 1.686560 1.278046 0.569111 0.662168 1.448291 0.506299 0.188193 0.148030 0.255266 
0.114124 0.149196 0.165341 0.087670 0.156459 0.413228 0.333040 0.675477 0.540504 0.691040 1.127950 1.762433 2.877614 4.501628 7.268599 9.772064 13.032800 14.945382 17.829775 21.152514 25.690361 25.293629 22.958485 19.433887 15.490054 13.350041 10.555670 7.751817 3.860489 2.431060 1.477482 1.610596 2.640586 0.726835 0.293561 0.338813 0.163186 0.123187 0.197840 0.152488 
0.195885 0.706986 0.858821 0.250630 0.374611 1.583916 0.806922 0.839752 0.407376 0.595226 0.882157 1.300912 2.316565 3.907144 6.121605 7.599623 9.847007 10.177958 13.396717 16.882870 20.901260 20.409897 18.649559 13.959611 12.184525 10.488719 8.602165 5.018489 2.757881 1.329892 0.606172 0.465355 0.744099 0.327673 0.225482 0.375758 0.222024 0.337367 0.887879 0.411300 
0.000000 0.000000 0.000000 0.000000 0.000000 0.000000 0.000000 0.000000 0.000000 0.000000 0.000000 0.000000 0.000000 0.000000 0.000000 0.000000 0.000000 0.000000 0.000000 0.000000 0.000000 0.000000 0.000000 0.000000 0.000000 0.000000 0.000000 0.000000 0.000000 0.000000 0.000000 0.000000 0.000000 0.000000 0.000000 0.000000 0.000000 0.000000 0.000000 0.000000 
0.432765 0.999139 0.344326 0.103164 0.105436 0.404196 1.724675 0.520822 0.859803 3.192737 1.241303 1.253567 3.345189 4.847115 2.558636 2.363671 3.143864 3.997233 7.552309 10.793028 11.590781 11.395314 11.931478 6.425436 5.912712 4.621699 4.171988 3.106520 1.243795 0.662376 0.348778 0.556414 1.304416 0.723163 1.907591 10.291870 1.832645 0.591699 0.920957 0.403824 
1.184908 4.939764 0.914001 0.175378 0.063188 0.134423 0.364749 0.194688 0.321228 0.813657 0.432953 0.531220 1.403908 3.409173 1.507086 1.059440 1.607622 2.304939 6.646293 7.789448 9.026147 7.861191 11.218556 4.267477 3.006856 2.285556 2.456445 3.907166 1.205292 0.765722 0.458031 1.315030 6.098509 1.309933 0.786389 1.844932 0.584586 0.199059 0.189118 0.102788 
0.479502 0.957780 0.313045 0.078324 0.028227 0.042075 0.079885 0.060154 0.090257 0.180588 0.152257 0.377615 1.544409 5.380153 1.601960 0.575044 0.768755 1.513149 6.349420 5.292404 4.720356 4.938484 9.393880 3.339458 1.878187 1.246875 2.008427 5.273395 1.436571 0.445145 0.209500 0.441718 1.228198 0.460084 0.271474 0.350618 0.147858 0.054813 0.038129 0.022162 
0.254004 0.202657 0.081641 0.028123 0.024828 0.050746 0.062024 0.058719 0.057547 0.086691 0.069205 0.150341 0.537498 1.394529 0.531706 0.211808 0.416140 1.191921 4.628492 3.561193 3.012637 2.913560 5.651097 3.779236 1.447197 0.617482 0.620911 1.388865 0.525942 0.166873 0.071009 0.116394 0.262471 0.237543 0.362570 0.203495 0.107342 0.040694 0.015064 0.006378 
0.053209 0.040889 0.020961 0.021655 0.066567 0.203739 0.225107 0.222835 0.188292 0.324050 0.141751 0.076306 0.136298 0.280667 0.130892 0.071161 0.170980 0.497965 1.514685 1.573219 1.347072 1.084533 2.740238 7.670570 1.965853 0.685986 0.269915 0.343182 0.165005 0.102299 0.042984 0.061026 0.191479 0.633282 1.851844 0.690230 0.429910 0.149933 0.039400 0.011040 
0.010385 0.008463 0.009469 0.034038 0.168264 0.840713 0.921927 0.935558 0.708575 1.829510 0.575774 0.160364 0.061885 0.055806 0.027568 0.021186 0.070318 0.242011 0.924727 0.809574 1.177567 0.501950 0.869010 1.689396 0.772042 0.886252 0.371892 0.312578 0.172484 0.331184 0.093298 0.124242 0.452397 2.118694 10.500793 2.322462 2.084947 0.599763 0.134398 0.035456 
0.002326 0.001979 0.004050 0.016514 0.065675 0.207753 0.263056 0.489894 1.858934 10.342937 1.826135 0.452949 0.121188 0.034980 0.011683 0.014235 0.059453 0.250978 0.903197 0.679128 1.019867 0.336930 0.243185 0.380619 0.398007 0.732208 1.114316 1.041699 0.281222 0.170910 0.133241 0.312889 0.763034 2.416233 2.641276 2.459090 10.395057 1.773098 0.311141 0.090915 
0.004084 0.000841 0.001374 0.005326 0.018310 0.047091 0.071651 0.169223 0.591099 1.870711 0.840710 0.946682 0.306452 0.075440 0.017445 0.011338 0.032853 0.101181 0.261239 0.247790 0.297811 0.122297 0.064850 0.081092 0.119580 0.199075 0.280416 0.250117 0.107935 0.118203 0.346569 1.134028 2.110676 10.504039 2.180633 0.978273 1.866417 0.570938 0.158798 0.198765 
0.000491 0.000183 0.000363 0.001345 0.004225 0.009948 0.017541 0.047171 0.159158 0.466014 0.966364 4.246193 0.827863 0.160161 0.031825 0.018031 0.041148 0.039167 0.065022 0.065252 0.070123 0.033984 0.021883 0.044773 0.125442 0.072994 0.067159 0.058640 0.053184 0.175275 0.867437 4.343159 1.378207 1.984174 0.665063 0.279093 0.333568 0.133510 0.046599 0.045318 
0.000000 0.000000 0.000000 0.000000 0.000000 0.000000 0.000000 0.000000 0.000000 0.000000 0.000000 0.000000 0.000000 0.000000 0.000000 0.000000 0.000000 0.000000 0.000000 0.000000 0.000000 0.000000 0.000000 0.000000 0.000000 0.000000 0.000000 0.000000 0.000000 0.000000 0.000000 0.000000 0.000000 0.000000 0.000000 0.000000 0.000000 0.000000 0.000000 0.000000 
