0.039896 0.136905 0.496816 1.460836 0.560086 0.359384 0.510183 0.230883 0.072178 0.018218 0.004135 0.002063 0.008263 0.044840 0.293997 0.890025 3.689092 6.682851 4.930277 3.597061 2.124398 0.880338 0.523618 0.207326 0.107648 0.049276 0.019851 0.014676 0.019853 0.023206 0.036390 0.076172 0.224056 0.819894 0.189708 0.043423 0.011921 0.008949 0.021675 0.057499 
0.059205 0.201033 0.933539 4.438466 1.098483 0.945910 2.235470 0.750782 0.191386 0.042213 0.008690 0.003973 0.015856 0.077050 0.464037 1.502485 7.139976 7.593977 6.547190 6.019783 2.383429 1.289371 0.736611 0.341532 0.197117 0.109957 0.057741 0.049624 0.073451 0.077299 0.113529 0.183322 0.342001 0.334008 0.146678 0.054325 0.021933 0.020535 0.051563 0.193703 
0.037257 0.108303 0.357617 0.988272 0.778970 2.330817 11.732047 2.179871 0.422980 0.081574 0.017060 0.013000 0.043301 0.135912 0.572759 1.202447 4.307498 6.019540 8.143101 6.627010 4.633563 1.856056 1.176850 0.665708 0.471064 0.296993 0.176673 0.174784 0.285450 0.267359 0.421362 0.658235 1.449046 0.679614 0.380307 0.150575 0.066467 0.060625 0.093639 0.096876 
0.056876 0.100401 0.146750 0.289031 0.465712 1.057900 2.307943 0.965027 0.295902 0.080043 0.033260 0.050172 0.143705 0.370095 1.069952 1.694532 4.126456 6.468617 10.619880 7.816703 5.132267 2.614065 2.029025 1.376811 1.017436 0.735511 0.527744 0.582186 0.969117 0.728074 1.440164 1.985573 6.989647 1.903669 1.340192 0.443711 0.210648 0.240547 0.422283 0.259856 
0.210200 0.369331 0.213254 0.220115 0.471980 0.607345 0.935809 1.356480 0.483842 0.147510 0.091468 0.192938 0.381552 0.742772 1.695266 2.786804 5.297250 8.332277 12.719460 9.762443 6.188258 3.914795 3.310892 2.564101 2.253457 1.760515 1.329499 1.374031 2.036918 1.029366 1.178321 0.957816 1.558522 0.720304 0.659574 0.964533 0.605614 0.903695 2.131899 0.960753 
0.787436 1.888905 0.694135 0.472886 1.454006 1.047709 1.615430 5.446335 1.331444 0.411252 0.304705 0.509870 1.119927 2.132655 2.966263 4.077717 6.841095 9.941226 16.841236 12.039503 8.826081 6.514825 5.966373 5.120883 4.109791 3.418249 2.886752 3.087473 6.297826 2.516629 2.098983 0.711497 0.479976 0.359800 0.913006 4.061321 1.700597 2.758002 10.824325 2.781773 
2.219517 9.992175 1.907164 0.632462 1.012173 1.977179 1.245695 1.868147 1.138327 0.850076 0.935167 1.284028 2.257423 3.569917 7.321645 7.378005 9.787401 12.708904 20.782255 15.316514 12.285321 9.817573 8.834113 7.824296 7.619674 6.696422 5.727413 5.122147 3.548385 1.754672 1.162838 0.464943 0.225112 0.148984 0.336696 0.869552 0.583137 0.900076 2.135116 0.973806 
0.843017 1.903459 0.700998 0.517325 1.734104 7.547238 2.303970 1.409427 1.502691 1.538460 2.025753 2.706183 4.081801 5.662063 9.698098 11.741581 14.603229 17.273981 25.491846 20.057856 17.157650 14.423374 14.179461 16.495775 11.354598 9.959083 8.683171 6.420554 3.675991 1.985492 1.321553 0.599012 0.202328 0.075689 0.109180 0.207736 0.170194 0.237037 0.432754 0.298379 
0.391217 0.399697 0.204274 0.223098 0.690382 2.520216 1.768113 1.898790 2.840848 2.306321 2.745951 3.815536 5.748837 8.060786 12.011754 15.261039 18.862999 22.916203 30.980278 24.761761 21.895660 19.700251 19.502058 20.354969 17.476980 15.985028 12.189157 10.149569 6.246313 4.634003 3.288898 0.903276 0.340019 0.091971 0.081473 0.126699 0.083252 0.073417 0.119435 0.240555 
0.140120 0.099969 0.058401 0.087045 0.281879 1.276129 1.743888 3.034224 9.826253 5.418800 4.783270 5.779377 8.141106 10.626525 16.790949 22.104773 26.204479 29.818527 35.768414 31.004038 30.248783 25.967520 26.336597 29.512911 23.371119 20.802275 15.537772 11.737014 7.484701 4.636979 2.546177 0.922111 0.435552 0.147058 0.194414 0.383509 0.165917 0.060676 0.039671 0.055193 
0.031328 0.024736 0.024360 0.058719 0.266009 1.306803 2.361494 3.077435 4.972927 5.869863 6.842712 8.278915 10.975321 13.569201 18.661592 24.574682 29.826416 34.874634 42.910557 38.034458 36.977230 33.227497 33.153343 35.795712 29.457319 22.337381 18.198820 13.387525 8.882028 5.612239 3.096095 1.489333 0.894802 0.475514 0.698602 1.410287 0.413898 0.104733 0.029035 0.016387 
0.012687 0.018217 0.028566 0.037211 0.139867 0.433004 0.973959 2.152216 3.662905 6.796753 9.081767 11.337674 14.488635 17.325794 21.975805 26.911102 35.454079 39.293797 47.863194 45.144047 44.456875 40.674053 40.343746 41.920017 34.528152 27.971806 26.081053 17.439222 13.968105 9.406305 4.242644 2.698127 1.625723 0.948216 0.899071 0.971570 0.369523 0.104360 0.025978 0.008274 
0.025168 0.056058 0.106130 0.071521 0.148641 0.344294 1.087371 2.391139 3.930953 7.130427 11.150649 13.817634 17.763191 21.172377 25.921940 30.562782 36.976978 45.370766 52.353333 52.287441 52.173801 47.216221 47.378590 47.842178 40.276123 35.281693 27.186474 22.853849 14.351645 10.355735 6.539639 4.767532 3.386991 2.470745 2.256700 1.419005 0.431123 0.113018 0.025723 0.006533 
0.070938 0.193251 0.454283 0.224778 0.230843 0.429434 1.239998 2.580760 4.866099 7.811701 13.314596 16.847324 21.436829 25.455946 30.057171 35.639183 40.821972 47.992989 55.841515 58.707771 59.286938 54.739532 54.622990 53.146957 45.185635 38.294186 31.149988 25.535364 19.274885 15.319212 9.602253 7.610848 5.201381 3.892644 3.011136 1.140647 0.357635 0.098473 0.021246 0.005191 
0.148462 0.501421 1.703534 0.841829 0.707568 0.925471 1.785290 3.162656 5.660207 8.853639 13.499002 18.697447 24.250105 29.406605 34.612816 39.986069 47.613590 53.423313 61.166180 65.173805 65.881058 62.692093 60.293320 55.730774 47.781624 40.588783 33.453476 27.090111 21.141672 16.450331 12.418850 10.816213 10.174445 9.001852 7.263674 1.823075 0.525030 0.135937 0.028463 0.008047 
0.147162 0.437158 1.176744 0.950514 1.253643 1.871255 3.070801 4.608159 7.841670 10.661645 15.096966 20.466627 26.520075 32.483521 38.607658 44.195168 51.026108 58.024834 65.004425 70.065605 71.561859 68.339127 64.535202 56.340206 50.265785 43.036629 36.279694 30.191397 25.233141 21.955063 18.904667 18.082506 9.321006 6.781246 3.996398 1.396942 0.692395 0.229168 0.091176 0.049582 
0.174676 0.568917 2.198022 2.074531 2.759616 3.245709 4.867185 6.376166 9.534439 12.995165 17.811003 23.331184 29.555279 35.811089 42.407337 48.442226 54.857578 61.465515 68.174782 73.624634 76.149055 72.462883 67.614639 60.721561 54.611313 48.020996 42.237122 37.631153 33.737972 25.426743 21.302511 15.971373 10.035542 6.468898 3.376703 1.649411 0.865116 0.344749 0.190197 0.172719 
0.142656 0.298675 1.090666 2.097655 3.501333 6.044681 6.697052 10.606833 12.578898 16.693972 21.021208 26.372774 32.612057 39.004803 45.779739 52.265923 58.646339 64.993835 71.318314 76.840118 80.289047 76.637100 71.452629 65.710548 60.418415 52.135174 47.493900 41.907692 35.756130 28.432102 22.667515 16.713135 11.759477 7.860438 4.874004 3.105031 2.069722 1.334956 1.201583 1.399778 
0.417332 0.486065 1.122927 2.622282 4.487245 7.875726 9.640674 13.474810 17.000074 20.989788 29.134760 33.851460 39.687698 45.187195 51.271267 57.424503 63.569843 69.170494 74.898323 80.337654 84.301636 81.231331 74.465271 70.442162 62.952911 57.298786 51.138531 44.249660 37.302761 30.373884 24.203407 18.543262 13.877003 9.980737 7.143342 5.201300 3.915686 3.011448 2.711303 2.557409 
0.000000 0.000000 0.000000 0.000000 0.000000 0.000000 0.000000 0.000000 0.000000 0.000000 0.000000 0.000000 0.000000 0.000000 0.000000 0.000000 0.000000 0.000000 0.000000 0.000000 0.000000 0.000000 0.000000 0.000000 0.000000 0.000000 0.000000 0.000000 0.000000 0.000000 0.000000 0.000000 0.000000 0.000000 0.000000 0.000000 0.000000 0.000000 0.000000 0.000000 
0.308095 0.456333 0.918387 1.895137 3.117561 6.870292 11.168777 15.576130 24.152761 32.952808 38.238098 42.822849 49.748169 54.260014 61.463619 67.615700 73.068665 77.786629 82.377632 87.003639 90.309914 86.586899 81.040527 74.994850 68.740715 62.243347 53.581650 47.765751 41.320026 35.356121 30.172632 25.370592 21.099388 17.950504 15.601354 14.258529 13.275208 11.516160 10.289144 5.870993 
0.209497 0.340716 0.891358 1.727542 3.741659 6.104057 10.209603 15.180095 21.265869 27.583838 32.974640 38.349884 43.939957 49.510872 55.631126 61.700687 67.503922 73.036522 78.269012 82.845779 86.766327 85.721947 80.616081 75.106003 69.027328 62.398560 55.059784 48.176796 41.179859 35.014397 27.295633 22.890818 16.053576 12.204623 8.255484 5.779216 3.991123 3.139324 2.549914 1.773441 
0.091907 0.212503 0.797371 1.969166 7.768785 10.163263 15.179325 18.694267 22.041111 25.935827 30.175922 34.761112 39.923683 45.387375 51.174976 57.050110 62.815380 68.399475 73.969124 76.600426 82.207405 82.180916 76.593506 72.966805 67.531364 61.784817 54.823147 48.043823 41.322006 34.644024 27.926367 22.199183 16.602179 12.303553 8.367969 5.848596 4.083367 3.260159 1.792207 1.256499 
0.071917 0.183106 0.504192 1.452196 3.183697 6.054169 8.481816 11.526795 15.507510 20.035261 24.785530 29.685677 34.864761 40.169540 45.829330 51.691242 57.488483 63.313282 68.874535 71.734062 77.343422 76.006012 73.891281 69.388504 63.085384 59.592064 52.373402 46.682983 42.559292 36.693115 29.747841 25.323969 20.769228 17.331059 13.479098 11.856666 9.521708 7.553863 1.961087 0.926722 
0.069473 0.161518 0.360959 1.088732 2.103171 3.854359 5.738084 8.496277 12.496722 16.800226 21.258780 25.815462 30.644268 35.602238 41.181664 46.904263 52.692989 58.287872 63.351761 67.958069 71.670601 72.219620 69.035614 62.342934 58.739834 54.408741 47.373917 43.352661 39.789902 32.298004 27.132210 22.011528 18.294809 13.094836 10.515504 7.422641 4.060177 3.472228 1.671273 0.792852 
0.126212 0.160082 0.311424 0.870011 1.492509 3.782110 4.713775 7.166429 10.651150 14.073119 17.899296 21.954065 26.369646 31.039944 36.615585 42.147869 47.811947 52.865906 57.722839 62.463642 64.364967 66.354111 63.258476 57.709450 52.854324 47.471485 41.145947 35.532318 30.536802 26.943935 19.910406 15.106769 11.657849 10.771884 10.458532 9.871752 3.534395 2.495987 1.500561 0.792921 
0.871971 0.537714 0.546965 0.867996 1.270941 2.135070 2.947741 5.678674 7.956337 10.678357 14.209654 17.955301 22.089619 26.694155 32.366833 37.540134 42.821465 46.985195 51.388321 55.144562 59.094887 60.444942 58.465157 51.384312 47.359951 42.730343 37.332043 32.385441 25.455462 21.829012 17.292946 12.892549 9.131427 5.993330 4.856098 3.612694 2.397959 1.393058 1.190102 1.821419 
0.202393 0.423503 0.619980 0.622788 0.763944 1.609133 2.319733 4.242985 5.402237 7.654290 10.963894 14.227981 18.072899 22.819489 28.475607 32.874828 37.540306 40.409889 44.392105 48.741318 53.197899 53.783051 52.264297 47.198322 40.961094 36.895985 31.894997 27.388103 21.010740 18.158115 15.390372 13.065385 10.187069 5.163150 3.760102 2.285446 1.398054 0.930106 0.691725 0.454254 
0.287876 0.891191 1.223937 0.442263 0.529604 1.325128 1.733196 3.190336 3.304744 5.330047 8.192611 10.723596 14.438927 19.597282 24.672441 27.808134 32.014866 32.924431 37.905525 42.668335 46.937424 47.252102 46.518013 40.475460 36.380196 32.005089 27.731440 21.395763 16.547846 13.579578 11.134748 9.099695 6.665349 4.386732 2.844573 1.927006 1.007779 1.036214 1.416194 0.673255 
0.000000 0.000000 0.000000 0.000000 0.000000 0.000000 0.000000 0.000000 0.000000 0.000000 0.000000 0.000000 0.000000 0.000000 0.000000 0.000000 0.000000 0.000000 0.000000 0.000000 0.000000 0.000000 0.000000 0.000000 0.000000 0.000000 0.000000 0.000000 0.000000 0.000000 0.000000 0.000000 0.000000 0.000000 0.000000 0.000000 0.000000 0.000000 0.000000 0.000000 
0.553853 1.148716 0.428648 0.145530 0.137496 0.372728 1.111213 0.830905 1.232635 3.872750 4.046004 5.246937 9.819957 14.830870 15.269997 15.937831 18.730574 21.429562 27.619793 31.881084 33.905804 34.077988 35.641930 28.888096 26.118423 22.052248 18.481834 13.669025 8.884429 6.612393 4.901740 4.680242 4.642369 1.982846 2.861491 7.090985 1.867442 0.740451 1.056620 0.492821 
1.381566 5.307680 1.043645 0.221184 0.086454 0.151807 0.322702 0.296947 0.693171 1.230037 1.735247 3.232104 4.730987 10.145043 10.424939 11.045798 14.009415 16.797390 24.309267 26.338724 28.921616 27.917126 31.818979 23.972860 20.458279 17.465202 15.227852 12.379959 6.552378 4.562172 2.905012 3.100165 4.874006 1.441235 1.096137 1.879896 0.736142 0.281788 0.244106 0.141399 
0.597363 1.093635 0.382534 0.106948 0.042621 0.056684 0.099778 0.131095 0.262555 0.602116 1.192526 2.172098 3.550854 9.308262 6.944045 7.326436 10.114686 12.956773 20.969362 21.113396 21.643272 22.399570 26.742012 20.060078 16.131056 13.095002 11.571280 11.543230 4.057883 2.401344 1.529438 1.263594 1.424919 1.061389 0.460628 0.472062 0.224198 0.091737 0.058808 0.036034 
0.307290 0.256394 0.110768 0.042194 0.034682 0.064088 0.082857 0.105452 0.174350 0.411492 0.741619 1.143162 1.973738 2.867457 3.362185 4.497308 7.169118 10.006014 16.418329 16.161886 17.044432 17.429693 20.884083 17.223619 12.290565 9.110665 6.440950 4.744009 2.723666 1.332938 0.751621 0.697378 0.584757 0.486747 0.564123 0.315770 0.176032 0.073334 0.028925 0.013172 
0.070249 0.056863 0.031489 0.029644 0.077995 0.228208 0.269385 0.319618 0.346292 0.695615 0.660464 0.738299 0.980674 1.549092 2.230100 3.054993 5.072752 7.733434 9.952845 11.595615 12.563351 12.508750 13.427606 17.008297 9.742477 7.009835 4.802724 3.030073 1.383104 0.639095 0.282852 0.289522 0.402233 0.970834 2.368673 0.956909 0.609298 0.231143 0.068337 0.021730 
0.015354 0.013123 0.013719 0.040441 0.182230 0.857361 0.923771 1.561533 1.146060 2.519651 1.061170 0.567982 0.508834 0.672916 1.053748 1.533413 3.249221 5.244256 7.759702 9.117164 10.370214 9.751563 9.414573 8.472206 6.744269 3.990312 2.964771 1.933449 0.947311 0.466906 0.193880 0.267560 0.684137 2.714610 11.476048 2.939209 2.641532 0.819094 0.203747 0.058898 
0.004594 0.003554 0.006022 0.020824 0.076123 0.231517 0.318206 0.644205 2.271573 10.567613 2.398482 0.798050 0.370590 0.325440 0.540034 0.816616 2.326344 4.021786 6.119969 7.323470 8.271495 7.411446 7.070868 6.206230 4.523431 1.800504 1.357024 0.830156 0.332145 0.205770 0.199074 0.454785 1.065902 3.125203 3.361025 3.151977 12.207363 2.227126 0.428630 0.128787 
0.012029 0.002167 0.002311 0.007485 0.023585 0.058987 0.099305 0.242560 0.794475 2.286612 1.084437 1.244900 0.454260 0.200514 0.261781 0.406993 1.903803 3.456615 4.359577 6.202919 5.991901 6.025757 5.528394 4.157186 2.808757 0.701804 0.470589 0.252438 0.133309 0.153939 0.427779 1.361822 2.643929 11.814689 2.777619 1.344458 2.357803 0.776105 0.228524 0.234778 
0.001572 0.000520 0.000700 0.002182 0.006278 0.014607 0.028653 0.076780 0.235021 0.611688 1.117144 4.597483 0.955835 0.224394 0.148548 0.261160 1.885517 3.006785 3.875442 5.370140 5.292419 5.261765 4.943978 3.934019 3.087802 0.554711 0.265740 0.088656 0.075063 0.216307 0.972156 4.791946 1.666034 2.474190 0.919926 0.424910 0.471058 0.203379 0.074474 0.059759 
0.000000 0.000000 0.000000 0.000000 0.000000 0.000000 0.000000 0.000000 0.000000 0.000000 0.000000 0.000000 0.000000 0.000000 0.000000 0.000000 0.000000 0.000000 0.000000 0.000000 0.000000 0.000000 0.000000 0.000000 0.000000 0.000000 0.000000 0.000000 0.000000 0.000000 0.000000 0.000000 0.000000 0.000000 0.000000 0.000000 0.000000 0.000000 0.000000 0.000000 
