0.027574 0.109211 0.432407 1.339967 0.473667 0.270887 0.394375 0.166540 0.047336 0.010653 0.002116 0.001019 0.004200 0.022464 0.106255 0.426854 1.406650 0.505861 0.431279 0.940511 0.871466 0.227628 0.052321 0.010607 0.002039 0.000965 0.002577 0.007530 0.015356 0.016692 0.025615 0.054017 0.173324 0.695493 0.144675 0.030559 0.007611 0.006069 0.017367 0.050335 
0.041262 0.172871 0.868916 4.299568 0.984852 0.767476 1.886597 0.596655 0.139880 0.027756 0.004994 0.001718 0.005710 0.031613 0.170813 0.901607 5.062665 1.043020 0.928000 3.237378 1.295120 0.358868 0.080949 0.015992 0.003236 0.002516 0.008671 0.028765 0.067134 0.063761 0.091923 0.142555 0.272801 0.262533 0.113901 0.040628 0.014982 0.014196 0.042175 0.176688 
0.025176 0.086012 0.313435 0.908976 0.650360 1.970733 10.429162 1.839777 0.331299 0.057650 0.009770 0.002853 0.005590 0.020425 0.082767 0.318160 1.154588 0.562034 0.726892 1.537010 2.623094 0.621519 0.125469 0.023579 0.005454 0.006662 0.027352 0.107550 0.317609 0.250391 0.385826 0.563545 1.263056 0.569324 0.332335 0.126032 0.049439 0.041473 0.068273 0.073275 
0.037204 0.072256 0.113074 0.239636 0.378704 0.870138 1.946327 0.783505 0.224561 0.052995 0.011802 0.006446 0.013957 0.028880 0.060231 0.122923 0.451775 0.639170 1.356379 1.358620 1.036261 0.267848 0.074220 0.023392 0.010881 0.014589 0.058862 0.291726 1.317893 0.777955 1.480652 1.837197 6.599124 1.707939 1.278607 0.395648 0.167222 0.179169 0.332498 0.190813 
0.152103 0.287135 0.157101 0.168452 0.390127 0.487311 0.772549 1.202616 0.398366 0.098705 0.024032 0.020284 0.056158 0.109864 0.181612 0.179928 0.498635 1.018387 2.206208 1.731146 0.668452 0.178361 0.100811 0.076920 0.060333 0.043054 0.047707 0.144980 0.661895 0.577358 1.217961 0.801615 1.319388 0.604206 0.587589 0.899253 0.508358 0.731481 1.830138 0.770432 
0.619971 1.585012 0.550808 0.380077 1.322271 0.898573 1.445051 5.503266 1.048594 0.202654 0.045425 0.051475 0.199654 0.448542 0.723221 0.459551 0.814915 1.610418 4.871589 2.378807 1.163627 0.493877 0.456429 0.449820 0.257668 0.164811 0.122329 0.147679 0.390618 0.864380 2.783325 0.713877 0.371307 0.297143 0.851887 3.887122 1.514842 2.387539 9.903755 2.404393 
1.854747 8.804835 1.597606 0.501830 0.845145 1.768080 0.927347 1.205339 0.434398 0.120880 0.039366 0.063799 0.342386 0.963065 2.831581 1.484460 1.678986 2.658138 8.231387 3.494055 2.133591 1.199885 1.131858 1.370629 1.061822 0.752756 0.465900 0.350297 0.308166 0.420185 0.889445 0.324320 0.129688 0.113016 0.299461 0.815273 0.489141 0.728479 1.832780 0.781758 
0.669849 1.597006 0.554799 0.411650 1.561608 7.993035 1.581446 0.598108 0.449757 0.170473 0.060656 0.072962 0.358483 0.956188 2.742945 2.978448 3.731194 4.744370 11.651447 5.697277 4.155246 2.772509 3.175205 5.787933 2.296602 1.544352 0.913763 0.630853 0.435911 0.512056 0.992503 0.350972 0.100094 0.048015 0.087524 0.179705 0.130938 0.175893 0.341550 0.225706 
0.313788 0.311079 0.149030 0.162341 0.529367 1.573502 0.653591 0.735355 1.814845 0.595400 0.165956 0.118996 0.434638 1.180608 2.970985 4.460770 5.829146 7.751625 15.837562 8.050554 6.311018 5.086425 5.383634 7.535822 4.630885 4.204443 2.036651 1.768254 1.015944 1.420829 3.043052 0.721945 0.153699 0.046079 0.059665 0.111179 0.065183 0.052127 0.091517 0.208803 
0.114204 0.070913 0.039100 0.058138 0.177639 0.422190 0.463446 1.822036 8.928805 1.908219 0.483344 0.328861 0.838332 1.666624 4.927917 9.297573 11.081282 12.575972 18.265047 11.961323 12.113322 8.749504 9.194227 14.461045 7.658896 6.006881 3.414850 2.269033 1.161560 0.775241 0.860652 0.290799 0.083178 0.058023 0.156080 0.403451 0.153003 0.048938 0.029690 0.045363 
0.024006 0.016988 0.017025 0.046102 0.204091 0.422944 0.239519 0.633536 1.897966 0.948412 0.582312 0.640711 1.376023 2.264639 4.895919 8.338118 12.165942 16.068029 23.639296 17.107021 17.216396 13.334277 13.394414 18.229452 11.532236 6.492718 4.890691 2.985742 1.590091 1.080128 0.485660 0.154795 0.058163 0.106163 0.444805 1.957253 0.428729 0.093800 0.022769 0.012389 
0.008900 0.013425 0.022469 0.024905 0.051956 0.081325 0.119622 0.238443 0.540215 1.102130 1.148032 1.368434 2.390088 3.474509 6.097802 8.886207 16.140215 19.275860 26.817980 22.842070 23.346045 18.905111 18.582144 22.385368 15.449510 10.272482 11.411913 5.495876 4.335786 2.967670 0.788688 0.231426 0.077585 0.127398 0.428925 1.298091 0.377427 0.091453 0.020079 0.005705 
0.019039 0.047476 0.096906 0.050947 0.032785 0.062870 0.239007 0.300512 0.409874 1.091095 2.004632 2.382658 3.701150 5.104235 7.953223 10.797541 15.316295 23.346603 29.990902 29.071024 29.526239 24.394333 24.173269 27.060749 20.504707 17.297327 11.607463 9.273062 3.945711 2.481030 0.899496 0.380917 0.174201 0.275775 0.790869 1.967474 0.461695 0.100246 0.020102 0.004430 
0.059008 0.180494 0.480162 0.178960 0.058387 0.053456 0.179877 0.462744 1.003044 1.826447 4.110235 4.776026 6.155533 7.704067 10.319887 14.437080 17.783318 24.529673 31.913071 34.889580 35.824570 31.208900 30.796389 31.724913 24.898281 19.282759 14.018925 10.395380 6.550116 4.106009 1.366464 0.863387 0.423066 0.737935 1.952924 0.979312 0.284156 0.066799 0.013788 0.003131 
0.131867 0.522876 2.365497 0.511349 0.118417 0.051169 0.107996 0.229842 0.715068 1.565321 3.257233 5.591151 8.237299 10.695048 13.656940 17.263971 24.388226 30.966587 37.852409 41.654926 42.637066 38.331749 36.272243 33.405720 26.046448 19.911594 14.248746 9.577234 5.849063 3.439293 1.913357 1.952690 1.203499 2.273044 8.483037 1.801734 0.352003 0.064670 0.011877 0.003559 
0.123911 0.420512 1.395156 0.421633 0.131778 0.098209 0.161241 0.297488 0.925345 1.793460 3.466640 6.121565 9.552944 13.016849 16.944677 20.605202 26.507574 33.537838 40.825485 46.483875 48.735561 44.226326 41.001362 33.485783 27.755684 21.282259 15.832163 11.262222 8.075821 6.510076 5.232041 7.136683 2.061888 1.434582 1.945017 0.616402 0.147907 0.030990 0.009217 0.009200 
0.135749 0.529353 2.480646 0.541683 0.216533 0.323367 0.367173 0.637308 1.139438 2.644747 4.954229 8.068801 11.953250 15.936040 20.509066 24.643055 29.928381 36.199001 43.495682 49.838211 54.178902 48.878742 44.146709 37.014805 31.558765 25.810898 21.027637 17.843668 15.523093 8.773688 6.573568 4.350226 1.832927 0.927790 0.487738 0.173137 0.045501 0.015119 0.018859 0.041465 
0.078130 0.189103 0.502579 0.242125 0.328486 1.167964 0.945236 2.346759 2.631980 4.528975 6.814958 10.120465 14.214652 18.600410 23.627594 28.511171 33.791138 39.832859 46.687641 53.358074 59.489189 53.887772 48.256416 42.053799 37.558655 29.530058 25.206659 20.420721 15.652825 10.315328 6.874135 3.835023 1.867296 0.738509 0.254818 0.072242 0.021208 0.025228 0.065252 0.201313 
0.103049 0.072521 0.117309 0.122331 0.250719 0.709905 1.020399 2.468665 4.452862 6.719570 13.420481 17.282871 20.868246 24.500000 29.102398 34.036816 39.407612 44.779087 51.156075 57.682789 64.759468 59.998631 52.605740 47.253906 39.787003 33.574162 27.663963 21.504818 16.049129 11.098391 7.181616 4.089684 2.030941 0.802995 0.257213 0.071035 0.035209 0.083034 0.186974 0.147513 
0.000000 0.000000 0.000000 0.000000 0.000000 0.000000 0.000000 0.000000 0.000000 0.000000 0.000000 0.000000 0.000000 0.000000 0.000000 0.000000 0.000000 0.000000 0.000000 0.000000 0.000000 0.000000 0.000000 0.000000 0.000000 0.000000 0.000000 0.000000 0.000000 0.000000 0.000000 0.000000 0.000000 0.000000 0.000000 0.000000 0.000000 0.000000 0.000000 0.000000 
0.019311 0.020348 0.066974 0.257224 0.783896 1.912847 3.724388 5.675358 11.542205 18.427876 19.563372 21.926327 27.865061 32.203354 38.917675 45.434311 51.249493 56.682709 62.475609 68.850601 75.977692 67.193283 59.236008 51.450836 44.316654 37.266861 28.889524 23.214766 17.555231 12.784670 8.827974 5.699716 3.284405 1.772001 0.903558 0.584811 0.542087 1.305969 4.936821 1.260896 
0.009116 0.031264 0.150997 0.621870 1.762993 1.664614 2.615596 4.648210 8.002312 11.652304 14.408725 17.711481 21.559616 25.867689 31.082422 36.737103 42.479851 48.543346 54.573124 60.890755 67.464188 66.410011 58.421841 51.106491 43.853626 36.487949 29.233639 23.171618 17.402168 13.105132 8.160936 5.965907 2.647348 1.443007 0.502063 0.246537 0.243226 0.596864 1.032493 0.458231 
0.010488 0.054787 0.312644 1.540089 5.837821 4.929548 6.713513 7.655673 8.833946 10.541254 12.635880 15.208088 18.545410 22.494621 27.139912 32.252220 37.632435 43.320580 49.642971 54.083672 61.005268 61.352795 54.626823 48.828548 42.495659 35.850487 28.731998 22.722712 17.281523 12.499940 8.331104 5.287525 2.833003 1.462119 0.599235 0.387164 0.625409 1.576904 0.682496 0.251417 
0.007319 0.030490 0.151618 0.633148 1.846895 2.077067 2.282834 3.131202 4.872725 7.041142 9.364819 11.898602 14.901118 18.350943 22.548788 27.347626 32.410374 38.224255 44.131161 48.738792 55.209656 54.268490 51.051189 45.729153 39.727360 35.495441 28.238771 22.628170 18.360018 13.916498 8.735546 6.034858 3.869413 2.511492 1.538860 1.572300 2.754006 6.745277 1.528494 0.355509 
0.010172 0.015525 0.057852 0.220935 0.637832 1.176930 1.195788 1.878188 3.480097 5.342153 7.295986 9.416969 12.007055 15.018239 18.986305 23.420277 28.292019 33.673557 38.819733 44.147408 48.721424 49.020969 45.313431 38.998833 35.545246 31.802540 26.170046 22.680700 20.592838 14.993475 11.446135 7.879039 5.607287 2.634124 2.080476 2.068935 1.080310 1.662010 0.745853 0.216526 
0.039421 0.021559 0.035383 0.126053 0.471137 1.517242 1.022587 1.492480 2.729761 3.934882 5.421766 7.159526 9.398173 12.066497 15.848946 19.888748 24.496120 29.122263 33.890808 38.776119 41.617161 42.819790 39.056160 34.010048 29.835407 25.420784 19.909653 15.159572 11.761025 10.564429 5.820802 3.521416 2.253111 2.363009 3.382235 5.852421 1.488696 0.601698 0.399367 0.157903 
0.182095 0.063621 0.048124 0.068298 0.197601 0.490560 0.404611 1.028828 1.657993 2.425567 3.700506 5.192363 7.162490 9.626402 13.273015 16.824366 20.964022 24.509941 28.604670 31.675619 35.981850 37.098923 34.534855 28.426966 25.093134 21.888737 17.652176 13.359884 8.473331 6.313810 4.171116 2.532016 1.598374 0.719958 0.794597 1.427478 0.529730 0.205043 0.159209 0.266903 
0.124257 0.161511 0.177756 0.096233 0.167614 0.437282 0.375001 0.768975 0.924548 1.498663 2.555177 3.670360 5.360002 7.763238 11.196457 13.980003 17.445200 19.453346 22.600248 26.266453 31.013708 30.989603 28.521128 24.583506 20.167515 17.536192 14.092175 10.726241 6.060018 4.162320 2.721842 2.500108 2.814057 0.763431 0.348387 0.361449 0.179302 0.134777 0.209522 0.163095 
0.214065 0.747375 0.898992 0.269469 0.393759 1.584937 0.981927 1.154971 0.655604 1.122345 1.808347 2.427783 3.961897 6.495838 9.265921 10.914976 13.524654 13.935564 17.587168 21.508657 25.820070 25.575203 23.741611 18.546108 16.377197 14.127237 11.646352 7.292149 4.385348 2.489348 1.321502 0.824234 0.833402 0.380955 0.253671 0.406707 0.242867 0.356098 0.913879 0.431189 
0.000000 0.000000 0.000000 0.000000 0.000000 0.000000 0.000000 0.000000 0.000000 0.000000 0.000000 0.000000 0.000000 0.000000 0.000000 0.000000 0.000000 0.000000 0.000000 0.000000 0.000000 0.000000 0.000000 0.000000 0.000000 0.000000 0.000000 0.000000 0.000000 0.000000 0.000000 0.000000 0.000000 0.000000 0.000000 0.000000 0.000000 0.000000 0.000000 0.000000 
0.459196 1.032160 0.362842 0.111863 0.112521 0.406728 1.557121 0.525144 0.827460 2.767520 1.289004 1.349564 3.507220 6.173382 4.056315 3.906404 5.115483 6.332476 10.641514 14.308974 15.462540 15.232789 15.909063 9.633861 8.760362 6.930111 5.988450 4.153706 1.752224 0.973378 0.560666 0.771492 1.425864 0.811900 2.048940 10.201985 1.917281 0.627165 0.950027 0.423576 
1.229449 5.025292 0.943157 0.185420 0.068389 0.140747 0.364650 0.203884 0.327452 0.778468 0.454495 0.579224 1.481804 3.899222 2.277945 1.911437 2.902358 3.944753 9.248404 10.569988 12.219227 10.931991 14.582955 6.800343 5.070138 3.873635 3.788800 4.531982 1.413221 0.797348 0.498195 1.348709 5.635117 1.328406 0.839934 1.930982 0.627720 0.217004 0.200705 0.111040 
0.505818 0.988844 0.328679 0.084477 0.031213 0.045406 0.084277 0.065156 0.096602 0.186917 0.167814 0.402626 1.496346 5.014270 1.812533 0.954463 1.511048 2.522484 8.253063 7.241294 6.988293 7.140075 11.672974 5.234387 3.330681 2.197979 2.608529 5.309643 1.400910 0.452356 0.228072 0.464482 1.235726 0.485527 0.297307 0.379985 0.163927 0.062005 0.042178 0.024888 
0.265456 0.213981 0.087872 0.031019 0.026860 0.053513 0.065877 0.063035 0.063592 0.095277 0.077871 0.162788 0.545756 1.328460 0.585030 0.352607 0.790752 1.698285 5.663349 4.616193 4.542742 4.164573 6.954868 5.072868 2.363231 1.153317 0.815384 1.389840 0.547338 0.181622 0.080038 0.127427 0.279302 0.260379 0.394001 0.225669 0.120672 0.046774 0.017555 0.007562 
0.056730 0.044184 0.023110 0.023314 0.069096 0.208616 0.233195 0.231862 0.203469 0.349245 0.156724 0.085917 0.146967 0.289004 0.163791 0.144496 0.355394 0.763569 1.972422 2.043695 2.165096 1.604513 3.108386 7.878756 2.539165 1.233386 0.436095 0.411387 0.194072 0.112622 0.048290 0.069104 0.211506 0.683119 1.955849 0.745363 0.466652 0.166058 0.044867 0.012934 
0.011353 0.009380 0.010326 0.035449 0.171615 0.849010 0.939512 0.955936 0.752407 1.926652 0.618404 0.176305 0.069448 0.061321 0.034313 0.036826 0.130385 0.332806 1.217885 1.001712 1.574674 0.771154 1.098062 1.812813 1.093834 1.424637 0.588823 0.440545 0.330661 0.317745 0.100233 0.137606 0.491437 2.241260 10.901357 2.459016 2.203525 0.645434 0.148277 0.039900 
0.002689 0.002261 0.004445 0.017458 0.068040 0.213133 0.274798 0.517619 1.956951 10.722979 1.924004 0.482794 0.131581 0.039051 0.013648 0.017432 0.074280 0.258277 0.857436 0.654827 0.963027 0.375928 0.306213 0.487516 0.632777 0.720370 1.033254 0.949850 0.283716 0.176792 0.144240 0.336334 0.822451 2.559477 2.800117 2.606451 10.785554 1.869523 0.335392 0.098440 
0.005158 0.001031 0.001549 0.005777 0.019444 0.049603 0.077266 0.184074 0.634514 1.971195 0.892344 0.976353 0.320693 0.081009 0.019391 0.012585 0.037478 0.102856 0.251623 0.242388 0.284699 0.128853 0.078341 0.097145 0.176572 0.204275 0.281203 0.252083 0.113230 0.126129 0.364153 1.176292 2.222106 10.901634 2.309924 1.054525 1.970897 0.613714 0.172879 0.206067 
0.000631 0.000230 0.000422 0.001508 0.004636 0.010863 0.019662 0.052930 0.174647 0.497279 0.997993 4.287614 0.847984 0.167932 0.034448 0.019477 0.046783 0.041147 0.066033 0.067413 0.070934 0.036300 0.024965 0.051357 0.184492 0.079359 0.070860 0.061960 0.057292 0.184367 0.890127 4.394217 1.438970 2.091940 0.717938 0.308269 0.361612 0.147439 0.051970 0.048135 
0.000000 0.000000 0.000000 0.000000 0.000000 0.000000 0.000000 0.000000 0.000000 0.000000 0.000000 0.000000 0.000000 0.000000 0.000000 0.000000 0.000000 0.000000 0.000000 0.000000 0.000000 0.000000 0.000000 0.000000 0.000000 0.000000 0.000000 0.000000 0.000000 0.000000 0.000000 0.000000 0.000000 0.000000 0.000000 0.000000 0.000000 0.000000 0.000000 0.000000 
