0.015970 0.076218 0.343939 1.164666 0.366124 0.177980 0.272734 0.103885 0.025762 0.004949 0.000822 0.000395 0.002101 0.013450 0.074215 0.335460 1.127151 0.386837 0.319798 0.803831 0.726497 0.168816 0.034091 0.005926 0.000951 0.000433 0.001413 0.004724 0.010421 0.010321 0.015615 0.032948 0.119648 0.545638 0.100418 0.018904 0.004114 0.003645 0.012910 0.041964 
0.026189 0.137230 0.775553 4.107726 0.845782 0.566554 1.484681 0.428716 0.088903 0.015206 0.002305 0.000754 0.003250 0.021564 0.134300 0.764212 4.069416 0.862260 0.793310 3.513513 1.174968 0.281752 0.055599 0.009458 0.001610 0.001354 0.005651 0.021180 0.053445 0.046521 0.066963 0.098297 0.196422 0.184237 0.080511 0.027280 0.008836 0.008744 0.032898 0.157841 
0.014404 0.060663 0.254723 0.802043 0.499478 1.553125 8.872131 1.450312 0.233532 0.035181 0.005025 0.001341 0.003052 0.012511 0.058591 0.248297 0.775821 0.371646 0.574332 1.169509 3.224968 0.563201 0.094893 0.015119 0.002892 0.004112 0.020242 0.088953 0.285791 0.205510 0.321612 0.441451 1.028228 0.440196 0.277247 0.098550 0.032511 0.023910 0.043825 0.051056 
0.020206 0.044946 0.077118 0.183475 0.284955 0.662827 1.531177 0.579375 0.150335 0.031126 0.006020 0.003661 0.009282 0.018723 0.038079 0.072245 0.179457 0.306851 1.128356 0.483566 0.611197 0.179974 0.040559 0.011154 0.004300 0.008413 0.046778 0.263583 1.413158 0.732893 1.393718 1.586582 5.780840 1.457402 1.185498 0.338368 0.119439 0.115548 0.234484 0.121201 
0.095942 0.202344 0.101329 0.115928 0.300497 0.355395 0.582045 1.019115 0.310596 0.067995 0.014464 0.013993 0.045991 0.086579 0.142747 0.072306 0.070405 0.214984 1.222194 0.247306 0.130007 0.047508 0.025211 0.033924 0.015935 0.008915 0.023211 0.097113 0.328196 0.398821 1.096278 0.634605 1.069613 0.470421 0.497690 0.808520 0.389213 0.529912 1.448986 0.553126 
0.442602 1.247547 0.398143 0.281312 1.123260 0.709922 1.219975 5.129459 0.912212 0.157276 0.030676 0.041189 0.209208 0.397121 0.755926 0.252685 0.083897 0.208609 2.181442 0.204254 0.045551 0.033446 0.088289 0.209225 0.087703 0.029161 0.019432 0.041825 0.141861 0.551156 2.871604 0.587106 0.274174 0.226749 0.771225 3.796154 1.273224 1.903054 8.559585 1.922478 
1.450029 7.451478 1.255262 0.359373 0.658684 1.463128 0.717885 1.022899 0.334623 0.080704 0.020645 0.033446 0.167649 0.788115 3.583762 0.756926 0.160186 0.174618 2.688972 0.159880 0.054834 0.102092 0.395156 1.133662 0.403357 0.130057 0.065639 0.057732 0.075542 0.240775 0.785698 0.242425 0.085174 0.078032 0.247619 0.737971 0.374065 0.527701 1.450896 0.561954 
0.485863 1.256930 0.398735 0.295216 1.296644 7.188238 1.302478 0.441941 0.319441 0.107975 0.027806 0.020210 0.080097 0.332204 1.036660 0.496588 0.241939 0.266622 2.906251 0.298483 0.246453 0.313682 1.206251 4.563922 1.234354 0.516413 0.295283 0.253826 0.143510 0.311953 0.945038 0.283257 0.068800 0.029531 0.062835 0.143441 0.088011 0.112632 0.241762 0.151129 
0.240357 0.222798 0.095255 0.105590 0.399915 1.305242 0.479747 0.529207 1.476722 0.428408 0.090746 0.028109 0.070534 0.283100 0.824069 0.751696 0.539498 0.689286 3.342054 0.645704 0.681381 0.499844 0.830588 3.332196 1.437751 2.061464 1.139669 1.130494 0.405477 0.823605 3.728842 0.686894 0.123699 0.030898 0.042921 0.089235 0.045314 0.031747 0.063958 0.176595 
0.090453 0.046447 0.022481 0.035553 0.124209 0.309944 0.325877 1.480674 8.766273 1.439244 0.233010 0.053161 0.114206 0.510780 1.840706 3.724393 2.328897 2.237604 3.670932 1.814375 2.805812 1.264028 1.266755 6.048168 1.787205 1.119860 0.765281 0.412596 0.217957 0.377302 0.745410 0.236139 0.058989 0.041544 0.131898 0.372043 0.129595 0.035579 0.019951 0.035667 
0.017427 0.010444 0.010617 0.034669 0.177336 0.239422 0.139874 0.444532 1.490598 0.544075 0.128161 0.033637 0.057117 0.224945 0.810036 1.355956 2.559463 4.148675 5.372025 3.780564 5.442122 2.496919 2.176797 5.007939 3.577732 1.455244 1.504344 0.630499 0.403905 0.788097 0.348577 0.102544 0.036377 0.083451 0.403299 1.906466 0.389957 0.076598 0.015902 0.008526 
0.005438 0.008577 0.016018 0.017360 0.039505 0.055178 0.072035 0.123384 0.356426 0.784225 0.170475 0.040988 0.039350 0.119949 0.594032 1.430842 5.300158 6.401418 7.491048 6.785497 9.246677 4.798207 4.183336 6.292260 5.718657 3.449332 5.682677 1.902287 1.242547 3.698061 0.748528 0.143497 0.041711 0.089136 0.357176 1.224831 0.324834 0.070377 0.013329 0.003315 
0.012290 0.035946 0.081205 0.038423 0.022822 0.048479 0.221809 0.075878 0.106089 0.253929 0.218046 0.085480 0.078101 0.161608 0.680680 1.543939 3.508593 8.454644 10.604438 10.690511 12.561137 7.639777 6.985025 8.817244 8.539625 7.652970 4.401353 4.002756 1.401875 1.420694 0.448172 0.134505 0.067081 0.172742 0.631354 2.001562 0.411775 0.079884 0.013886 0.002545 
0.043496 0.153470 0.443785 0.152188 0.043787 0.042419 0.164185 0.047981 0.053243 0.179096 0.794232 0.379705 0.307639 0.453035 1.041990 2.781663 4.138298 8.537099 12.777848 14.750329 16.785646 12.102759 11.293843 12.291455 10.686891 7.640701 4.922751 3.843028 2.399938 2.076207 0.635545 0.351312 0.201161 0.487758 1.619863 0.798459 0.214947 0.045603 0.008234 0.001592 
0.105690 0.476371 2.306211 0.464622 0.095377 0.035234 0.043968 0.035526 0.059156 0.083640 0.332124 0.616071 0.881707 1.230559 2.092283 3.591254 8.313435 14.169353 18.515049 20.390209 22.464363 16.898968 15.314372 15.160399 11.035138 7.595444 4.681047 2.621402 1.389705 0.957986 0.689874 1.390948 0.653607 1.583763 9.101151 1.522226 0.255762 0.040863 0.006483 0.001927 
0.092691 0.359375 1.287836 0.359714 0.100765 0.074004 0.070055 0.109386 0.240616 0.168000 0.349065 0.822196 1.537174 2.311621 3.656447 5.130584 8.843332 14.110715 19.895304 24.233829 27.374807 21.882030 20.425507 15.526454 12.005513 8.067704 5.248749 3.239764 2.342841 1.914569 2.137516 5.961990 1.366416 0.652722 1.524462 0.443024 0.093822 0.017253 0.005115 0.006532 
0.108353 0.479243 2.319801 0.485968 0.182274 0.303291 0.262912 0.394837 0.320985 0.604064 1.169030 1.910307 2.990583 4.151511 5.960345 7.690991 10.890896 15.350750 21.434664 26.690474 32.108471 26.221697 23.094099 17.580822 14.311769 10.789268 8.160020 7.120616 6.653883 2.028544 1.256330 1.459846 0.452404 0.178815 0.246239 0.092034 0.023541 0.008005 0.013168 0.033794 
0.057337 0.159243 0.454639 0.202453 0.306375 1.341632 0.901155 1.966580 0.815211 0.909307 2.007057 2.860670 4.049644 5.614110 7.906054 10.352947 13.573677 18.029173 23.644253 29.762344 36.678524 30.685850 26.032900 21.191683 18.690369 12.638784 9.678299 6.383526 4.061938 1.758564 0.780959 0.401955 0.137388 0.044153 0.038492 0.016622 0.008027 0.015882 0.049934 0.169598 
0.079042 0.050768 0.090674 0.073791 0.165058 0.456267 0.386388 0.690144 0.839568 1.435992 5.675512 7.570371 8.101486 9.283195 11.619588 14.499093 18.085955 22.068144 27.580818 33.353363 42.845509 36.167931 30.318378 25.212103 19.616323 14.608934 10.368106 6.353765 3.626902 1.720572 0.744808 0.336519 0.109027 0.027906 0.009634 0.006031 0.016018 0.058650 0.147057 0.109245 
0.068606 0.023374 0.029924 0.076100 0.270073 0.719297 0.439640 0.676551 1.414179 1.433952 3.168106 4.873090 7.813675 10.882682 14.297853 17.949884 22.115416 26.996069 31.904432 38.611366 48.862583 40.353561 33.526169 27.274147 21.653463 16.416668 11.669819 7.488422 4.609783 2.592763 1.441942 0.780505 0.194726 0.047356 0.010659 0.012312 0.057908 0.253496 0.790991 0.341189 
0.014656 0.011920 0.042412 0.199373 0.817692 2.558796 1.757547 1.989344 5.829926 6.478546 4.369543 5.130963 9.438747 13.251917 19.181286 25.398151 30.434059 35.431362 40.743591 47.385410 57.195171 45.221634 37.047844 29.791595 23.786974 17.844227 11.667511 7.935550 4.549214 2.370026 1.086413 0.577052 0.188670 0.052284 0.012571 0.026503 0.147309 0.805034 4.249576 1.075759 
0.005133 0.017492 0.098549 0.482453 1.699040 1.071765 0.428986 0.409155 0.978155 0.820961 1.037085 2.146630 4.117357 6.816728 10.621720 15.102808 19.779697 25.141363 30.284559 36.554657 44.273800 44.302486 35.390526 28.409798 22.337700 16.406353 11.122901 7.440619 4.261514 2.551694 0.996111 0.893955 0.208248 0.053741 0.017317 0.035207 0.136402 0.450710 0.866041 0.355170 
0.005518 0.034276 0.236491 1.513446 9.060486 1.837854 0.393490 0.146185 0.213690 0.280211 0.616499 1.405682 2.885716 5.104620 8.163363 11.797219 15.842072 20.373026 25.653854 30.393726 37.193981 37.588291 31.567057 25.287642 20.202753 15.149316 9.848206 6.315215 3.700113 1.919813 0.846319 0.441559 0.219407 0.081097 0.045155 0.114215 0.404834 1.328490 0.516850 0.168262 
0.003705 0.017095 0.099839 0.494897 1.803443 1.976936 0.416615 0.097722 0.059508 0.104418 0.299782 0.773798 1.719196 3.213668 5.489209 8.448653 11.766035 16.260973 20.781223 25.836029 31.536533 30.357687 27.567305 22.336609 17.994320 14.748472 9.386351 6.271251 4.382470 2.489217 0.846985 0.574738 0.748278 0.270831 0.163870 0.413310 1.351893 7.582542 1.299605 0.254016 
0.006835 0.008415 0.034493 0.154269 0.533649 1.237225 0.331333 0.087191 0.028748 0.039725 0.131841 0.380924 0.950812 1.929731 3.719013 6.020249 8.889320 12.777987 16.658361 21.453434 25.650749 24.589470 21.896267 16.956129 14.693722 12.726631 9.575763 7.638491 7.055322 3.535371 2.622588 2.278255 2.880942 0.772848 0.522826 1.384392 0.761388 1.390284 0.581351 0.147854 
0.032028 0.014312 0.022358 0.097334 0.465557 2.151114 0.458084 0.168068 0.046912 0.022093 0.051276 0.161144 0.472016 1.068076 2.409532 4.079848 6.493067 9.612135 13.204932 17.055510 19.750490 18.992313 16.413366 12.900588 10.319773 8.323009 5.363691 3.073811 2.014824 2.352612 0.902953 0.743095 1.038922 0.547089 1.382263 7.761268 1.350215 0.448405 0.310849 0.113300 
0.158065 0.045126 0.030846 0.046674 0.163197 0.476009 0.268658 0.518525 0.111307 0.026985 0.019008 0.057206 0.212756 0.563661 1.543345 2.666965 4.613495 6.939241 9.993518 11.504503 15.047739 14.313464 13.094536 8.853683 6.684085 5.842006 4.524297 2.567144 1.007000 0.618146 0.425219 0.559696 1.046174 0.409175 0.455433 1.306000 0.398294 0.135344 0.114433 0.220577 
0.084735 0.112263 0.127011 0.062262 0.121043 0.350402 0.272602 0.575546 0.132558 0.045728 0.019803 0.029154 0.110764 0.320202 1.006075 1.673617 3.267410 4.501521 6.232135 8.148497 11.905420 10.046925 8.616248 6.774722 4.045347 3.188376 2.629404 1.938730 0.553994 0.243806 0.217259 0.818575 3.623594 0.762736 0.227265 0.259301 0.113529 0.088445 0.160402 0.118715 
0.142148 0.575778 0.723465 0.191931 0.305643 1.437073 0.579255 0.478929 0.154441 0.157982 0.080141 0.081254 0.182647 0.273601 0.656963 0.998637 2.065369 2.225511 3.809151 5.503244 8.448721 6.911528 5.880448 3.547756 2.524230 1.900404 1.747667 0.746103 0.294780 0.094795 0.078357 0.264611 0.776014 0.281452 0.162321 0.281257 0.159457 0.276657 0.797998 0.342824 
0.121156 0.271955 0.184208 0.071705 0.111878 0.363577 0.546392 0.296289 0.305731 0.802889 0.347941 0.349742 0.828449 0.510419 0.420538 0.493366 0.782498 0.989153 2.299948 3.695997 5.598526 4.535945 4.808365 2.879059 1.388390 0.844914 0.600187 0.345965 0.135938 0.058171 0.047142 0.133343 0.326522 0.216244 0.471428 1.524271 0.566144 0.867054 4.272613 1.070033 
0.346910 0.884447 0.282668 0.076291 0.082000 0.358189 1.768960 0.462067 0.839948 4.193386 1.151058 1.170195 4.129730 1.118492 0.333336 0.198552 0.277181 0.459058 1.642590 2.310919 2.515069 2.420163 2.990039 1.053203 1.007257 0.507970 0.439688 0.426955 0.222048 0.202565 0.132777 0.368817 1.143659 0.572448 1.569656 9.124954 1.517064 0.476583 0.821721 0.336129 
1.032602 4.637799 0.813069 0.142505 0.047035 0.110593 0.326410 0.159151 0.276986 0.798810 0.360764 0.430443 1.202327 1.844779 0.510415 0.132892 0.123783 0.279143 1.906444 1.280774 2.160671 1.388921 3.299751 0.594566 0.296464 0.234840 0.573642 1.664590 0.819970 1.024306 0.418860 1.197360 6.188949 1.153616 0.614523 1.524875 0.448765 0.144686 0.152167 0.076728 
0.392038 0.849549 0.260115 0.058901 0.019417 0.031683 0.064258 0.044419 0.068412 0.149676 0.111896 0.305575 1.586152 8.037324 1.438045 0.243309 0.114134 0.429529 3.222641 0.822666 0.691868 0.989071 4.633859 0.903380 0.291636 0.297645 1.489320 7.971224 1.478099 0.390836 0.157013 0.359828 1.098995 0.368077 0.193612 0.261136 0.101479 0.034925 0.026548 0.014435 
0.217497 0.166337 0.061945 0.019495 0.018700 0.041907 0.049757 0.045753 0.039950 0.060992 0.044507 0.106754 0.452641 1.461082 0.431849 0.111317 0.166658 0.897419 4.564391 1.137126 0.619879 1.439871 5.111435 2.573140 0.652376 0.215074 0.458339 1.463335 0.442233 0.121950 0.046389 0.083219 0.204884 0.168913 0.268390 0.139583 0.070149 0.024524 0.008678 0.003450 
0.042535 0.030828 0.014592 0.016588 0.058034 0.186915 0.198869 0.194557 0.142596 0.246785 0.098163 0.048586 0.097223 0.232133 0.090529 0.034072 0.073949 0.324231 1.118356 0.449136 0.290275 0.664710 2.590166 8.539097 1.510785 0.293668 0.172078 0.279788 0.121353 0.077055 0.028537 0.038740 0.132924 0.480765 1.521659 0.521903 0.319193 0.103330 0.024558 0.006264 
0.007617 0.005833 0.006943 0.029350 0.156392 0.811539 0.863262 0.870973 0.571587 1.517043 0.443366 0.113264 0.039980 0.038278 0.017013 0.011925 0.041216 0.174674 0.604817 0.399713 0.406489 0.281211 0.663621 1.545574 0.498452 0.261768 0.283389 0.264147 0.136108 0.299162 0.070667 0.085749 0.334723 1.729771 9.194613 1.889879 1.707500 0.458997 0.093920 0.023283 
0.001448 0.001233 0.002890 0.013421 0.057556 0.189502 0.225884 0.402661 1.543198 9.095010 1.511474 0.358346 0.089305 0.023168 0.007011 0.010339 0.051668 0.262147 1.199186 0.868182 1.448510 0.325016 0.178085 0.280176 0.249332 0.749922 1.182785 1.043536 0.254142 0.146564 0.100265 0.240707 0.579659 1.961745 2.137972 1.992306 9.118564 1.465538 0.237094 0.068932 
0.001935 0.000430 0.000892 0.003939 0.014674 0.039124 0.054764 0.124706 0.455814 1.546829 0.674241 0.844846 0.257864 0.057604 0.011775 0.008002 0.026990 0.093528 0.276686 0.250284 0.319230 0.108825 0.046389 0.056657 0.086918 0.175814 0.254808 0.224986 0.089196 0.092593 0.287801 0.992739 1.750412 9.204995 1.772256 0.743923 1.534065 0.438850 0.117139 0.176534 
0.000220 0.000086 0.000210 0.000885 0.003020 0.007301 0.011665 0.031012 0.113107 0.367126 0.858440 4.096090 0.755741 0.133755 0.023682 0.013830 0.035028 0.032260 0.057959 0.055852 0.062601 0.026928 0.014703 0.031505 0.094589 0.056520 0.054012 0.047299 0.040272 0.144845 0.786626 4.164158 1.179937 1.638459 0.503624 0.194018 0.249246 0.093022 0.031602 0.037118 
0.000027 0.000016 0.000046 0.000186 0.000599 0.001387 0.002546 0.007935 0.031177 0.112890 0.359097 1.161793 0.340120 0.075817 0.019487 0.034373 0.159997 0.037914 0.017370 0.012881 0.012887 0.007813 0.015081 0.080780 0.451001 0.085541 0.022634 0.012595 0.018050 0.077839 0.346949 1.180550 0.441267 0.340222 0.125415 0.046882 0.043014 0.018514 0.007498 0.008111 
