0.000097 0.003044 0.086013 2.224140 0.087339 0.004730 0.008177 0.001206 0.000082 0.000004 0.000000 0.000000 0.000003 0.000095 0.003041 0.085876 2.218686 0.122826 0.065201 0.320446 10.086672 0.076215 0.006979 0.000339 0.000012 0.000003 0.000052 0.000687 0.003971 0.001076 0.000771 0.006157 0.061041 6.337808 0.060912 0.005983 0.000364 0.001607 0.036210 0.701438 
0.000400 0.007700 0.070560 30.519907 0.096574 0.033693 0.070972 0.015334 0.001152 0.000053 0.000002 0.000002 0.000024 0.000397 0.007697 0.070844 30.402891 0.688156 0.623023 27.168188 3.541488 0.160497 0.007354 0.000242 0.000008 0.000034 0.000672 0.007625 0.026485 0.017167 0.008705 0.009384 0.025803 0.317167 0.025605 0.002179 0.000405 0.005599 0.059077 6.102422 
0.000064 0.001397 0.020413 0.124702 0.158262 0.197001 30.725145 0.070499 0.007701 0.000388 0.000016 0.000040 0.000303 0.000356 0.001210 0.015740 0.079719 0.129132 2.816246 1.415460 26.871252 0.076352 0.007879 0.000392 0.000023 0.000249 0.004228 0.027711 1.198538 0.173740 0.074251 0.273393 0.088224 0.341341 0.087525 0.016108 0.001296 0.000990 0.011737 0.062306 
0.000109 0.000755 0.006854 0.060146 5.699959 6.343379 0.159166 0.026960 0.002458 0.000139 0.000064 0.000851 0.005900 0.005954 0.001093 0.001642 0.016591 0.095877 23.099529 0.173775 0.087021 0.015780 0.001161 0.000066 0.000019 0.000421 0.008032 0.070170 25.004864 11.698941 26.787951 16.812954 29.973225 12.244055 27.627018 0.072700 0.010728 0.003504 0.008682 0.009182 
0.003077 0.007862 0.007082 0.142768 4.565181 1.181387 0.119261 0.089680 0.016200 0.001218 0.000892 0.011242 0.059606 0.060211 0.013833 0.001943 0.011300 0.161399 23.023048 0.169224 0.018855 0.001524 0.000140 0.000389 0.000070 0.000264 0.004236 0.027682 1.192497 5.176887 12.825695 0.429499 0.079851 0.250557 0.143085 0.138281 0.093370 0.086464 0.071392 0.086870 
0.086878 0.070665 0.060474 0.136326 11.531573 1.309160 1.338782 30.587423 0.070732 0.007960 0.005977 0.059146 6.068363 6.206546 0.075188 0.016279 0.008684 0.052044 11.232746 0.051176 0.007765 0.000519 0.001168 0.007662 0.001400 0.000480 0.001054 0.008297 0.032069 0.105841 28.014486 0.079302 0.016778 0.015739 0.078404 30.481602 2.227309 2.227696 30.820990 2.234426 
2.240688 30.656834 1.077779 1.032193 5.013046 1.114712 0.113374 0.080355 0.016173 0.001257 0.000900 0.011363 0.062372 0.129222 30.486946 0.072865 0.009945 0.021562 0.063972 0.014757 0.001588 0.001260 0.015354 0.070414 0.020838 0.009105 0.010861 0.008279 0.009815 0.091764 2.195877 0.086001 0.003520 0.001451 0.015581 0.071105 0.086097 0.086735 0.084489 0.101532 
1.884101 0.125811 0.058470 0.052227 0.112131 30.761887 0.080241 0.017507 0.009338 0.001254 0.000144 0.000930 0.008617 0.090744 2.220109 0.088986 0.018237 0.073020 0.021497 0.004327 0.008198 0.008895 0.071613 30.736475 0.134345 0.085625 0.160362 0.056215 0.081920 0.153264 2.198457 0.085619 0.003055 0.000181 0.001215 0.008119 0.003140 0.003984 0.021954 0.138658 
4.149525 0.058500 0.007369 0.004915 0.062124 1.109248 0.056531 0.019834 0.071952 0.015457 0.001196 0.000189 0.003333 0.086170 2.219949 0.140763 0.175410 5.862962 0.112676 0.060971 0.071212 0.017093 0.022754 0.179102 2.115102 21.750822 23.640995 13.082984 1.891028 1.915638 30.249952 0.070845 0.007698 0.000468 0.001217 0.008086 0.001525 0.005746 0.059242 6.128057 
3.157882 0.048557 0.005779 0.013431 0.114740 1.065865 0.063386 0.123945 30.751724 0.071605 0.008688 0.000859 0.007723 0.070835 30.326561 1.170245 1.128256 6.759092 1.096642 1.138741 30.451025 0.080602 0.017868 0.139958 3.130490 1.170746 1.143537 0.117345 0.085398 0.099049 0.089438 0.016147 0.001229 0.001205 0.015339 0.071572 0.015381 0.001997 0.011324 0.059849 
0.047614 0.009443 0.006342 0.059586 6.103115 6.153358 0.085989 0.033250 0.181088 0.151168 0.020409 0.001584 0.001244 0.015712 0.079224 0.115204 1.170056 0.345991 0.072799 0.098614 1.145457 0.055733 0.010408 0.079440 24.344049 1.160856 1.156119 0.070631 0.044024 0.158784 0.026554 0.002429 0.000524 0.007790 0.071594 29.583309 0.071648 0.007846 0.001244 0.005928 
0.004746 0.000788 0.001287 0.011652 0.066459 0.128197 0.144268 0.045071 0.117711 11.551529 0.074103 0.010947 0.000881 0.001608 0.016128 0.079023 30.609228 0.272461 0.073051 0.092745 1.104857 0.050113 0.003477 0.022526 0.146391 0.698181 30.724316 0.276867 0.351480 29.556528 0.071892 0.007849 0.000581 0.006009 0.169600 5.288311 0.169484 0.005952 0.000222 0.000307 
0.000327 0.001186 0.007729 0.002336 0.012453 0.067830 6.328668 0.510410 0.487831 2.250658 2.035342 0.039908 0.004414 0.000364 0.002270 0.030919 0.230159 30.639851 1.153848 1.113283 7.512226 0.067186 0.007071 0.009210 0.072696 30.594543 0.536639 29.835752 4.837485 4.900681 0.165154 0.006324 0.000715 0.008969 0.072969 29.612242 0.071520 0.007791 0.000392 0.000025 
0.001215 0.015342 0.071280 0.015732 0.007460 0.060663 6.016039 0.097512 0.045451 0.099639 11.608433 0.079234 0.006817 0.000409 0.002035 0.035550 0.300831 0.139392 0.069079 0.119307 5.732937 0.065837 0.014272 0.002693 0.015572 0.071144 0.045130 0.073567 0.147749 29.603516 0.080154 0.016294 0.003129 0.023190 0.138079 0.137776 0.022350 0.001474 0.000064 0.000013 
0.008220 0.072050 29.694599 0.072605 0.008790 0.012487 0.069603 0.026610 0.094426 0.028357 0.085548 0.013512 0.000968 0.000429 0.007680 0.070500 30.714252 0.073858 0.010944 0.013985 0.065927 0.028357 0.076815 0.016091 0.002741 0.007845 0.003004 0.010257 0.033620 0.098982 0.034537 0.078846 0.025181 0.087700 30.758158 0.071689 0.008804 0.000475 0.000057 0.000302 
0.006261 0.162480 4.821980 0.163113 0.007119 0.009208 0.018322 0.071428 6.116582 0.067020 0.013564 0.001319 0.000081 0.000056 0.001151 0.015323 0.070731 0.015498 0.001322 0.001579 0.015314 0.077779 30.769049 0.078706 0.016157 0.002016 0.001405 0.016907 0.095956 0.035628 0.097959 30.777498 0.087231 0.024782 0.070366 0.015417 0.001197 0.000115 0.000855 0.005914 
0.013654 0.077449 29.695702 0.088662 0.024977 0.073056 0.184876 0.155491 6.213002 0.068609 0.014682 0.001540 0.000107 0.000009 0.000081 0.001188 0.007958 0.001567 0.000938 0.008645 0.040139 0.028843 0.138795 0.037222 0.078817 0.016179 0.008914 0.071473 30.774063 0.088103 0.025656 0.078783 0.016533 0.002394 0.007695 0.001157 0.000119 0.000845 0.011266 0.059837 
0.056532 0.026250 0.076674 0.025083 0.088601 29.204979 6.042231 29.477394 0.095265 0.033078 0.077227 0.016017 0.001580 0.000109 0.000063 0.000819 0.005480 0.008531 0.022575 0.172920 0.046218 0.183577 0.078584 0.120347 30.748783 0.071628 0.008947 0.015766 0.070359 0.016238 0.003610 0.016262 0.002378 0.000214 0.000392 0.000063 0.000286 0.005620 0.059143 6.127973 
3.243312 0.056039 0.013138 0.004542 0.086474 2.203082 0.268277 0.166866 0.038335 0.100566 30.775024 0.078643 0.016092 0.001607 0.000844 0.009388 0.040648 0.090985 0.247890 0.230068 3.444043 0.466067 0.579399 29.780622 0.159361 0.027687 0.002582 0.001295 0.007769 0.002760 0.016215 0.078863 0.015724 0.001168 0.000066 0.000008 0.000120 0.002082 0.021901 0.138453 
3.229477 0.048637 0.005280 0.003383 0.085739 2.203503 0.170452 0.107701 0.100927 0.035519 0.088089 0.033600 0.078661 0.015993 0.005839 0.039922 2.676629 18.605038 4.279887 3.216998 5.213704 1.731183 1.097082 1.841599 0.166051 0.090665 0.016274 0.001329 0.002011 0.016172 0.079496 28.659851 0.070891 0.007781 0.000392 0.000066 0.001170 0.015926 0.084644 0.101202 
0.048143 0.009173 0.001185 0.008883 0.072036 30.299150 2.222848 2.222987 30.498825 0.088251 0.025596 0.088040 30.775385 0.071060 0.008488 0.010574 0.056652 0.106022 2.899227 4.418364 31.453520 6.256468 4.690621 1.831100 1.851623 30.378782 0.071967 0.008992 0.016254 0.080020 0.357228 9.512782 0.216912 0.006749 0.000206 0.000393 0.007694 0.070513 30.499659 2.223192 
0.004761 0.000759 0.001524 0.022384 0.137608 0.298149 0.107223 0.086978 0.070705 0.016152 0.002812 0.016146 0.070243 0.015334 0.001222 0.001316 0.018281 0.170241 5.267134 6.593991 4.363705 1.226679 0.261695 0.254776 0.134860 0.925037 0.054218 0.011732 0.075220 27.539782 4.880247 27.565285 0.071432 0.007826 0.000400 0.000161 0.002394 0.024849 0.089144 0.087014 
0.000270 0.000420 0.007671 0.070455 30.726381 0.227155 0.032484 0.004832 0.007770 0.001180 0.000174 0.001177 0.007650 0.001151 0.000094 0.000417 0.007814 0.076279 11.072863 5.505904 2.857970 0.254014 0.257144 0.309479 0.238274 0.879550 0.118187 0.041953 0.240221 9.439249 0.365946 0.099004 0.025236 0.002421 0.000244 0.001601 0.016517 0.087515 0.026375 0.005509 
0.000312 0.000099 0.001288 0.018793 0.160774 29.588757 0.071902 0.008290 0.000830 0.000070 0.000008 0.000053 0.000385 0.000053 0.000014 0.000288 0.005406 0.048586 3.899287 0.441991 0.151157 0.226763 0.307412 22.588970 6.798109 5.617971 9.582539 0.459720 0.406160 28.601116 0.098599 0.035414 0.087893 0.016986 0.002862 0.016156 0.079054 30.651384 0.097654 0.040276 
0.005910 0.000874 0.000306 0.006646 0.178028 5.977991 0.182209 0.013334 0.001307 0.000084 0.000004 0.000002 0.000013 0.000002 0.000002 0.000049 0.001109 0.017155 0.126580 0.530096 0.126146 0.187434 29.824472 0.353731 0.363517 8.977074 0.261255 0.331445 30.684677 0.086497 0.027247 0.090035 30.502510 0.089675 0.027015 0.079041 0.104854 0.932666 6.188953 0.711790 
0.059684 0.011653 0.001559 0.007960 0.071625 29.928621 0.136304 0.066719 0.014624 0.001129 0.000052 0.000002 0.000001 0.000000 0.000003 0.000055 0.000730 0.008559 0.071851 30.355337 0.273454 0.220425 4.941533 0.187989 0.038645 0.076195 0.059484 0.395398 0.103744 0.020897 0.005079 0.087007 2.222976 0.104976 0.163314 30.616217 1.124992 1.081578 6.162596 0.788844 
6.109084 0.066222 0.012213 0.005181 0.083377 1.983562 1.958808 15.133503 0.061575 0.007536 0.000390 0.000016 0.000014 0.000004 0.000059 0.000842 0.005631 0.002028 0.015501 0.072063 0.030134 0.093552 29.694088 0.166026 0.022190 0.013791 0.044951 1.978969 0.038625 0.005958 0.003420 0.086051 2.222962 0.088389 0.021079 0.071337 0.054791 0.051452 0.088955 6.118293 
0.726211 0.132137 0.070857 0.050424 0.120097 1.967170 2.004197 16.812330 0.181300 0.011302 0.000460 0.000103 0.000388 0.000093 0.000856 0.011264 0.059070 0.011387 0.002097 0.009002 0.010519 0.023941 0.202958 29.442329 0.095783 0.032591 0.112891 24.345240 0.080756 0.008533 0.008151 0.071072 30.500988 0.071932 0.009036 0.008511 0.002467 0.003725 0.024133 0.138437 
0.728919 6.720154 7.111997 1.022446 1.049696 17.651522 13.110003 12.764179 0.086356 0.015891 0.003430 0.003057 0.007706 0.001460 0.006002 0.059918 6.128105 0.061053 0.007248 0.016439 0.074079 0.092316 0.261897 6.258551 0.239922 0.289536 15.354542 0.706046 0.027300 0.003969 0.001438 0.015783 0.079015 0.015861 0.002400 0.008175 0.002484 0.016887 0.086833 0.101378 
0.081211 1.089947 0.118576 0.050321 0.060265 0.153993 9.574089 3.513020 0.132355 0.078710 0.086453 0.086039 0.070706 0.015778 0.007201 0.060958 6.128296 0.067928 0.014522 0.078273 29.215412 2.187768 2.187693 29.151644 0.091211 0.027851 0.090316 0.040084 0.013570 0.006766 0.002087 0.003493 0.016300 0.003587 0.016224 0.070761 0.024784 0.087448 30.500017 2.223148 
0.131518 1.132033 0.060911 0.004625 0.009942 0.074014 24.207912 0.578278 0.646221 30.617132 2.225161 2.225003 30.481518 0.072812 0.009738 0.011806 0.059163 0.011842 0.007349 0.177889 6.094761 0.251514 0.091683 0.073079 0.016148 0.002392 0.008936 0.018846 0.065591 0.066980 0.049892 0.055127 0.079071 0.025199 0.087632 30.778236 0.087220 0.024772 0.070690 0.085984 
2.232762 30.341805 0.070790 0.007801 0.001634 0.015544 0.072559 0.043140 0.047174 0.070471 0.086388 0.093356 0.138989 0.137980 0.022433 0.002321 0.005736 0.002431 0.016302 0.079940 29.497585 0.083137 0.019533 0.009477 0.001349 0.001330 0.016300 0.078678 5.797705 7.497876 1.101186 1.141854 30.617689 0.087419 0.024795 0.070360 0.016112 0.002379 0.007738 0.003045 
1.997994 0.128923 0.020566 0.001442 0.000797 0.004963 0.008702 0.002582 0.002332 0.007753 0.003443 0.010748 0.073505 30.758512 0.070424 0.007759 0.001830 0.015764 0.079053 0.033669 0.089348 0.033826 0.081991 0.017422 0.002166 0.007784 0.070514 30.744179 0.124687 0.073690 0.050255 0.054690 0.070598 0.016170 0.002767 0.007761 0.001194 0.000135 0.000390 0.000095 
6.076648 0.060913 0.006745 0.001039 0.007668 0.027376 0.017805 0.008517 0.001580 0.000863 0.000203 0.001242 0.015452 0.070307 0.015324 0.001539 0.007761 0.070696 30.501062 0.088908 0.026125 0.088643 30.760069 0.079436 0.016986 0.002804 0.016176 0.080026 0.021575 0.013321 0.002893 0.002351 0.007767 0.002334 0.007804 0.001863 0.000525 0.000062 0.000018 0.000013 
0.059549 0.011425 0.001136 0.004275 0.027851 1.213990 0.180520 0.070936 0.022273 0.008817 0.001213 0.000175 0.001161 0.007651 0.001152 0.000173 0.003042 0.085653 2.205657 0.092087 0.012713 0.018843 0.082997 30.759487 0.079376 0.016620 0.012467 0.017394 0.021455 0.069220 0.011783 0.001016 0.001634 0.015499 0.070536 0.022380 0.008808 0.001214 0.000122 0.000305 
0.005907 0.000874 0.000481 0.008015 0.068747 23.962479 14.287102 23.764883 0.136852 0.071699 0.015809 0.001578 0.000159 0.000390 0.000055 0.000099 0.003046 0.085620 2.204264 0.251060 0.076325 0.017873 0.022718 0.108329 0.119318 0.088916 0.152469 0.071118 0.140870 6.693944 0.063620 0.006927 0.009501 0.072434 30.737057 0.137214 0.071755 0.016014 0.002072 0.005963 
0.000302 0.000050 0.000251 0.004229 0.027808 1.212860 0.181409 0.072352 0.137431 30.759567 0.078703 0.016091 0.001571 0.000106 0.000021 0.000426 0.007988 0.071632 29.215799 6.082362 29.498240 0.077787 0.014466 0.043594 2.230937 20.226732 24.636993 19.613424 5.439035 4.284599 0.058429 0.015495 0.030099 0.137748 0.166600 0.234333 30.736448 0.083048 0.020441 0.059992 
0.000011 0.000003 0.000034 0.000672 0.007621 0.026401 0.017455 0.009603 0.022771 0.078773 0.032749 0.078853 0.015703 0.001166 0.000114 0.000896 0.006791 0.016277 0.072502 0.176856 0.071476 0.015678 0.002754 0.033407 0.601016 0.115237 0.152398 0.061907 0.147217 0.057744 0.027892 0.078561 0.143787 30.743757 0.101047 0.038381 0.070519 0.022413 0.075028 6.144698 
0.000000 0.000000 0.000002 0.000050 0.000654 0.003735 0.001031 0.000547 0.001897 0.016152 0.079047 30.500496 0.070672 0.007738 0.001241 0.011310 0.060090 0.012546 0.008695 0.006055 0.007786 0.001220 0.001657 0.034437 0.621153 0.042898 0.012352 0.008084 0.009528 0.013896 0.076856 30.484138 0.139456 0.073982 0.016873 0.002963 0.007747 0.002058 0.011992 0.060170 
0.000000 0.000000 0.000000 0.000002 0.000034 0.000225 0.000045 0.000023 0.000160 0.003479 0.086385 2.222332 0.085988 0.003347 0.006016 0.059919 6.129179 0.060217 0.006336 0.000490 0.000425 0.000359 0.006006 0.062004 6.696552 0.062375 0.006383 0.000730 0.000433 0.003368 0.086258 2.221641 0.093680 0.011185 0.001337 0.000158 0.000405 0.000118 0.000917 0.006249 
