0.000000 0.000000 0.000000 0.000000 0.000000 0.000000 0.000000 0.000000 0.000000 0.000000 0.000000 0.000000 0.000000 0.000003 0.000020 0.000114 0.000593 0.002753 0.010073 0.015555 6.344077 0.015555 0.010073 0.002753 0.000593 0.000114 0.000023 0.000023 0.000114 0.000593 0.002752 0.010070 0.015533 6.320532 0.015533 0.010070 0.002752 0.000593 0.000114 0.000023 
0.000000 0.000000 0.000000 0.000000 0.000000 0.000000 0.000000 0.000000 0.000000 0.000000 0.000000 0.000000 0.000000 0.000002 0.000013 0.000074 0.000378 0.001730 0.006546 0.017560 0.034922 0.017560 0.006546 0.001730 0.000379 0.000074 0.000015 0.000015 0.000074 0.000373 0.001697 0.006396 0.016612 0.013093 0.016612 0.006396 0.001697 0.000373 0.000074 0.000015 
0.000000 0.000000 0.000000 0.000000 0.000000 0.000000 0.000000 0.000000 0.000000 0.000000 0.000000 0.000000 0.000000 0.000001 0.000010 0.000068 0.000427 0.002163 0.008061 0.020169 0.029797 0.020171 0.008063 0.002164 0.000427 0.000068 0.000011 0.000007 0.000032 0.000156 0.000664 0.002327 0.005836 0.007639 0.005836 0.002327 0.000664 0.000156 0.000032 0.000007 
0.000000 0.000000 0.000000 0.000000 0.000000 0.000000 0.000000 0.000000 0.000000 0.000000 0.000000 0.000000 0.000001 0.000014 0.000164 0.001541 0.010518 0.048797 0.146356 0.281830 0.356765 0.281859 0.146394 0.048823 0.010528 0.001543 0.000165 0.000016 0.000012 0.000050 0.000196 0.000628 0.001463 0.001978 0.001463 0.000628 0.000196 0.000050 0.000011 0.000002 
0.000000 0.000000 0.000000 0.000000 0.000000 0.000000 0.000000 0.000000 0.000000 0.000000 0.000000 0.000002 0.000038 0.000551 0.006081 0.046355 0.214500 0.577953 1.086859 1.581825 1.898263 1.581934 1.087047 0.578157 0.214652 0.046416 0.006094 0.000553 0.000041 0.000015 0.000048 0.000143 0.000311 0.000415 0.000311 0.000143 0.000048 0.000013 0.000003 0.000001 
0.000000 0.000000 0.000000 0.000000 0.000000 0.000000 0.000000 0.000000 0.000000 0.000000 0.000004 0.000085 0.001417 0.017426 0.133037 0.516233 1.215425 2.167936 3.230433 4.264551 4.769481 4.264749 3.230796 2.168416 1.215945 0.516650 0.133239 0.017468 0.001422 0.000088 0.000014 0.000029 0.000060 0.000079 0.000060 0.000029 0.000010 0.000003 0.000001 0.000000 
0.000000 0.000000 0.000000 0.000000 0.000000 0.000000 0.000000 0.000000 0.000000 0.000006 0.000149 0.002815 0.037202 0.262335 0.870911 1.886402 3.257971 4.903143 6.688856 8.328889 9.268224 8.329167 6.689366 4.903875 3.258863 1.887303 0.871643 0.262726 0.037291 0.002824 0.000152 0.000012 0.000011 0.000014 0.000011 0.000005 0.000002 0.000001 0.000000 0.000000 
0.000000 0.000000 0.000000 0.000000 0.000000 0.000000 0.000000 0.000000 0.000008 0.000209 0.004396 0.061424 0.396386 1.206518 2.493716 4.248310 6.404169 8.861837 11.396574 13.727367 15.044862 13.727684 11.397182 8.862745 6.405326 4.249595 2.494942 1.207462 0.396899 0.061549 0.004406 0.000210 0.000010 0.000002 0.000002 0.000001 0.000000 0.000000 0.000000 0.000000 
0.000000 0.000000 0.000000 0.000000 0.000000 0.000000 0.000000 0.000008 0.000233 0.005470 0.081445 0.502643 1.470595 2.989757 5.065194 7.657411 10.664969 13.869459 17.007467 19.666382 21.299007 19.666681 17.008087 13.870410 10.666238 7.658878 5.066702 2.991086 1.471563 0.503148 0.081569 0.005480 0.000234 0.000008 0.000000 0.000000 0.000000 0.000000 0.000000 0.000000 
0.000000 0.000000 0.000000 0.000000 0.000000 0.000000 0.000006 0.000209 0.005470 0.089173 0.560812 1.637172 3.335743 5.672572 8.617638 12.062987 15.758569 19.381105 22.551594 25.038624 26.517555 25.038860 22.552118 19.381960 15.759758 12.064435 8.619189 5.674041 3.336948 1.637978 0.561205 0.089262 0.005476 0.000209 0.000006 0.000000 0.000000 0.000000 0.000000 0.000000 
0.000000 0.000000 0.000000 0.000000 0.000000 0.000004 0.000149 0.004395 0.081439 0.560803 1.694041 3.512328 6.044598 9.265463 13.051343 17.107567 21.036951 24.419355 27.047462 28.844534 29.941034 28.844685 27.047815 24.419979 21.037901 17.108803 13.052733 9.266834 6.045796 3.513232 1.694599 0.561050 0.081488 0.004398 0.000149 0.000004 0.000000 0.000000 0.000000 0.000000 
0.000000 0.000000 0.000000 0.000000 0.000002 0.000085 0.002814 0.061411 0.502603 1.637123 3.512293 6.169533 9.590861 13.638464 17.970734 22.115435 25.603819 28.222996 29.979269 31.061195 31.706276 31.061272 29.979458 28.223364 25.604435 22.116310 17.971788 13.639586 9.591899 6.170373 3.512874 1.637453 0.502729 0.061431 0.002815 0.000085 0.000002 0.000000 0.000000 0.000000 
0.000000 0.000000 0.000000 0.000001 0.000038 0.001416 0.037179 0.396288 1.470450 3.335600 6.044485 9.590796 13.832925 18.390835 22.721668 26.300377 28.904982 30.588757 31.596613 32.138790 32.475395 32.138821 31.596697 30.588936 28.905308 26.300894 22.722368 18.391642 13.833723 9.591475 6.044985 3.335921 1.470612 0.396342 0.037185 0.001416 0.000038 0.000001 0.000000 0.000000 
0.000000 0.000000 0.000000 0.000013 0.000550 0.017398 0.262140 1.206169 2.989379 5.672237 9.265224 13.638319 18.390772 22.917036 26.623060 29.261135 30.913277 31.860821 32.362461 32.608150 32.761555 32.608166 32.362492 31.860895 30.913424 29.261389 26.623447 22.917536 18.391310 13.638800 9.265596 5.672501 2.989529 1.206237 0.262158 0.017400 0.000550 0.000013 0.000000 0.000000 
0.000000 0.000000 0.000004 0.000162 0.006058 0.132753 0.870184 2.492817 5.064346 8.616968 13.050884 17.970459 22.721533 26.623013 29.371933 31.055489 31.988480 32.461784 32.692913 32.791775 32.857773 32.791782 32.692924 32.461807 31.988537 31.055595 29.372114 26.623274 22.721842 17.970766 13.051136 8.617153 5.064465 2.492879 0.870209 0.132757 0.006058 0.000162 0.000004 0.000000 
0.000000 0.000001 0.000035 0.001518 0.046094 0.514984 1.884524 4.246325 7.655707 12.061729 17.106766 22.114994 26.300179 29.261061 31.055470 32.026745 32.503250 32.724487 32.821983 32.860462 32.887405 32.860462 32.821987 32.724495 32.503269 32.026783 31.055542 29.261175 26.300329 22.115164 17.106922 12.061848 7.655786 4.246370 1.884546 0.514991 0.046095 0.001518 0.000035 0.000001 
0.000000 0.000006 0.000266 0.010335 0.212946 1.211975 3.253789 6.400214 10.661817 15.756403 21.035681 25.603197 28.904730 30.913187 31.988455 32.503246 32.734013 32.830288 32.870636 32.884857 32.896866 32.884857 32.870636 32.830292 32.734020 32.503258 31.988482 30.913233 28.904795 25.603279 21.035765 15.756467 10.661862 6.400242 3.253805 1.211981 0.212947 0.010335 0.000266 0.000006 
0.000001 0.000032 0.001455 0.047643 0.572890 2.160203 4.894796 8.854475 13.863945 19.377609 24.417538 28.222214 30.588470 31.860729 32.461758 32.724480 32.830288 32.871895 32.888275 32.894058 32.900372 32.894058 32.888275 32.871895 32.830292 32.724487 32.461765 31.860743 30.588493 28.222248 24.417574 19.377640 13.863968 8.854491 4.894806 2.160207 0.572891 0.047644 0.001455 0.000033 
0.000003 0.000125 0.005404 0.141507 1.074743 3.214641 6.672829 11.383085 16.997908 22.546085 27.044888 29.978275 31.596292 32.362370 32.692886 32.821976 32.870632 32.888275 32.895496 32.898094 32.902397 32.898094 32.895496 32.888275 32.870636 32.821976 32.692890 32.362373 31.596302 29.978287 27.044903 22.546099 16.997919 11.383094 6.672834 3.214644 1.074745 0.141509 0.005406 0.000131 
0.000000 0.000000 0.000000 0.000000 0.000000 0.000000 0.000000 0.000000 0.000000 0.000000 0.000000 0.000000 0.000000 0.000000 0.000000 0.000000 0.000000 0.000000 0.000000 0.000000 0.000000 0.000000 0.000000 0.000000 0.000000 0.000000 0.000000 0.000000 0.000000 0.000000 0.000000 0.000000 0.000000 0.000000 0.000000 0.000000 0.000000 0.000000 0.000000 0.000000 
0.000009 0.000443 0.017516 0.337032 1.863506 4.725740 9.221466 15.002191 21.267061 26.498640 29.932249 31.702822 32.474270 32.761238 32.857700 32.887394 32.896866 32.900372 32.902397 32.903194 32.904728 32.903194 32.902397 32.900372 32.896866 32.887394 32.857700 32.761238 32.474270 31.702822 29.932251 26.498644 21.267069 15.002201 9.221477 4.725750 1.863516 0.337043 0.017530 0.000469 
0.000006 0.000313 0.012726 0.269005 1.558085 4.234908 8.299099 13.702182 19.648945 25.029076 28.840387 31.059732 32.138332 32.608017 32.791744 32.860455 32.884857 32.894058 32.898094 32.899757 32.903194 32.899757 32.898094 32.894058 32.884857 32.860455 32.791744 32.608017 32.138332 31.059732 28.840389 25.029076 19.648949 13.702185 8.299104 4.234913 1.558092 0.269012 0.012734 0.000330 
0.000003 0.000125 0.005404 0.141507 1.074743 3.214641 6.672829 11.383085 16.997908 22.546083 27.044888 29.978275 31.596292 32.362370 32.692886 32.821976 32.870632 32.888271 32.895496 32.898094 32.902397 32.898094 32.895496 32.888271 32.870632 32.821976 32.692886 32.362370 31.596292 29.978275 27.044888 22.546085 16.997908 11.383087 6.672829 3.214642 1.074744 0.141509 0.005406 0.000131 
0.000001 0.000032 0.001455 0.047643 0.572890 2.160203 4.894795 8.854475 13.863944 19.377609 24.417538 28.222214 30.588469 31.860729 32.461758 32.724480 32.830288 32.871891 32.888271 32.894058 32.900372 32.894058 32.888271 32.871891 32.830288 32.724480 32.461758 31.860727 30.588469 28.222214 24.417538 19.377609 13.863944 8.854475 4.894795 2.160203 0.572890 0.047644 0.001455 0.000033 
0.000000 0.000006 0.000266 0.010335 0.212946 1.211975 3.253789 6.400214 10.661815 15.756404 21.035681 25.603197 28.904726 30.913185 31.988451 32.503242 32.734013 32.830288 32.870632 32.884857 32.896866 32.884857 32.870632 32.830288 32.734013 32.503242 31.988451 30.913185 28.904726 25.603197 21.035681 15.756403 10.661815 6.400214 3.253789 1.211975 0.212946 0.010335 0.000266 0.000006 
0.000000 0.000001 0.000035 0.001518 0.046094 0.514984 1.884524 4.246325 7.655707 12.061728 17.106762 22.114990 26.300169 29.261053 31.055462 32.026733 32.503242 32.724480 32.821976 32.860455 32.887394 32.860455 32.821976 32.724480 32.503242 32.026733 31.055460 29.261051 26.300169 22.114990 17.106764 12.061728 7.655707 4.246325 1.884524 0.514984 0.046094 0.001518 0.000035 0.000001 
0.000000 0.000000 0.000004 0.000162 0.006058 0.132753 0.870183 2.492818 5.064346 8.616966 13.050880 17.970451 22.721516 26.622990 29.371904 31.055462 31.988451 32.461758 32.692886 32.791744 32.857700 32.791744 32.692886 32.461758 31.988451 31.055460 29.371904 26.622990 22.721516 17.970451 13.050880 8.616966 5.064346 2.492818 0.870183 0.132753 0.006058 0.000162 0.000004 0.000000 
0.000000 0.000000 0.000000 0.000013 0.000550 0.017398 0.262140 1.206169 2.989378 5.672233 9.265217 13.638304 18.390736 22.916986 26.622990 29.261053 30.913185 31.860729 32.362370 32.608017 32.761238 32.608017 32.362370 31.860727 30.913185 29.261051 26.622990 22.916988 18.390736 13.638303 9.265217 5.672232 2.989378 1.206169 0.262140 0.017398 0.000550 0.000013 0.000000 0.000000 
0.000000 0.000000 0.000000 0.000001 0.000038 0.001416 0.037179 0.396287 1.470449 3.335593 6.044473 9.590771 13.832862 18.390736 22.721516 26.300169 28.904726 30.588469 31.596292 32.138332 32.474270 32.138332 31.596292 30.588469 28.904726 26.300169 22.721516 18.390736 13.832863 9.590772 6.044474 3.335593 1.470449 0.396287 0.037179 0.001416 0.000038 0.000001 0.000000 0.000000 
0.000000 0.000000 0.000000 0.000000 0.000000 0.000000 0.000000 0.000000 0.000000 0.000000 0.000000 0.000000 0.000000 0.000000 0.000000 0.000000 0.000000 0.000000 0.000000 0.000000 0.000000 0.000000 0.000000 0.000000 0.000000 0.000000 0.000000 0.000000 0.000000 0.000000 0.000000 0.000000 0.000000 0.000000 0.000000 0.000000 0.000000 0.000000 0.000000 0.000000 
0.000000 0.000000 0.000000 0.000000 0.000000 0.000004 0.000149 0.004395 0.081439 0.560798 1.694023 3.512274 6.044473 9.265217 13.050879 17.106762 21.035681 24.417538 27.044888 28.840387 29.932251 28.840389 27.044888 24.417538 21.035681 17.106764 13.050880 9.265217 6.044474 3.512274 1.694022 0.560798 0.081439 0.004395 0.000149 0.000004 0.000000 0.000000 0.000000 0.000000 
0.000000 0.000000 0.000000 0.000000 0.000000 0.000000 0.000006 0.000209 0.005470 0.089171 0.560798 1.637115 3.335592 5.672233 8.616966 12.061728 15.756403 19.377609 22.546083 25.029076 26.498644 25.029076 22.546085 19.377609 15.756403 12.061728 8.616966 5.672232 3.335593 1.637116 0.560798 0.089171 0.005470 0.000209 0.000006 0.000000 0.000000 0.000000 0.000000 0.000000 
0.000000 0.000000 0.000000 0.000000 0.000000 0.000000 0.000000 0.000008 0.000233 0.005470 0.081439 0.502601 1.470449 2.989378 5.064346 7.655708 10.661815 13.863944 16.997908 19.648947 21.267069 19.648949 16.997908 13.863944 10.661815 7.655707 5.064346 2.989378 1.470449 0.502602 0.081439 0.005470 0.000233 0.000008 0.000000 0.000000 0.000000 0.000000 0.000000 0.000000 
0.000000 0.000000 0.000000 0.000000 0.000000 0.000000 0.000000 0.000000 0.000008 0.000209 0.004395 0.061411 0.396287 1.206169 2.492818 4.246325 6.400214 8.854475 11.383086 13.702185 15.002200 13.702185 11.383087 8.854475 6.400214 4.246325 2.492818 1.206169 0.396287 0.061411 0.004395 0.000209 0.000008 0.000000 0.000000 0.000000 0.000000 0.000000 0.000000 0.000000 
0.000000 0.000000 0.000000 0.000000 0.000000 0.000000 0.000000 0.000000 0.000000 0.000006 0.000149 0.002814 0.037179 0.262140 0.870183 1.884524 3.253789 4.894795 6.672829 8.299104 9.221476 8.299104 6.672829 4.894795 3.253789 1.884524 0.870183 0.262140 0.037179 0.002814 0.000149 0.000006 0.000000 0.000000 0.000000 0.000000 0.000000 0.000000 0.000000 0.000000 
0.000000 0.000000 0.000000 0.000000 0.000000 0.000000 0.000000 0.000000 0.000000 0.000000 0.000004 0.000085 0.001416 0.017398 0.132753 0.514984 1.211975 2.160203 3.214642 4.234914 4.725749 4.234914 3.214642 2.160203 1.211975 0.514984 0.132753 0.017398 0.001416 0.000085 0.000004 0.000000 0.000000 0.000000 0.000000 0.000000 0.000000 0.000000 0.000000 0.000000 
0.000000 0.000000 0.000000 0.000000 0.000000 0.000000 0.000000 0.000000 0.000000 0.000000 0.000000 0.000002 0.000038 0.000550 0.006058 0.046094 0.212946 0.572890 1.074744 1.558092 1.863516 1.558092 1.074744 0.572890 0.212946 0.046094 0.006058 0.000550 0.000038 0.000002 0.000000 0.000000 0.000000 0.000000 0.000000 0.000000 0.000000 0.000000 0.000000 0.000000 
0.000000 0.000000 0.000000 0.000000 0.000000 0.000000 0.000000 0.000000 0.000000 0.000000 0.000000 0.000000 0.000001 0.000013 0.000162 0.001518 0.010335 0.047644 0.141509 0.269012 0.337043 0.269012 0.141509 0.047644 0.010335 0.001518 0.000162 0.000013 0.000001 0.000000 0.000000 0.000000 0.000000 0.000000 0.000000 0.000000 0.000000 0.000000 0.000000 0.000000 
0.000000 0.000000 0.000000 0.000000 0.000000 0.000000 0.000000 0.000000 0.000000 0.000000 0.000000 0.000000 0.000000 0.000000 0.000004 0.000035 0.000266 0.001455 0.005406 0.012734 0.017530 0.012734 0.005406 0.001455 0.000266 0.000035 0.000004 0.000000 0.000000 0.000000 0.000000 0.000000 0.000000 0.000000 0.000000 0.000000 0.000000 0.000000 0.000000 0.000000 
0.000000 0.000000 0.000000 0.000000 0.000000 0.000000 0.000000 0.000000 0.000000 0.000000 0.000000 0.000000 0.000000 0.000000 0.000000 0.000000 0.000000 0.000000 0.000000 0.000000 0.000000 0.000000 0.000000 0.000000 0.000000 0.000000 0.000000 0.000000 0.000000 0.000000 0.000000 0.000000 0.000000 0.000000 0.000000 0.000000 0.000000 0.000000 0.000000 0.000000 
