0.018842 0.098725 0.416514 26.749340 0.448461 0.128182 0.033669 0.009576 0.002444 0.000518 0.000122 0.000288 0.002271 0.016705 0.099579 0.427169 26.099379 1.306238 0.957404 1.091817 11.251240 0.060054 0.023630 0.005187 0.000919 0.000425 0.001436 0.004890 0.009979 0.012981 0.014436 0.044484 0.107647 15.609664 0.100710 0.037618 0.019986 0.095754 0.552938 4.986331 
0.006750 0.025322 0.044178 28.344765 0.129571 0.110557 0.046157 0.020185 0.005997 0.001320 0.000306 0.000362 0.001328 0.006019 0.025122 0.044328 28.387712 1.489734 1.466169 28.951120 4.052136 0.142752 0.038107 0.007176 0.001250 0.001016 0.004203 0.014703 0.023990 0.049709 0.042454 0.157560 0.825027 9.415109 0.798302 0.128399 0.024177 0.028683 0.059804 6.104856 
0.004618 0.012034 0.039729 0.087029 0.156748 0.167669 32.535389 0.026477 0.013897 0.003117 0.000918 0.001449 0.003048 0.004698 0.010038 0.027067 0.057409 0.097438 2.813221 1.362546 28.299780 0.043988 0.017613 0.004020 0.001037 0.002050 0.009010 0.023176 0.842274 0.156336 0.071553 0.235826 0.845300 9.417709 0.824420 0.157183 0.042704 0.031105 0.054510 0.170639 
0.016662 0.015146 0.044499 0.067932 3.928966 7.978331 1.318054 0.289791 0.051313 0.008120 0.002993 0.006788 0.013661 0.014526 0.010787 0.015070 0.038366 0.072515 20.781378 0.104888 0.067714 0.029246 0.008458 0.002150 0.001031 0.003011 0.013689 0.044153 20.527424 18.907871 17.021597 18.368319 32.043354 16.577303 15.458640 0.151644 0.127264 0.105667 0.057925 0.142609 
0.093060 0.048591 0.173804 0.251588 5.055830 15.528402 1.397697 0.307204 0.063801 0.012621 0.008446 0.024390 0.043085 0.044338 0.029449 0.019011 0.032610 0.087148 14.292404 0.096143 0.041367 0.013247 0.004310 0.002558 0.002065 0.003225 0.011221 0.029129 1.147005 1.437917 18.815563 0.188758 0.087590 0.146021 0.109528 0.170693 0.400021 0.376278 0.071349 0.379012 
0.411968 0.063910 0.796443 0.840384 19.299572 23.686396 23.694963 30.089033 0.030182 0.013157 0.015059 0.044401 6.140347 6.342910 0.051398 0.043697 0.038434 0.062781 8.191820 0.043805 0.019201 0.007063 0.006442 0.008582 0.008418 0.007316 0.016316 0.067615 0.347620 0.392646 30.816069 0.104148 0.068729 0.065287 0.083810 27.339415 27.733280 27.738068 32.632072 26.388369 
7.987946 32.405220 11.756939 11.733173 3.594004 21.237919 0.568633 0.123082 0.034778 0.010322 0.011033 0.044600 0.166743 0.226695 28.791237 0.136915 0.117857 0.094123 0.238670 0.068393 0.017630 0.009975 0.018801 0.020902 0.032153 0.024367 0.037881 0.080487 0.344085 0.784645 24.136723 0.558750 0.130267 0.035901 0.034131 0.047776 0.375957 0.459236 0.701560 5.606366 
7.623413 0.268772 0.845302 0.984871 0.997776 32.233765 0.120904 0.106011 0.030321 0.010297 0.007428 0.028826 0.138522 0.482542 25.451166 0.926560 0.579218 0.111809 0.215428 0.148212 0.034487 0.022604 0.034927 32.559200 0.063676 0.051861 0.119565 0.140548 0.910197 1.388255 24.124937 0.546434 0.120199 0.023147 0.013141 0.029069 0.105267 0.185798 0.687072 5.523295 
6.861731 0.244985 0.208300 0.333775 0.955345 14.417086 1.096756 0.520197 0.042946 0.021982 0.010105 0.021116 0.108696 0.448264 25.421932 2.987265 2.870457 2.599793 0.439216 0.412765 0.039536 0.048905 0.071856 0.204971 1.580939 13.292961 27.760752 24.956947 19.790344 19.789028 27.957722 0.048907 0.028663 0.008881 0.009178 0.017639 0.027219 0.042033 0.073402 6.181271 
2.935908 0.096196 0.073652 0.210748 0.970721 14.389374 3.366754 3.374897 32.509388 0.031889 0.019405 0.011470 0.027665 0.047532 27.533514 9.722137 9.663428 22.869963 2.828024 2.786480 7.777000 0.145286 0.141788 0.197774 2.019912 8.328540 8.101731 1.957291 2.162415 4.585139 0.582772 0.088868 0.016835 0.009951 0.022172 0.039385 0.026105 0.018179 0.029976 0.044127 
0.036780 0.033599 0.028882 0.058791 6.192019 6.814963 1.014192 0.988581 1.400462 0.077802 0.046864 0.016230 0.011838 0.025950 0.049467 0.578887 8.184138 18.055790 7.799995 7.711050 25.080053 1.347341 1.266694 1.335667 28.979622 8.211116 8.104403 1.882342 1.615523 4.595961 0.562101 0.076637 0.014836 0.021018 0.042950 20.129705 0.044249 0.022315 0.012085 0.014716 
0.013106 0.010101 0.013262 0.034901 0.073485 0.116852 1.031090 1.337805 1.388874 16.983313 0.069997 0.030521 0.010333 0.011652 0.029455 0.041575 22.569399 15.392523 12.029526 12.252123 23.541153 3.338313 3.056880 2.659670 6.652273 7.434300 31.080324 1.944888 1.963481 30.277409 0.053079 0.030066 0.016925 0.054973 0.213443 29.257168 0.210633 0.052195 0.011185 0.004440 
0.005223 0.008199 0.014131 0.020546 0.043687 0.077424 7.377603 7.518955 7.508715 4.222457 1.231880 0.029665 0.012790 0.008279 0.047178 0.401468 0.617422 15.968830 17.223354 17.442587 20.546911 5.463866 5.236844 5.679535 6.010698 29.478291 2.650815 31.734011 10.632908 10.435968 0.274168 0.064296 0.020066 0.030975 0.052924 20.174892 0.041441 0.019521 0.004829 0.001397 
0.010280 0.023027 0.035939 0.031464 0.033332 0.062641 6.072879 2.096012 2.134539 1.822599 18.768177 0.060515 0.017870 0.018499 0.169422 1.045052 0.799657 10.649934 22.132071 22.406595 22.184750 11.029589 10.235779 8.269874 7.475378 3.265921 0.680096 0.323222 0.345334 29.480618 0.065512 0.043058 0.027183 0.045306 0.065421 0.049862 0.030752 0.009396 0.002282 0.000894 
0.029815 0.051794 22.438499 0.063478 0.041520 0.062299 0.169883 0.559928 2.130828 0.489290 0.094242 0.038324 0.019240 0.150472 0.744038 0.804698 4.755185 31.156477 27.199772 26.938536 23.728689 14.027206 12.819344 10.652852 6.804253 3.185605 0.814979 0.303559 0.116137 0.144698 0.102664 0.055316 0.055744 0.068056 32.576370 0.027357 0.015081 0.004551 0.002211 0.002878 
0.086377 0.272146 28.973785 0.272171 0.086065 0.060846 0.139626 0.180053 8.669886 0.090784 0.050585 0.022642 0.102175 0.688466 2.768491 3.153071 8.340622 14.721897 24.236095 28.555063 26.599964 19.285982 18.127384 11.398658 8.771164 3.562108 1.719459 0.714005 0.125648 0.122321 0.134617 32.580475 0.059315 0.047042 0.022140 0.017648 0.006728 0.003573 0.007007 0.013556 
0.062804 0.084843 22.480814 0.099633 0.077584 0.082918 0.274381 0.225895 6.456830 0.075739 0.044704 0.091358 0.416172 1.438993 4.604072 6.359077 10.762380 15.888248 23.306114 28.305563 29.437561 23.378870 21.543537 13.728271 10.889271 7.690576 4.670529 4.746953 22.883345 0.081140 0.071340 0.046715 0.032292 0.016351 0.009871 0.005633 0.003320 0.007644 0.024788 0.042969 
0.087955 0.087289 0.084957 0.085931 0.108477 16.632988 24.694778 19.026325 0.461690 0.243685 0.055677 0.319684 0.975546 2.443372 5.988817 9.367258 13.573898 19.009924 24.673761 28.927713 30.697454 25.844875 23.172951 18.089815 18.144003 11.416712 10.050869 7.484484 2.984593 0.525379 0.086980 0.034484 0.016581 0.006156 0.002906 0.001865 0.004259 0.020639 0.052253 6.177569 
3.318930 0.087811 0.063143 0.145441 0.599542 18.534828 6.908797 5.605516 1.169839 1.177841 24.905956 10.427925 9.483129 9.958884 12.745550 16.117979 20.491621 23.646923 27.861050 29.973574 32.137325 29.264669 27.982677 24.560070 23.014555 16.387897 12.482248 6.792229 3.024429 0.958648 0.267622 0.057782 0.026837 0.008156 0.002207 0.001768 0.010783 0.087094 0.633065 5.323845 
3.260143 0.067421 0.043304 0.131073 0.582553 18.549923 6.894721 5.612754 1.187390 0.339859 0.142946 0.409156 7.909029 10.780540 13.808620 17.330126 21.237749 25.066362 28.920275 30.476254 32.468582 30.835794 30.095316 28.187550 25.398836 20.456093 15.509646 9.577072 6.548184 4.813609 4.727404 16.054007 0.040355 0.017115 0.004261 0.002749 0.014228 0.098716 0.652788 5.407127 
0.037730 0.027963 0.016916 0.037803 0.059029 26.678034 23.107944 23.126404 29.315987 0.150128 0.131102 0.136161 4.403801 11.984735 20.298113 27.956911 31.362103 32.332977 32.597572 32.734482 32.556236 31.717983 31.328188 29.687393 26.352598 20.346184 14.953315 10.971354 6.780804 5.114888 5.430885 16.793003 0.138125 0.038705 0.008035 0.003876 0.011958 0.030893 28.762701 24.414503 
0.012857 0.008486 0.010899 0.033863 0.071647 0.241329 0.554023 0.482336 0.049277 0.043077 0.134825 0.917573 2.564977 5.619659 9.863332 14.645133 19.499105 24.873835 28.615925 30.601397 31.801905 32.780434 32.187820 31.417870 29.658451 25.549280 21.509007 19.048136 16.135378 18.337894 15.172550 11.937410 0.039307 0.019398 0.006174 0.005429 0.018733 0.069869 0.238294 0.618106 
0.003368 0.003710 0.010068 0.022415 32.568691 0.218364 0.191731 0.128080 0.030183 0.012762 0.070941 0.728884 2.503869 5.476833 9.472655 13.889394 18.549473 23.697895 27.632355 30.131844 31.569315 32.143997 31.050489 30.034491 29.689390 28.783295 23.614588 17.412603 7.515489 2.051504 0.203436 0.137573 0.063496 0.028845 0.016171 0.013322 0.034517 0.084027 0.219430 0.294889 
0.003550 0.003969 0.013138 0.056111 0.165095 17.911291 0.065273 0.042391 0.012314 0.003684 0.014504 0.249390 1.274516 3.107695 5.593588 8.976754 12.913871 19.961430 24.126942 27.678381 30.492458 31.137833 29.298363 27.550653 26.704746 25.957197 24.286301 23.116499 11.775956 4.389997 0.124705 0.117732 0.082409 0.123079 0.103759 0.037828 0.052159 32.205387 0.731641 0.765542 
0.013988 0.009941 0.014575 0.055689 0.178713 24.941658 0.190160 0.067228 0.017508 0.003866 0.002136 0.038027 0.414061 1.503340 3.396234 5.610695 9.616684 16.786333 21.368095 23.961679 28.075500 29.484146 27.341755 25.136705 23.951891 23.146372 22.499784 19.936792 11.367739 0.112259 0.105532 0.124614 28.611830 0.763418 0.743601 0.052615 0.629045 6.198624 7.044219 4.919508 
0.043149 0.036310 0.025866 0.059212 0.087099 24.001745 0.130561 0.093430 0.031788 0.008203 0.001985 0.003379 0.062239 0.495585 1.640384 2.905512 7.151690 13.874732 18.151752 18.316652 24.311609 26.506100 25.799082 23.186434 20.976303 21.471161 21.841854 7.740474 0.168559 0.110724 0.135528 0.459590 25.282919 7.114673 7.120015 32.397297 6.846638 6.808657 7.059081 5.148693 
6.070477 0.116049 0.087613 0.267544 0.731474 7.582209 7.463695 10.035460 0.043154 0.016651 0.005773 0.002971 0.005177 0.075910 0.549641 1.226471 5.881564 11.378314 14.371511 11.939126 19.736994 20.448673 21.658974 17.899284 14.893881 16.760204 20.543200 7.920282 0.156098 0.076815 0.114076 0.436978 25.335146 1.118246 0.789847 0.056352 0.586734 0.714529 0.795448 7.074756 
9.862782 0.213490 0.162521 0.948634 1.484885 7.594284 7.814611 19.101021 0.125836 0.038275 0.023334 0.017670 0.006144 0.010564 0.142399 0.376117 7.174340 9.154991 7.261144 7.997450 20.116110 13.086856 12.878705 17.051527 10.016472 9.998464 13.841043 13.540358 0.039667 0.026512 0.034017 0.053024 28.606127 0.136839 0.117750 0.041670 0.125958 0.234806 0.818681 5.456799 
10.518832 15.016765 20.682268 14.745306 14.747663 24.585669 12.581749 8.847260 0.085880 0.057031 0.106725 0.099665 0.025374 0.011895 0.031582 0.063980 12.011494 3.920007 3.935536 3.893454 22.645994 7.454463 8.189273 11.621113 7.165326 7.181117 21.546104 0.263971 0.032842 0.021946 0.031263 0.048484 0.071492 0.042284 0.027702 0.021961 0.044402 0.150723 0.837798 5.535072 
7.032464 13.800142 0.974104 0.999065 0.888999 0.385472 10.470408 2.688007 0.104091 0.075691 0.423573 0.415823 0.044305 0.027961 0.025648 0.038898 2.277963 0.850586 0.981765 1.008296 20.667191 2.866612 2.832409 12.234596 0.514544 0.495940 0.083037 0.086608 0.058814 0.052692 0.139693 0.144741 0.052737 0.030259 0.033914 0.034168 0.052012 0.071010 28.814108 24.192442 
7.198761 13.813082 0.851033 0.296553 0.199868 0.230829 23.460899 0.485331 0.507328 28.543755 26.801071 26.800190 28.267401 0.047262 0.028521 0.032147 0.030763 0.111002 0.316745 0.447812 17.511490 1.061110 0.882192 0.076803 0.149644 0.136892 0.055400 0.075240 0.080211 0.126536 0.729846 0.728420 0.068479 0.058329 0.070582 32.581947 0.062425 0.050171 0.045516 0.425463 
13.621548 30.101168 0.071928 0.052490 0.038073 0.053881 0.063122 0.154559 0.154162 0.049493 0.422063 0.449666 0.161820 0.059819 0.034421 0.016973 0.017567 0.024541 0.056217 0.075622 15.009392 0.330387 0.315480 0.057663 0.031589 0.028198 0.039752 0.085719 3.613167 25.463514 18.742708 18.749693 31.381340 0.064277 0.048789 0.024471 0.026769 0.017505 0.026417 0.098859 
11.992068 0.076011 0.039807 0.015411 0.012351 0.022520 0.031363 0.038471 0.036066 0.030813 0.105591 0.130301 0.142523 32.576496 0.025135 0.012876 0.013881 0.029996 0.074245 0.092036 0.125733 0.143668 0.327623 0.062528 0.020567 0.016172 0.028463 32.573044 0.171949 0.164231 0.746361 0.716683 0.045330 0.031109 0.018524 0.012249 0.007848 0.004462 0.006142 0.016675 
5.727092 0.049534 0.021189 0.010348 0.019315 0.038196 0.054166 0.027451 0.016117 0.011366 0.020684 0.026929 0.036109 0.020728 0.017585 0.011701 0.028939 0.047377 30.103399 0.125277 0.106781 0.119045 32.552135 0.060609 0.034268 0.021083 0.034719 0.069286 0.085415 0.090068 0.154004 0.135214 0.029616 0.015677 0.013758 0.010491 0.005510 0.002555 0.001745 0.002795 
0.041529 0.025524 0.010240 0.011792 0.027997 1.083378 0.150824 0.052347 0.033802 0.016795 0.009903 0.007017 0.008219 0.008464 0.007464 0.020442 0.118021 0.558285 23.137777 0.623705 0.177224 0.085510 0.089891 32.577038 0.052192 0.039902 0.044606 0.056977 0.084802 0.126885 0.062446 0.031371 0.015719 0.022852 0.026071 0.028219 0.015149 0.008070 0.004097 0.003629 
0.013268 0.007257 0.004835 0.012753 0.037340 13.161527 28.378250 12.977517 0.055092 0.029063 0.022187 0.009737 0.004219 0.002773 0.003693 0.019234 0.118165 0.559512 23.116377 0.744865 0.200838 0.077552 0.069791 0.094913 0.075275 0.066045 0.108430 0.084702 0.126957 9.695592 0.068673 0.031188 0.027409 0.039730 32.570553 0.040090 0.027482 0.028456 0.017343 0.015891 
0.002711 0.001689 0.002385 0.009246 0.025363 1.066249 0.146066 0.053208 0.065702 32.577721 0.037484 0.025199 0.009461 0.003068 0.002089 0.007574 0.030586 0.052402 15.979620 25.440222 18.731632 0.084056 0.060749 0.082393 1.750759 12.034352 24.965061 15.488900 4.586253 2.957475 0.071857 0.051066 0.057865 0.052307 0.101284 0.114331 32.570400 0.068213 0.055853 0.045670 
0.000455 0.000367 0.000940 0.004225 0.014918 0.023825 0.047083 0.028186 0.039704 0.058320 0.063415 0.043915 0.024287 0.008652 0.004285 0.009454 0.023355 0.034257 0.049921 0.182584 0.043264 0.042891 0.120560 0.710880 7.483379 0.762624 0.204519 0.063278 0.085013 0.074080 0.078294 0.069842 0.082459 32.575703 0.088556 0.076167 0.025481 0.051434 0.081373 6.279905 
0.000066 0.000074 0.000261 0.001167 0.003948 0.007753 0.010165 0.008212 0.016812 0.046059 0.064979 28.320246 0.046047 0.027173 0.013693 0.029195 0.052786 0.037589 0.028529 0.046354 0.019703 0.021901 0.110410 0.699466 7.536932 0.734034 0.140316 0.035597 0.034359 0.053701 0.072648 28.332731 0.172416 0.153138 0.055004 0.024652 0.013138 0.017199 0.034870 0.048623 
0.000009 0.000015 0.000064 0.000278 0.000891 0.001755 0.002203 0.003857 0.019523 0.105363 0.424071 26.769018 0.423324 0.105098 0.035286 0.064520 6.247753 0.050461 0.020849 0.012963 0.006238 0.008096 0.032741 0.089633 13.906018 0.097953 0.041000 0.014229 0.024649 0.107996 0.427446 26.728935 0.463378 0.140892 0.032502 0.008541 0.004029 0.004737 0.010463 0.018951 
