0.025399 0.105816 0.382523 27.750830 0.430739 0.151412 0.045600 0.013414 0.003576 0.000834 0.000246 0.000592 0.003708 0.021843 0.107157 0.397420 26.914623 1.812413 1.497568 1.625744 11.281788 0.061915 0.027702 0.006921 0.001443 0.000729 0.002141 0.006644 0.012933 0.018072 0.023556 0.067528 0.135164 18.218557 0.126780 0.059262 0.034947 0.130346 0.610640 5.236491 
0.010345 0.031534 0.049413 27.761627 0.158451 0.140399 0.056445 0.024029 0.007764 0.001904 0.000525 0.000650 0.002203 0.008803 0.031059 0.049300 27.915838 2.034033 2.011686 29.154154 4.055511 0.139553 0.042090 0.009003 0.001854 0.001502 0.005428 0.017237 0.026586 0.058332 0.061733 0.222304 0.977831 12.323151 0.944031 0.189737 0.043331 0.043818 0.073416 6.126700 
0.007672 0.017225 0.050088 0.105107 0.184353 0.193875 32.584442 0.029824 0.018896 0.004799 0.001526 0.002081 0.004043 0.006556 0.013594 0.032236 0.063969 0.110217 3.303406 1.563608 28.346556 0.044426 0.020047 0.005198 0.001548 0.002709 0.010518 0.024276 0.826033 0.161920 0.089386 0.293807 0.996247 12.313825 0.969366 0.223218 0.066324 0.046115 0.074271 0.202636 
0.023879 0.024506 0.064729 0.086967 3.857637 7.951240 1.274922 0.333027 0.072083 0.013436 0.004715 0.008498 0.015506 0.016948 0.014522 0.020365 0.045859 0.077301 20.464039 0.105464 0.070716 0.032459 0.010408 0.002979 0.001541 0.003832 0.015287 0.043929 20.170809 18.829554 16.590521 17.855936 32.086857 16.044147 15.037803 0.169439 0.146078 0.120376 0.080850 0.175938 
0.109475 0.070711 0.231356 0.302589 4.944053 15.807294 1.341275 0.349561 0.084987 0.018788 0.011297 0.027271 0.043323 0.045170 0.034772 0.026483 0.041091 0.100976 17.794241 0.106498 0.046363 0.016369 0.005843 0.003281 0.002890 0.004664 0.014587 0.033339 1.231513 1.482290 18.441088 0.199143 0.106550 0.153081 0.121839 0.187377 0.371843 0.344401 0.092578 0.382921 
0.415498 0.084082 0.896736 0.938038 19.399061 24.631779 24.654163 29.810368 0.032354 0.016218 0.018015 0.045783 6.144939 6.362305 0.057292 0.061541 0.058583 0.091625 12.501382 0.058675 0.025157 0.010174 0.008312 0.009213 0.010383 0.010582 0.025450 0.101019 0.448293 0.489991 31.190939 0.122861 0.089675 0.079900 0.097318 26.313133 28.770729 28.776016 32.691269 26.533432 
7.996647 32.512245 13.926671 13.904347 3.814878 22.180193 0.593019 0.200643 0.050293 0.014935 0.015743 0.056206 0.185830 0.233579 28.265787 0.214041 0.196162 0.328780 4.305828 0.284891 0.056166 0.029857 0.033899 0.016241 0.037825 0.031774 0.049850 0.120273 0.443601 0.835057 25.638252 0.527831 0.149911 0.049198 0.043083 0.055297 0.347752 0.481585 0.876004 6.468394 
7.660783 0.370380 0.997016 1.190231 1.199129 32.290848 0.198424 0.184600 0.047656 0.015242 0.011878 0.040259 0.158738 0.406486 20.168869 1.374521 1.102600 0.439890 4.168983 1.253754 0.382876 0.317645 0.322818 19.904242 0.069266 0.063380 0.123633 0.179479 0.972663 1.396531 25.623779 0.510730 0.134895 0.032571 0.019008 0.037722 0.123614 0.254207 0.863128 6.387647 
6.952876 0.348988 0.314534 0.485665 1.106684 16.419682 1.393294 0.814486 0.058771 0.027077 0.014357 0.029425 0.120334 0.362535 19.942432 1.518780 1.346907 1.878313 5.188873 2.466935 0.413149 1.203450 1.490611 15.605804 10.982525 29.293079 26.471397 26.008408 21.454151 21.441345 27.342930 0.057157 0.037981 0.013634 0.012596 0.022933 0.037938 0.062971 0.093102 6.184398 
2.948796 0.144013 0.122904 0.300404 1.111872 16.386028 5.146626 5.153402 32.527336 0.035020 0.024107 0.016810 0.035025 0.040333 6.476347 21.795893 10.601349 7.007168 7.389518 6.597902 4.981149 4.227436 4.361567 18.203257 11.967563 8.654525 8.344409 3.063657 3.302099 6.364843 0.857715 0.149597 0.029429 0.014065 0.025342 0.043791 0.031686 0.025697 0.037358 0.045070 
0.038928 0.047075 0.043549 0.071979 6.190860 7.639359 1.923946 1.899802 2.326442 0.079775 0.053667 0.022091 0.024050 0.196963 3.843197 4.154399 8.254083 16.527010 11.890914 11.553178 13.800627 8.233953 8.327582 14.758902 14.806913 8.518200 8.351055 2.980805 2.781134 6.374574 0.837754 0.137712 0.026999 0.025756 0.046786 19.654707 0.047825 0.026785 0.015971 0.017248 
0.016241 0.014877 0.019368 0.044353 0.084247 0.135457 1.928505 2.267178 2.316998 17.322622 0.081386 0.046247 0.051667 0.394721 3.904669 4.001800 12.066308 21.340317 17.332033 17.270729 23.753927 14.223659 14.226331 17.609947 19.657320 9.676467 17.765589 3.019211 3.036395 30.178789 0.066113 0.044775 0.023683 0.059293 0.207925 29.450953 0.203047 0.054448 0.013635 0.005972 
0.007455 0.010931 0.017845 0.028226 0.056064 0.091357 8.308085 9.850227 9.843604 5.760747 1.219693 0.350534 0.387248 1.189444 4.915058 5.475554 7.868631 16.999535 23.948076 23.607466 28.441381 19.923195 19.865864 22.247391 27.693609 20.416952 19.695635 13.920598 7.234690 9.000766 0.238292 0.074524 0.027708 0.038418 0.059468 19.696491 0.043078 0.022051 0.006308 0.002139 
0.013774 0.026516 0.038608 0.039570 0.044608 0.072348 6.063358 3.594649 3.711545 3.326424 20.171473 2.315231 2.080685 3.187118 5.211312 11.816171 10.368009 16.397627 25.012819 27.135031 30.824808 25.716259 25.777536 27.767887 28.777985 23.834280 20.234516 14.621503 18.601988 10.679049 0.062001 0.053392 0.037130 0.055129 0.070274 0.049177 0.033162 0.011309 0.003207 0.001391 
0.037599 0.058518 21.796623 0.077668 0.056778 0.085219 0.212507 0.941121 3.691222 1.717926 2.331925 2.858661 3.774276 5.625226 8.611776 10.793915 14.327160 22.402512 29.829384 30.396368 31.926210 29.735493 29.569489 30.465292 26.587927 22.102867 16.458162 11.142375 7.262089 5.221559 0.332658 0.063608 0.068432 0.079083 32.623837 0.027555 0.016943 0.005879 0.003152 0.003705 
0.099918 0.269844 29.265844 0.273627 0.103412 0.085883 0.182545 0.226432 9.881908 2.216608 2.328275 3.589212 5.504283 7.975225 12.379492 14.984276 20.758709 26.288710 30.098457 31.643614 32.563225 31.740839 31.438824 29.847279 27.113493 21.878160 16.605082 11.084491 7.342352 5.823470 5.719481 30.573019 0.065732 0.055542 0.022010 0.018841 0.008161 0.005044 0.008869 0.015261 
0.083731 0.104733 21.857290 0.121880 0.100873 0.107157 0.307777 0.270815 6.866648 7.911013 7.316310 8.354784 10.618952 13.249235 17.891113 20.770267 24.989721 28.462248 30.999018 32.038067 32.807220 32.438698 32.122005 30.809700 28.948317 25.783443 22.070816 20.067610 14.707180 6.140388 6.081651 1.335395 0.165070 0.025673 0.011404 0.006722 0.004788 0.010736 0.028676 0.043070 
0.107817 0.113106 0.108548 0.114014 0.135727 16.289333 24.178684 20.143650 2.270647 2.304239 6.934972 8.678691 11.758812 15.340506 20.355980 24.304873 27.606453 30.114147 31.703165 32.315582 32.860432 32.659698 32.462711 31.838787 30.606823 27.858715 25.096149 18.944399 12.873107 7.985652 6.085935 1.272689 0.183547 0.014848 0.004063 0.002880 0.007528 0.032149 0.062550 6.177371 
3.345438 0.111229 0.087753 0.177711 0.603915 18.053202 8.294288 6.849900 2.035800 2.039532 9.038785 22.430513 20.962803 22.469429 25.721247 28.410862 30.433355 31.556211 32.338818 32.615974 32.862736 32.786442 32.654320 32.177589 31.086552 28.772064 24.904915 18.942526 13.526357 8.899692 5.635412 1.246454 0.194174 0.016985 0.003389 0.003633 0.021337 0.142357 0.806093 6.231941 
0.000000 0.000000 0.000000 0.000000 0.000000 0.000000 0.000000 0.000000 0.000000 0.000000 0.000000 0.000000 0.000000 0.000000 0.000000 0.000000 0.000000 0.000000 0.000000 0.000000 0.000000 0.000000 0.000000 0.000000 0.000000 0.000000 0.000000 0.000000 0.000000 0.000000 0.000000 0.000000 0.000000 0.000000 0.000000 0.000000 0.000000 0.000000 0.000000 0.000000 
0.039084 0.035657 0.025475 0.050673 0.070860 26.153490 23.202612 23.220713 28.964933 19.576746 15.881875 17.804714 21.558632 25.913864 29.280279 31.545137 32.501789 32.748672 32.851181 32.874229 32.892517 32.862488 32.837719 32.689068 32.248817 30.989719 28.711395 25.277388 18.707468 12.757541 6.892788 3.107775 0.082717 0.048262 0.009831 0.005475 0.015429 0.033585 28.602657 24.448193 
0.015405 0.011770 0.014838 0.040368 0.081784 0.272646 0.548064 0.489229 0.375208 1.674649 4.279751 9.218439 13.419280 18.522839 23.636507 27.739180 30.238203 31.694868 32.407337 32.691410 32.819599 32.854103 32.602005 32.195194 30.984184 28.432076 24.536850 19.065962 12.974473 8.578559 5.903316 10.300707 0.043802 0.026553 0.009852 0.008522 0.026733 0.097622 0.346035 0.727168 
0.004661 0.005184 0.011855 0.022533 32.616730 0.250737 0.228004 0.169045 0.348890 1.508582 3.664229 6.916522 11.614250 16.984066 22.419010 26.805626 29.551531 31.195950 32.146893 32.584007 32.809620 32.756912 32.550751 31.979944 30.603977 27.115927 22.099274 16.236311 9.114748 4.176340 1.753661 1.626029 0.228217 0.055037 0.031497 0.020566 0.045470 0.110213 0.328011 0.429567 
0.004850 0.005867 0.016782 0.062545 0.168252 17.439770 0.080643 0.058870 0.101072 0.699867 2.267676 4.792675 8.350981 12.462839 17.691069 22.815483 26.437984 29.457249 31.179176 32.115353 32.731941 32.561222 32.274261 31.760771 30.872187 27.784843 22.677727 17.903749 11.300825 6.720202 1.662614 1.622014 0.247174 0.206089 0.177461 0.056959 0.069663 32.266346 0.904124 0.942895 
0.016284 0.014084 0.020710 0.065667 0.179798 24.814320 0.191107 0.077122 0.036140 0.220306 1.104854 2.864692 5.592468 8.771296 14.049111 18.933218 23.229029 27.102600 29.943645 31.375929 32.554100 32.036232 31.212181 30.102152 29.247150 27.936319 25.506937 22.577627 12.350024 5.124852 4.058307 4.105146 27.073914 1.022285 1.003690 0.069934 0.639591 6.465542 7.242028 5.284851 
0.043899 0.048267 0.041336 0.087635 0.114713 23.815075 0.138431 0.102189 0.038220 0.042866 0.365340 1.404494 3.320953 5.603394 10.582523 14.461300 19.033575 23.595964 27.954393 29.829777 32.143681 30.942059 29.443630 26.914423 24.729065 22.959637 16.467752 10.338964 7.006425 10.481453 6.342014 5.901940 24.114986 9.855059 9.861434 32.522835 7.107932 7.072737 7.303626 5.523389 
6.067909 0.154565 0.127870 0.349602 0.816667 7.797830 7.670375 9.916173 0.047657 0.022513 0.064931 0.486207 1.672891 3.254913 7.738011 10.122143 14.771611 19.353848 25.348997 27.040613 31.026981 28.948519 26.027288 21.899076 19.050098 19.483860 17.502180 9.624979 5.582952 4.882528 3.468556 3.427825 24.010546 1.329689 1.038483 0.082513 0.644136 0.848267 1.009644 7.334878 
13.180213 0.267070 0.204234 1.038305 1.577415 7.811886 8.026643 19.544703 0.131497 0.046140 0.035683 0.117644 0.666528 1.763978 5.255248 6.122066 10.852524 14.409348 19.999352 23.168030 29.220856 25.317699 21.366791 16.557764 13.109467 12.280764 12.296964 4.970413 1.016016 1.003416 0.535948 0.557450 28.132225 0.211709 0.193556 0.069618 0.179524 0.366321 1.113744 6.492056 
14.430634 18.020729 23.209244 17.897188 17.894911 26.158651 12.458956 8.779719 0.099120 0.071790 0.118228 0.119362 0.243430 0.928344 2.791260 3.038538 6.588593 7.943594 15.063529 18.619585 24.527035 22.244375 16.882792 10.643559 8.343866 7.498524 4.548651 0.434892 0.301351 0.229106 0.091309 0.096218 0.092391 0.064402 0.047405 0.035442 0.075094 0.247411 1.132014 6.568229 
0.000000 0.000000 0.000000 0.000000 0.000000 0.000000 0.000000 0.000000 0.000000 0.000000 0.000000 0.000000 0.000000 0.000000 0.000000 0.000000 0.000000 0.000000 0.000000 0.000000 0.000000 0.000000 0.000000 0.000000 0.000000 0.000000 0.000000 0.000000 0.000000 0.000000 0.000000 0.000000 0.000000 0.000000 0.000000 0.000000 0.000000 0.000000 0.000000 0.000000 
11.113870 14.065376 0.927523 0.401832 0.282827 0.311973 23.474667 0.503840 0.524967 27.978449 27.804966 27.804373 27.721884 0.228564 0.209335 0.610259 0.622946 1.960131 9.827158 12.992934 14.475731 11.959787 8.499036 2.887375 4.799280 2.268229 0.576143 0.163512 0.136514 0.157533 0.721190 0.721932 0.089147 0.073991 0.084586 32.628826 0.070747 0.060150 0.051410 0.407958 
17.124931 29.957819 0.102899 0.084697 0.064098 0.078029 0.071023 0.180518 0.178813 0.058308 0.392620 0.426248 0.177393 0.239931 0.059585 0.092978 0.446540 1.241146 11.106010 7.297768 11.038912 5.193758 10.766095 1.460675 0.955968 0.378069 0.130487 0.172632 3.351419 27.687603 22.057577 22.062061 31.136053 0.072770 0.058417 0.025417 0.031589 0.023072 0.033142 0.107733 
14.539639 0.079597 0.049788 0.024452 0.020624 0.032548 0.041109 0.052305 0.048946 0.040574 0.117144 0.148124 0.158706 32.589119 0.032759 0.022206 0.103280 0.358220 12.214401 0.702608 0.332223 0.514019 12.834738 0.685261 0.410212 0.070107 0.080626 32.612030 0.204824 0.198488 0.745033 0.706169 0.057675 0.038885 0.024249 0.014851 0.010186 0.006620 0.009126 0.021959 
5.698333 0.053234 0.026489 0.014985 0.025281 0.047848 0.064327 0.036073 0.022536 0.016712 0.028348 0.036690 0.044578 0.020059 0.019592 0.016402 0.041659 0.061779 31.309143 0.334805 0.312346 0.317498 18.773247 0.457784 0.175720 0.035800 0.046163 0.087208 0.116708 0.128545 0.200247 0.171109 0.043133 0.021688 0.017274 0.013028 0.007243 0.003818 0.002981 0.004546 
0.041651 0.029156 0.013580 0.015101 0.031113 1.103387 0.156803 0.059995 0.038767 0.020353 0.013548 0.010606 0.011133 0.009463 0.009949 0.028164 0.133714 0.537960 24.405558 0.657083 0.241990 0.135744 0.126291 32.294777 0.060938 0.050296 0.056949 0.076558 0.113716 0.163923 0.088799 0.048808 0.023973 0.027983 0.027920 0.030844 0.017341 0.010394 0.006006 0.005118 
0.014963 0.009178 0.006525 0.014744 0.038388 12.945634 28.534128 12.771292 0.056019 0.030956 0.025167 0.012338 0.005896 0.003791 0.005873 0.026632 0.133625 0.538685 24.382868 0.766344 0.264468 0.111729 0.098290 0.124083 0.083668 0.075038 0.117839 0.102944 0.145840 10.149841 0.078975 0.042889 0.036619 0.047272 32.618855 0.038909 0.028004 0.033934 0.022822 0.019062 
0.003428 0.002394 0.003263 0.010942 0.026782 1.076820 0.148179 0.058527 0.069330 32.625149 0.039075 0.028451 0.011782 0.004424 0.003601 0.011577 0.039566 0.060249 15.371738 25.081629 18.416475 0.113834 0.091427 0.113292 1.756873 11.904382 25.086369 15.359636 4.510466 2.857311 0.086139 0.066579 0.071190 0.058148 0.110727 0.122023 32.618748 0.077376 0.066680 0.047272 
0.000660 0.000591 0.001371 0.005424 0.017270 0.025230 0.052828 0.034469 0.047395 0.068603 0.073821 0.046216 0.028045 0.011645 0.006641 0.013144 0.029566 0.041735 0.055412 0.177343 0.047227 0.062772 0.182300 0.875706 9.380036 0.921863 0.261997 0.079511 0.092636 0.088961 0.098278 0.084407 0.095323 32.623833 0.099709 0.088988 0.027422 0.061330 0.089735 6.297213 
0.000114 0.000137 0.000423 0.001662 0.005097 0.009397 0.013023 0.011701 0.023288 0.057998 0.075936 27.723143 0.052432 0.034544 0.019390 0.035468 0.057411 0.045271 0.035118 0.050338 0.024534 0.036333 0.165859 0.854719 9.443555 0.894222 0.200577 0.053149 0.045360 0.069822 0.087791 27.746956 0.195082 0.176760 0.071554 0.033422 0.016745 0.022829 0.041966 0.051449 
0.000000 0.000000 0.000000 0.000000 0.000000 0.000000 0.000000 0.000000 0.000000 0.000000 0.000000 0.000000 0.000000 0.000000 0.000000 0.000000 0.000000 0.000000 0.000000 0.000000 0.000000 0.000000 0.000000 0.000000 0.000000 0.000000 0.000000 0.000000 0.000000 0.000000 0.000000 0.000000 0.000000 0.000000 0.000000 0.000000 0.000000 0.000000 0.000000 0.000000 
