0.032323 0.111723 0.360667 28.319098 0.433972 0.182161 0.062598 0.019711 0.005595 0.001423 0.000494 0.001087 0.005475 0.026774 0.113231 0.379451 27.224844 2.725099 2.429426 2.546360 11.466211 0.065556 0.032994 0.009300 0.002251 0.001262 0.003314 0.009400 0.017719 0.026549 0.039614 0.101900 0.171820 20.493748 0.161838 0.092080 0.058658 0.167664 0.654501 5.380992 
0.015288 0.038691 0.055791 27.327944 0.196593 0.179300 0.072052 0.030681 0.010912 0.003010 0.000955 0.001156 0.003523 0.012298 0.037486 0.055262 28.149235 2.982675 2.958834 27.245819 4.238425 0.140178 0.047147 0.011368 0.002735 0.002274 0.007208 0.020757 0.031070 0.071493 0.090120 0.292993 1.074173 15.010092 1.034241 0.256421 0.072945 0.067232 0.095355 6.160093 
0.012685 0.025663 0.066167 0.132316 0.221383 0.229725 32.626488 0.035895 0.026368 0.007771 0.002658 0.003077 0.005563 0.009438 0.020062 0.073907 1.008041 1.046839 4.041607 6.131419 26.154657 0.046275 0.025468 0.007100 0.002541 0.003856 0.012638 0.026045 0.814047 0.173694 0.116407 0.358482 1.090876 14.989256 1.058783 0.294357 0.100261 0.069602 0.104852 0.252126 
0.033993 0.039727 0.093725 0.114939 3.805049 8.021364 1.262761 0.368973 0.094786 0.021114 0.007568 0.010914 0.017961 0.021249 0.038539 0.185997 0.987123 1.019910 8.700302 7.949594 6.684536 0.339155 0.075938 0.013325 0.010784 0.011490 0.019249 0.046159 19.786926 18.721777 16.177290 17.371828 32.126369 15.560672 14.648291 0.194630 0.172251 0.142793 0.115160 0.226745 
0.128967 0.101203 0.294078 0.360107 4.884723 15.811790 1.320749 0.384795 0.108177 0.027750 0.015744 0.030968 0.038478 0.045620 0.306744 1.054539 2.357449 2.448818 12.756505 7.679010 6.800492 1.047200 0.505995 0.180951 0.195281 0.162719 0.064404 0.075404 1.384091 1.593600 18.061790 0.217540 0.132730 0.168584 0.141842 0.211624 0.364963 0.334063 0.125432 0.417408 
0.422406 0.112813 0.970980 1.010237 19.787989 24.924803 24.956156 29.700474 0.037211 0.021786 0.023092 0.044390 4.532139 5.465239 0.494741 1.990534 5.238578 5.461355 18.370016 9.706347 9.154674 3.566884 2.951516 1.870256 1.126220 0.921202 0.544437 0.261272 0.615863 0.652601 31.365625 0.148533 0.117577 0.101954 0.118436 25.375044 29.409260 29.414745 32.683651 26.645050 
8.005625 32.589996 15.610644 15.590205 3.981329 22.565186 0.691229 0.327299 0.080516 0.024434 0.035723 0.274031 4.827149 5.307669 13.974940 6.950787 8.493101 8.748389 25.124060 11.797533 11.362868 5.794487 3.770480 1.936638 4.821803 4.869747 1.870441 0.796576 0.628354 0.950063 26.263159 0.505213 0.170032 0.066615 0.056716 0.066875 0.341669 0.524200 0.984078 6.851366 
7.703843 0.510958 1.156934 1.397469 1.403207 32.339890 0.324981 0.312064 0.082259 0.026706 0.044087 0.408674 4.508739 5.967098 10.468127 13.751178 15.385011 14.930061 28.961521 16.693666 16.178471 10.225657 9.323793 9.360007 5.729727 5.450121 1.981023 0.839278 0.827713 1.157598 26.200371 0.480570 0.147765 0.044096 0.028001 0.050253 0.150240 0.329208 0.972716 6.773945 
7.074218 0.491968 0.459347 0.672067 1.268586 17.288044 1.687028 1.129525 0.092149 0.055756 0.087202 0.549842 4.705411 6.442277 10.440821 15.177952 18.824135 19.214729 31.452908 20.136335 19.193508 16.042076 15.486243 16.345514 11.101591 10.904096 5.856001 6.307555 4.478708 4.863541 24.507978 0.066853 0.050104 0.020865 0.018391 0.031559 0.054111 0.093458 0.122201 6.210479 
2.976633 0.221308 0.201560 0.415210 1.262550 17.248817 7.038939 7.044882 32.566723 0.506093 0.491426 1.127904 5.815021 6.398804 10.235373 21.047604 26.843206 26.091242 31.846125 24.652758 24.124828 22.079535 21.908422 23.702961 19.689199 21.642103 12.551282 10.235374 5.379968 2.535637 0.747492 0.202327 0.050407 0.021526 0.030995 0.051660 0.040818 0.037816 0.048878 0.047390 
0.043289 0.070692 0.070397 0.097388 6.182218 9.098875 3.503350 3.477085 3.736648 0.732127 1.116811 2.164163 7.143914 8.493586 14.315475 21.259871 26.540979 28.205772 32.636444 28.646227 28.686533 26.955385 26.912426 30.471647 21.874762 18.940407 14.355489 10.860105 5.698421 2.472703 0.730230 0.232996 0.050967 0.034220 0.054475 19.294693 0.053669 0.033386 0.021709 0.020959 
0.021420 0.023488 0.030559 0.060068 0.101647 0.163109 3.471048 3.681321 3.724392 8.436913 5.013485 6.045985 10.828195 12.658519 18.372118 21.657953 27.230698 29.558090 32.437408 31.050194 31.153145 30.202332 30.197906 31.809666 25.002459 22.375221 22.659330 15.177693 16.915110 9.031779 0.578006 0.544245 0.090143 0.069928 0.210484 29.603928 0.198919 0.057972 0.016838 0.008135 
0.011285 0.015822 0.024762 0.040800 0.074991 0.109783 8.670002 7.477990 7.475494 12.855417 11.379663 10.823168 15.120944 17.389332 22.581568 25.471432 28.463978 30.428448 32.496853 32.251472 32.275196 31.809690 31.806107 32.307449 28.866890 27.166853 25.520367 19.344116 13.119190 9.832569 4.273601 2.549409 0.383021 0.080498 0.100400 19.324047 0.045436 0.025173 0.008236 0.003243 
0.019348 0.032435 0.044675 0.053326 0.062694 0.083827 4.642265 14.234302 15.608925 15.966261 20.747686 20.336189 21.840290 23.074503 26.007435 29.100861 30.192934 31.353664 32.375832 32.666584 32.697266 32.517597 32.523342 32.643185 31.505058 30.740822 28.343163 24.717985 17.459162 8.991252 3.538763 3.451890 0.522486 0.181099 0.109401 0.049780 0.036458 0.013846 0.004537 0.002172 
0.049170 0.069228 21.317631 0.102081 0.082066 0.127223 0.442598 1.079258 11.002882 13.645100 16.994062 21.732044 25.795761 27.676336 29.322725 30.750629 31.529970 32.216499 32.674984 32.823906 32.838337 32.786663 32.784565 32.526760 31.572231 29.990965 26.264959 20.294474 13.543431 7.490121 3.633908 3.466100 1.376332 1.381086 31.224493 0.028879 0.019901 0.007894 0.004586 0.004906 
0.120972 0.279418 29.458786 0.292195 0.133547 0.135721 0.428740 0.490893 8.886368 14.174369 17.573145 21.960526 26.474884 29.306820 30.952326 31.798790 32.365364 32.674194 32.815216 32.873322 32.882767 32.864571 32.810814 32.526978 31.859579 30.262098 27.144386 22.089479 16.858742 15.466023 11.326012 12.283569 2.984464 3.012959 1.586968 0.190424 0.017637 0.007621 0.011609 0.017570 
0.114859 0.135028 21.402609 0.157203 0.137041 0.153550 0.501310 0.509506 5.215137 12.621058 19.220461 24.297127 28.306351 30.630968 31.879721 32.394749 32.666740 32.800022 32.862312 32.886684 32.895500 32.883335 32.844742 32.695900 32.352428 31.568607 29.988792 27.790745 24.382910 21.550657 18.682482 11.875792 6.096644 5.485225 1.507558 0.235227 0.017688 0.016303 0.034693 0.043943 
0.137985 0.150313 0.142019 0.153115 0.171089 13.800072 9.850801 9.275713 10.477294 18.692604 21.627760 25.479622 28.970238 31.087702 32.174026 32.612774 32.780849 32.850807 32.880894 32.892147 32.899441 32.892216 32.877132 32.827068 32.713211 32.443317 32.049809 31.282415 29.213785 25.047720 19.937481 13.372218 8.413560 4.572865 1.698101 0.290375 0.029525 0.050133 0.079075 6.193863 
3.383460 0.144375 0.122039 0.220353 0.577114 2.541342 5.381745 10.233743 16.764168 21.065830 25.261530 29.007765 30.993616 32.012222 32.541687 32.764290 32.847733 32.877556 32.891167 32.896152 32.901054 32.898716 32.894054 32.881569 32.849422 32.750538 32.466946 31.716898 29.973219 26.426821 21.061480 14.939620 9.802794 4.746447 1.678342 0.389169 0.070774 0.201872 0.910040 6.657489 
3.286370 0.108407 0.086819 0.191365 0.554067 2.514836 5.231927 10.021215 17.850801 22.164677 27.056200 30.664951 32.014671 32.557167 32.764793 32.843021 32.875793 32.889988 32.895824 32.898285 32.902142 32.898167 32.894199 32.884632 32.859573 32.789139 32.587231 32.084099 30.953512 28.412596 23.730074 15.996344 9.517548 6.216314 1.551429 0.541471 0.099070 0.216190 0.928644 6.737874 
0.041828 0.047282 0.038952 0.069534 0.073206 4.061402 15.066097 21.592165 26.033234 32.160248 32.565716 32.616985 32.711308 32.789074 32.840271 32.873161 32.888828 32.895802 32.899635 32.901024 32.903622 32.898083 32.895622 32.887352 32.867386 32.803558 32.641605 32.271027 31.291803 29.237246 25.314589 18.999020 12.030857 5.730659 2.046130 0.924778 0.136045 0.153368 28.654011 24.436850 
0.019242 0.017099 0.021570 0.051408 0.079223 12.001311 26.660009 30.214825 30.983868 31.333971 31.781015 32.142612 32.377689 32.586502 32.725929 32.812408 32.858944 32.881721 32.892246 32.896671 32.899635 32.900475 32.894684 32.887436 32.864864 32.802711 32.635799 32.181465 31.080807 28.573183 24.281683 18.478376 10.217390 6.984793 1.710557 0.687559 0.115292 0.149963 0.502371 0.917386 
0.006801 0.007815 0.015193 0.021229 20.118086 26.761557 30.592405 30.497164 30.787449 31.126787 31.421207 31.666536 32.032990 32.347702 32.591587 32.750103 32.833050 32.870384 32.888565 32.894932 32.898975 32.899067 32.895218 32.887115 32.863693 32.786835 32.569668 31.981861 30.531088 27.631939 22.754509 16.284191 10.463287 5.998313 2.012616 0.708325 0.188125 0.161147 0.485014 0.631621 
0.006990 0.009048 0.022279 0.070596 0.113806 10.507368 27.174561 27.394917 28.380688 28.829773 29.148476 29.676193 30.517109 31.323009 32.021198 32.483856 32.721169 32.829525 32.872383 32.888294 32.896507 32.896667 32.893326 32.885418 32.865990 32.791355 32.549095 32.005314 30.603859 27.148867 21.795071 16.274549 9.965867 5.683842 3.246615 1.500840 1.516256 32.043793 1.123969 1.167058 
0.019880 0.021017 0.030896 0.079933 0.117473 10.011657 23.190786 25.167650 26.838631 26.273523 25.809925 26.355888 27.960709 29.587254 31.077099 32.035332 32.542130 32.761284 32.843170 32.874584 32.890068 32.893211 32.883846 32.862656 32.818203 32.643597 32.287174 31.778475 30.955442 29.870863 25.739542 17.385191 9.257937 4.458747 3.812638 1.508976 1.349317 6.749707 7.490050 5.619387 
0.046079 0.067200 0.066241 0.125745 0.141131 13.084948 19.849909 24.654255 26.230011 20.532131 19.351326 20.738501 23.752865 26.659019 29.417229 31.232960 32.222733 32.609158 32.764347 32.828411 32.874683 32.885971 32.864605 32.815029 32.691448 32.247936 31.163940 29.263750 26.494568 24.306890 19.175007 15.891467 12.472110 22.344753 23.063736 24.087637 7.290650 7.266844 7.539835 5.860722 
6.066825 0.207750 0.182638 0.431582 0.891210 7.732910 8.020334 16.508766 11.701292 9.791368 11.660522 14.716591 19.073122 23.161907 27.338013 30.191872 31.783747 32.246227 32.518898 32.693333 32.828999 32.865410 32.809238 32.704121 32.583916 32.132000 30.804594 28.141251 24.000963 20.311045 18.141508 13.952725 8.198152 0.737261 0.564583 0.137214 0.718886 1.013304 1.220833 7.577898 
16.488157 0.332496 0.257597 1.084722 1.612591 7.760196 8.149816 16.151075 5.119078 5.271451 7.657818 11.038595 15.648686 20.256571 25.545691 29.113073 31.019735 31.183275 31.809790 32.379208 32.731522 32.781242 32.611450 32.261074 32.121414 31.470774 29.509033 25.083426 20.196947 16.470901 12.199329 10.874726 10.122244 0.343626 0.336749 0.124544 0.255711 0.533020 1.372056 7.082219 
18.615841 21.100580 25.024206 20.313679 20.307869 27.202295 14.179250 11.617746 3.984759 4.019825 6.375692 9.606649 13.874828 18.680325 24.651167 27.521614 28.509220 28.687294 30.349695 31.723045 32.482891 32.528835 32.125740 31.055408 31.068357 30.336969 27.744390 22.653635 17.806946 11.961598 7.471125 3.591912 0.622165 0.175108 0.088752 0.063339 0.125865 0.371519 1.389510 7.154707 
15.254387 12.921070 1.094714 1.183337 1.036387 0.553922 11.669540 3.250911 3.287963 4.006835 6.573669 9.486693 13.491514 19.397093 23.159952 22.634897 23.456671 24.610731 27.718588 30.612898 31.882385 31.721035 31.006493 28.437382 28.384380 27.453772 26.493025 22.163185 15.790934 11.130756 7.061168 3.703095 0.622340 0.115254 0.071106 0.072477 0.091328 0.108901 28.714355 23.828024 
15.385829 12.925324 0.973929 0.505783 0.375933 0.403186 23.251102 0.503680 0.518457 20.307053 10.808586 10.197824 12.792141 24.653477 15.599473 15.240409 18.000528 18.894842 24.048288 29.539404 30.491213 29.583971 28.614910 23.706553 24.195524 22.353920 22.581324 21.438749 13.429121 9.892252 6.142863 4.059909 0.646352 0.147007 0.156067 32.661621 0.083557 0.074355 0.058591 0.403464 
20.711668 29.839003 0.147337 0.130227 0.103760 0.114167 0.084572 0.211762 0.207774 0.066130 0.201095 0.258021 0.219797 18.459890 9.406811 9.408238 12.372301 12.651068 20.729675 27.269512 26.810362 25.368141 27.580477 19.502901 18.473318 16.281044 14.942823 22.502569 5.561811 5.663362 4.486685 4.617924 29.956781 0.086676 0.073586 0.028756 0.039095 0.031127 0.041033 0.116487 
16.931269 0.086594 0.066297 0.040451 0.035859 0.049943 0.056633 0.072260 0.067133 0.053347 0.124622 0.166658 0.170095 10.563020 4.614460 4.821868 7.385010 7.543314 16.807863 24.085434 20.289011 19.009390 21.175211 15.553967 14.486675 11.714584 9.559864 8.874017 0.198112 0.197724 0.398773 0.347370 0.074118 0.051174 0.033398 0.019583 0.014143 0.010131 0.013124 0.027465 
5.663369 0.060324 0.035119 0.023118 0.035514 0.064821 0.079582 0.049608 0.032872 0.024957 0.037784 0.048642 0.055593 0.027552 0.735936 1.665258 4.055876 4.265028 9.626793 19.374294 15.054859 11.125148 8.758718 13.326696 10.143653 8.047397 2.046489 0.276776 0.177783 0.183134 0.236669 0.192034 0.061021 0.031792 0.023679 0.017346 0.010183 0.006015 0.005022 0.006947 
0.042446 0.034288 0.018738 0.020426 0.036314 1.132942 0.167898 0.072578 0.046942 0.026422 0.019217 0.016065 0.015889 0.023756 0.271005 0.634113 1.993623 2.474588 6.318012 13.586119 9.163591 3.923787 3.405676 22.013260 8.582179 8.524096 1.943197 0.274779 0.170903 0.217260 0.126083 0.073207 0.038057 0.037624 0.032920 0.035381 0.021000 0.014127 0.009118 0.007533 
0.017252 0.011915 0.009205 0.017935 0.040659 12.740529 28.687918 12.578678 0.059746 0.035624 0.030088 0.016451 0.008662 0.006321 0.024153 0.126079 0.816793 0.966059 6.516842 7.317974 9.905125 2.946525 2.560943 1.005831 5.936318 9.057962 1.971192 0.306381 0.307518 10.623795 0.096888 0.062176 0.052431 0.061677 32.659157 0.039728 0.030257 0.041869 0.030645 0.023848 
0.004437 0.003465 0.004647 0.013378 0.028940 1.089782 0.151982 0.066351 0.075732 32.664604 0.042449 0.033225 0.015306 0.006710 0.006656 0.021997 0.099546 0.108339 6.358150 2.467532 6.427209 0.797432 0.829670 0.980970 3.546351 10.633060 22.393291 15.113589 4.433350 2.765600 0.108611 0.090186 0.091953 0.071121 0.124782 0.134602 32.659054 0.089784 0.080492 0.050603 
0.000968 0.000955 0.002053 0.007109 0.020282 0.027340 0.059893 0.043231 0.058498 0.082384 0.086951 0.050224 0.033453 0.016077 0.010571 0.019061 0.040126 0.053444 0.051796 0.068004 0.039525 0.130216 0.296583 1.054753 11.154168 1.048248 0.322836 0.105423 0.107472 0.109913 0.126048 0.107256 0.116741 32.663879 0.115206 0.105890 0.032484 0.074599 0.101567 6.317803 
0.000195 0.000250 0.000694 0.002418 0.006726 0.011748 0.016992 0.017107 0.032693 0.073174 0.090325 27.269495 0.060711 0.043614 0.027599 0.044567 0.066255 0.055873 0.043246 0.049456 0.031384 0.059760 0.230858 0.978583 11.214263 1.024163 0.270360 0.080497 0.063236 0.091880 0.109070 27.308619 0.224805 0.207245 0.094180 0.046612 0.023212 0.031290 0.051979 0.056766 
0.000000 0.000000 0.000000 0.000000 0.000000 0.000000 0.000000 0.000000 0.000000 0.000000 0.000000 0.000000 0.000000 0.000000 0.000000 0.000000 0.000000 0.000000 0.000000 0.000000 0.000000 0.000000 0.000000 0.000000 0.000000 0.000000 0.000000 0.000000 0.000000 0.000000 0.000000 0.000000 0.000000 0.000000 0.000000 0.000000 0.000000 0.000000 0.000000 0.000000 
