0.002998 0.041407 0.453460 12.905294 0.463031 0.049223 0.013146 0.004090 0.000726 0.000084 0.000008 0.000011 0.000169 0.002841 0.041392 0.454265 12.761663 0.669294 0.259176 0.423618 11.050329 0.059960 0.014131 0.001740 0.000155 0.000057 0.000388 0.002074 0.005562 0.004693 0.003700 0.014532 0.063388 9.038874 0.060737 0.011808 0.002651 0.018355 0.224528 2.740621 
0.001569 0.011183 0.036159 30.667383 0.080674 0.055546 0.034744 0.017313 0.003500 0.000436 0.000044 0.000043 0.000234 0.001536 0.011172 0.036578 30.574268 0.791435 0.762112 28.462029 3.988911 0.164590 0.025968 0.002589 0.000215 0.000262 0.001954 0.009856 0.021211 0.031988 0.016460 0.041374 0.231034 2.774062 0.225372 0.019152 0.002901 0.009854 0.046653 6.102065 
0.000740 0.004813 0.026602 0.071070 0.114794 0.132739 32.280556 0.030678 0.009031 0.001276 0.000181 0.000377 0.001234 0.001667 0.004195 0.019771 0.050373 0.084544 2.327916 1.168623 28.057608 0.047964 0.012226 0.001591 0.000226 0.000853 0.006004 0.021998 0.924297 0.157351 0.051055 0.151287 0.260236 2.806543 0.255240 0.035172 0.007676 0.006610 0.022286 0.089569 
0.002914 0.003541 0.015800 0.045846 4.390281 7.556890 0.844603 0.090212 0.011125 0.001363 0.000652 0.003145 0.009652 0.009843 0.004353 0.006349 0.025236 0.066326 19.509081 0.111341 0.066808 0.022666 0.004150 0.000607 0.000221 0.001450 0.010726 0.047930 21.236897 18.809580 18.561062 20.362871 31.799047 18.925278 17.216904 0.082257 0.053377 0.043581 0.017720 0.055907 
0.037995 0.014914 0.052724 0.179701 5.972013 6.797410 0.916737 0.113911 0.024194 0.004327 0.003528 0.017746 0.045814 0.046378 0.020193 0.007828 0.021019 0.091063 16.286116 0.101449 0.031161 0.006368 0.001320 0.001290 0.000621 0.001068 0.006241 0.022788 0.972790 1.425550 19.800777 0.193910 0.058713 0.161786 0.097258 0.107630 0.462579 0.449550 0.039592 0.451484 
0.383756 0.038753 0.320163 0.379826 19.485252 8.929017 8.929255 31.439196 0.033421 0.009940 0.010065 0.046001 6.123323 6.287969 0.046703 0.022530 0.015183 0.042138 8.240492 0.038555 0.011541 0.002530 0.003689 0.008559 0.004645 0.002509 0.004640 0.016386 0.096263 0.146783 26.679449 0.069519 0.029984 0.041791 0.066564 30.550320 13.193483 13.194929 32.362328 13.517430 
7.289031 31.821550 4.196029 4.170654 3.129740 8.032161 0.594531 0.053339 0.021169 0.004503 0.003735 0.020479 0.087652 0.161835 30.686691 0.049690 0.024644 0.035763 0.087473 0.022448 0.005534 0.004469 0.017429 0.030094 0.026591 0.015257 0.020730 0.019016 0.089965 0.530155 11.088981 0.478618 0.044354 0.009669 0.021251 0.037778 0.448331 0.455845 0.123887 1.191623 
6.881688 0.117305 0.315542 0.328146 0.351765 32.177155 0.051715 0.029473 0.014871 0.004464 0.001447 0.006154 0.053365 0.472648 12.710671 0.545523 0.145870 0.070616 0.061758 0.034589 0.012600 0.013188 0.034720 32.302593 0.069459 0.049403 0.108031 0.064495 0.485513 0.952792 11.091289 0.474379 0.041839 0.003787 0.004475 0.012683 0.042400 0.048947 0.102018 1.158542 
6.466133 0.086330 0.039728 0.057001 0.360785 4.850548 0.349784 0.078986 0.036402 0.018010 0.004085 0.003719 0.042842 0.456685 12.707415 1.337141 1.289455 5.629431 0.377073 0.340743 0.037081 0.026205 0.038075 0.109646 1.611632 14.115891 24.745821 15.600623 7.999047 8.015061 30.185307 0.037921 0.011339 0.002188 0.004189 0.010892 0.007542 0.012508 0.048822 6.201656 
2.972759 0.044039 0.015732 0.048310 0.395706 4.829221 0.509633 0.528374 32.294491 0.034228 0.012677 0.003477 0.011558 0.037692 30.125010 4.531132 4.496954 7.687415 5.108296 5.129679 31.301674 0.059237 0.034780 0.091562 2.171584 5.347082 5.246985 0.558733 0.572949 0.833025 0.113676 0.024363 0.004557 0.004245 0.018560 0.039267 0.019096 0.007081 0.018423 0.046179 
0.036507 0.016678 0.012277 0.048392 6.166907 6.176982 0.156567 0.121689 0.321255 0.089026 0.033131 0.006496 0.004557 0.019557 0.047385 0.490650 4.526352 0.777591 0.630085 0.918830 5.618838 0.354783 0.043781 0.083439 26.260826 5.294597 5.253355 0.508157 0.232163 0.855831 0.087322 0.011232 0.002921 0.012418 0.041082 24.382217 0.041538 0.012877 0.004776 0.009836 
0.008012 0.003448 0.004963 0.020169 0.059769 0.101393 0.194274 0.245484 0.300049 15.282648 0.066831 0.018922 0.003764 0.005494 0.021181 0.044501 31.860765 0.734289 0.646839 0.937346 5.601056 0.349981 0.033610 0.034701 0.082801 2.425525 32.109024 0.601030 0.625856 29.424273 0.043555 0.013072 0.005294 0.041158 0.295373 25.387436 0.294831 0.040639 0.003874 0.001439 
0.001721 0.003961 0.009881 0.008486 0.023276 0.060754 6.488263 2.186888 2.168224 2.314813 1.506621 0.029054 0.007451 0.002190 0.008670 0.044788 0.114992 31.803450 5.723072 5.706114 12.670345 0.076007 0.017313 0.015132 0.038292 31.560202 3.254716 30.633163 8.445777 8.191161 0.263725 0.038455 0.006149 0.016638 0.045317 24.423784 0.040980 0.012355 0.001631 0.000264 
0.004351 0.018644 0.038590 0.020815 0.015969 0.051870 6.064570 0.325658 0.294555 0.288654 16.126238 0.065231 0.012162 0.002264 0.007844 0.048249 0.138353 0.099451 0.376233 0.433753 9.144469 0.073452 0.022441 0.009266 0.019039 0.034256 0.236134 0.049325 0.087405 29.327044 0.055333 0.025016 0.011327 0.031060 0.067193 0.062827 0.027208 0.004975 0.000608 0.000166 
0.014476 0.043503 26.738657 0.046521 0.017506 0.026810 0.101075 0.090908 0.319431 0.086125 0.080255 0.024899 0.004149 0.001676 0.008859 0.030488 32.292313 0.076269 0.055165 0.229538 4.175124 0.264545 0.037034 0.020804 0.008918 0.010989 0.023305 0.020367 0.053304 0.090797 0.055508 0.046425 0.035982 0.057478 32.312672 0.033673 0.012191 0.001985 0.000566 0.001213 
0.050034 0.363567 22.869154 0.364555 0.050406 0.022041 0.066340 0.103546 6.516842 0.064835 0.027073 0.005986 0.000905 0.000524 0.003486 0.017241 0.039124 0.030252 0.125497 0.625462 4.155790 3.833221 16.923752 0.035239 0.020731 0.006947 0.006524 0.024670 0.074746 0.060665 0.082103 32.320312 0.055186 0.033755 0.030332 0.017365 0.003873 0.001035 0.003187 0.009670 
0.027133 0.056175 26.747467 0.069182 0.040123 0.048857 0.248921 0.160951 6.243231 0.060604 0.024022 0.005735 0.001007 0.000216 0.000712 0.004009 0.017651 0.148737 0.845625 1.188991 8.198770 5.745049 12.033914 0.210357 0.039815 0.020603 0.013084 0.034480 32.317902 0.060433 0.038986 0.043541 0.022571 0.008097 0.008873 0.003533 0.001023 0.003160 0.017711 0.046009 
0.057151 0.044683 0.052768 0.040107 0.067305 19.097137 25.955133 20.566450 0.106618 0.061771 0.045447 0.020426 0.005185 0.000981 0.000692 0.005737 0.082993 0.845199 1.503377 7.293634 9.538034 10.441588 11.685472 5.733672 24.053890 0.032544 0.013400 0.018937 0.031053 0.021974 0.012620 0.022135 0.007995 0.001862 0.001343 0.000541 0.001191 0.009192 0.045710 6.198871 
3.270487 0.054082 0.024056 0.048091 0.474060 10.961183 1.939273 1.262241 0.145462 0.166198 32.317795 0.041692 0.020257 0.005419 0.003769 0.026091 0.121710 0.782223 3.370346 5.421355 13.162293 18.189234 20.704027 7.286309 0.630326 0.190958 0.015778 0.005046 0.009655 0.009209 0.022452 0.051741 0.020028 0.003928 0.000594 0.000194 0.001208 0.010649 0.097730 1.131029 
3.241207 0.042769 0.013085 0.043672 0.468585 10.971519 1.848805 1.250587 0.170237 0.067521 0.059962 0.048383 0.041682 0.022480 0.016573 0.046517 0.713435 12.515353 7.374199 8.274348 15.088934 19.662361 16.634857 8.554092 0.798202 0.197105 0.029257 0.005548 0.006993 0.021737 0.051723 19.082872 0.041492 0.011660 0.001595 0.000601 0.003922 0.023850 0.122612 1.161086 
0.038103 0.015654 0.005016 0.015393 0.042362 29.279335 12.583439 12.587037 30.721666 0.063260 0.038495 0.059919 32.297272 0.131168 0.110524 0.807852 4.079977 5.200178 8.642239 10.234921 29.559635 30.352079 30.100319 29.522408 30.142111 8.741858 0.024748 0.015347 0.023574 0.049009 0.272249 23.016783 0.191123 0.031002 0.003202 0.001500 0.009132 0.033862 30.654961 12.856647 
0.008117 0.003193 0.005201 0.026656 0.064403 0.163587 0.506101 0.463587 0.036982 0.021688 0.009800 0.021016 0.029825 0.020543 0.032515 0.402684 1.889050 5.034666 6.730713 10.161642 13.541169 17.200092 12.166458 6.059028 2.810555 1.672712 0.244961 0.047913 0.074673 15.517535 19.358452 15.503448 0.039031 0.011941 0.001790 0.001449 0.008173 0.035661 0.081923 0.473497 
0.001213 0.001546 0.008756 0.030325 32.301216 0.134689 0.084627 0.048832 0.011954 0.004050 0.001541 0.003818 0.008437 0.003592 0.003746 0.074591 0.622587 0.588008 5.151334 10.260592 11.979292 15.241766 15.153794 5.087278 2.760180 1.691893 0.288313 0.144423 0.305602 23.017530 0.311983 0.086860 0.037417 0.008900 0.002373 0.005541 0.022561 0.058216 0.056977 0.067532 
0.001331 0.000969 0.005593 0.039799 0.174582 19.982948 0.043478 0.016321 0.003471 0.000689 0.000186 0.000457 0.001179 0.000441 0.000328 0.005376 0.068694 0.119487 1.080982 13.874410 7.952410 8.709477 28.637848 8.891622 8.064677 7.125700 9.033811 0.418781 0.365508 19.109596 0.089715 0.059632 0.062165 0.028809 0.013559 0.021274 0.044109 32.002010 0.254031 0.252647 
0.009660 0.003575 0.004414 0.036415 0.206649 25.655169 0.214990 0.045099 0.006940 0.000897 0.000100 0.000047 0.000112 0.000041 0.000054 0.000657 0.008337 0.082139 0.127096 12.556441 5.004377 4.283257 21.447515 0.339389 0.328016 8.304569 0.235238 0.259500 32.259308 0.066103 0.046397 0.071461 30.661541 0.130639 0.105772 0.044471 0.472962 3.693007 6.453372 2.691890 
0.045597 0.019737 0.006631 0.016409 0.047126 24.295483 0.114986 0.076052 0.020979 0.003755 0.000460 0.000050 0.000020 0.000013 0.000074 0.000534 0.002960 0.013968 0.026252 11.967083 0.647360 0.675679 22.879955 0.298540 0.122316 0.083405 0.129057 0.312451 0.053197 0.031631 0.049994 0.462511 12.873281 1.195100 1.209525 31.962915 4.140883 4.108598 6.417163 2.820233 
6.104336 0.062874 0.026937 0.063034 0.416523 5.727896 5.669574 10.746283 0.042503 0.011082 0.001639 0.000298 0.000141 0.000100 0.000537 0.003094 0.009163 0.007041 0.018415 0.026919 0.150270 0.178591 21.876581 0.207897 0.073500 0.045724 0.062166 1.133334 0.030796 0.014001 0.043721 0.455349 12.874406 0.528592 0.130533 0.036297 0.301598 0.317651 0.250361 6.336867 
3.218151 0.127662 0.083267 0.359359 0.736394 5.725419 5.913676 17.879736 0.122828 0.023879 0.005412 0.003048 0.001469 0.000819 0.003230 0.017744 0.045303 0.019009 0.007717 0.014638 0.033179 0.119917 0.472356 20.436241 0.296565 0.268719 0.233664 28.174799 0.052668 0.013913 0.013205 0.038225 30.657854 0.044757 0.019735 0.013243 0.027239 0.036600 0.118341 1.135541 
3.267332 9.095812 11.193438 4.648741 4.663670 18.283337 12.533387 9.287843 0.063048 0.027187 0.043528 0.041585 0.011221 0.004918 0.010525 0.046875 6.204033 0.051675 0.015386 0.024072 0.060273 0.538547 0.747816 25.810541 3.479034 3.478811 25.110069 0.366238 0.021437 0.007918 0.006448 0.021412 0.048262 0.021118 0.008402 0.011088 0.010291 0.030570 0.143096 1.165018 
0.947499 5.226624 0.418908 0.353075 0.342022 0.176182 10.057870 2.822514 0.084908 0.051882 0.455756 0.453225 0.036316 0.019824 0.014489 0.050765 6.207006 0.062609 0.026391 0.053333 19.121912 10.094718 10.094102 19.043097 0.275118 0.247863 0.076738 0.047989 0.026129 0.016299 0.028363 0.031898 0.023561 0.012370 0.021773 0.032472 0.034139 0.058903 30.658119 12.846828 
1.158965 5.247450 0.352453 0.054702 0.040244 0.079476 23.431799 0.464087 0.492129 30.785223 12.935246 12.935017 30.633343 0.041274 0.016473 0.020498 0.046311 0.023575 0.040093 0.221287 26.219439 0.683785 0.508013 0.045914 0.033619 0.020583 0.020676 0.034482 0.056964 0.078100 0.347536 0.347803 0.046705 0.036300 0.057717 32.321346 0.055614 0.034193 0.036548 0.452781 
7.498252 30.682446 0.038521 0.012588 0.007269 0.023615 0.055536 0.094292 0.097013 0.036759 0.454836 0.468228 0.099779 0.063198 0.027241 0.008041 0.010165 0.008902 0.025076 0.052650 20.402050 0.098173 0.070589 0.018456 0.006058 0.005609 0.022407 0.055645 4.740903 13.661081 5.643582 5.659904 31.819324 0.057012 0.034058 0.030896 0.020593 0.008039 0.011510 0.041399 
7.093095 0.079020 0.027568 0.005244 0.003253 0.009600 0.015950 0.013726 0.012851 0.012081 0.043004 0.053113 0.074361 32.313175 0.030938 0.009488 0.006082 0.020072 0.049669 0.050929 0.071725 0.056369 0.091771 0.026391 0.007447 0.009783 0.031275 32.307877 0.110429 0.093289 0.350532 0.344534 0.033969 0.021392 0.009199 0.009508 0.004001 0.001212 0.001510 0.002848 
5.819709 0.047538 0.012576 0.003798 0.010644 0.026275 0.034220 0.014095 0.006238 0.003493 0.003814 0.006573 0.019870 0.029896 0.017103 0.004946 0.011683 0.036585 31.018843 0.069367 0.044414 0.065861 32.316559 0.045809 0.022383 0.009548 0.022260 0.050450 0.038672 0.031168 0.031812 0.028132 0.010849 0.007489 0.009902 0.005997 0.002376 0.000643 0.000252 0.000278 
0.044361 0.018009 0.004292 0.006556 0.023701 1.051595 0.150055 0.043662 0.027457 0.012361 0.004202 0.001619 0.003717 0.008446 0.003602 0.003469 0.041529 0.466102 11.265579 0.495681 0.061990 0.033062 0.055181 32.313667 0.046154 0.024668 0.025542 0.028959 0.040819 0.073984 0.023573 0.006047 0.005771 0.018307 0.031427 0.026121 0.012189 0.004096 0.001112 0.001290 
0.009530 0.003294 0.001947 0.010032 0.039132 14.474256 27.600657 14.267718 0.064556 0.033836 0.019049 0.005164 0.001351 0.001305 0.000604 0.002930 0.041579 0.466815 11.252823 0.668368 0.089572 0.031072 0.034444 0.066720 0.071432 0.056805 0.101614 0.061886 0.107576 8.341433 0.057936 0.014729 0.015588 0.037132 32.303177 0.055788 0.033747 0.020618 0.007543 0.010148 
0.001193 0.000450 0.000906 0.006059 0.023200 1.046265 0.149722 0.046354 0.068218 32.314114 0.041957 0.020481 0.005114 0.000919 0.000311 0.001813 0.012471 0.039555 18.949949 26.107651 20.442493 0.051387 0.024052 0.044824 1.819423 12.715276 24.690479 15.920462 4.869611 3.367449 0.053296 0.027059 0.039616 0.059129 0.097561 0.120280 32.302616 0.055703 0.034147 0.046612 
0.000108 0.000055 0.000256 0.001961 0.009968 0.021801 0.032421 0.016674 0.029000 0.044834 0.044645 0.045226 0.019208 0.003820 0.001033 0.003615 0.013006 0.022266 0.042348 0.215731 0.039437 0.020709 0.020471 0.200447 2.416569 0.253934 0.112514 0.046858 0.086194 0.050170 0.043835 0.051877 0.073888 32.308510 0.075365 0.053761 0.031035 0.033556 0.069929 6.232634 
0.000008 0.000006 0.000043 0.000347 0.001841 0.004858 0.004276 0.002724 0.006662 0.023377 0.048439 30.658813 0.036562 0.011539 0.004654 0.018361 0.049097 0.022719 0.015609 0.034282 0.011858 0.005015 0.017301 0.202549 2.444704 0.220938 0.036367 0.013982 0.019354 0.023900 0.048994 30.652636 0.101783 0.076380 0.026409 0.010673 0.009477 0.007487 0.021334 0.047619 
0.000000 0.000001 0.000005 0.000045 0.000246 0.000689 0.000459 0.000451 0.003499 0.043279 0.456184 12.890604 0.454888 0.042846 0.012891 0.049040 6.209286 0.048018 0.011679 0.004661 0.001919 0.001851 0.011454 0.057678 8.753114 0.060272 0.014043 0.003411 0.005264 0.043258 0.456169 12.876132 0.471438 0.055088 0.007586 0.001681 0.001486 0.001143 0.003883 0.011252 
