0.029034 0.108904 0.369292 28.091366 0.429708 0.166583 0.053900 0.016396 0.004506 0.001100 0.000358 0.000831 0.004619 0.024499 0.110411 0.386392 27.123650 2.237310 1.934368 2.059500 11.293000 0.063436 0.030353 0.008095 0.001831 0.000976 0.002692 0.007961 0.015198 0.022049 0.031083 0.084434 0.153605 19.505640 0.144384 0.075354 0.046381 0.149964 0.635056 5.322049 
0.012801 0.035196 0.052636 27.509783 0.177598 0.159975 0.063969 0.027169 0.009235 0.002407 0.000718 0.000886 0.002848 0.010585 0.034405 0.052216 27.737179 2.471452 2.449975 29.281923 4.054616 0.138469 0.044602 0.010180 0.002280 0.001868 0.006296 0.018970 0.028682 0.064667 0.075739 0.259992 1.036299 13.824868 0.999086 0.225298 0.057767 0.055137 0.083931 6.143067 
0.010045 0.021242 0.057881 0.118482 0.202883 0.211746 32.607807 0.032728 0.022582 0.006199 0.002045 0.002554 0.004774 0.007928 0.016121 0.035957 0.070264 0.120868 3.714154 1.760524 28.394249 0.045089 0.021681 0.006000 0.001924 0.003188 0.011547 0.025109 0.818929 0.167341 0.102646 0.328178 1.053777 13.809166 1.023990 0.261168 0.083034 0.057292 0.088890 0.226330 
0.028824 0.031790 0.079104 0.100773 3.827189 7.978385 1.264532 0.352743 0.084066 0.017240 0.006068 0.009683 0.016775 0.018696 0.017325 0.024741 0.052599 0.067484 9.494869 0.156735 0.137926 0.036616 0.011870 0.003583 0.001943 0.004461 0.016467 0.044173 19.970444 18.779230 16.366497 17.592535 32.108437 15.777948 14.824205 0.181465 0.158635 0.130854 0.097322 0.200343 
0.119368 0.085946 0.264544 0.332858 4.907440 15.818501 1.325889 0.368881 0.097220 0.023215 0.013431 0.029215 0.043736 0.046134 0.039762 0.046338 0.104763 0.130433 14.351565 0.140899 0.114317 0.028054 0.010501 0.004163 0.004306 0.006409 0.017251 0.036506 1.284143 1.515680 18.239231 0.207839 0.119520 0.160152 0.131412 0.198872 0.365034 0.335678 0.108157 0.397338 
0.418591 0.098344 0.939267 0.979422 19.578560 24.822966 24.850784 29.733984 0.034529 0.018790 0.020304 0.047228 6.137450 6.382441 0.087462 0.304119 0.487068 0.504210 24.755713 0.403126 0.384480 0.167030 0.100589 0.016686 0.038566 0.034376 0.034985 0.123901 0.508555 0.548600 31.323475 0.135594 0.103601 0.090610 0.107502 25.790318 29.148224 29.153624 32.689110 26.589849 
8.001326 32.556862 14.899353 14.878136 3.909971 22.415640 0.636892 0.262307 0.064194 0.019053 0.019272 0.063562 0.226016 0.256049 19.155785 1.455761 1.487624 1.659805 31.351454 1.389723 1.302264 0.974178 0.613908 0.021813 0.506479 0.422931 0.103144 0.149832 0.503091 0.871965 26.169762 0.514935 0.160269 0.057882 0.049670 0.060823 0.341544 0.502402 0.939646 6.715995 
7.682909 0.440264 1.080370 1.300115 1.307156 32.318909 0.260043 0.246722 0.063451 0.019800 0.015359 0.047975 0.198281 0.333172 5.373978 7.648044 6.815712 6.192048 30.220705 6.320484 6.344615 4.163322 4.078290 7.409844 0.463580 0.439869 0.147276 0.197466 0.981892 1.381703 26.154102 0.494328 0.141687 0.038390 0.023335 0.043785 0.136573 0.294000 0.927690 6.637051 
7.013650 0.420175 0.386748 0.581016 1.190068 17.006784 1.555389 0.986644 0.073871 0.031788 0.017759 0.036300 0.170265 0.306282 5.213178 8.949120 9.542295 9.592781 30.040514 8.626612 7.519873 7.936713 8.034018 16.057804 10.269604 15.400474 14.945919 21.109215 19.483299 19.669950 27.042168 0.062728 0.044045 0.017119 0.015313 0.027016 0.045720 0.078028 0.107419 6.195714 
2.961487 0.181097 0.160726 0.358307 1.189286 16.969881 6.186541 6.192855 32.531162 0.039344 0.029164 0.031334 0.159913 0.167507 4.130719 25.150774 18.213345 16.281561 28.928719 14.633809 13.066409 13.178213 13.254391 30.827318 17.206919 17.844921 14.341369 8.534081 7.168852 6.022530 0.966254 0.190854 0.039864 0.017521 0.027955 0.047457 0.036012 0.031482 0.042900 0.046101 
0.040894 0.058109 0.055965 0.083616 6.187358 8.335878 2.678584 2.654856 3.080997 0.082254 0.099264 0.172912 0.846938 1.120452 6.700677 12.310634 18.328459 22.224176 30.905653 22.021988 21.015556 18.886103 18.980730 29.358887 19.949600 16.579252 14.476696 8.625843 7.377509 5.993156 0.946609 0.179722 0.037303 0.029611 0.050217 19.452175 0.050597 0.029974 0.018749 0.019049 
0.018670 0.018839 0.024499 0.051743 0.092570 0.150407 2.673233 3.025895 3.072791 16.518559 0.931894 0.975584 2.023843 2.640108 8.311803 10.846230 19.630884 27.084064 31.647299 27.804358 27.305220 24.625475 24.684093 30.522120 23.001822 18.499792 20.441008 9.162263 9.362922 24.174381 0.079779 0.059096 0.029303 0.062847 0.207201 29.536253 0.200452 0.056133 0.015215 0.007027 
0.009231 0.013178 0.021008 0.034167 0.065220 0.102131 9.060081 11.163596 11.158732 7.638834 2.253092 2.239192 3.659032 4.710894 10.240858 14.665669 19.274185 25.689575 32.307766 30.922853 30.576962 28.551109 28.560732 31.598930 27.635090 22.696444 19.558266 13.122231 8.221486 6.741227 0.406500 0.120407 0.034639 0.043840 0.064468 19.491230 0.044237 0.023627 0.007267 0.002673 
0.016411 0.029284 0.041298 0.046019 0.053251 0.080158 6.045771 4.732287 4.917248 4.971192 9.850044 7.008984 7.442437 8.702132 12.631998 20.277058 22.461052 26.666035 31.229677 32.064449 31.966476 31.001558 31.034494 32.308815 30.521584 28.237995 25.110033 23.492052 13.209090 5.806822 0.084461 0.077152 0.045586 0.062468 0.074477 0.049342 0.034801 0.012576 0.003855 0.001763 
0.043171 0.063611 21.526098 0.089051 0.068645 0.102466 0.241294 1.155138 4.519125 5.010525 8.575926 13.250270 14.308530 15.327039 18.593903 22.551722 25.717106 29.463232 32.129253 32.589066 32.554531 32.185555 32.133869 32.670586 31.353230 29.193285 24.734079 17.576368 9.703641 3.682767 0.155046 0.081235 0.081454 0.091328 32.644634 0.028131 0.018302 0.006846 0.003839 0.004287 
0.110005 0.273418 29.377956 0.281069 0.117383 0.104989 0.211344 0.242009 6.413666 6.491094 9.605338 14.981802 19.105396 21.250906 24.095993 26.636833 29.535797 31.497263 32.437531 32.760975 32.793701 32.662838 32.652218 32.566998 31.776749 29.833521 26.163809 20.196327 14.560776 17.847548 12.823856 12.018331 0.112905 0.109042 0.059564 0.020786 0.009270 0.006177 0.010193 0.016404 
0.098845 0.119382 21.598701 0.138640 0.118101 0.125352 0.289551 0.271096 2.684409 8.878012 15.190454 20.902639 25.136076 27.079100 28.862713 30.031319 31.383223 32.226570 32.665863 32.820503 32.867054 32.833179 32.831585 32.721657 32.408588 31.756878 30.417507 28.622814 21.072073 14.633127 11.714936 4.851324 1.451600 0.565338 0.049726 0.008629 0.006049 0.013247 0.031578 0.043420 
0.122402 0.131397 0.125238 0.133421 0.154054 15.748857 14.966074 23.602621 19.076101 18.667896 19.031725 22.915022 27.141857 29.486206 30.921635 31.644297 32.224991 32.597988 32.788456 32.853870 32.888226 32.878101 32.869400 32.813580 32.605553 31.986633 30.739185 27.371395 22.626219 16.624348 10.545986 5.306236 2.812667 0.638470 0.053205 0.005246 0.010471 0.040862 0.070527 6.184208 
3.364314 0.127804 0.104894 0.193417 0.441340 6.083063 13.601229 20.462240 17.598658 17.596357 21.591732 28.295599 31.057854 31.715042 32.205997 32.484741 32.676029 32.786957 32.855469 32.878277 32.895168 32.890564 32.875111 32.807755 32.593979 32.011852 30.495537 27.416988 22.678329 16.331198 9.963485 5.068528 2.321472 0.765786 0.064845 0.007400 0.029438 0.174046 0.869100 6.506716 
0.000000 0.000000 0.000000 0.000000 0.000000 0.000000 0.000000 0.000000 0.000000 0.000000 0.000000 0.000000 0.000000 0.000000 0.000000 0.000000 0.000000 0.000000 0.000000 0.000000 0.000000 0.000000 0.000000 0.000000 0.000000 0.000000 0.000000 0.000000 0.000000 0.000000 0.000000 0.000000 0.000000 0.000000 0.000000 0.000000 0.000000 0.000000 0.000000 0.000000 
0.040334 0.041303 0.031926 0.058847 0.067606 11.038994 24.084089 23.788576 26.926826 31.308292 26.827782 27.309538 28.748270 30.446474 31.682941 32.436115 32.751732 32.851540 32.886505 32.894356 32.901093 32.887043 32.875412 32.824577 32.663136 32.133099 30.905210 28.365782 23.333405 17.008602 10.786622 5.284630 3.033102 2.434685 0.212966 0.016111 0.018816 0.036607 28.589016 24.426262 
0.017254 0.014296 0.017978 0.044855 0.077899 0.958087 1.066711 1.949390 3.766013 6.994459 11.535738 17.424147 22.794262 27.081514 29.939102 31.578461 32.355247 32.695446 32.827377 32.870384 32.889320 32.891335 32.864784 32.823978 32.692551 32.353069 31.588717 29.770042 26.052917 20.060368 13.304020 8.228749 1.216796 1.088242 0.102487 0.015196 0.033452 0.118785 0.422548 0.817844 
0.005663 0.006396 0.013420 0.023282 32.494541 0.958896 0.941732 1.697813 3.682069 6.873263 11.180231 16.025202 21.378090 25.940006 29.221346 31.202465 32.176693 32.598557 32.786343 32.853195 32.886127 32.882099 32.860367 32.807552 32.672043 32.271076 31.421206 29.730644 26.016689 20.465122 13.756012 6.347740 1.892098 1.019285 0.130534 0.030809 0.054877 0.130621 0.404908 0.527770 
0.005851 0.007350 0.019419 0.066954 0.171822 17.551645 1.129314 1.088693 2.256711 4.492518 7.838830 12.111818 17.254929 22.102703 26.456488 29.662783 31.376345 32.250980 32.621231 32.776657 32.864822 32.862484 32.832199 32.772980 32.678879 32.312740 31.445333 30.034761 26.799583 19.712051 11.702509 6.671231 1.932348 1.035526 0.267068 0.074909 0.086815 32.297600 1.013551 1.054528 
0.017993 0.017342 0.025516 0.073079 0.182727 24.860641 0.433544 0.339771 1.068667 2.736499 5.313502 8.716212 13.433802 18.228033 23.636559 27.878059 30.423285 31.725670 32.354179 32.625759 32.806389 32.803722 32.670540 32.432434 32.187405 31.610176 30.708849 29.176594 27.481468 27.704390 27.611311 29.375244 8.098318 1.027840 1.013870 0.086883 0.650658 6.588811 7.365736 5.461902 
0.044829 0.057381 0.053302 0.106943 0.133491 23.613232 0.388040 0.357179 0.604051 1.563020 3.319177 5.825969 9.913497 14.333436 20.521265 25.560198 28.976917 30.687740 31.763012 32.230511 32.665691 32.662746 32.373920 31.677584 30.699867 28.808634 24.899338 19.849302 15.211380 20.718506 13.048057 11.178643 8.333447 10.577933 10.599935 32.579281 7.224771 7.191388 7.431070 5.702387 
6.066862 0.181131 0.155303 0.393760 0.859750 7.874329 7.779146 10.364667 0.882792 0.821802 1.759886 3.513489 7.013282 11.100464 17.865122 22.974733 27.018570 28.782700 30.508469 31.402361 32.301792 32.348160 31.820332 30.408096 29.013962 27.302086 23.880247 18.189999 12.071184 9.202393 9.130202 9.427475 6.997311 1.126273 0.995729 0.103894 0.680899 0.932905 1.122843 7.466295 
15.025070 0.300942 0.231195 1.066918 1.603024 7.888946 8.113832 19.793070 0.233345 0.156927 0.641384 1.884883 4.937613 9.057472 15.976092 19.918758 24.150246 25.247143 27.889881 30.034222 31.599566 31.520834 30.953878 28.277414 25.911272 23.094057 19.371323 12.968001 8.331849 6.654251 4.054763 3.985595 20.826908 0.250177 0.237001 0.091936 0.216852 0.451768 1.256001 6.852041 
16.718893 19.722658 24.269941 19.293297 19.288992 26.812742 12.386433 8.754529 0.116151 0.090158 0.281499 1.095886 3.845934 8.739928 14.097010 16.371630 19.143957 19.891523 24.575275 28.101023 29.880098 29.965919 29.589647 24.908741 23.079773 19.307358 14.522969 9.490691 8.073977 4.121928 1.845378 0.944664 0.111612 0.081969 0.063607 0.047909 0.099376 0.311058 1.273833 6.926309 
0.000000 0.000000 0.000000 0.000000 0.000000 0.000000 0.000000 0.000000 0.000000 0.000000 0.000000 0.000000 0.000000 0.000000 0.000000 0.000000 0.000000 0.000000 0.000000 0.000000 0.000000 0.000000 0.000000 0.000000 0.000000 0.000000 0.000000 0.000000 0.000000 0.000000 0.000000 0.000000 0.000000 0.000000 0.000000 0.000000 0.000000 0.000000 0.000000 0.000000 
13.435909 13.560530 0.954740 0.458072 0.331672 0.359915 23.479286 0.516319 0.537020 27.656551 26.592140 26.390993 26.368692 7.225206 6.420048 6.837661 8.775506 10.151410 18.720728 22.204288 23.472752 22.139421 26.233189 14.106456 16.669743 12.424664 11.624940 8.973971 6.163074 2.711769 1.214153 0.887904 0.112456 0.085824 0.095637 32.650600 0.076959 0.067141 0.055065 0.404311 
19.108917 29.892048 0.124983 0.107383 0.083475 0.095739 0.077476 0.196788 0.194091 0.064295 0.369923 0.405779 0.209274 7.501606 3.115783 2.990440 5.206132 5.644863 20.789652 16.199631 19.819780 17.018574 27.923132 9.337101 8.221810 7.246164 8.420562 9.118642 12.144186 25.553984 23.068539 23.093859 30.985458 0.079185 0.065343 0.026831 0.035214 0.027025 0.037185 0.112293 
15.894404 0.082819 0.057653 0.031948 0.027667 0.040693 0.048505 0.062090 0.057922 0.047039 0.123455 0.157771 0.166429 27.803118 1.158770 1.141074 2.127163 2.186280 26.264988 11.859155 11.539518 11.753695 29.966864 6.133670 5.414760 3.515285 3.558951 28.034323 0.220739 0.216337 0.730157 0.684736 0.066229 0.044807 0.028616 0.017042 0.012041 0.008285 0.011119 0.024853 
5.679823 0.056482 0.030575 0.018763 0.030051 0.055770 0.071666 0.042549 0.027454 0.020675 0.033178 0.042757 0.049793 0.019100 0.074313 0.123145 0.510486 0.532252 22.697313 10.652029 10.661903 10.279188 9.092590 4.045957 1.651768 0.743344 0.297254 0.100916 0.139648 0.155584 0.225089 0.188374 0.052222 0.026471 0.020240 0.015047 0.008612 0.004835 0.003947 0.005737 
0.041972 0.031668 0.016051 0.017626 0.033560 1.117740 0.161914 0.065957 0.042636 0.023206 0.016269 0.013240 0.013267 0.010415 0.013230 0.036736 0.170607 0.431067 19.455240 5.708024 4.852724 1.321911 0.805438 28.103127 0.146423 0.136952 0.086788 0.092078 0.135235 0.190255 0.107327 0.060967 0.030620 0.032422 0.030101 0.032979 0.019072 0.012172 0.007480 0.006261 
0.016100 0.010516 0.007800 0.016264 0.039411 12.834953 28.615376 12.666774 0.057580 0.033026 0.027510 0.014305 0.007191 0.004629 0.007436 0.030823 0.137089 0.361000 19.466141 5.689450 4.773607 0.489791 0.219617 0.150245 0.157277 0.158815 0.145077 0.117762 0.161228 10.411421 0.087412 0.052043 0.044045 0.053911 32.641361 0.039052 0.028949 0.037845 0.026679 0.021376 
0.003922 0.002908 0.003921 0.012133 0.027823 1.083426 0.149964 0.062359 0.072367 32.647202 0.040633 0.030791 0.013485 0.005487 0.004811 0.014342 0.044795 0.062309 13.105881 19.717955 16.755085 0.140767 0.120544 0.141211 1.774315 11.862102 25.170807 15.288077 4.471264 2.806613 0.096946 0.078007 0.081183 0.063987 0.117647 0.128119 32.641266 0.083600 0.073689 0.048789 
0.000808 0.000763 0.001696 0.006254 0.018788 0.026252 0.056418 0.038807 0.052867 0.075473 0.080505 0.048125 0.030706 0.013799 0.008492 0.015919 0.033943 0.046785 0.056904 0.154397 0.048769 0.078118 0.221219 0.953547 10.338223 0.995243 0.297255 0.092110 0.099483 0.099238 0.112025 0.095408 0.105525 32.646214 0.107435 0.097499 0.029648 0.067968 0.095588 6.307794 
0.000152 0.000189 0.000551 0.002027 0.005898 0.010549 0.014978 0.014305 0.027900 0.065649 0.083142 27.461117 0.056555 0.039113 0.023412 0.039912 0.060979 0.050524 0.039574 0.052718 0.028240 0.047284 0.199652 0.925680 10.406583 0.968093 0.237239 0.066434 0.053868 0.080710 0.098239 27.492804 0.209713 0.191821 0.082781 0.039836 0.019757 0.026933 0.046897 0.053901 
0.000000 0.000000 0.000000 0.000000 0.000000 0.000000 0.000000 0.000000 0.000000 0.000000 0.000000 0.000000 0.000000 0.000000 0.000000 0.000000 0.000000 0.000000 0.000000 0.000000 0.000000 0.000000 0.000000 0.000000 0.000000 0.000000 0.000000 0.000000 0.000000 0.000000 0.000000 0.000000 0.000000 0.000000 0.000000 0.000000 0.000000 0.000000 0.000000 0.000000 
