0.043261 0.122515 0.349478 28.737309 0.470046 0.239749 0.096496 0.034313 0.011568 0.010278 0.085099 0.636426 2.642544 4.152073 10.588320 13.679836 17.501118 28.928869 32.608894 32.360905 31.771854 30.608728 28.722635 24.984535 21.283552 15.164139 9.345540 4.587465 1.086449 0.443873 0.153236 0.201725 0.270332 22.399565 0.221811 0.152692 0.106771 0.223586 0.710539 5.515219 
0.024819 0.051355 0.067686 26.986206 0.262253 0.245699 0.104441 0.061743 0.042104 0.119712 0.521851 1.512553 3.800543 5.637847 12.624975 14.456714 20.445246 31.790762 32.694366 32.390186 31.894911 31.407320 29.153860 26.060440 22.525970 16.671997 10.606124 5.533621 2.287348 2.235480 0.779300 0.763008 1.336960 17.354445 1.091178 0.342686 0.129698 0.115411 0.141866 6.224221 
0.024281 0.044028 0.097480 0.180802 0.285427 0.292265 32.241920 0.462016 0.448223 0.825657 1.745067 3.420841 6.166435 8.336826 15.099483 18.025440 24.227196 28.795549 32.791008 32.529644 32.095509 31.382402 30.221758 27.689419 24.543190 18.576412 12.153556 6.682532 2.944449 1.913740 0.808980 0.828098 1.349271 17.314720 1.111763 0.387042 0.164423 0.122517 0.171823 0.356305 
0.054761 0.071086 0.144409 0.164159 3.671356 7.711635 2.451654 1.908869 2.787888 3.605582 4.931123 6.457774 9.650546 12.738174 19.197407 22.504749 26.996338 29.502228 32.607399 32.637936 32.421249 31.946573 31.206818 29.275921 26.593624 21.650143 15.960200 11.030234 6.704553 7.072088 11.793790 10.836981 24.625135 13.340846 12.078488 0.249035 0.230771 0.198202 0.189742 0.332527 
0.163454 0.153531 0.375562 0.430932 4.166304 12.724535 2.468169 1.922653 3.195784 4.932172 7.264700 10.402853 13.754411 16.522997 22.440489 26.257015 29.321903 30.862764 32.687065 32.737175 32.610672 32.357147 31.887049 30.713411 29.066782 25.292677 20.956833 17.200970 10.582044 11.700311 15.110671 22.300705 15.697721 9.880083 8.910773 0.279061 0.399148 0.365298 0.199058 0.513664 
0.441771 0.163210 0.944692 0.973032 14.893005 16.205967 14.573020 14.339311 7.734503 8.427635 10.874670 14.267552 18.126677 22.729715 25.703043 28.548073 30.788061 31.674007 32.735626 32.810719 32.752411 32.633762 32.412121 31.757210 30.536255 28.372747 25.736832 24.234966 25.686909 20.215034 20.666445 17.181786 15.718266 10.170923 9.942715 29.644800 29.920395 29.923269 32.665611 26.754419 
8.013659 32.554783 12.706659 12.590860 10.083434 16.309778 16.348034 23.617994 15.685220 14.403592 16.218695 19.245134 23.205505 26.064941 28.818478 30.744852 31.859520 32.271847 32.806499 32.851261 32.825928 32.766151 32.627853 32.253925 31.962528 30.781874 29.580015 29.624065 28.953897 25.474129 21.447453 16.578686 11.815280 4.718156 2.240574 0.711423 0.429501 0.602714 1.090814 7.065896 
8.038960 1.747588 1.932654 7.542441 7.510345 19.119656 23.033237 26.571888 25.978315 24.289604 24.133215 25.463007 27.842714 29.239510 31.172670 31.998064 32.502266 32.636265 32.852711 32.874912 32.864773 32.838402 32.796192 32.627277 32.364784 31.943636 31.562136 30.770054 29.034250 25.989376 22.258211 17.291929 9.894173 4.745200 2.470607 0.681766 0.261790 0.431716 1.080481 6.992465 
8.057648 1.737589 1.751853 6.446803 6.761106 11.134912 23.404419 30.026085 28.005970 28.498281 29.060192 29.723989 30.712517 31.391365 32.113968 32.489132 32.719242 32.784958 32.883121 32.885361 32.880512 32.871841 32.855762 32.804775 32.699024 32.504898 32.309975 31.734991 30.380148 28.372913 22.224224 15.679649 12.418973 6.470132 3.867813 1.119649 0.246863 0.155664 0.181844 6.278296 
3.470601 1.368024 1.437864 4.125701 4.822500 9.596128 21.913073 25.815886 30.352688 31.244427 31.406099 31.699276 32.086361 32.341934 32.595142 32.747467 32.836533 32.861984 32.894978 32.892132 32.891220 32.886410 32.882130 32.863365 32.827435 32.787376 32.573963 32.125706 30.839691 28.314793 23.549129 17.941444 13.343241 6.960265 4.004502 1.114930 0.277655 0.085350 0.073980 0.054413 
0.062987 0.201369 0.838333 0.973468 2.560225 7.528755 17.505199 29.371346 30.526297 32.035660 32.395515 32.503223 32.628777 32.710148 32.804943 32.859951 32.877506 32.887070 32.898827 32.896271 32.896198 32.893551 32.892464 32.888092 32.865467 32.819805 32.680119 32.319008 31.340080 29.599609 26.606802 22.008780 18.041254 12.975865 11.752721 6.573797 0.208298 0.196654 0.050314 0.029567 
0.040045 0.175435 1.381944 2.055849 4.901107 11.058205 17.766739 25.016068 28.803728 31.189333 32.415367 32.719955 32.808701 32.838467 32.866489 32.882683 32.893002 32.895077 32.900444 32.899086 32.899052 32.897640 32.897358 32.895294 32.883904 32.863174 32.789158 32.549156 32.179447 30.487360 28.214439 25.600031 21.033167 15.798629 11.107890 4.269760 1.415624 1.247465 0.200011 0.026429 
0.035273 0.264351 1.748400 3.218360 7.433029 12.441035 18.830431 25.969339 29.560915 31.377119 32.398190 32.750492 32.847847 32.873970 32.886269 32.891819 32.896137 32.899036 32.902214 32.901211 32.901428 32.900181 32.900047 32.898594 32.892307 32.879730 32.836021 32.690296 32.340191 31.686876 30.388578 28.650528 25.566893 21.348047 15.840225 7.097786 2.822089 2.746071 0.669292 0.139048 
0.074914 0.375326 1.742724 3.351133 7.922734 13.155263 19.994524 26.148314 30.001284 31.563467 32.402012 32.750256 32.852028 32.882351 32.891605 32.896114 32.898125 32.899979 32.902111 32.902592 32.902943 32.902004 32.901901 32.900589 32.896484 32.890278 32.870090 32.818363 32.654469 32.293755 31.463924 30.115337 26.629135 21.966499 15.109447 8.833957 5.665110 4.843960 1.947111 0.941527 
0.336184 0.353243 7.125335 11.534027 14.651510 18.510004 23.807325 28.119591 30.736971 31.998835 32.564083 32.779793 32.858521 32.885117 32.894165 32.897537 32.900368 32.901646 32.902927 32.903545 32.903679 32.903202 32.902889 32.901554 32.898880 32.895336 32.885830 32.860748 32.786579 32.605732 32.184982 31.559061 31.350929 26.920822 16.951075 10.208647 9.348226 7.096586 3.626269 2.340701 
1.638555 1.734137 5.136527 10.383717 16.457062 22.082851 26.738131 29.693766 31.553047 32.415211 32.712696 32.828388 32.872684 32.889046 32.895870 32.898895 32.900970 32.902351 32.903404 32.904076 32.904228 32.903912 32.903545 32.901932 32.900261 32.897572 32.892433 32.880402 32.851517 32.798599 32.635212 31.993887 30.529892 28.569023 22.976784 16.521744 16.364305 13.272259 10.545884 9.380749 
8.010459 8.013357 12.297941 17.580160 23.279610 26.082462 29.595102 31.055676 32.156849 32.626797 32.798645 32.860935 32.884167 32.893135 32.897610 32.900085 32.901787 32.902958 32.903820 32.904346 32.904507 32.904167 32.903667 32.902607 32.901436 32.899830 32.897228 32.892731 32.877472 32.831337 32.702682 32.261444 31.251499 29.355072 25.599405 21.642050 19.930222 15.852679 12.706002 10.843448 
10.376041 10.506713 15.119505 20.907553 25.422880 28.929770 30.984564 31.954483 32.548965 32.771313 32.844902 32.875408 32.888794 32.894920 32.898445 32.900726 32.902290 32.903378 32.904102 32.904484 32.904636 32.904362 32.904015 32.903389 32.902901 32.901279 32.899876 32.896763 32.887474 32.857361 32.769573 32.506981 31.901327 30.659458 28.373657 25.841866 23.787523 20.213608 17.562994 15.915983 
14.003275 13.711375 17.402798 22.763540 26.838907 30.238310 31.783772 32.477371 32.748734 32.836983 32.874855 32.889793 32.895157 32.898052 32.900169 32.901783 32.902996 32.903809 32.904350 32.904579 32.904701 32.904648 32.904388 32.904179 32.903461 32.902523 32.901318 32.898899 32.893608 32.879444 32.839859 32.729939 32.498844 31.954374 31.058012 29.905636 28.683273 26.555326 24.904711 22.350624 
0.000000 0.000000 0.000000 0.000000 0.000000 0.000000 0.000000 0.000000 0.000000 0.000000 0.000000 0.000000 0.000000 0.000000 0.000000 0.000000 0.000000 0.000000 0.000000 0.000000 0.000000 0.000000 0.000000 0.000000 0.000000 0.000000 0.000000 0.000000 0.000000 0.000000 0.000000 0.000000 0.000000 0.000000 0.000000 0.000000 0.000000 0.000000 0.000000 0.000000 
29.412214 29.865101 30.849031 31.607929 32.095036 32.475315 32.741962 32.826172 32.864197 32.887329 32.896446 32.898952 32.901424 32.902512 32.903427 32.904079 32.904442 32.904606 32.904694 32.904713 32.904732 32.904671 32.904617 32.904453 32.904179 32.903854 32.902905 32.902027 32.900864 32.899090 32.898056 32.892284 32.889229 32.885441 32.888680 32.883259 32.871330 32.851768 32.826157 32.800262 
28.315542 28.862032 30.347445 30.919264 31.936981 32.411858 32.677547 32.806900 32.860874 32.881927 32.890942 32.895676 32.898350 32.900269 32.901680 32.902744 32.903526 32.904076 32.904453 32.904617 32.904694 32.904713 32.904644 32.904545 32.904278 32.903675 32.902637 32.901154 32.899128 32.896606 32.892109 32.887589 32.878197 32.869057 32.853485 32.834572 32.807205 32.774872 32.735905 32.736877 
26.073458 26.996101 29.110453 29.644701 31.206898 32.373367 32.688030 32.817043 32.860065 32.877918 32.887562 32.893143 32.896797 32.899204 32.900913 32.902180 32.903122 32.903759 32.904423 32.904510 32.904663 32.904713 32.904556 32.904388 32.904087 32.903629 32.902618 32.901123 32.898979 32.896095 32.892132 32.886665 32.878853 32.868828 32.853771 32.834564 32.807423 32.773880 32.725788 32.720596 
25.504898 26.927111 28.378407 30.111092 31.131426 32.008915 32.459949 32.664444 32.778343 32.836666 32.867615 32.883900 32.892265 32.896561 32.899151 32.900925 32.902191 32.903130 32.903965 32.904202 32.904583 32.904530 32.904324 32.904064 32.903431 32.903156 32.902222 32.901234 32.900410 32.898327 32.895557 32.892521 32.887470 32.882305 32.871315 32.855698 32.809063 32.749256 32.659515 32.655556 
24.999535 26.685076 28.119614 29.898346 31.225391 31.989096 32.234169 32.500874 32.671440 32.764248 32.827187 32.864567 32.883804 32.892464 32.896946 32.899483 32.901207 32.902378 32.903107 32.903728 32.904102 32.904270 32.904018 32.903053 32.902363 32.901508 32.899857 32.898514 32.896553 32.891880 32.883789 32.866337 32.831745 32.791439 32.772064 32.699963 32.597408 32.544098 32.683887 32.650265 
25.093332 26.685167 28.086920 30.088533 31.043085 31.166193 30.856180 31.711979 32.155483 32.453564 32.677101 32.802486 32.860023 32.882908 32.892883 32.897293 32.899815 32.901203 32.902161 32.903160 32.903568 32.903812 32.903286 32.902130 32.900970 32.899368 32.897388 32.894848 32.890366 32.885468 32.865181 32.822845 32.719578 32.554703 32.345039 32.250820 32.451832 32.224934 32.690948 32.644398 
30.677322 31.705532 31.840691 30.263866 28.132826 25.643112 26.685383 29.283161 30.781414 31.688705 32.326981 32.663818 32.808025 32.863064 32.885792 32.894135 32.897995 32.899551 32.900803 32.901615 32.902710 32.903202 32.902828 32.900787 32.899303 32.897305 32.894535 32.890511 32.881218 32.871101 32.843105 32.742306 32.470894 31.780058 30.861853 29.266516 30.205217 29.572229 29.082563 28.241558 
22.566801 23.549450 26.777384 17.389526 16.415770 18.976484 21.444902 26.107222 28.533403 30.349533 31.711607 32.418285 32.709652 32.825390 32.873840 32.889267 32.895447 32.897007 32.898636 32.900185 32.901817 32.902359 32.901379 32.899021 32.896152 32.892231 32.885841 32.870529 32.851421 32.827579 32.740685 32.445904 31.652636 30.865023 29.532927 26.633017 23.228245 25.439329 23.189734 16.851866 
22.446297 22.211388 14.165793 8.889097 10.448104 11.472780 15.206409 21.882471 25.213886 28.280979 30.784336 32.031353 32.537037 32.760929 32.856564 32.880901 32.890934 32.892773 32.895821 32.898281 32.900620 32.901340 32.899277 32.894554 32.891083 32.882622 32.866108 32.826271 32.775772 32.716068 32.503395 31.612429 29.129591 27.132761 25.276806 20.501625 14.463534 17.860388 22.535812 13.925297 
0.000000 0.000000 0.000000 0.000000 0.000000 0.000000 0.000000 0.000000 0.000000 0.000000 0.000000 0.000000 0.000000 0.000000 0.000000 0.000000 0.000000 0.000000 0.000000 0.000000 0.000000 0.000000 0.000000 0.000000 0.000000 0.000000 0.000000 0.000000 0.000000 0.000000 0.000000 0.000000 0.000000 0.000000 0.000000 0.000000 0.000000 0.000000 0.000000 0.000000 
19.699917 16.354959 4.088330 3.891043 4.715496 5.459647 9.993045 13.980914 16.709028 22.989285 28.853588 30.725939 31.775730 32.563847 32.793926 32.824356 32.852951 32.868401 32.883820 32.892403 32.897293 32.897518 32.882370 32.852627 32.830395 32.777546 32.707428 32.552521 32.149788 32.000156 31.660563 31.000967 22.403629 13.817341 13.253022 11.462996 2.507328 2.068372 0.331458 0.259206 
23.961874 29.288221 0.743077 0.718483 1.376357 4.203040 5.135242 8.407297 15.347523 20.667110 25.261240 30.090799 31.331093 32.242825 32.648178 32.722786 32.797016 32.831581 32.868275 32.885136 32.895054 32.893742 32.855190 32.775311 32.678051 32.524597 32.322258 32.207294 31.032747 30.819721 30.576778 30.303595 22.067318 8.930439 7.127162 3.731668 5.249231 1.669909 0.324148 0.153815 
18.806074 0.104503 0.121483 0.129556 0.442268 2.024991 4.488971 9.097741 13.939692 19.394535 25.197779 30.208359 31.186859 31.979567 32.362682 32.496586 32.656361 32.750175 32.826618 32.871075 32.888664 32.890358 32.783733 32.596062 32.313938 31.871992 31.153818 29.849129 29.060024 28.480988 28.506727 28.244997 25.602610 19.628305 5.660836 3.350272 1.493886 0.386564 0.055866 0.037643 
5.625242 0.078587 0.055271 0.049608 0.186461 2.136438 4.223126 8.180396 12.840326 18.851217 26.248543 30.365086 31.566376 31.104631 31.690199 32.011906 32.338234 32.589600 32.727928 32.828350 32.877003 32.872459 32.633762 32.257359 31.493404 30.631466 28.948614 26.484043 26.929869 25.456367 25.142559 27.098169 24.298580 19.747122 6.563662 1.389950 0.627646 0.075687 0.012750 0.011752 
0.045004 0.044556 0.029970 0.033406 0.065906 3.006750 5.867841 8.959717 13.436275 20.290321 27.567606 30.642536 30.286119 30.383520 30.820818 31.040110 31.645632 32.276390 32.554585 32.743179 32.855877 32.784916 32.363838 31.502495 29.961010 28.530664 26.974459 23.860888 20.644701 20.512329 20.580435 24.015381 22.996119 24.148432 6.709359 0.684851 0.349202 0.037745 0.016487 0.013074 
0.021495 0.017401 0.015178 0.024890 0.043761 10.795391 11.492104 16.501499 13.266830 21.802073 26.607031 29.427397 27.912716 27.068123 28.275566 28.864681 30.334623 31.496426 32.258896 32.628830 32.838253 32.587383 31.545366 29.706617 27.648201 23.300867 21.060898 15.848570 13.359747 13.951572 15.815366 21.765583 20.251762 20.395367 21.864197 0.366875 0.359639 0.067704 0.045175 0.033585 
0.006469 0.005812 0.007760 0.018221 0.033394 1.106499 0.116727 0.084759 0.092245 14.036048 19.781206 26.859644 23.779312 23.021938 25.439030 26.214014 28.581095 30.633371 31.809412 32.454514 32.815010 32.423023 30.931356 27.976763 23.190184 18.387709 15.526259 8.826461 6.275719 5.434209 8.022830 19.626358 18.731997 19.572067 0.151908 0.160272 32.628490 0.110628 0.102781 0.058686 
0.001651 0.001821 0.003587 0.010327 0.025502 0.031631 0.072100 0.068540 0.090359 0.103314 0.223288 19.376995 18.333931 17.880163 21.760605 22.579706 25.790075 29.529522 31.242926 32.249531 32.796635 32.192638 29.756502 25.928213 20.596992 15.650092 12.999825 6.614340 5.428190 2.934502 3.445698 17.973816 17.290249 24.467630 0.140803 0.134711 0.046247 0.097584 0.122898 6.350098 
0.000394 0.000545 0.001346 0.004010 0.009858 0.016354 0.024631 0.028626 0.051236 0.099789 0.113245 22.320358 13.677327 13.575720 18.585348 19.378448 23.604076 28.349710 30.759960 32.089020 32.777992 32.334064 29.971834 25.902992 20.020597 14.668685 12.396111 5.749383 4.284539 2.452058 2.465968 31.590511 0.309833 0.263240 0.135566 0.072654 0.038423 0.048287 0.070901 0.069625 
0.000000 0.000000 0.000000 0.000000 0.000000 0.000000 0.000000 0.000000 0.000000 0.000000 0.000000 0.000000 0.000000 0.000000 0.000000 0.000000 0.000000 0.000000 0.000000 0.000000 0.000000 0.000000 0.000000 0.000000 0.000000 0.000000 0.000000 0.000000 0.000000 0.000000 0.000000 0.000000 0.000000 0.000000 0.000000 0.000000 0.000000 0.000000 0.000000 0.000000 
