0.000469 0.010852 0.219997 4.729940 0.223278 0.014386 0.009901 0.002291 0.000245 0.000017 0.000001 0.000001 0.000018 0.000453 0.010835 0.219634 4.712058 0.299738 0.119414 0.323136 10.720090 0.066305 0.009802 0.000737 0.000039 0.000012 0.000139 0.001185 0.004527 0.002205 0.001613 0.008849 0.057746 7.182738 0.056955 0.007962 0.000847 0.004712 0.082360 1.292842 
0.000770 0.008944 0.046808 31.231937 0.080759 0.042758 0.046688 0.017266 0.002123 0.000154 0.000009 0.000008 0.000072 0.000762 0.008947 0.047261 31.128763 0.697449 0.654904 28.014473 3.849975 0.185968 0.015455 0.000834 0.000039 0.000092 0.001145 0.008449 0.022043 0.023410 0.011347 0.021918 0.064660 1.093294 0.063330 0.005093 0.000942 0.007167 0.050955 6.119046 
0.000204 0.002666 0.023993 0.088581 0.125615 0.152786 31.822960 0.045540 0.008740 0.000729 0.000052 0.000119 0.000604 0.000757 0.002305 0.018232 0.058719 0.096522 2.432369 1.224338 27.675674 0.058263 0.009798 0.000777 0.000068 0.000453 0.004923 0.022988 1.008437 0.159136 0.051568 0.183664 0.106208 1.152791 0.099340 0.019828 0.002755 0.002238 0.015423 0.061761 
0.000504 0.001553 0.009809 0.050003 5.029796 6.699979 0.303382 0.039665 0.004866 0.000419 0.000196 0.001640 0.007593 0.007681 0.002166 0.003286 0.020558 0.068541 18.666111 0.125992 0.073507 0.019309 0.002232 0.000198 0.000061 0.000797 0.009422 0.053236 21.751440 17.067343 19.989683 22.692350 31.538120 22.246910 19.536386 0.055303 0.019724 0.011818 0.011130 0.019474 
0.010852 0.009743 0.021736 0.238505 6.834463 2.471731 0.308194 0.077115 0.019346 0.002336 0.001767 0.014229 0.051311 0.051818 0.016847 0.003996 0.016186 0.107390 19.375031 0.116690 0.025246 0.003233 0.000431 0.000732 0.000209 0.000508 0.004963 0.022863 0.995994 1.842072 19.446527 0.241674 0.062813 0.227937 0.105122 0.094038 0.229899 0.221269 0.047978 0.223547 
0.214673 0.047188 0.129042 0.205679 17.020403 2.963581 2.975373 31.493551 0.046580 0.009236 0.007799 0.051167 6.102214 6.247635 0.055896 0.019292 0.010860 0.040089 8.404275 0.038370 0.009089 0.001117 0.002176 0.008621 0.002667 0.001105 0.002211 0.010021 0.039046 0.088243 24.171289 0.063164 0.021205 0.030106 0.067778 31.200788 4.752981 4.753551 31.909428 4.787886 
4.356053 31.530428 1.881554 1.849251 3.871515 2.603478 0.274535 0.059590 0.019044 0.002441 0.001797 0.014640 0.061013 0.124867 31.213289 0.051647 0.013694 0.026108 0.059664 0.016609 0.002960 0.002443 0.017329 0.045360 0.024402 0.011770 0.015490 0.010622 0.025326 0.231200 4.459310 0.216762 0.011800 0.003565 0.018354 0.047758 0.220506 0.222211 0.071999 0.292351 
3.988344 0.105861 0.125483 0.120729 0.157452 31.869415 0.058969 0.021985 0.011895 0.002431 0.000437 0.002060 0.018137 0.228427 4.713507 0.233427 0.041395 0.068120 0.031215 0.010799 0.009923 0.011025 0.047749 31.834286 0.085587 0.052998 0.113816 0.047575 0.196966 0.399433 4.465576 0.215911 0.010806 0.000731 0.002339 0.009752 0.011159 0.013008 0.035302 0.306274 
5.213103 0.063310 0.014248 0.014603 0.136454 2.024421 0.128450 0.031674 0.048543 0.017530 0.002265 0.000735 0.011425 0.220367 4.713169 0.397619 0.405850 5.780149 0.175642 0.133089 0.047923 0.021264 0.030065 0.130264 1.758406 14.858035 24.315409 11.366015 3.427507 3.449386 30.802126 0.047855 0.008973 0.000976 0.002324 0.009569 0.003126 0.007716 0.051385 6.172100 
3.082063 0.043269 0.008558 0.021447 0.179598 1.995217 0.151663 0.186233 31.839682 0.047420 0.010657 0.001706 0.009041 0.047624 30.921503 2.131237 2.099311 6.986578 2.078053 2.106915 31.311193 0.062878 0.024973 0.102011 2.466468 2.656212 2.643207 0.215068 0.209419 0.248039 0.077490 0.019339 0.002379 0.002304 0.017522 0.049869 0.017656 0.003784 0.014431 0.051580 
0.040931 0.012338 0.008594 0.052035 6.137947 6.180468 0.095323 0.052190 0.189608 0.113077 0.026464 0.003195 0.002411 0.018166 0.057649 0.247136 2.129651 0.368945 0.176242 0.260339 2.188495 0.129336 0.017794 0.070299 25.567122 2.664277 2.651695 0.178277 0.079045 0.284421 0.038812 0.004865 0.001162 0.009418 0.050134 28.753500 0.050290 0.009576 0.002405 0.007656 
0.006147 0.001611 0.002516 0.015166 0.060698 0.110673 0.142733 0.090173 0.152820 13.448328 0.069672 0.014209 0.001774 0.003063 0.019028 0.056571 31.575607 0.309963 0.176724 0.257015 2.162314 0.123417 0.009457 0.027714 0.105901 1.357844 31.796444 0.311890 0.356633 29.452261 0.050823 0.009605 0.001618 0.018964 0.329641 12.277354 0.329455 0.018800 0.000939 0.000629 
0.000729 0.002236 0.008945 0.004486 0.016686 0.061802 6.399887 0.922341 0.901710 2.146645 1.766511 0.033070 0.005650 0.000860 0.004568 0.038299 0.154230 31.595354 2.206461 2.180604 9.099519 0.066055 0.010360 0.011730 0.049142 31.603098 1.886221 29.975702 8.289727 8.143724 0.294715 0.018656 0.001989 0.011666 0.052427 28.781935 0.050058 0.009416 0.000765 0.000076 
0.002333 0.017532 0.049240 0.018399 0.010676 0.053958 6.037906 0.136988 0.094974 0.132510 13.807450 0.071767 0.009218 0.000940 0.004178 0.043293 0.194363 0.092921 0.146035 0.186020 5.383580 0.058216 0.017802 0.005131 0.017860 0.046619 0.100686 0.054188 0.105256 29.470253 0.060928 0.019873 0.006068 0.027536 0.089965 0.088865 0.025780 0.002810 0.000196 0.000043 
0.010261 0.050945 29.480169 0.052183 0.011511 0.017298 0.078045 0.041417 0.132630 0.043002 0.081296 0.018438 0.001993 0.000853 0.008700 0.045548 31.818600 0.054602 0.017840 0.022882 0.078088 0.036310 0.054360 0.018946 0.005143 0.009207 0.006948 0.013952 0.042157 0.086383 0.043338 0.056448 0.030581 0.067233 31.849033 0.047447 0.010733 0.000981 0.000174 0.000600 
0.019703 0.329412 10.544344 0.330818 0.020983 0.012820 0.037177 0.079890 6.225238 0.062883 0.018877 0.002763 0.000257 0.000169 0.002120 0.017234 0.046027 0.017751 0.003053 0.007822 0.043966 0.079974 31.707029 0.055619 0.019023 0.003854 0.002921 0.020661 0.078708 0.045720 0.082263 31.861246 0.066247 0.029677 0.045371 0.017364 0.002252 0.000341 0.001651 0.007612 
0.018099 0.058784 29.482506 0.071637 0.030956 0.052297 0.331309 0.164498 6.238718 0.062776 0.018684 0.003007 0.000325 0.000043 0.000241 0.002224 0.009212 0.003441 0.012825 0.133965 0.481777 0.199612 0.488861 0.061081 0.055731 0.018993 0.011042 0.047597 31.858347 0.068309 0.031730 0.055867 0.019820 0.004557 0.008720 0.002136 0.000349 0.001630 0.014245 0.051537 
0.053842 0.033480 0.057150 0.030995 0.070328 25.641195 17.640829 26.358015 0.085229 0.042879 0.055256 0.018728 0.002981 0.000328 0.000190 0.001538 0.007078 0.019990 0.215325 1.774117 0.493668 1.616447 0.457518 0.309390 31.771742 0.047795 0.011128 0.018118 0.045520 0.019308 0.006918 0.019301 0.004507 0.000634 0.000744 0.000185 0.000569 0.007158 0.050900 6.171645 
3.255259 0.052637 0.016845 0.013815 0.219821 4.567780 0.722189 0.342604 0.058090 0.094379 31.858967 0.055418 0.018824 0.003051 0.001614 0.010840 0.030860 0.089525 1.007980 1.276524 4.152577 2.112167 2.251745 28.722906 0.299056 0.040051 0.005177 0.002561 0.008952 0.005218 0.019229 0.056386 0.018128 0.002198 0.000197 0.000038 0.000361 0.004216 0.034939 0.304591 
3.235107 0.043233 0.007529 0.011582 0.217999 4.571321 0.535538 0.309793 0.095816 0.045843 0.068184 0.040901 0.055424 0.018589 0.007596 0.030424 1.906338 23.163979 4.519271 3.934789 5.925056 3.586797 3.062057 4.140792 0.453382 0.078303 0.019594 0.002680 0.003849 0.019101 0.056724 22.092907 0.046832 0.009351 0.000768 0.000197 0.002196 0.018844 0.072695 0.290223 
0.041973 0.011835 0.002380 0.011204 0.049983 30.640200 4.716608 4.717053 31.221006 0.069301 0.031579 0.068149 31.859720 0.046943 0.010396 0.021483 0.146256 0.286531 3.093899 4.513746 30.974043 8.685691 7.189883 4.218717 4.230985 30.741413 0.049571 0.011470 0.019413 0.056121 0.339577 22.135841 0.255148 0.019910 0.000958 0.000762 0.008753 0.046478 31.218355 4.728521 
0.006191 0.001531 0.002933 0.025645 0.087796 0.190674 0.250693 0.222540 0.047112 0.019121 0.005392 0.019021 0.045150 0.017260 0.002383 0.005264 0.096977 0.506384 5.492816 7.077652 5.065556 3.779025 2.760299 2.209964 0.760104 1.762224 0.117477 0.020318 0.057002 19.809685 10.119358 19.741959 0.046232 0.009495 0.000807 0.000481 0.004560 0.029965 0.072476 0.223143 
0.000557 0.000819 0.008658 0.045450 31.831423 0.148350 0.046574 0.014461 0.009169 0.002235 0.000519 0.002212 0.008581 0.002118 0.000285 0.001050 0.014704 0.074368 11.551032 6.150771 3.634337 2.723197 3.128386 2.218349 0.775914 1.734194 0.169505 0.082812 0.318393 22.064341 0.367518 0.081928 0.030833 0.004689 0.000739 0.003064 0.019792 0.067067 0.034587 0.017521 
0.000632 0.000296 0.002619 0.028298 0.223142 25.840481 0.049062 0.010636 0.001643 0.000214 0.000036 0.000157 0.000712 0.000154 0.000047 0.000569 0.006898 0.039514 3.343663 1.324120 0.826656 2.091073 2.804710 22.262518 8.452876 6.846539 9.634233 0.505859 0.434698 22.145739 0.082874 0.045112 0.068549 0.021140 0.005754 0.019063 0.056388 31.663836 0.119114 0.089933 
0.007600 0.001725 0.001216 0.020832 0.310391 18.867311 0.315224 0.028157 0.002903 0.000259 0.000018 0.000009 0.000039 0.000008 0.000008 0.000149 0.002186 0.021280 0.092629 1.403389 0.778499 0.817739 29.902447 0.449001 0.409492 8.831453 0.231339 0.272404 31.781172 0.067417 0.034226 0.072166 31.221962 0.078400 0.040665 0.056552 0.226383 1.750248 6.263116 1.298699 
0.051274 0.015043 0.003085 0.010131 0.049211 27.425987 0.110983 0.065574 0.016995 0.002075 0.000152 0.000009 0.000004 0.000001 0.000014 0.000166 0.001447 0.010428 0.048560 30.808407 0.746412 0.726606 15.076183 0.393435 0.070661 0.069890 0.086342 0.330338 0.069154 0.024918 0.014859 0.222633 4.727612 0.296378 0.328343 31.605679 2.019350 1.987664 6.250926 1.381032 
6.126237 0.060629 0.016758 0.016718 0.197206 3.471263 3.439288 12.033392 0.047386 0.009033 0.000766 0.000057 0.000042 0.000020 0.000173 0.001617 0.007189 0.003850 0.017770 0.049469 0.056210 0.095695 28.315065 0.246931 0.036705 0.020787 0.043160 1.474703 0.031107 0.008293 0.011697 0.220286 4.727608 0.230075 0.039934 0.047763 0.122651 0.122447 0.122076 6.181166 
1.384778 0.120496 0.069687 0.123530 0.299426 3.460371 3.544755 17.458530 0.137877 0.017464 0.001514 0.000499 0.000737 0.000272 0.001659 0.014247 0.050801 0.014635 0.004062 0.011405 0.015554 0.047013 0.338644 26.083994 0.105731 0.066903 0.117586 26.545258 0.064462 0.011007 0.009871 0.047798 31.220163 0.049750 0.011838 0.010410 0.007377 0.010064 0.040073 0.304998 
1.394056 7.380186 8.199594 1.915184 1.934624 16.684950 12.244576 10.242462 0.066444 0.020222 0.011724 0.010900 0.008961 0.002746 0.007880 0.051796 6.172036 0.054149 0.010325 0.019861 0.054701 0.240846 0.540846 18.120636 0.915766 0.924178 19.977522 0.508532 0.022465 0.005291 0.002862 0.018445 0.057244 0.018605 0.004576 0.009716 0.004929 0.021083 0.077769 0.290712 
0.232231 2.086086 0.187598 0.121541 0.128928 0.138153 9.533836 3.056684 0.098078 0.057840 0.221046 0.220131 0.046975 0.018228 0.010132 0.053917 6.172781 0.062620 0.018947 0.058284 25.522909 4.451368 4.451113 25.316490 0.098997 0.059981 0.083475 0.040944 0.017973 0.009701 0.006773 0.009255 0.019550 0.006840 0.019256 0.046274 0.029723 0.067445 31.219172 4.728055 
0.362620 2.114531 0.133617 0.013873 0.016199 0.064905 23.533529 0.509227 0.551856 31.327822 4.734520 4.734406 31.204386 0.050505 0.012659 0.015444 0.051110 0.016068 0.022148 0.314000 17.831890 0.513108 0.236744 0.051726 0.020072 0.005546 0.013393 0.024575 0.058430 0.065894 0.122599 0.127175 0.056897 0.030675 0.067230 31.862106 0.066278 0.029714 0.047005 0.219936 
4.311915 30.959799 0.047710 0.009278 0.003247 0.018772 0.060122 0.066065 0.070583 0.046712 0.220894 0.229785 0.095213 0.088103 0.025850 0.004440 0.007511 0.004672 0.019939 0.059066 26.222366 0.070670 0.031564 0.012502 0.002753 0.002637 0.019342 0.060961 5.406096 9.178163 2.154370 2.180207 31.591242 0.066976 0.029743 0.045488 0.018901 0.004512 0.009055 0.010853 
4.055249 0.096063 0.024428 0.002797 0.001532 0.006511 0.011380 0.005979 0.005579 0.009146 0.011629 0.019835 0.056338 31.849590 0.045557 0.008914 0.003433 0.018296 0.057652 0.041385 0.071747 0.042176 0.067969 0.020976 0.004079 0.008991 0.045689 31.841648 0.106364 0.075508 0.123478 0.126107 0.046389 0.019124 0.005233 0.008923 0.002266 0.000404 0.000745 0.000454 
6.002457 0.052540 0.009192 0.001943 0.008635 0.024407 0.024838 0.010688 0.003166 0.001719 0.000777 0.002575 0.017651 0.045223 0.017228 0.002856 0.009121 0.047057 31.247145 0.071000 0.033049 0.069670 31.852844 0.056993 0.019908 0.005335 0.019362 0.058571 0.028101 0.019148 0.008350 0.007124 0.009051 0.004357 0.009058 0.003519 0.001127 0.000195 0.000063 0.000050 
0.050697 0.014456 0.002193 0.005080 0.023696 1.070339 0.167471 0.050674 0.025739 0.010775 0.002315 0.000523 0.002156 0.008585 0.002130 0.000680 0.010803 0.217791 4.584260 0.237997 0.024104 0.023960 0.062342 31.850370 0.057007 0.020305 0.018228 0.021899 0.028744 0.067804 0.015912 0.002254 0.003136 0.017638 0.045787 0.025598 0.010745 0.002310 0.000365 0.000614 
0.007578 0.001700 0.000968 0.009250 0.048409 18.103111 23.772207 17.891676 0.088954 0.047484 0.018189 0.002973 0.000469 0.000736 0.000171 0.000472 0.010816 0.217785 4.579053 0.513341 0.063167 0.022748 0.027624 0.077488 0.086119 0.059782 0.108991 0.060156 0.114141 7.413858 0.058982 0.009859 0.012248 0.049033 31.835012 0.085341 0.047545 0.018715 0.004000 0.007759 
0.000598 0.000145 0.000463 0.004937 0.023556 1.067885 0.167908 0.052703 0.090233 31.850571 0.055516 0.018859 0.002955 0.000315 0.000076 0.000848 0.009575 0.048787 25.508383 17.822037 26.229582 0.056677 0.017987 0.040080 1.932195 13.722030 24.701586 16.348305 5.123551 3.785968 0.053140 0.020204 0.035590 0.086759 0.121485 0.160413 31.834095 0.062998 0.026280 0.051796 
0.000033 0.000011 0.000091 0.001145 0.008463 0.022297 0.024063 0.012557 0.026608 0.055893 0.039088 0.056592 0.018087 0.002180 0.000336 0.001783 0.009358 0.019388 0.050561 0.311779 0.048500 0.018256 0.006585 0.071593 1.055980 0.125154 0.110190 0.048342 0.106379 0.050891 0.034543 0.058068 0.095765 31.840870 0.083513 0.046718 0.045660 0.027664 0.071165 6.194752 
0.000001 0.000001 0.000010 0.000130 0.001097 0.004124 0.002082 0.001200 0.003648 0.019236 0.057198 31.220222 0.046990 0.009054 0.002383 0.014406 0.052867 0.016774 0.011228 0.019511 0.009390 0.002399 0.004672 0.073879 1.078627 0.085368 0.019388 0.010082 0.014513 0.017493 0.055502 31.209682 0.096138 0.057270 0.020752 0.005808 0.008892 0.003975 0.015894 0.052243 
0.000000 0.000000 0.000001 0.000010 0.000090 0.000388 0.000136 0.000089 0.000660 0.011734 0.220869 4.725360 0.220048 0.011465 0.008107 0.051971 6.174489 0.052374 0.008478 0.001478 0.000862 0.000778 0.007959 0.055958 7.256703 0.057006 0.009017 0.001501 0.001424 0.011559 0.220626 4.723383 0.230518 0.020711 0.002881 0.000500 0.000784 0.000357 0.001852 0.008311 
