0.033896 0.113139 0.357593 28.407358 0.437509 0.190128 0.067114 0.021494 0.006202 0.001607 0.000572 0.001220 0.005885 0.027818 0.114572 0.375714 27.321804 2.994515 2.702049 2.801032 11.696432 0.067135 0.034373 0.009922 0.002477 0.001423 0.003653 0.010167 0.019079 0.029000 0.044209 0.110732 0.180823 20.897705 0.170494 0.100576 0.065062 0.176027 0.663223 5.405134 
0.016553 0.040423 0.057381 27.255957 0.206066 0.188911 0.076308 0.032563 0.011821 0.003348 0.001091 0.001303 0.003869 0.013176 0.039816 0.059770 31.888840 3.245716 3.221598 21.446396 4.455037 0.145605 0.049610 0.012146 0.003074 0.002559 0.007701 0.021691 0.032372 0.075058 0.097348 0.307935 1.088061 15.503047 1.047009 0.270552 0.080728 0.073551 0.101380 6.168811 
0.014109 0.028018 0.070452 0.139309 0.230632 0.238752 32.634468 0.037540 0.028276 0.008610 0.003000 0.003360 0.006006 0.011417 0.046471 0.285904 6.435251 6.976070 5.056180 9.065675 14.605148 0.076563 0.063250 0.014125 0.007127 0.007224 0.014096 0.027410 0.811765 0.175903 0.123279 0.372116 1.104428 15.480058 1.071393 0.309454 0.109047 0.076213 0.113364 0.265777 
0.036686 0.043899 0.101050 0.122070 3.796370 8.045020 1.263665 0.376197 0.099750 0.023060 0.008372 0.011553 0.018831 0.039114 0.246750 0.886574 6.358778 7.188271 9.675782 14.252240 7.214097 0.805696 0.541288 0.155004 0.125954 0.101409 0.051501 0.078062 19.411491 18.329847 16.038734 17.225389 32.134331 15.467816 14.572791 0.201743 0.179563 0.149406 0.124653 0.240668 
0.133768 0.108797 0.307675 0.372730 4.876715 15.808128 1.320353 0.391882 0.113268 0.030051 0.017137 0.032117 0.031838 0.066351 1.235974 2.861020 8.041031 9.009162 13.109921 15.092420 7.868712 2.169531 1.565309 0.922215 1.152645 1.020987 0.532507 0.581854 2.514258 2.649313 17.772850 0.221912 0.139438 0.173227 0.147339 0.218568 0.367004 0.335452 0.134718 0.429080 
0.424588 0.120067 0.983891 1.022768 19.894814 24.961811 24.994493 29.692419 0.039122 0.023839 0.031601 0.048391 2.603966 4.053989 1.537102 3.586623 9.825666 11.154974 17.984707 15.828952 12.072836 6.556920 6.224140 5.050480 2.775825 2.392397 2.166119 1.489333 1.745877 1.768292 30.673895 0.154444 0.124612 0.107840 0.124152 25.204172 29.509113 29.514618 32.680603 26.665991 
8.007584 32.603115 15.887746 15.867662 4.011337 22.625187 0.720215 0.360018 0.089668 0.035605 0.184963 0.558255 5.782258 7.330700 11.540208 9.878911 13.861960 14.755473 24.243584 18.270203 16.086126 10.239315 8.180352 5.516551 8.026720 7.326112 4.647206 2.978537 1.907774 2.019424 23.588896 0.476961 0.174362 0.071045 0.060412 0.070113 0.343499 0.535206 1.002402 6.897493 
7.713853 0.546511 1.193537 1.442677 1.447961 32.348545 0.357671 0.344930 0.093496 0.057919 0.321052 1.004451 5.605610 9.691586 17.072701 18.307796 20.936394 20.756733 28.440403 23.029705 21.529610 15.750232 14.593005 13.264023 9.568258 8.734900 5.081063 3.250874 2.508209 2.545047 23.302692 0.448603 0.150178 0.046965 0.030472 0.053663 0.157288 0.345385 0.991258 6.820803 
7.104362 0.528003 0.495706 0.716241 1.307183 17.367149 1.740586 1.188468 0.103528 0.240482 0.689636 1.533790 5.926191 11.231388 17.458187 20.917818 24.301758 24.797312 31.525640 26.107252 24.817530 21.738834 20.956858 19.975832 15.352360 13.696967 8.426355 8.150393 6.759412 7.424319 21.105520 0.068374 0.053365 0.022853 0.020073 0.034012 0.058533 0.101242 0.129695 6.218682 
2.984910 0.242396 0.222924 0.443462 1.298697 17.327061 7.288397 7.292525 31.316118 3.370860 3.312576 4.013454 8.988754 11.405910 16.277864 24.653854 29.605848 29.372419 32.225468 29.171865 28.450630 26.699396 26.430565 26.059008 23.005011 24.356838 15.696339 14.131715 9.205318 5.643231 2.187509 0.328527 0.063904 0.024005 0.032763 0.053965 0.043402 0.041167 0.052012 0.048122 
0.044653 0.077533 0.078332 0.104978 6.163588 9.861271 4.411852 4.487822 4.917481 4.242339 4.750000 5.882032 11.141524 14.453948 20.398338 26.405825 29.884266 30.908316 32.704269 31.191076 31.049807 29.922857 29.838917 30.813845 25.303688 22.695028 18.155613 15.760979 9.559922 5.501667 2.202415 0.657690 0.117999 0.040978 0.061015 19.225994 0.055316 0.035182 0.023262 0.021957 
0.022927 0.026079 0.033948 0.064573 0.106038 0.164270 4.104003 4.731674 4.890674 8.567213 8.717365 10.101357 15.189858 18.756571 24.127815 27.067583 30.399305 31.569752 32.738708 32.220520 32.186958 31.685244 31.664570 31.871471 27.874310 25.785625 25.551035 20.152704 21.283783 8.394309 1.914438 1.679620 0.510388 0.141947 0.273308 29.590698 0.198286 0.058944 0.017677 0.008715 
0.012427 0.017306 0.026871 0.044370 0.079733 0.106833 6.729502 6.884767 6.834098 11.589788 13.650563 14.885966 19.502886 22.902740 27.256804 29.474543 31.147734 32.010044 32.782665 32.673943 32.656395 32.447689 32.440704 32.417877 30.637293 29.584360 28.686337 23.564951 17.058247 13.100706 6.366538 3.996763 1.402175 0.576882 0.603146 19.092531 0.045904 0.025946 0.008732 0.003545 
0.020942 0.034164 0.046620 0.057400 0.067760 0.083028 3.010351 11.082118 17.034088 20.861496 25.374313 24.477009 26.121845 27.653507 29.702854 31.349648 31.954716 32.411579 32.752232 32.825058 32.824814 32.750511 32.754211 32.759930 32.279995 31.905153 30.592657 28.173252 23.033689 15.298490 9.426895 8.164156 2.031864 0.991228 0.610630 0.052941 0.037448 0.014495 0.004894 0.002392 
0.052348 0.072240 21.228626 0.114076 0.094349 0.247936 2.252380 2.988472 7.975018 14.221139 19.893406 25.044003 28.736465 30.480860 31.500465 32.158283 32.472664 32.702053 32.838516 32.876389 32.877304 32.857563 32.849583 32.713230 32.308140 31.550676 29.647764 26.155788 21.028049 14.932775 10.162681 8.585334 5.311267 5.225274 26.685028 0.031887 0.024041 0.008594 0.004989 0.005231 
0.126763 0.283095 29.486561 0.307790 0.153006 0.312329 2.491599 2.735599 7.807334 14.936232 20.408316 25.165747 28.932991 31.046242 32.105366 32.533131 32.741455 32.834991 32.875572 32.891617 32.893219 32.884670 32.854630 32.731720 32.447853 31.721964 30.193323 27.349241 23.661825 21.628744 17.571918 17.098795 8.662476 8.590083 3.252264 0.662291 0.104792 0.011394 0.012423 0.018169 
0.123185 0.143222 21.349800 0.184671 0.164740 0.327932 2.586124 2.782816 6.194288 13.283439 20.773346 26.206348 29.761797 31.550327 32.391319 32.704365 32.822315 32.867939 32.887440 32.895306 32.898586 32.890610 32.871944 32.806328 32.655331 32.292507 31.518238 30.287905 28.020132 25.918243 23.703106 18.250071 12.153912 9.680987 3.099993 1.121247 0.147138 0.023035 0.036602 0.044287 
0.146215 0.162010 0.193427 0.209245 0.223750 11.747460 9.444505 10.393545 11.650388 19.271309 23.145008 27.095444 30.111292 31.726955 32.470398 32.755486 32.848877 32.880215 32.892220 32.896965 32.901218 32.894920 32.886372 32.859531 32.794147 32.633114 32.383476 31.954182 31.013403 28.423563 25.075897 19.195559 13.477337 7.960193 3.764299 1.295839 0.215134 0.063975 0.091499 6.206658 
3.411542 0.190537 0.174043 0.680505 1.723050 4.860508 8.019202 13.195146 18.786913 22.593971 26.471117 29.943087 31.583801 32.332516 32.683983 32.824490 32.873585 32.889282 32.896019 32.898746 32.902241 32.899567 32.895889 32.887177 32.867550 32.808628 32.686028 32.323387 31.378210 29.257805 25.501432 20.013956 14.030448 8.047812 4.112171 1.714911 0.404961 0.255824 0.931099 6.708408 
3.308365 0.150787 0.134666 0.663766 1.759114 4.826574 7.949564 12.984684 20.093609 23.715256 27.603186 30.635302 32.019444 32.577442 32.786156 32.858009 32.884254 32.894501 32.898247 32.899952 32.902943 32.900566 32.898258 32.893753 32.882450 32.850693 32.755188 32.473915 31.770662 30.070625 26.660561 20.377497 13.803312 9.390005 4.251975 2.430703 0.642857 0.376794 0.950670 6.788296 
0.042753 0.051458 0.049977 0.164968 0.170163 4.433231 13.477127 17.679890 22.050943 28.076433 32.226501 32.668125 32.843567 32.882030 32.891052 32.895752 32.898281 32.900013 32.901669 32.902443 32.904198 32.900669 32.899433 32.895966 32.888813 32.864239 32.789089 32.582912 31.963575 30.489832 27.451170 22.362648 16.474760 10.667167 6.600105 4.335670 1.979333 2.009115 29.612543 24.468473 
0.020298 0.018741 0.026632 0.097394 0.162604 3.495900 10.386729 18.170561 27.213076 31.596537 32.511940 32.746265 32.816982 32.852665 32.871925 32.883278 32.890148 32.894642 32.897697 32.899677 32.901562 32.902119 32.899132 32.896271 32.888538 32.865917 32.795349 32.571758 31.957952 30.363625 27.255098 22.237900 14.886419 10.627505 5.015432 3.179665 0.835455 0.373622 0.552738 0.969861 
0.007427 0.008610 0.016235 0.018997 8.886468 23.113266 30.116888 30.411684 31.264988 32.118599 32.493027 32.652775 32.756939 32.817818 32.854523 32.875317 32.886379 32.892265 32.896774 32.898830 32.901096 32.901676 32.899204 32.895874 32.887962 32.861389 32.779091 32.532646 31.852774 30.307083 27.272348 22.385599 16.404392 11.048986 5.612763 3.290567 1.072440 0.383598 0.534883 0.685581 
0.007619 0.010007 0.024855 0.103216 0.144274 4.813145 13.162170 20.534788 27.260628 30.711014 31.801754 32.248070 32.525581 32.690384 32.791294 32.846409 32.872826 32.885681 32.892441 32.896229 32.899666 32.900368 32.898106 32.894440 32.886612 32.861847 32.779224 32.568466 31.961891 30.324474 27.400478 23.820242 19.168573 16.763494 12.677491 11.254475 11.479543 28.775333 1.179361 1.224280 
0.020898 0.023031 0.034917 0.117774 0.151322 4.561495 11.484643 18.061155 25.671713 29.628689 30.866686 31.569637 32.123863 32.467598 32.685005 32.797989 32.851982 32.873718 32.883995 32.891056 32.896019 32.898445 32.893024 32.883427 32.862289 32.780327 32.598839 32.305588 31.735458 30.976954 28.808281 24.829626 19.941067 15.598288 13.679955 11.119451 7.789808 7.128633 7.547857 5.694721 
0.046823 0.072328 0.073062 0.137178 0.148647 8.852805 12.426673 17.200731 24.867245 27.704931 29.105633 30.340588 31.397783 32.059834 32.487312 32.703823 32.806820 32.833477 32.855831 32.872150 32.888077 32.893738 32.882660 32.862000 32.807487 32.611145 32.111938 31.116631 29.392231 26.914091 20.946373 16.422340 11.626898 16.243341 18.882141 16.281401 7.001914 7.037576 7.584524 5.936248 
6.067507 0.220969 0.196166 0.448190 0.887060 7.209771 7.543163 13.465681 21.703022 24.565279 26.776289 28.729252 30.409727 31.486023 32.202747 32.537853 32.692093 32.676147 32.742722 32.810707 32.865772 32.878834 32.853050 32.806789 32.748741 32.520893 31.845928 30.303635 27.449484 24.194164 20.442215 14.185076 7.598408 2.001134 1.830121 0.319026 0.747403 1.046084 1.263085 7.626196 
17.081463 0.347417 0.270579 1.090879 1.595507 7.237618 7.654552 14.998907 18.497759 21.770052 24.718039 27.145525 29.327820 30.831003 31.836346 32.121307 32.240162 32.093758 32.395817 32.660942 32.817322 32.822563 32.756924 32.595070 32.504044 32.113129 30.977493 28.108253 24.459604 20.770060 15.983109 13.582187 8.744615 1.759541 1.716539 0.306067 0.285210 0.572162 1.423518 7.169344 
19.412804 21.670662 25.317804 20.715097 20.705774 26.478079 17.704018 17.384586 15.158049 19.907768 23.416204 25.566580 28.135633 30.189684 31.039701 30.402243 30.460752 30.648478 31.611477 32.319687 32.686184 32.656792 32.534386 32.036148 31.949291 31.286131 29.565626 25.715410 21.531998 15.960889 10.385343 5.360035 1.869474 0.960478 0.297449 0.089605 0.140442 0.400444 1.440802 7.241093 
16.090204 12.605958 1.101262 1.194295 1.047570 0.609056 14.031144 2.628178 3.860394 16.679676 22.017002 20.107359 25.355778 29.360691 26.781515 25.307264 26.852903 27.948072 30.039595 31.679468 32.341259 32.134659 32.044159 30.738146 30.495079 29.152243 27.794073 23.970552 18.123234 14.725057 10.022273 5.514453 1.808419 0.606541 0.172492 0.098378 0.098919 0.116348 28.730375 23.794924 
16.214859 12.609579 0.982217 0.527231 0.396611 0.419789 19.889099 0.408452 0.407035 11.692799 6.369898 5.820489 7.801806 28.864264 18.714575 18.775738 22.331619 23.496473 27.536381 30.870253 31.497601 30.801592 30.946960 28.087366 28.099607 25.231308 23.920776 20.142742 11.601878 9.909413 7.208673 6.021040 1.888084 0.929488 0.940368 32.527859 0.086966 0.078052 0.060328 0.403615 
21.374889 29.816135 0.158525 0.141626 0.114133 0.123417 0.084764 0.214863 0.210653 0.070778 0.341137 0.532512 0.485885 15.020852 12.465364 12.773705 17.082544 17.798420 24.835833 29.114496 29.316698 28.070034 30.298271 24.972204 23.665230 19.695839 17.356380 19.414991 4.190453 3.933711 2.807815 2.907161 26.599436 0.108091 0.096429 0.029876 0.041120 0.033227 0.042913 0.118506 
17.342400 0.088678 0.070874 0.045039 0.040361 0.054957 0.060887 0.077373 0.071887 0.062733 0.262250 0.414180 0.417860 8.291865 6.812722 7.424280 11.720763 12.325771 20.592323 26.348043 25.155834 23.325090 23.966288 21.281347 19.450161 14.237964 10.934151 7.633025 0.293916 0.257481 0.441107 0.347176 0.076276 0.054823 0.036335 0.020986 0.015286 0.011121 0.014137 0.028708 
5.656025 0.062457 0.037563 0.025513 0.038512 0.069745 0.083778 0.053351 0.035768 0.027510 0.045501 0.064502 0.096045 0.177543 1.739375 3.527569 7.553737 8.288436 13.713005 20.970242 21.037624 15.941305 12.971425 18.751324 14.147817 9.175414 2.783821 1.042653 0.432533 0.244531 0.245627 0.187102 0.064714 0.034617 0.025573 0.018603 0.011048 0.006669 0.005602 0.007566 
0.042734 0.035645 0.020166 0.021932 0.037807 1.140780 0.171212 0.076126 0.049260 0.028172 0.020909 0.018191 0.025816 0.174741 1.336205 2.296719 4.676270 5.663623 10.011556 13.352856 15.769198 8.291035 7.566588 18.310089 11.249998 10.352281 2.682061 1.042861 0.399372 0.276729 0.136722 0.078891 0.041999 0.040495 0.034552 0.036676 0.022036 0.015168 0.009997 0.008219 
0.017837 0.012641 0.009958 0.018826 0.041361 12.698907 28.719894 12.539694 0.061040 0.037111 0.031461 0.017616 0.010121 0.022725 0.207515 0.660965 2.188397 2.379764 9.640758 7.588096 16.527407 6.518195 6.165358 4.277726 8.023922 17.585117 2.721860 1.230189 1.186934 10.290947 0.100779 0.067535 0.056961 0.065945 32.666706 0.040232 0.031030 0.043908 0.032654 0.025140 
0.004704 0.003761 0.005036 0.014022 0.029527 1.092800 0.153068 0.068395 0.077510 32.671982 0.043435 0.034472 0.016288 0.008075 0.018786 0.109047 0.494528 0.505654 5.721344 2.437167 5.325828 2.302521 2.436930 4.096347 8.329221 7.347430 15.685493 13.784689 4.296844 2.745255 0.114713 0.096529 0.097606 0.075122 0.128407 0.137951 32.666595 0.092849 0.083820 0.051606 
0.001053 0.001060 0.002244 0.007547 0.021027 0.027909 0.061607 0.045466 0.061358 0.085848 0.090096 0.051331 0.034858 0.017286 0.012072 0.025173 0.082802 0.107788 0.055939 0.097706 0.044672 0.425219 0.631945 1.310860 11.557284 1.049287 0.319636 0.110350 0.111091 0.115413 0.133166 0.113461 0.122679 32.671368 0.119100 0.110047 0.034106 0.077914 0.104595 6.322639 
0.000218 0.000284 0.000773 0.002624 0.007150 0.012365 0.018023 0.018578 0.035153 0.076899 0.093906 27.192966 0.062826 0.045874 0.029785 0.047880 0.105598 0.062365 0.048027 0.069498 0.037134 0.082552 0.252019 0.962375 11.669285 1.032777 0.284771 0.087671 0.068212 0.097611 0.114659 27.235579 0.232570 0.215148 0.099953 0.050121 0.025097 0.033558 0.054576 0.058344 
0.000050 0.000084 0.000258 0.000846 0.002195 0.003948 0.005924 0.010977 0.036766 0.130376 0.375197 28.449841 0.375258 0.130901 0.063054 0.089062 6.318592 0.061927 0.035541 0.023867 0.015871 0.028703 0.083497 0.145281 17.732006 0.164331 0.102420 0.044683 0.052863 0.142220 0.388154 28.404421 0.455012 0.206182 0.071492 0.024899 0.011414 0.012918 0.022361 0.032001 
