0.000000 0.000000 0.000000 0.000000 0.000000 0.000000 0.000000 0.000000 0.000000 0.000000 0.000000 0.000000 0.000000 0.000000 0.000000 0.000000 0.000000 0.000000 0.000000 0.000000 0.000000 0.000000 0.000000 0.000000 0.000000 0.000000 0.000000 0.000000 0.000000 0.000000 0.000000 0.000000 0.000000 0.000000 0.000000 0.000000 0.000000 0.000000 0.000000 0.000000 
0.000000 0.000000 0.000000 0.000000 0.000000 0.000000 0.000000 0.000000 0.000000 0.000000 0.000000 0.000000 0.000000 0.000000 0.000000 0.000000 0.000000 0.000000 0.000000 0.000000 0.000000 0.000000 0.000000 0.000000 0.000000 0.000000 0.000000 0.000000 0.000000 0.000000 0.000000 0.000000 0.000000 0.000000 0.000000 0.000000 0.000000 0.000000 0.000000 0.000000 
0.000000 0.000000 0.000000 0.000000 0.000000 0.000000 0.000000 0.000000 0.000000 0.000000 0.000000 0.000000 0.000000 0.000000 0.000000 0.000000 0.000000 0.000000 0.000000 0.000001 0.000000 0.000000 0.000000 0.000000 0.000000 0.000000 0.000000 0.000000 0.000000 0.000000 0.000000 0.000000 0.000000 0.000000 0.000000 0.000000 0.000000 0.000000 0.000000 0.000000 
0.000000 0.000000 0.000000 0.000000 0.000000 0.000000 0.000000 0.000000 0.000000 0.000000 0.000000 0.000000 0.000000 0.000000 0.000000 0.000000 0.000000 0.000001 0.000023 0.000002 0.000002 0.000000 0.000000 0.000000 0.000000 0.000000 0.000000 0.000000 0.000000 0.000000 0.000000 0.000000 0.000000 0.000000 0.000000 0.000000 0.000000 0.000000 0.000000 0.000000 
0.000000 0.000000 0.000000 0.000000 0.000000 0.000000 0.000000 0.000000 0.000000 0.000000 0.000000 0.000000 0.000000 0.000000 0.000000 0.000000 0.000001 0.000019 0.000795 0.000020 0.000002 0.000000 0.000000 0.000000 0.000000 0.000000 0.000000 0.000000 0.000000 0.000000 0.000000 0.000000 0.000000 0.000000 0.000000 0.000000 0.000000 0.000000 0.000000 0.000000 
0.000000 0.000000 0.000000 0.000000 0.000000 0.000000 0.000000 0.000000 0.000000 0.000000 0.000000 0.000000 0.000000 0.000001 0.000001 0.000005 0.000007 0.000041 0.001423 0.000047 0.000019 0.000007 0.000005 0.000001 0.000002 0.000001 0.000000 0.000000 0.000000 0.000000 0.000000 0.000000 0.000000 0.000000 0.000000 0.000000 0.000000 0.000000 0.000000 0.000000 
0.000000 0.000000 0.000000 0.000000 0.000000 0.000000 0.000000 0.000000 0.000000 0.000000 0.000000 0.000000 0.000001 0.000005 0.000041 0.000105 0.000110 0.000422 0.002384 0.000319 0.000230 0.000097 0.000081 0.000016 0.000033 0.000024 0.000003 0.000000 0.000000 0.000000 0.000000 0.000000 0.000000 0.000000 0.000000 0.000000 0.000000 0.000000 0.000000 0.000000 
0.000000 0.000000 0.000000 0.000000 0.000000 0.000000 0.000000 0.000000 0.000000 0.000000 0.000000 0.000000 0.000002 0.000039 0.000963 0.001257 0.001641 0.004501 0.003511 0.003203 0.002378 0.001142 0.001136 0.003482 0.000554 0.000420 0.000034 0.000001 0.000000 0.000000 0.000000 0.000000 0.000000 0.000000 0.000000 0.000000 0.000000 0.000000 0.000000 0.000000 
0.000000 0.000000 0.000000 0.000000 0.000000 0.000000 0.000000 0.000000 0.000000 0.000000 0.000000 0.000000 0.000003 0.000048 0.001078 0.018767 0.022787 0.124576 0.047697 0.044701 0.016192 0.010980 0.008628 0.053534 0.039839 0.023961 0.001119 0.000033 0.000003 0.000002 0.000000 0.000000 0.000000 0.000000 0.000000 0.000000 0.000000 0.000000 0.000000 0.000000 
0.000000 0.000000 0.000000 0.000000 0.000000 0.000000 0.000000 0.000000 0.000000 0.000000 0.000000 0.000000 0.000008 0.000109 0.014320 0.270196 0.294550 3.841943 0.617621 0.619651 2.160686 0.091918 0.062947 0.058390 0.045119 0.029850 0.003465 0.000313 0.000032 0.000002 0.000000 0.000000 0.000000 0.000000 0.000000 0.000000 0.000000 0.000000 0.000000 0.000000 
0.000000 0.000000 0.000000 0.000000 0.000000 0.000000 0.000000 0.000000 0.000000 0.000000 0.000001 0.000002 0.000031 0.000463 0.006074 0.036592 0.310772 5.327864 2.817970 4.814301 15.996212 3.136956 0.609274 0.567036 0.830526 0.036561 0.003956 0.000347 0.000095 0.000003 0.000000 0.000000 0.000000 0.000000 0.000000 0.000000 0.000000 0.000000 0.000000 0.000000 
0.000000 0.000000 0.000000 0.000000 0.000000 0.000000 0.000000 0.000000 0.000000 0.000001 0.000011 0.000018 0.000081 0.000843 0.006218 0.013795 1.115164 6.270599 7.099411 9.118715 16.097733 5.006858 1.827862 0.647390 2.168026 1.160502 0.111019 0.001228 0.001106 0.000098 0.000001 0.000000 0.000000 0.000000 0.000000 0.000000 0.000000 0.000000 0.000000 0.000000 
0.000000 0.000000 0.000000 0.000000 0.000000 0.000000 0.000000 0.000000 0.000000 0.000011 0.000054 0.000261 0.000531 0.005898 0.054536 0.350927 0.757216 8.385276 23.087521 23.454386 15.802035 8.182214 7.210735 2.390740 2.333654 0.852974 0.246194 0.054427 0.002108 0.000871 0.000042 0.000002 0.000000 0.000000 0.000000 0.000000 0.000000 0.000000 0.000000 0.000000 
0.000000 0.000000 0.000000 0.000000 0.000000 0.000000 0.000000 0.000001 0.000001 0.000018 0.000338 0.001702 0.002356 0.021479 0.150624 0.637693 1.031718 61.435497 40.292736 39.839661 16.942169 22.982706 22.482533 7.760458 2.363455 1.882283 0.279180 0.151015 0.135126 0.008801 0.000077 0.000005 0.000000 0.000000 0.000000 0.000000 0.000000 0.000000 0.000000 0.000000 
0.000000 0.000000 0.000000 0.000000 0.000000 0.000000 0.000000 0.000000 0.000003 0.000077 0.000791 0.001652 0.015156 0.134196 0.772791 0.832338 3.185464 67.492081 58.473137 57.261055 18.915932 23.780321 23.297352 14.040078 6.069006 1.932728 0.432693 0.158950 0.024053 0.004334 0.000577 0.000010 0.000001 0.000001 0.000000 0.000000 0.000000 0.000000 0.000000 0.000000 
0.000000 0.000000 0.000000 0.000000 0.000000 0.000000 0.000000 0.000001 0.000040 0.000699 0.001088 0.011239 0.092762 0.847728 5.327620 11.279465 26.812912 53.590961 74.793228 75.540154 28.467318 22.147928 20.220728 13.714068 13.379744 5.950164 2.025604 1.219058 0.034999 0.004508 0.004304 0.000571 0.000005 0.000001 0.000001 0.000000 0.000000 0.000000 0.000000 0.000000 
0.000000 0.000000 0.000000 0.000000 0.000000 0.000000 0.000002 0.000013 0.000736 0.003676 0.006231 0.078486 0.345331 2.310441 9.731570 18.346178 29.950817 45.347878 73.836090 81.799927 60.137676 17.361269 14.334513 13.907100 13.660581 13.659297 7.986560 7.958716 1.592409 0.015848 0.006380 0.004928 0.000303 0.000017 0.000001 0.000000 0.000000 0.000000 0.000000 0.000000 
0.000000 0.000000 0.000000 0.000000 0.000000 0.000001 0.000037 0.000592 0.001051 0.001351 0.011175 0.671140 1.551282 7.379882 17.449274 26.192648 35.062855 47.131634 65.099144 76.851303 92.385345 16.034719 14.519964 14.337353 16.971518 19.057150 19.026690 9.709712 5.279648 0.661047 0.066550 0.005211 0.000352 0.000021 0.000001 0.000000 0.000000 0.000000 0.000000 0.000000 
0.000000 0.000000 0.000000 0.000000 0.000001 0.000017 0.000178 0.000361 0.000502 0.003067 0.557972 5.087863 5.183117 16.898426 26.595787 34.922710 45.278255 53.136894 67.070877 76.670013 111.187553 22.546387 25.223526 29.703659 35.714378 28.476870 26.584810 16.922234 5.293381 0.788519 0.168702 0.007128 0.000531 0.000037 0.000002 0.000000 0.000000 0.000000 0.000000 0.000000 
0.000000 0.000000 0.000000 0.000000 0.000000 0.000000 0.000000 0.000000 0.000000 0.000000 0.000000 0.000000 0.000000 0.000000 0.000000 0.000000 0.000000 0.000000 0.000000 116.666664 116.666664 116.666664 0.000000 0.000000 0.000000 0.000000 0.000000 0.000000 0.000000 0.000000 0.000000 0.000000 0.000000 0.000000 0.000000 0.000000 0.000000 0.000000 0.000000 0.000000 
0.000000 0.000000 0.000000 0.000000 0.000001 0.000152 0.003100 0.003369 0.069203 0.133920 0.135856 0.148978 0.367276 26.516207 153.543396 143.722076 126.078545 122.976288 122.735130 123.127861 87.884636 36.496086 36.109146 33.908298 30.171854 25.801275 24.653193 23.658436 10.737332 1.460168 1.146868 0.101353 0.003898 0.000292 0.000019 0.000001 0.000000 0.000000 0.000000 0.000000 
0.000000 0.000000 0.000000 0.000000 0.000001 0.000017 0.000193 0.000294 0.001303 0.031097 0.131615 0.950881 5.280317 17.789537 29.025820 37.007267 42.671864 49.942558 54.774872 59.198925 72.100815 75.952751 60.723141 55.937027 51.698097 45.980724 40.242695 40.867626 38.477886 8.284854 1.827064 0.071782 0.001268 0.000127 0.000010 0.000001 0.000000 0.000000 0.000000 0.000000 
0.000000 0.000000 0.000000 0.000000 0.000001 0.000017 0.000018 0.000063 0.000688 0.008621 0.079720 0.777075 5.336081 17.825008 28.475691 35.936111 41.007336 46.974529 50.296921 55.971172 71.597351 81.014984 58.855602 53.903358 52.137997 47.461208 44.003330 40.571110 38.881584 8.939598 0.438640 0.013825 0.001348 0.000104 0.000007 0.000000 0.000000 0.000000 0.000000 0.000000 
0.000000 0.000000 0.000000 0.000000 0.000000 0.000009 0.000010 0.000012 0.000153 0.001955 0.022180 0.231718 1.865400 8.771971 18.443689 28.149939 33.213409 40.692295 41.422199 44.283016 71.908310 71.497673 49.921112 45.487389 44.099117 27.035002 27.301310 30.114895 36.809593 2.000724 0.042995 0.006669 0.001298 0.000092 0.000006 0.000000 0.000000 0.000000 0.000000 0.000000 
0.000000 0.000000 0.000000 0.000000 0.000000 0.000003 0.000001 0.000002 0.000025 0.000338 0.004128 0.044829 0.398538 2.578566 9.637677 19.578165 26.772821 32.443413 34.128422 32.873035 65.203575 64.181244 47.972069 41.249275 35.282509 6.643802 5.266693 5.453280 5.315186 0.052677 0.011460 0.010822 0.001026 0.000009 0.000001 0.000000 0.000000 0.000000 0.000000 0.000000 
0.000000 0.000000 0.000000 0.000000 0.000000 0.000000 0.000001 0.000001 0.000004 0.000047 0.000599 0.006744 0.064379 0.496080 2.811728 9.793118 19.983870 25.126797 28.034369 25.213573 56.666168 58.494976 48.279221 40.256325 24.957514 6.118550 4.049253 5.671954 0.549928 0.074082 0.007547 0.003149 0.000205 0.000011 0.000010 0.000001 0.000000 0.000000 0.000000 0.000000 
0.000000 0.000000 0.000000 0.000000 0.000000 0.000000 0.000000 0.000001 0.000004 0.000006 0.000073 0.000851 0.008626 0.073808 0.513405 2.695014 9.638398 16.690987 25.138027 21.357208 47.036861 52.553192 40.310520 26.935228 13.964484 5.340496 4.127402 5.638517 0.506797 0.064075 0.005856 0.002066 0.000195 0.000008 0.000001 0.000000 0.000000 0.000000 0.000000 0.000000 
0.000000 0.000000 0.000000 0.000000 0.000000 0.000000 0.000000 0.000000 0.000000 0.000001 0.000008 0.000106 0.001230 0.013078 0.127969 1.131187 8.415966 6.389279 10.893398 17.251671 58.412281 45.155239 40.911964 27.670292 2.050362 1.602420 2.560653 0.819148 0.019484 0.007076 0.000904 0.000833 0.000043 0.000000 0.000000 0.000000 0.000000 0.000000 0.000000 0.000000 
0.000000 0.000000 0.000000 0.000000 0.000000 0.000000 0.000000 0.000000 0.000000 0.000000 0.000001 0.000016 0.000223 0.002746 0.031021 0.282518 6.493059 4.034000 4.608558 9.624290 61.890675 33.212566 33.370392 7.345115 1.580831 1.482908 0.703478 0.010630 0.002240 0.000656 0.000092 0.000050 0.000001 0.000000 0.000000 0.000000 0.000000 0.000000 0.000000 0.000000 
0.000000 0.000000 0.000000 0.000000 0.000000 0.000000 0.000000 0.000000 0.000000 0.000000 0.000000 0.000000 0.000000 0.000000 0.000000 0.000000 0.000000 0.000000 0.000000 0.000000 0.000000 0.000000 0.000000 0.000000 0.000000 0.000000 0.000000 0.000000 0.000000 0.000000 0.000000 0.000000 0.000000 0.000000 0.000000 0.000000 0.000000 0.000000 0.000000 0.000000 
0.000000 0.000000 0.000000 0.000000 0.000000 0.000000 0.000000 0.000000 0.000000 0.000000 0.000002 0.000003 0.000101 0.000332 0.000364 0.002309 0.011778 0.079650 0.253315 1.339015 15.990604 2.226748 1.288705 0.038897 0.015192 0.010812 0.001563 0.000212 0.000172 0.000042 0.000003 0.000000 0.000000 0.000000 0.000000 0.000000 0.000000 0.000000 0.000000 0.000000 
0.000000 0.000000 0.000000 0.000000 0.000000 0.000000 0.000000 0.000000 0.000000 0.000000 0.000000 0.000000 0.000003 0.000309 0.000048 0.000219 0.001273 0.007232 0.027159 0.057071 1.116503 0.155136 0.128143 0.012126 0.001730 0.000736 0.000141 0.000196 0.000131 0.000005 0.000000 0.000000 0.000000 0.000000 0.000000 0.000000 0.000000 0.000000 0.000000 0.000000 
0.000000 0.000000 0.000000 0.000000 0.000000 0.000000 0.000000 0.000000 0.000000 0.000000 0.000000 0.000000 0.000000 0.000017 0.000020 0.000022 0.000183 0.002013 0.025263 0.009243 0.017941 0.021832 0.121981 0.008781 0.000588 0.000069 0.000064 0.000013 0.000001 0.000000 0.000000 0.000000 0.000000 0.000000 0.000000 0.000000 0.000000 0.000000 0.000000 0.000000 
0.000000 0.000000 0.000000 0.000000 0.000000 0.000000 0.000000 0.000000 0.000000 0.000000 0.000000 0.000000 0.000000 0.000000 0.000001 0.000002 0.000012 0.000061 0.006353 0.002355 0.002393 0.002429 0.008242 0.004402 0.000267 0.000016 0.000004 0.000000 0.000000 0.000000 0.000000 0.000000 0.000000 0.000000 0.000000 0.000000 0.000000 0.000000 0.000000 0.000000 
0.000000 0.000000 0.000000 0.000000 0.000000 0.000000 0.000000 0.000000 0.000000 0.000000 0.000000 0.000000 0.000000 0.000000 0.000000 0.000000 0.000001 0.000009 0.000139 0.000200 0.000208 0.000192 0.000116 0.000246 0.000003 0.000001 0.000000 0.000000 0.000000 0.000000 0.000000 0.000000 0.000000 0.000000 0.000000 0.000000 0.000000 0.000000 0.000000 0.000000 
0.000000 0.000000 0.000000 0.000000 0.000000 0.000000 0.000000 0.000000 0.000000 0.000000 0.000000 0.000000 0.000000 0.000000 0.000000 0.000000 0.000000 0.000005 0.000111 0.000122 0.000178 0.000022 0.000008 0.000001 0.000001 0.000001 0.000000 0.000000 0.000000 0.000000 0.000000 0.000000 0.000000 0.000000 0.000000 0.000000 0.000000 0.000000 0.000000 0.000000 
0.000000 0.000000 0.000000 0.000000 0.000000 0.000000 0.000000 0.000000 0.000000 0.000000 0.000000 0.000000 0.000000 0.000000 0.000000 0.000000 0.000000 0.000000 0.000003 0.000006 0.000006 0.000001 0.000000 0.000000 0.000000 0.000000 0.000000 0.000000 0.000000 0.000000 0.000000 0.000000 0.000000 0.000000 0.000000 0.000000 0.000000 0.000000 0.000000 0.000000 
0.000000 0.000000 0.000000 0.000000 0.000000 0.000000 0.000000 0.000000 0.000000 0.000000 0.000000 0.000000 0.000000 0.000000 0.000000 0.000000 0.000000 0.000000 0.000000 0.000000 0.000000 0.000000 0.000000 0.000000 0.000000 0.000000 0.000000 0.000000 0.000000 0.000000 0.000000 0.000000 0.000000 0.000000 0.000000 0.000000 0.000000 0.000000 0.000000 0.000000 
0.000000 0.000000 0.000000 0.000000 0.000000 0.000000 0.000000 0.000000 0.000000 0.000000 0.000000 0.000000 0.000000 0.000000 0.000000 0.000000 0.000000 0.000000 0.000000 0.000000 0.000000 0.000000 0.000000 0.000000 0.000000 0.000000 0.000000 0.000000 0.000000 0.000000 0.000000 0.000000 0.000000 0.000000 0.000000 0.000000 0.000000 0.000000 0.000000 0.000000 
0.000000 0.000000 0.000000 0.000000 0.000000 0.000000 0.000000 0.000000 0.000000 0.000000 0.000000 0.000000 0.000000 0.000000 0.000000 0.000000 0.000000 0.000000 0.000000 0.000000 0.000000 0.000000 0.000000 0.000000 0.000000 0.000000 0.000000 0.000000 0.000000 0.000000 0.000000 0.000000 0.000000 0.000000 0.000000 0.000000 0.000000 0.000000 0.000000 0.000000 
