0.000000 0.000000 0.000000 0.000000 0.000000 0.000000 0.000000 0.000000 0.000000 0.000000 0.000000 0.000000 0.000000 0.000001 0.000007 0.000077 0.001608 0.000481 0.000452 0.000827 0.001033 0.000033 0.000007 0.000002 0.000001 0.000001 0.000000 0.000000 0.000000 0.000000 0.000000 0.000000 0.000000 0.000000 0.000000 0.000000 0.000000 0.000000 0.000000 0.000000 
0.000000 0.000000 0.000000 0.000000 0.000000 0.000000 0.000000 0.000000 0.000000 0.000000 0.000000 0.000000 0.000001 0.000007 0.000044 0.000212 0.023029 0.004324 0.004166 0.019875 0.001369 0.000237 0.000073 0.000022 0.000016 0.000012 0.000004 0.000003 0.000000 0.000000 0.000000 0.000000 0.000000 0.000000 0.000000 0.000000 0.000000 0.000000 0.000000 0.000000 
0.000000 0.000000 0.000000 0.000000 0.000000 0.000000 0.000000 0.000000 0.000000 0.000000 0.000000 0.000002 0.000012 0.000082 0.000529 0.004831 0.051380 0.036522 0.042657 0.277427 0.157978 0.002442 0.000867 0.000261 0.000230 0.000175 0.000061 0.000051 0.000007 0.000004 0.000001 0.000001 0.000000 0.000000 0.000000 0.000000 0.000000 0.000000 0.000000 0.000000 
0.000000 0.000000 0.000000 0.000000 0.000000 0.000000 0.000000 0.000000 0.000000 0.000000 0.000003 0.000020 0.000117 0.000792 0.003533 0.016720 0.054580 0.109623 2.013098 0.483342 0.435062 0.048860 0.009528 0.002715 0.002914 0.002308 0.000750 0.000680 0.000496 0.000149 0.000044 0.000039 0.000002 0.000000 0.000000 0.000000 0.000000 0.000000 0.000000 0.000000 
0.000000 0.000000 0.000000 0.000000 0.000000 0.000000 0.000000 0.000000 0.000002 0.000004 0.000032 0.000196 0.000868 0.007162 0.032791 0.163339 0.437370 1.692684 48.940685 1.716871 0.457484 0.125888 0.070271 0.022459 0.031811 0.026193 0.007796 0.003984 0.004409 0.003063 0.000124 0.000012 0.000002 0.000000 0.000000 0.000000 0.000000 0.000000 0.000000 0.000000 
0.000000 0.000000 0.000000 0.000000 0.000000 0.000000 0.000000 0.000009 0.000031 0.000034 0.000327 0.001884 0.019133 0.184864 0.214752 1.326356 1.716411 2.846271 55.409901 2.588113 1.402429 0.797333 0.604017 0.134416 0.277476 0.237435 0.065536 0.010895 0.005117 0.004648 0.001692 0.000019 0.000002 0.000000 0.000000 0.000000 0.000000 0.000000 0.000000 0.000000 
0.000000 0.000000 0.000000 0.000000 0.000000 0.000000 0.000001 0.000002 0.000016 0.000226 0.003099 0.038466 0.393203 0.693426 2.770701 8.356616 8.459946 12.666758 56.159214 11.674813 6.591698 4.723056 3.984546 0.155924 1.567758 1.404678 0.373598 0.054375 0.009793 0.006326 0.003053 0.000162 0.000012 0.000001 0.000000 0.000000 0.000000 0.000000 0.000000 0.000000 
0.000000 0.000000 0.000000 0.000000 0.000000 0.000008 0.000002 0.000003 0.000034 0.000512 0.004877 0.054545 0.488427 2.586637 21.231833 26.924213 25.398777 20.033791 53.585220 25.990515 19.677914 16.580589 16.321913 1.011243 1.727800 1.648960 0.525198 0.079642 0.047250 0.040331 0.003376 0.000200 0.000018 0.000001 0.000000 0.000000 0.000000 0.000000 0.000000 0.000000 
0.000000 0.000000 0.000000 0.000000 0.000002 0.000048 0.000008 0.000010 0.000055 0.002944 0.008322 0.068753 0.541453 2.661238 21.086508 28.289261 27.727705 22.459324 58.004349 29.879457 20.501839 23.983364 24.685829 77.998596 20.227613 19.732786 1.579408 0.779515 0.442396 0.424602 0.042142 0.000375 0.000062 0.000006 0.000001 0.000000 0.000000 0.000000 0.000000 0.000000 
0.000000 0.000000 0.000000 0.000000 0.000003 0.000051 0.000098 0.000114 0.004209 0.034846 0.036137 0.130444 0.592276 0.694228 2.508493 46.378983 32.547150 32.000797 58.697975 48.584167 21.916662 34.535427 35.167095 106.162781 28.592747 28.067060 25.688915 8.793768 2.847516 0.423439 0.058183 0.005524 0.000488 0.000042 0.000011 0.000000 0.000000 0.000000 0.000000 0.000000 
0.000000 0.000000 0.000000 0.000001 0.000023 0.000875 0.001532 0.002411 0.019813 0.038815 0.302004 0.689923 3.064253 9.394033 42.180302 51.833866 43.891300 39.543301 63.139431 59.028893 26.249420 44.602779 45.213634 71.740891 29.924389 27.418030 25.846876 9.096515 3.981870 0.452524 0.058829 0.010016 0.001368 0.000166 0.000150 0.000006 0.000000 0.000000 0.000000 0.000000 
0.000000 0.000000 0.000000 0.000001 0.000018 0.000200 0.001464 0.013566 0.020424 0.282057 2.650188 3.361698 7.061728 15.582788 44.898190 49.363087 54.101074 51.365028 68.096207 66.132637 32.444202 55.332348 55.928524 74.677422 30.784599 28.082710 21.931152 9.126923 8.960967 3.475530 0.098718 0.058292 0.008860 0.001078 0.000792 0.000071 0.000002 0.000000 0.000000 0.000000 
0.000000 0.000000 0.000000 0.000002 0.000021 0.000223 0.006686 0.177463 0.239923 2.194833 4.906991 13.681807 17.429390 23.914566 46.672535 55.676632 60.537434 62.098709 73.846275 72.320915 44.242165 64.872086 65.367104 79.671082 47.684265 33.855755 36.159126 10.877460 11.121231 11.812492 2.605660 0.464919 0.051341 0.005799 0.005181 0.000370 0.000004 0.000000 0.000000 0.000000 
0.000000 0.000000 0.000000 0.000019 0.000087 0.001011 0.030339 0.341832 0.478613 2.325243 19.718954 38.414509 36.727802 39.101738 48.800564 61.679924 63.406170 65.074295 73.493607 75.511490 49.484848 74.549599 75.340919 89.570229 90.195618 81.788544 72.432999 75.561432 53.749603 2.809389 0.375498 0.264454 0.052218 0.016740 0.005149 0.000351 0.000032 0.000003 0.000000 0.000000 
0.000000 0.000000 0.000009 0.000211 0.000237 0.002702 0.029591 0.121565 0.783177 7.876230 35.110733 49.338951 51.229939 52.939384 57.908691 62.690742 64.951309 68.035110 77.593094 79.288399 59.068882 85.178963 85.096130 102.844223 91.121948 85.110085 78.836411 72.463493 64.676491 49.340191 5.236221 0.307849 0.116295 0.115100 0.035617 0.000339 0.000149 0.000017 0.000001 0.000000 
0.000000 0.000002 0.000061 0.000279 0.000411 0.003848 0.035296 0.142175 2.135811 23.006491 39.828094 50.531212 56.113602 59.682552 64.384781 68.226143 73.991417 80.724068 86.324142 87.868553 70.210144 97.394226 98.085342 98.837181 91.890114 85.094658 79.490700 73.594238 67.983139 69.570328 61.233440 6.718319 0.385476 0.333864 0.301327 0.026149 0.001971 0.000134 0.000009 0.000001 
0.000001 0.000008 0.000634 0.001006 0.001088 0.006860 0.149131 0.457249 10.921917 61.917389 65.618347 67.003464 68.452126 70.164955 73.351837 75.826256 80.271416 85.447525 91.726135 95.675400 82.605400 111.075584 109.750267 101.889542 95.559647 90.149628 85.767639 83.404327 67.164619 61.550983 56.416042 22.318071 10.154789 2.382090 0.308997 0.029346 0.002357 0.000170 0.000019 0.000003 
0.000014 0.000119 0.001020 0.001436 0.004195 0.132518 2.405793 20.931332 18.750448 18.527761 56.736599 67.430992 71.694359 74.756828 78.458374 81.613533 85.480019 90.319138 96.477577 100.645164 97.809593 120.045250 115.827003 107.011406 98.155685 91.420364 85.808952 75.984985 67.913773 59.405025 43.286243 22.403843 12.600027 2.928923 0.374879 0.036363 0.003034 0.000242 0.000150 0.000091 
0.000260 0.000665 0.001117 0.011192 0.108575 1.251115 7.836367 10.838557 10.345921 10.387588 18.779669 76.272331 78.978531 81.100204 84.681122 88.407547 92.621696 96.730301 103.032013 107.340004 114.545807 126.317619 118.078026 106.603806 97.975357 91.087723 83.444153 75.234070 67.123474 55.970654 39.057972 21.902615 11.846916 3.093955 0.442212 0.048143 0.004512 0.000467 0.000060 0.000031 
0.000284 0.000724 0.001208 0.012157 0.112842 1.266528 8.689381 10.935109 10.412115 10.768822 33.053768 54.077324 72.335205 83.332130 88.458786 91.970543 95.748085 100.123032 106.879234 110.819359 119.599205 126.678223 116.993248 105.731781 96.544388 87.584679 77.439758 67.954216 55.727390 38.876446 19.358242 4.759820 2.343845 2.058715 0.472328 0.068568 0.007827 0.001871 0.000112 0.000042 
0.000019 0.000125 0.000753 0.005581 0.024841 2.307630 28.884233 29.033182 29.687037 89.379845 67.107956 68.426590 69.471687 73.572815 79.226280 88.242607 101.736542 113.764313 129.273834 135.734955 93.803581 56.115215 43.237156 40.620113 38.447140 36.488785 34.471233 31.423538 28.011757 22.991785 17.893751 7.344766 5.387352 4.345265 0.977117 0.137767 0.016091 0.015193 0.006790 0.000524 
0.000008 0.000070 0.000643 0.005102 0.029849 1.404026 3.934756 6.918742 14.402926 25.884211 35.597443 45.132706 53.418156 60.650356 67.468246 74.645378 81.725693 88.672440 95.641922 101.939133 111.086021 62.562355 49.966900 46.571785 43.030140 41.276634 40.400635 39.141808 37.258442 34.296883 29.547985 14.523623 2.686330 2.253133 0.543598 0.082599 0.010136 0.002205 0.000214 0.000040 
0.000002 0.000017 0.000128 0.000620 0.148469 1.433467 1.465541 4.293048 14.175130 25.782534 35.740952 43.826611 51.671993 58.756245 65.626984 72.841187 79.712341 85.657608 91.386269 97.328926 110.029625 79.793358 57.911457 50.644039 44.953014 41.970264 41.436035 40.723576 39.679527 38.660641 37.136776 32.504726 10.902661 3.207287 0.563674 0.074209 0.013288 0.002182 0.000173 0.000015 
0.000001 0.000013 0.000159 0.001867 0.020164 1.135986 1.944242 2.082669 9.097151 20.425381 30.337877 38.757942 46.544399 52.917278 59.449818 66.584229 72.686249 77.744965 81.248260 85.161072 100.526131 85.870728 74.754768 63.961674 52.506462 42.729420 41.912567 41.227932 40.121941 38.855484 36.275414 33.243809 11.001837 2.932775 0.496227 0.070183 0.067889 0.006121 0.000040 0.000005 
0.000001 0.000011 0.000150 0.001885 0.021245 0.620187 0.582396 0.711321 4.024991 13.694141 23.886255 32.614040 41.001347 47.296391 54.500408 61.628960 67.412689 70.466225 73.328545 76.053978 91.619537 84.612106 78.830322 76.760208 76.389519 78.520905 83.171707 77.903671 56.902096 56.233864 53.630203 53.735023 8.699433 0.393111 0.304890 0.070032 0.021159 0.003736 0.000135 0.000011 
0.000001 0.000002 0.000024 0.000200 0.000797 0.039295 0.556747 0.615599 1.369237 6.410308 16.600237 25.869272 35.014690 41.275890 49.295296 56.145119 60.961731 61.824062 63.929874 66.606476 83.111549 79.893616 74.453049 69.643135 65.220215 57.622238 50.585007 49.805840 45.051079 75.576248 56.440998 42.662998 8.958882 1.966269 1.929346 0.274658 0.003216 0.002210 0.000115 0.000011 
0.000001 0.000002 0.000004 0.000031 0.000257 0.003064 0.037750 0.515176 1.708544 2.018376 8.277391 18.254557 28.480110 35.114319 44.318428 50.330635 53.852276 52.197762 53.536598 60.104057 72.415817 74.763283 70.200294 65.113113 61.196377 53.073498 37.836025 44.135155 36.315350 34.427200 38.363029 35.456581 9.039902 1.050341 0.287379 0.004399 0.000568 0.000190 0.000080 0.000051 
0.000000 0.000002 0.000003 0.000016 0.000187 0.002669 0.015892 0.072527 0.342141 0.433205 2.554669 9.880403 21.293127 29.145187 39.311287 43.716846 45.044285 40.958561 46.255032 55.331154 63.007557 67.172333 66.963654 60.490417 55.505951 45.981667 20.562286 18.013039 21.613554 21.271421 18.755344 18.619493 2.491948 0.050039 0.028587 0.002435 0.000202 0.000025 0.000007 0.000002 
0.000000 0.000000 0.000011 0.000019 0.000029 0.000803 0.022621 0.037654 0.073017 0.089828 0.649865 3.904575 14.771502 24.387875 33.254692 36.778885 33.926311 33.565815 42.494080 54.057991 50.300259 57.715656 62.785591 56.345543 53.808392 42.797462 17.242842 12.834620 14.933677 12.496951 6.415650 4.292447 0.114072 0.016220 0.003452 0.000419 0.000040 0.000006 0.000007 0.000001 
0.000000 0.000000 0.000000 0.000001 0.000012 0.000208 0.015389 0.010743 0.047652 0.086583 0.527133 3.264429 15.001087 19.987307 24.777105 30.082279 27.793304 30.012175 41.221058 52.616982 38.547153 40.292610 58.988819 48.111855 44.107632 31.775898 18.291492 10.658793 7.151233 3.982549 1.372332 0.667614 0.074518 0.007377 0.001161 0.000405 0.000028 0.000026 0.000009 0.000001 
0.000000 0.000000 0.000000 0.000000 0.000001 0.000010 0.000642 0.001670 0.002105 0.048212 0.910430 0.958932 11.311481 14.722851 14.352536 21.691002 24.532263 26.980438 42.227295 44.394482 28.984964 23.070305 52.967117 40.214615 49.716328 27.456026 18.213528 8.977068 6.651037 3.655926 0.772830 0.274785 0.072250 0.006323 0.006078 0.000425 0.000003 0.000002 0.000000 0.000000 
0.000000 0.000000 0.000000 0.000000 0.000000 0.000001 0.000009 0.000114 0.000202 0.000907 0.048507 0.063896 0.184219 14.743524 6.089221 9.471065 19.440865 21.398123 57.110703 25.540665 18.886858 16.544649 55.078262 29.409237 26.286629 16.518826 10.526440 9.044761 8.324903 0.621446 0.122880 0.118479 0.011640 0.000484 0.000431 0.000004 0.000000 0.000000 0.000000 0.000000 
0.000000 0.000000 0.000000 0.000000 0.000000 0.000000 0.000001 0.000008 0.000034 0.000350 0.004225 0.006977 0.014999 2.363893 3.156947 3.189888 9.674501 10.550375 71.523163 13.853297 12.965731 13.398248 59.277061 20.631521 19.092308 8.439363 8.390056 2.103352 0.047269 0.016295 0.009508 0.007956 0.000135 0.000041 0.000029 0.000002 0.000000 0.000000 0.000000 0.000000 
0.000000 0.000000 0.000000 0.000000 0.000000 0.000000 0.000000 0.000001 0.000004 0.000042 0.000336 0.000742 0.002616 0.012249 0.357866 0.542825 1.889372 1.958350 10.529897 12.465590 12.587351 12.462422 3.442547 15.976437 10.703875 2.980070 1.255257 0.023376 0.007604 0.002472 0.000954 0.000638 0.000051 0.000006 0.000002 0.000000 0.000000 0.000000 0.000000 0.000000 
0.000000 0.000000 0.000000 0.000000 0.000000 0.000000 0.000000 0.000001 0.000001 0.000004 0.000026 0.000082 0.000461 0.003584 0.034254 0.073637 0.318713 1.034562 7.124990 5.108773 4.772885 4.015585 2.357112 8.254500 0.431574 0.378504 0.145915 0.013093 0.002103 0.001904 0.000214 0.000056 0.000006 0.000001 0.000002 0.000000 0.000000 0.000000 0.000000 0.000000 
0.000000 0.000000 0.000000 0.000000 0.000000 0.000000 0.000000 0.000002 0.000003 0.000004 0.000002 0.000009 0.000060 0.000462 0.003361 0.013901 0.104841 0.739781 7.072934 4.625951 4.576309 1.312106 0.535138 0.078806 0.280509 0.322159 0.120189 0.012479 0.007326 0.001369 0.000042 0.000006 0.000001 0.000001 0.000000 0.000000 0.000000 0.000000 0.000000 0.000000 
0.000000 0.000000 0.000000 0.000000 0.000000 0.000000 0.000000 0.000000 0.000000 0.000000 0.000001 0.000001 0.000006 0.000047 0.000320 0.001708 0.010494 0.021992 0.281933 0.545508 0.264629 0.084703 0.073190 0.049677 0.051213 0.047300 0.027826 0.001046 0.000173 0.000031 0.000003 0.000001 0.000000 0.000001 0.000000 0.000000 0.000000 0.000000 0.000000 0.000000 
0.000000 0.000000 0.000000 0.000000 0.000000 0.000000 0.000000 0.000000 0.000000 0.000000 0.000000 0.000001 0.000001 0.000004 0.000029 0.000174 0.000994 0.002549 0.004572 0.022382 0.004115 0.009189 0.007909 0.005472 0.003932 0.001076 0.000592 0.000027 0.000008 0.000001 0.000000 0.000001 0.000000 0.000000 0.000000 0.000000 0.000000 0.000000 0.000000 0.000000 
0.000000 0.000000 0.000000 0.000000 0.000000 0.000000 0.000000 0.000000 0.000000 0.000000 0.000000 0.000000 0.000000 0.000000 0.000004 0.000051 0.000647 0.000302 0.000720 0.002378 0.000732 0.000876 0.000730 0.000659 0.002790 0.000264 0.000057 0.000005 0.000001 0.000000 0.000000 0.000000 0.000000 0.000000 0.000000 0.000000 0.000000 0.000000 0.000000 0.000000 
0.000000 0.000000 0.000000 0.000000 0.000000 0.000000 0.000000 0.000000 0.000000 0.000000 0.000000 0.000000 0.000000 0.000000 0.000000 0.000000 0.000000 0.000000 0.000000 0.000000 0.000000 0.000000 0.000000 0.000000 0.000000 0.000000 0.000000 0.000000 0.000000 0.000000 0.000000 0.000000 0.000000 0.000000 0.000000 0.000000 0.000000 0.000000 0.000000 0.000000 
