0.000000 0.000000 0.000000 0.000000 0.000000 0.000000 0.000000 0.000003 0.000005 0.000023 0.000147 0.000906 0.005591 0.034348 0.196036 0.996159 12.983287 3.329652 2.698467 2.678354 1.643764 0.192305 0.136556 0.054884 0.034866 0.025183 0.012611 0.008545 0.001604 0.000760 0.000217 0.000175 0.000137 0.000052 0.000001 0.000000 0.000000 0.000000 0.000000 0.000000 
0.000000 0.000000 0.000000 0.000000 0.000000 0.000000 0.000001 0.000037 0.000051 0.000207 0.001223 0.006675 0.036702 0.198505 0.817855 1.050185 34.118408 7.090603 6.970871 4.976144 1.478673 1.288191 0.989281 0.431296 0.304948 0.231278 0.117921 0.089559 0.010501 0.007250 0.001800 0.001806 0.000395 0.000069 0.000005 0.000000 0.000000 0.000000 0.000000 0.000000 
0.000000 0.000000 0.000000 0.000001 0.000001 0.000003 0.000122 0.000560 0.000580 0.001884 0.010174 0.047657 0.231806 1.242980 5.087924 8.870518 47.439899 21.267752 12.258410 20.966890 3.911253 5.635396 5.693684 2.940169 2.302990 1.836219 0.986283 0.873301 0.083822 0.063849 0.011451 0.018108 0.000796 0.000083 0.000007 0.000001 0.000000 0.000000 0.000000 0.000000 
0.000000 0.000000 0.000000 0.000001 0.000019 0.000812 0.001352 0.000777 0.006263 0.015656 0.076351 0.273406 0.938709 4.306087 12.303102 17.909147 46.932152 48.377903 29.465889 33.426861 28.027418 17.974609 18.088127 12.232942 10.500672 8.973580 5.681792 5.590934 4.582342 1.545005 0.584967 0.567839 0.046606 0.000506 0.000144 0.000003 0.000001 0.000000 0.000000 0.000000 
0.000000 0.000000 0.000002 0.000006 0.000086 0.003613 0.001441 0.002640 0.068021 0.115769 0.515297 1.196397 1.268206 4.863770 18.183699 27.464718 51.539013 61.232403 42.682289 51.557556 32.157352 26.422361 25.838320 21.481436 25.388180 23.211866 17.549507 18.431534 25.857161 21.827496 1.088517 0.121241 0.036154 0.004969 0.004501 0.000050 0.000008 0.000006 0.000000 0.000000 
0.000000 0.000001 0.000036 0.000044 0.000527 0.006740 0.008207 0.303669 0.676109 0.701494 2.895868 3.359411 2.850979 11.161548 20.827620 29.518351 50.299683 59.052002 49.474506 55.646965 42.504524 39.190369 40.624752 39.166119 33.592522 31.751932 30.390945 28.027739 27.198053 26.604179 9.286010 0.138477 0.036798 0.005536 0.005213 0.003066 0.000164 0.000158 0.000009 0.000001 
0.000006 0.000076 0.000609 0.000637 0.007181 0.010875 0.058153 0.100599 0.421344 2.686117 10.973222 12.808311 15.389931 17.393991 23.365751 42.105942 56.260120 61.251656 56.252945 61.559910 53.965923 50.992378 49.598442 42.838448 48.151611 43.290504 42.224907 36.733509 29.652544 26.582695 10.693629 1.114944 0.167795 0.019216 0.002371 0.000635 0.000060 0.000010 0.000002 0.000000 
0.000041 0.000368 0.000265 0.002000 0.008866 0.359544 0.100774 0.102302 0.732610 5.196332 15.513728 19.907810 27.015038 30.211220 48.132214 53.286579 65.533981 67.622719 62.362808 72.203346 67.357437 62.356403 61.095955 48.342354 50.381142 47.894028 46.338547 39.854408 33.826881 28.737394 10.556859 1.225864 0.245372 0.036476 0.005668 0.000656 0.000064 0.000006 0.000002 0.000001 
0.000179 0.000387 0.000625 0.008050 0.097904 1.274803 0.308601 0.291939 0.768909 9.566021 21.400068 26.640985 32.862072 40.867603 53.452572 59.648399 70.046463 72.278847 69.205383 80.860260 76.670731 73.831749 72.420914 54.712578 54.582836 50.558613 47.681580 44.303013 42.195904 42.359394 6.576244 0.789163 0.670922 0.139057 0.035077 0.003123 0.000266 0.000024 0.000016 0.000010 
0.000168 0.000477 0.000864 0.010019 0.109022 1.313094 1.871199 1.892594 7.616969 41.146679 42.133884 43.779697 47.449238 52.135288 56.804775 65.462418 80.784805 81.691490 78.234299 90.852554 85.860954 84.976852 84.196289 60.513897 65.029121 67.763275 56.942432 56.596710 52.097542 44.609142 29.373245 10.865903 3.967955 0.746365 0.289581 0.006755 0.000702 0.000089 0.000012 0.000006 
0.000023 0.000157 0.001478 0.013235 0.341910 10.004084 12.336581 12.408509 20.909815 42.217194 51.803387 54.468723 58.381474 62.445202 70.330536 82.576294 89.525070 92.797157 85.349251 101.065247 98.598648 95.942116 95.406334 70.223015 68.428299 66.900383 61.164577 62.687786 53.766506 44.660473 31.899801 18.574116 8.371387 2.465568 2.361482 0.122753 0.002104 0.000534 0.000071 0.000008 
0.000023 0.000265 0.003062 0.030698 0.241943 1.276389 10.890605 17.424191 20.933365 33.825050 55.910294 60.660107 65.374191 69.989502 77.528534 84.428200 93.561867 99.295181 101.253220 111.872902 109.852859 107.101089 106.710236 76.344093 72.543121 70.921402 69.133720 70.145470 71.761902 37.655106 31.413021 28.129715 16.670538 8.116736 7.251715 1.136257 0.042961 0.004651 0.000470 0.000048 
0.000047 0.000498 0.005571 0.055759 0.233475 0.603775 6.996419 21.568760 23.386168 30.499741 52.802036 62.334049 68.526085 74.146255 82.204292 90.256111 99.411621 105.001305 140.161133 124.132828 121.606071 118.106735 117.693214 83.342484 79.380516 78.324875 79.186272 66.037643 54.527870 45.036469 38.018169 33.441513 26.231730 20.382158 20.344915 2.375645 0.040185 0.011056 0.001621 0.000204 
0.000132 0.000925 0.008839 0.311698 0.711048 1.481943 7.648048 16.658833 30.328533 40.104534 58.249352 70.042885 75.095200 80.227280 86.879799 96.728340 105.363701 112.208939 129.829956 136.950821 134.731110 129.894012 130.223022 109.812141 103.743835 104.208961 93.348633 85.452675 65.499939 56.082630 50.050106 43.753632 30.927538 24.798008 20.082315 1.987468 0.471031 0.078628 0.010181 0.001219 
0.000713 0.002017 0.116429 2.106200 2.194171 8.062737 27.400414 35.102127 39.846317 47.099617 56.072521 68.639290 81.678322 90.326508 97.018394 105.046310 111.639229 120.163055 136.431778 150.511536 147.737686 142.149170 138.317917 127.593903 120.603569 115.285950 106.097786 95.671806 82.101471 67.023972 56.249619 47.890259 48.273842 46.605591 12.177580 1.885686 1.823541 0.386558 0.052351 0.006364 
0.006191 0.037011 0.829830 2.501366 2.957692 9.790167 31.135105 36.527977 40.199093 47.401058 56.031456 66.904877 81.238243 95.677467 107.603508 116.960037 127.690086 138.236908 150.832092 166.414291 157.812973 147.023071 136.743561 129.342575 123.818527 117.289505 109.111206 99.311958 88.731850 79.826790 70.840073 58.342621 56.772293 53.836674 29.529833 13.658007 8.853467 1.785919 0.231091 0.028610 
0.028760 0.085221 5.078426 4.243183 4.301309 9.967006 30.450045 36.547024 39.497845 44.761440 52.220100 61.760052 74.938164 90.883835 108.386101 124.163582 137.901886 150.337570 163.503586 179.009247 163.477615 144.922729 137.552094 131.808472 126.948608 121.384598 114.725227 107.627380 93.484283 86.381599 79.610359 67.725258 58.581833 45.436321 31.066551 22.757612 10.865051 2.376623 0.509100 0.095336 
0.184267 1.379626 6.278970 6.660538 6.620489 9.980011 19.197321 29.238804 38.817169 45.060390 52.809891 61.216389 72.942497 87.715065 104.957016 123.711250 140.920563 155.983093 170.784012 184.273071 171.833084 144.847092 139.580841 134.838608 129.899612 124.813637 119.554703 110.863205 99.479088 88.559616 78.194916 66.870255 56.701050 45.317814 35.108650 24.711197 12.372036 3.221840 2.620006 2.011026 
2.477163 5.248298 6.413054 16.150440 21.432323 34.343399 35.126862 39.778484 42.399464 44.736313 49.408062 61.211720 75.142311 90.262238 106.983177 125.240669 143.834106 160.342834 176.455124 189.378555 199.842957 148.178391 143.621750 139.094147 134.564255 127.903412 119.643814 108.190598 96.923035 86.379906 76.251846 66.732491 57.370747 47.986416 38.845387 27.395878 14.226233 4.424875 1.122744 0.616145 
0.000000 0.000000 0.000000 0.000000 0.000000 0.000000 0.000000 0.000000 0.000000 0.000000 0.000000 0.000000 0.000000 0.000000 0.000000 0.000000 0.000000 0.000000 0.000000 116.666664 116.666664 116.666664 0.000000 0.000000 0.000000 0.000000 0.000000 0.000000 0.000000 0.000000 0.000000 0.000000 0.000000 0.000000 0.000000 0.000000 0.000000 0.000000 0.000000 0.000000 
0.205709 1.053321 2.915325 9.088783 9.346622 12.663989 26.799919 33.301460 36.598091 41.912140 51.167786 57.560925 68.053490 88.487366 118.532387 167.211136 224.274719 242.974060 254.264999 260.274231 237.843964 194.488174 181.857101 160.329514 144.385147 128.265289 116.120018 106.252472 96.812675 89.240936 82.738770 76.201614 70.891861 64.421173 57.790321 49.084816 40.395794 40.162075 23.675388 4.446980 
0.076628 0.407389 1.831102 5.897818 8.832755 10.949361 19.857914 27.706120 30.727484 44.627632 67.292259 105.718414 144.325745 166.225998 178.036499 186.203796 193.449509 200.159302 208.440628 215.914520 225.246948 238.677872 209.191376 179.000000 150.413223 131.398651 117.045395 105.743248 96.654465 87.718155 80.690186 72.843597 65.626030 59.148643 49.143345 38.667301 22.107048 11.963297 1.978373 0.549791 
0.026040 0.140130 0.578986 0.606816 0.689147 6.920725 13.816340 44.779945 47.952179 53.795208 79.110611 114.057159 142.425415 160.248688 171.332657 179.498611 186.270676 191.505981 197.171677 202.205353 211.560852 218.214951 193.902527 174.021362 153.268829 136.305252 123.463745 112.640991 102.883408 94.748001 86.860794 78.744385 69.199112 61.000584 50.889492 39.472885 22.873089 11.767051 1.830385 0.269615 
0.021635 0.170070 1.175873 5.164602 5.648855 5.806565 7.937749 10.019246 14.956551 32.799873 68.836517 109.332787 138.170380 154.372086 164.075668 170.947556 176.046967 178.511963 176.824966 178.165192 178.372025 182.907684 165.503845 148.500305 136.730911 127.147575 120.221588 115.742928 106.719498 98.937531 92.964882 88.840729 85.412804 89.556808 76.538673 75.509094 79.050140 3.118242 0.239698 0.085455 
0.019288 0.159212 1.175973 5.462605 5.769120 5.774605 8.189552 10.172258 16.034000 39.165771 80.490311 117.510780 139.671707 151.993225 160.161530 165.251968 167.904449 164.417999 158.382629 156.231522 152.981262 160.488861 145.641678 129.459549 114.421127 98.418922 90.153000 84.206421 75.566460 71.271454 68.024475 70.791130 78.855461 86.797531 78.253975 56.231010 7.146911 5.357384 0.475537 0.111435 
0.016564 0.051483 0.316783 1.358047 1.429829 4.361938 9.717338 11.424854 20.809040 53.263420 94.243599 121.720840 137.155045 147.259048 154.478729 156.369736 153.626648 141.999878 134.899475 129.405014 132.330307 140.414520 137.094498 120.295982 104.188278 90.216423 82.159447 75.479103 68.608620 58.530617 48.849213 43.290314 39.317535 38.062260 36.839737 6.561845 5.180019 5.163384 0.787472 0.136150 
0.044179 0.063608 0.084701 0.446250 1.888304 8.274725 9.578335 11.962451 25.973093 59.173466 94.670006 115.218124 127.056923 137.907257 144.404480 139.551773 129.334122 115.003159 110.130234 111.011658 117.104568 123.204956 127.365379 111.117882 97.869629 83.871292 76.772499 71.103325 64.646286 58.822861 50.679226 42.106415 36.159004 30.375263 27.190651 8.982545 3.147577 1.377591 0.725430 0.599412 
0.006380 0.050408 0.081180 0.328502 1.723929 8.247609 10.031619 13.718194 28.533045 57.045040 87.065765 97.295830 104.771935 120.021156 123.091866 109.374664 99.089615 92.786942 95.224953 99.713913 106.350677 110.804535 118.755028 100.173302 87.136665 71.296158 63.462811 58.884781 59.397461 56.354271 51.859520 48.093777 31.425508 28.856833 26.583429 8.955123 2.108652 0.426005 0.150049 0.051186 
0.001394 0.011665 0.305215 0.379703 0.418434 1.856510 20.204653 30.467409 27.266909 50.337692 66.629669 61.366596 66.648659 90.872192 87.361160 77.679352 77.479065 81.169609 85.987984 90.461655 96.991280 98.689484 108.555573 91.625862 82.803726 63.052032 51.142792 47.057770 49.034729 48.024914 43.978409 36.947655 29.540901 25.429895 13.436002 4.282942 0.765432 0.167622 0.144797 0.036398 
0.000000 0.000000 0.000000 0.000000 0.000000 0.000000 0.000000 0.000000 0.000000 0.000000 0.000000 0.000000 0.000000 0.000000 0.000000 0.000000 0.000000 0.000000 0.000000 0.000000 0.000000 0.000000 0.000000 0.000000 0.000000 0.000000 0.000000 0.000000 0.000000 0.000000 0.000000 0.000000 0.000000 0.000000 0.000000 0.000000 0.000000 0.000000 0.000000 0.000000 
0.000200 0.002332 0.002440 0.007023 0.032280 0.068663 2.068063 3.717253 3.746135 3.763302 14.747077 16.266115 16.693727 29.913204 53.344608 54.834583 63.041862 66.826340 73.063171 71.903488 82.222382 80.723366 87.480843 73.188469 69.625580 53.640247 42.213673 23.643183 20.459087 24.001390 28.754784 33.139984 28.876722 23.901999 24.016932 3.823174 0.063743 0.052908 0.002368 0.001345 
0.000053 0.000310 0.000892 0.000944 0.005177 0.023993 0.073759 1.304336 1.817384 2.721224 11.860515 16.843399 16.421940 18.042212 46.449928 48.671001 57.890980 60.604118 68.100311 61.224552 73.399040 72.963089 77.531029 64.507248 59.748516 49.531715 45.130188 19.142559 10.989581 12.060843 16.262615 16.107759 6.972140 4.016684 3.963114 0.077296 0.012997 0.005029 0.000536 0.000133 
0.000028 0.000006 0.000064 0.000114 0.000750 0.004845 0.029646 0.208450 0.574084 2.680768 11.305753 15.570473 15.655702 12.869537 38.187832 41.758430 52.139717 54.548267 56.666088 51.845806 65.479614 65.292442 57.863976 57.926044 52.313881 42.482468 37.681099 18.395758 8.346187 7.158058 10.536856 8.548587 0.708724 0.660769 0.554304 0.057001 0.005472 0.000739 0.000084 0.000014 
0.000002 0.000003 0.000005 0.000021 0.000219 0.002477 0.005306 0.029507 0.120590 0.675748 2.789084 4.396996 7.029004 11.326218 24.352158 34.370457 45.733925 48.517059 44.950394 37.110935 58.279114 57.261856 50.817543 54.801613 45.238182 36.487129 27.587385 22.907347 13.119841 6.840890 5.161966 3.858269 0.650443 0.133133 0.065504 0.009754 0.001090 0.000120 0.000013 0.000002 
0.000000 0.000000 0.000001 0.000007 0.000102 0.002141 0.008624 0.025870 0.027898 0.114546 0.443997 1.016861 3.371432 11.184045 24.001799 32.149769 38.745834 41.027454 39.379135 22.587835 47.798698 49.994366 48.217949 43.775028 41.651272 38.555664 27.328976 22.993971 13.348895 6.573575 1.787880 0.748305 0.141726 0.029234 0.063708 0.005511 0.000475 0.000039 0.000003 0.000000 
0.000000 0.000000 0.000000 0.000001 0.000007 0.000327 0.010129 0.066706 0.095298 0.111890 0.067632 0.194043 0.954022 4.549145 12.432884 19.244621 26.655460 27.066717 33.825459 14.619740 32.213047 42.789234 43.138100 36.958660 38.913296 46.758945 28.460142 26.211529 25.312590 5.565569 0.307721 0.112620 0.023780 0.023229 0.006647 0.000475 0.000459 0.000031 0.000002 0.000000 
0.000000 0.000000 0.000000 0.000000 0.000001 0.000013 0.000474 0.001109 0.001363 0.011320 0.033588 0.034456 0.176399 0.974991 3.903901 9.465578 16.055386 16.068907 5.135969 5.417381 4.292060 25.054888 26.634497 34.328186 28.214291 6.386394 13.897972 1.786420 0.719111 0.167113 0.030518 0.014380 0.005668 0.022555 0.000096 0.000094 0.000035 0.000000 0.000000 0.000000 
0.000000 0.000000 0.000000 0.000000 0.000000 0.000002 0.000038 0.000089 0.000109 0.000057 0.004726 0.032327 0.028484 0.145699 0.684945 2.398299 6.552028 6.648286 1.991163 4.823073 2.568198 12.686124 14.451476 11.966101 14.250727 2.497820 1.000607 0.133457 0.078791 0.013911 0.005892 0.013635 0.013268 0.002709 0.000015 0.000008 0.000000 0.000000 0.000000 0.000000 
0.000000 0.000000 0.000000 0.000000 0.000000 0.000000 0.000003 0.000006 0.000008 0.000014 0.000141 0.016860 0.022148 0.023611 0.142955 0.916141 5.783223 2.147601 1.845062 4.173936 2.315938 4.401123 4.589906 5.203693 13.989962 2.275272 0.572405 0.087379 0.018032 0.003331 0.003214 0.007235 0.000133 0.000011 0.000002 0.000001 0.000000 0.000000 0.000000 0.000000 
0.000000 0.000000 0.000000 0.000000 0.000000 0.000000 0.000000 0.000000 0.000000 0.000000 0.000000 0.000000 0.000000 0.000000 0.000000 0.000000 0.000000 0.000000 0.000000 0.000000 0.000000 0.000000 0.000000 0.000000 0.000000 0.000000 0.000000 0.000000 0.000000 0.000000 0.000000 0.000000 0.000000 0.000000 0.000000 0.000000 0.000000 0.000000 0.000000 0.000000 
