0.000035 0.000240 0.001755 0.032665 0.038604 0.052391 0.345379 2.606590 4.881393 12.202909 25.346035 35.695740 49.179920 60.360710 74.381699 84.438019 89.525795 94.417358 118.230576 199.320526 152.254593 125.007278 106.374527 93.005585 83.241653 74.886536 67.743286 60.209972 51.808949 40.630199 27.209192 21.401793 20.422464 7.562744 0.324403 0.075234 0.011389 0.001676 0.000637 0.000379 
0.000204 0.001055 0.002803 0.236923 0.127601 0.128495 0.365333 7.941526 12.961255 20.433281 30.957850 39.862965 51.948723 62.043503 76.443520 82.578308 87.901276 97.697968 110.786613 198.292526 154.729080 130.693237 110.181793 98.708580 89.285324 81.680244 75.227341 68.535271 61.125801 51.803051 38.871765 31.945810 21.557194 7.429905 1.328137 0.214008 0.030860 0.006421 0.004822 0.003621 
0.001606 0.009727 0.064294 0.309967 0.177512 0.184573 2.549231 21.777754 22.405947 28.163301 36.412514 44.326916 55.245758 64.666641 77.900444 86.216072 95.553513 102.566597 110.844116 221.282715 151.424973 130.087677 114.393295 102.128555 93.282394 85.851372 79.439438 72.417229 63.517418 53.617989 41.819977 34.695541 21.525515 7.410340 1.353034 0.293405 0.080744 0.037170 0.007009 0.004968 
0.010138 0.044294 0.236486 0.313675 0.520871 1.657369 80.459373 54.946911 46.691395 44.797924 47.754963 52.421303 60.809193 68.995003 80.651001 90.201477 99.621147 105.421417 113.017593 211.481491 154.666336 133.024368 116.281708 104.373428 96.133614 89.052902 82.859848 76.110153 66.210655 61.352451 52.086330 46.571819 19.663141 2.789701 1.219283 0.391673 0.380444 0.280252 0.034724 0.006485 
0.072667 0.225981 1.560702 1.916198 1.578461 4.757845 82.559784 61.068600 61.043152 60.571877 61.567566 63.685894 68.873352 74.789909 84.662018 94.377296 103.939941 109.818993 117.358147 211.863205 157.972382 135.776321 118.396156 107.080627 98.844940 91.673912 85.733696 78.926308 66.394531 61.519463 57.603371 53.615200 57.906174 3.468357 2.284075 0.748672 1.620918 1.428263 0.047019 0.029519 
0.475041 0.253497 5.181183 5.501928 5.116667 21.778664 49.091610 66.616806 70.153847 70.433960 71.807213 73.994011 77.216293 83.681465 91.074982 99.498116 109.218185 114.874130 122.478256 211.086441 163.580765 138.832336 120.690353 109.203255 101.396622 95.171974 90.053963 85.667847 67.744926 63.042999 61.439846 74.800652 110.430023 120.103943 132.203171 28.209620 29.305065 29.420305 3.027209 0.531998 
3.727220 4.531537 17.940607 17.872595 27.448511 30.785192 51.162678 92.723976 77.743073 77.786308 79.329208 81.836540 85.981598 91.030937 96.667458 106.945755 116.187347 121.469475 129.882324 220.771927 168.378433 140.981827 123.410805 113.233177 106.523949 99.392860 95.169823 92.627312 93.538200 79.666397 84.492348 81.331619 67.168571 54.283073 40.089321 24.953873 14.244965 5.442770 2.004800 0.650227 
6.989290 58.556423 47.803345 35.163582 37.882568 41.427406 85.527161 109.637634 91.371391 87.399345 87.660347 89.715782 93.849037 98.020607 105.197792 113.654556 124.286118 129.122040 137.147476 236.270096 178.540527 149.959503 132.382568 116.071724 109.408531 104.843544 102.705597 102.097733 102.678383 91.747223 89.831238 78.227257 65.729767 53.462166 39.163757 24.935316 14.042411 4.718707 2.020229 0.801973 
28.270195 63.045757 67.635315 67.461021 67.557495 73.163696 81.301491 102.922264 96.931938 95.311615 95.724228 97.625816 101.465759 105.763779 111.813194 119.709442 129.789032 135.165833 145.208466 241.437805 192.656219 160.632874 138.149902 123.915550 116.258545 112.183296 113.512161 112.773201 107.215706 95.673714 81.884659 72.792732 64.646179 50.618126 39.835136 28.312664 18.927563 9.494785 8.716079 7.575828 
16.054953 35.616718 54.408417 64.777504 70.442360 73.941559 80.932190 84.777077 92.351051 103.969940 103.429245 105.087051 108.935692 112.988899 118.106522 126.166283 137.085770 143.917648 156.576157 255.693802 209.497513 173.371124 150.508148 132.198090 127.996880 128.239792 123.076370 115.621391 102.823334 91.459007 81.370148 72.415688 61.675571 50.062496 40.848583 31.066261 25.841228 12.926264 6.048619 4.751598 
10.316508 19.353315 41.290844 54.642830 59.407154 63.092964 67.580734 72.592491 79.547653 85.376945 99.194595 109.073730 115.621262 120.505859 126.726448 135.685806 145.935074 153.936310 168.772583 267.121368 234.584244 194.846481 168.101288 147.435410 140.983063 137.339905 126.929672 115.799599 103.472107 93.163475 83.283295 73.557549 63.139492 53.073944 43.487728 28.218691 24.456972 21.381479 11.528725 5.275372 
9.900559 17.720312 36.803986 52.379665 60.129074 66.421135 71.262856 76.536018 80.552055 84.233032 91.369011 102.310890 116.099075 126.211952 134.479935 143.337494 155.516083 165.409180 184.394211 278.196472 255.805161 221.655136 190.424286 164.272110 155.257919 146.031982 128.831390 115.781937 105.151016 89.904884 81.744972 73.456589 61.527122 52.299107 43.607113 36.785004 34.605545 29.913824 20.210636 14.010510 
14.345222 21.643896 36.311298 49.599567 59.823479 66.579361 71.748505 77.640808 81.967964 85.841873 90.774094 97.884155 109.082550 124.730728 139.797638 152.767227 169.929108 182.115936 220.348419 288.435974 273.742889 245.348923 213.064163 178.778503 163.995560 145.778641 128.952545 114.249016 102.618301 93.654922 84.017311 74.235733 63.790382 56.206535 49.403519 44.107216 42.290031 38.935818 29.907267 25.784510 
21.907011 30.151108 39.236477 50.247219 59.879532 66.744995 72.670601 78.516663 83.579742 87.699539 92.209747 98.353020 105.935257 119.544670 139.179306 163.425644 190.050186 217.718689 260.208130 294.153259 291.525574 265.656586 231.249344 188.758377 167.596634 149.235306 131.890137 117.889603 105.400810 93.054893 83.154396 74.696060 65.544083 60.203442 57.810917 65.743263 53.429008 50.410355 44.082924 42.318878 
33.178246 35.034687 38.361946 53.196461 62.746250 69.539055 75.315918 80.541420 85.208290 89.695930 94.616951 99.934456 106.688034 117.451385 138.478165 171.347107 214.760834 257.199066 288.456848 304.938721 304.959595 282.293976 241.743149 198.340637 172.945984 152.403076 134.052414 119.436302 106.945137 96.220795 87.233093 80.166092 73.339622 67.581947 67.291740 66.860916 62.749157 58.621258 53.271290 52.032787 
38.974049 40.493465 41.987312 48.582790 57.570572 65.897705 73.782402 79.493134 85.106720 91.214661 96.451645 102.032944 108.984001 119.548286 141.216156 185.639008 245.948227 283.779541 302.285828 311.655945 314.103027 297.190704 248.906265 207.340424 179.799454 157.004166 138.796906 124.607483 113.357925 104.618546 97.288712 98.009911 102.029396 95.227432 85.428398 75.568695 72.715744 67.770134 63.566883 62.948734 
45.123840 45.731171 45.499966 50.685188 57.913891 65.375458 72.733200 79.137131 84.850578 91.449425 97.448250 103.928619 112.034889 124.554070 150.951355 204.978897 264.216705 295.231628 307.745880 315.502899 319.682220 304.610229 268.563110 224.608276 192.444031 168.414520 150.012878 136.820526 126.025360 123.067581 120.584938 120.109779 108.796959 100.641548 91.396309 84.266502 81.019547 75.201271 71.087921 69.451096 
52.714668 53.653919 58.394016 59.379482 63.069664 68.083633 74.188721 79.803284 86.699287 93.095261 99.452393 106.166939 114.963333 129.598572 161.435272 220.727936 274.933655 300.124390 310.583954 318.188690 318.713470 314.021210 291.403198 253.818512 212.472565 185.873474 168.607315 156.820175 148.925430 138.869171 133.134964 124.725502 114.464294 105.968788 97.640892 91.541161 87.228745 81.046623 76.977890 75.006844 
56.930275 58.252052 62.805241 65.134369 67.910797 72.453865 77.376427 82.672073 89.159554 94.914719 101.240646 110.962898 122.593269 143.750610 188.323624 249.406296 288.456818 305.123047 313.959015 318.643005 116.666664 318.918335 312.328461 283.937225 247.299591 213.510452 193.813705 178.711273 165.664490 153.526260 143.738754 133.261414 124.376785 115.482605 108.142830 102.178955 96.830658 90.022789 85.517792 82.027603 
61.104263 62.462070 66.852135 69.867805 73.077972 77.319427 81.725052 87.044235 93.485504 98.997414 105.741760 115.430992 129.540756 158.782669 214.178802 266.706238 295.674042 310.343109 319.562622 323.804749 314.555115 324.696075 321.253693 307.820190 274.220215 236.823395 210.972748 190.633392 174.504257 160.865326 149.439560 137.615631 128.339615 120.194008 112.892967 106.805382 100.917992 94.385536 90.224678 87.049995 
80.030174 75.688660 79.150345 86.499733 93.827469 100.666069 103.344360 108.520073 115.561409 121.699905 135.225067 155.481400 194.866379 256.810333 289.828094 304.846344 312.023712 318.730804 324.114594 325.944702 325.918854 326.147247 324.767090 319.981415 306.563721 274.369751 241.183792 214.320908 192.685028 175.608932 161.006531 146.772110 136.315994 127.589310 120.030701 113.518738 106.481850 99.782890 95.663971 93.588905 
234.343384 214.917679 207.456650 241.782730 174.097031 206.714783 218.899139 228.224442 223.779037 206.051056 199.906189 201.001755 205.210678 217.593323 235.153259 257.658569 282.658722 303.379517 317.882111 323.555176 325.751617 326.245026 325.074097 321.547913 314.882233 308.986603 303.897278 298.289032 292.705811 288.136993 294.872314 287.003021 280.588806 279.062866 283.492523 279.648926 270.064178 272.317780 271.587311 253.364380 
228.208420 231.201355 230.704712 241.183792 226.703079 210.839279 175.006821 158.279099 156.749695 160.838623 167.143890 175.020782 185.388947 198.311844 214.800446 236.184753 262.279297 286.791290 308.574615 319.657623 324.077850 324.671387 320.048187 312.120056 303.052490 303.434845 301.191742 298.238922 296.859467 274.564240 249.326904 218.386887 212.984024 176.821487 160.362289 153.892914 146.141907 167.650436 110.781197 80.880646 
148.559464 149.336349 155.091522 187.384094 148.160263 137.512222 128.437088 130.846527 136.263321 143.119049 150.961670 159.863968 170.340408 182.681198 197.801193 217.182251 241.959305 268.114807 291.816132 309.554108 318.412048 320.409546 306.892395 285.908783 277.686920 269.810669 253.162460 233.456818 193.134140 136.608871 114.870522 102.495209 93.545685 86.132072 81.511536 76.357849 72.902321 69.002075 52.303951 39.856972 
79.321449 79.325890 85.363960 98.614586 111.497269 113.384323 115.525070 120.188049 126.688484 134.075348 142.078522 150.930099 161.279114 173.151382 187.509521 205.970505 230.279892 258.982605 281.740295 298.454559 309.717712 314.697632 277.259094 260.663544 253.685135 241.060471 225.408936 200.295456 154.017395 120.047630 102.135292 92.559570 85.084335 80.028046 75.316345 70.476219 67.438629 65.406006 47.336708 34.545902 
66.661499 67.663109 72.058456 84.418922 94.034508 99.466965 104.209312 110.004158 117.524490 125.496330 133.767761 142.914688 153.437103 165.109726 179.138229 197.600220 222.943314 253.354645 274.759460 288.234070 300.326233 296.401642 252.289520 238.733521 232.522797 225.420883 213.267288 186.026871 153.664093 119.720863 98.337456 88.779190 81.950989 76.492432 70.507523 64.144928 62.725590 60.073467 40.100563 32.716236 
64.147209 65.477356 70.506363 81.952026 89.755188 92.789902 96.695114 102.585426 111.263657 118.993843 127.250320 136.592194 147.173141 158.579025 172.628006 192.102051 220.094284 252.708862 273.355530 282.713501 290.127991 272.099823 221.580750 215.898880 211.791840 209.607986 203.510468 179.106888 149.876923 122.884766 97.362198 85.302689 77.677925 71.499275 65.658859 60.102032 57.669357 53.968159 38.210468 31.495651 
62.912659 64.432381 69.919151 79.474190 83.206177 85.544403 89.464447 96.132332 104.358490 112.177376 120.808174 130.588272 141.243271 152.471420 167.225739 189.281677 221.545456 255.448303 270.592133 277.804657 283.434631 219.101105 194.756790 190.941818 191.796371 191.343475 189.959839 173.800476 151.904709 124.833275 97.702965 84.405655 75.730957 69.808609 63.692429 57.218094 53.237560 51.627846 35.861198 30.741886 
60.894535 62.845886 69.570541 76.493782 76.107857 73.392281 79.449196 87.224045 96.519241 104.790810 114.133316 124.453812 135.169205 146.474594 163.365387 189.932098 228.282257 257.459137 266.489258 272.087891 277.713715 190.422607 177.235062 173.522675 173.646042 174.091949 173.932739 166.599625 151.281143 125.709724 96.292908 81.492783 74.967949 69.614128 61.665493 53.270237 48.830582 48.452053 36.628254 29.829828 
43.930195 55.742432 60.992550 62.412903 60.767376 61.712051 69.922371 78.789680 87.174988 97.242264 107.621307 118.081917 129.038040 140.669205 163.110214 200.074356 235.051407 251.820786 259.310944 264.615906 270.387604 171.933350 162.189346 159.070496 159.286804 159.157608 160.292557 160.591385 150.852646 134.153732 100.232849 79.708725 72.426453 67.814812 62.819675 50.414047 43.483986 42.507133 30.683140 27.756596 
36.696991 54.167442 49.914551 44.591743 43.349361 50.295914 57.057579 70.400658 78.088631 86.402206 100.981071 110.942627 119.047813 132.791672 166.388641 207.568115 231.892090 242.117188 250.001160 255.570541 263.449890 160.748795 152.336990 148.976959 147.935593 147.018280 147.914856 150.383270 143.122757 137.305923 110.629608 79.063400 69.140152 64.353775 62.930832 46.003475 38.778164 36.970528 30.272718 26.349026 
19.420460 9.554959 22.436457 24.392004 29.536108 40.605412 50.222389 60.680500 72.528374 83.998474 93.946442 105.463226 113.219643 122.672195 154.283295 194.089371 219.721817 230.094528 238.594147 244.486252 254.780167 153.647125 146.284821 142.982147 140.346619 137.986008 136.229874 139.099747 133.294983 132.202667 123.591484 84.724945 61.487003 58.948738 55.467213 49.224960 58.562943 32.393013 29.321461 22.444908 
14.568516 3.427799 8.939098 15.535019 21.971840 32.005890 44.051884 56.867359 68.199211 80.101837 90.725998 93.256500 103.497116 86.720474 129.880844 171.457123 201.787384 216.238022 225.411942 232.969666 248.402527 147.138763 141.011871 138.246811 135.068466 132.342422 129.529480 125.257713 126.510628 125.448639 122.883240 81.974998 59.159706 57.250099 51.162155 46.353420 35.557335 22.865164 14.393454 7.634637 
2.616402 3.153957 3.575309 7.867880 12.103518 24.198786 36.857983 51.078480 58.687809 68.736053 69.535706 57.048676 47.956627 44.098541 78.436829 134.598160 178.478027 201.229553 212.706924 221.873734 245.612152 140.434509 136.155807 134.580322 130.338852 127.889908 124.452904 120.951576 121.330605 119.618065 119.377838 97.379303 55.276154 51.484596 47.439865 42.175613 34.468529 15.689126 6.779043 2.061489 
0.107082 0.412757 0.876736 3.244810 4.587407 15.715606 19.118902 37.085041 32.076962 41.029068 28.731171 17.949957 17.496641 30.797758 67.382965 121.187691 161.932465 190.567902 204.975662 213.632111 240.419403 134.886169 131.322327 128.048325 125.844276 123.532257 121.146477 117.698204 114.708344 113.106667 113.324539 120.433617 59.000599 50.665245 45.686535 37.954418 32.159874 10.394832 2.974615 0.568881 
0.014325 0.048429 0.149547 0.586781 0.656396 1.341837 4.094174 7.386405 8.639344 30.828451 9.897264 6.303575 12.818027 28.735771 61.935753 107.642746 147.811356 176.931595 196.084839 206.449768 225.141464 130.775146 126.952477 123.393776 121.815277 117.566078 115.318146 111.501869 109.302162 106.258850 107.137802 113.553436 104.085983 121.255043 25.634809 31.284634 32.011749 6.910778 1.797832 0.276317 
0.001578 0.005565 0.022504 0.094947 0.180551 0.742657 6.381392 8.776359 8.839334 4.977911 2.920257 3.033132 13.148765 29.450911 60.636608 100.119179 135.623825 166.220108 186.625412 198.464005 217.208237 127.639992 123.795029 119.679802 115.560013 112.664070 110.442780 105.879784 104.343765 98.904007 100.286819 111.094559 60.101849 32.075054 1.177604 1.271653 5.568193 0.264482 0.238409 0.212999 
0.000166 0.000705 0.003942 0.023450 0.124459 0.638528 5.343037 8.653241 8.923003 2.649847 2.659124 2.839784 16.805416 32.551834 60.505016 90.588882 120.166832 155.536530 178.580841 191.499008 211.392349 123.567177 119.304222 115.139137 110.986977 107.815994 105.453690 100.062592 99.298126 91.463783 91.737091 110.398338 51.403790 1.421636 0.975765 0.971744 0.054731 0.037979 0.035689 0.032429 
0.000018 0.000103 0.000754 0.005671 0.040031 0.255612 1.319330 2.246930 2.672707 2.622317 2.653546 4.170318 27.620443 33.767483 54.336819 75.201096 104.002533 141.362427 169.719193 185.611908 219.631805 121.584915 116.609207 111.457909 105.743988 100.517174 97.319252 90.043419 84.993607 78.992973 78.017685 26.027603 2.218630 1.218172 0.474366 0.247420 0.038766 0.007547 0.003672 0.001071 
0.000002 0.000017 0.000146 0.001170 0.008425 0.050995 0.223693 0.429506 0.808480 2.590176 4.294876 6.049504 11.547140 19.246870 39.356060 56.124332 76.418488 118.201431 152.246857 174.202957 220.404572 116.147247 109.798462 104.373260 98.146667 94.378471 91.881866 83.882263 78.218109 70.326996 68.454834 30.179735 3.152941 1.219000 0.240487 0.059637 0.010316 0.001636 0.000438 0.000128 
