0.000000 0.000000 0.000000 0.000000 0.000000 0.000000 0.000000 0.000000 0.000000 0.000000 0.000000 0.000000 0.000000 0.000000 0.000000 0.000000 0.000002 0.000001 0.000001 0.000002 0.000002 0.000000 0.000000 0.000000 0.000000 0.000000 0.000000 0.000000 0.000000 0.000000 0.000000 0.000000 0.000000 0.000000 0.000000 0.000000 0.000000 0.000000 0.000000 0.000000 
0.000000 0.000000 0.000000 0.000000 0.000000 0.000000 0.000000 0.000000 0.000000 0.000000 0.000000 0.000000 0.000000 0.000000 0.000000 0.000000 0.000034 0.000011 0.000011 0.000054 0.000003 0.000000 0.000000 0.000000 0.000000 0.000000 0.000000 0.000000 0.000000 0.000000 0.000000 0.000000 0.000000 0.000000 0.000000 0.000000 0.000000 0.000000 0.000000 0.000000 
0.000000 0.000000 0.000000 0.000000 0.000000 0.000000 0.000000 0.000000 0.000000 0.000000 0.000000 0.000000 0.000000 0.000000 0.000001 0.000007 0.000106 0.000079 0.000286 0.001113 0.000392 0.000005 0.000001 0.000000 0.000000 0.000000 0.000000 0.000000 0.000000 0.000000 0.000000 0.000000 0.000000 0.000000 0.000000 0.000000 0.000000 0.000000 0.000000 0.000000 
0.000000 0.000000 0.000000 0.000000 0.000000 0.000000 0.000000 0.000000 0.000000 0.000000 0.000000 0.000000 0.000000 0.000001 0.000005 0.000026 0.000118 0.000564 0.019589 0.001933 0.001480 0.000113 0.000020 0.000006 0.000006 0.000004 0.000001 0.000001 0.000001 0.000000 0.000000 0.000000 0.000000 0.000000 0.000000 0.000000 0.000000 0.000000 0.000000 0.000000 
0.000000 0.000000 0.000000 0.000000 0.000000 0.000000 0.000000 0.000000 0.000000 0.000000 0.000000 0.000000 0.000002 0.000019 0.000070 0.000378 0.001384 0.015011 0.518297 0.015288 0.001652 0.000370 0.000215 0.000068 0.000091 0.000070 0.000016 0.000006 0.000007 0.000004 0.000000 0.000000 0.000000 0.000000 0.000000 0.000000 0.000000 0.000000 0.000000 0.000000 
0.000000 0.000000 0.000000 0.000000 0.000000 0.000000 0.000000 0.000000 0.000000 0.000000 0.000000 0.000003 0.000052 0.000613 0.000821 0.005049 0.006764 0.024732 0.718128 0.025828 0.007231 0.003502 0.002673 0.000714 0.001292 0.001023 0.000199 0.000023 0.000009 0.000008 0.000003 0.000000 0.000000 0.000000 0.000000 0.000000 0.000000 0.000000 0.000000 0.000000 
0.000000 0.000000 0.000000 0.000000 0.000000 0.000000 0.000000 0.000000 0.000000 0.000000 0.000004 0.000078 0.001282 0.004335 0.027031 0.067694 0.068710 0.149817 0.952998 0.174725 0.052665 0.033470 0.029437 0.005027 0.015816 0.012880 0.002069 0.000187 0.000022 0.000012 0.000006 0.000000 0.000000 0.000000 0.000000 0.000000 0.000000 0.000000 0.000000 0.000000 
0.000000 0.000000 0.000000 0.000000 0.000000 0.000000 0.000000 0.000000 0.000000 0.000001 0.000008 0.000128 0.001952 0.025578 0.450901 0.585102 0.615092 0.334037 1.138393 1.005665 0.268505 0.269880 0.275657 1.141335 0.156323 0.129881 0.014482 0.000708 0.000163 0.000121 0.000007 0.000000 0.000000 0.000000 0.000000 0.000000 0.000000 0.000000 0.000000 0.000000 
0.000000 0.000000 0.000000 0.000000 0.000000 0.000000 0.000000 0.000000 0.000000 0.000004 0.000014 0.000179 0.002409 0.028647 0.473561 4.227335 4.315181 0.955632 5.842615 5.673212 0.315675 1.754768 2.482448 9.909015 8.481342 6.450411 0.421528 0.014646 0.002003 0.001836 0.000123 0.000001 0.000000 0.000000 0.000000 0.000000 0.000000 0.000000 0.000000 0.000000 
0.000000 0.000000 0.000000 0.000000 0.000000 0.000000 0.000000 0.000000 0.000006 0.000064 0.000068 0.000421 0.003890 0.024095 2.594904 29.665701 29.112431 15.335823 16.045815 15.854460 0.842772 8.300045 8.480018 10.319898 8.485373 1.735218 0.654586 0.103535 0.017390 0.001566 0.000176 0.000012 0.000001 0.000000 0.000000 0.000000 0.000000 0.000000 0.000000 0.000000 
0.000000 0.000000 0.000000 0.000000 0.000000 0.000001 0.000002 0.000003 0.000035 0.000072 0.000691 0.002034 0.016112 0.154006 1.237331 6.053245 21.821064 59.841766 32.250988 31.698017 21.954082 25.189579 25.628935 26.614149 17.978121 1.342848 0.682702 0.109001 0.034696 0.001953 0.000182 0.000021 0.000002 0.000000 0.000000 0.000000 0.000000 0.000000 0.000000 0.000000 
0.000000 0.000000 0.000000 0.000000 0.000000 0.000000 0.000002 0.000019 0.000037 0.000780 0.009259 0.013373 0.041593 0.275908 1.230621 1.381235 3.910032 63.745190 51.407093 51.152802 82.963791 44.177521 44.290459 45.277611 76.104218 31.381945 7.266045 0.201738 0.198131 0.040770 0.000609 0.000161 0.000017 0.000002 0.000001 0.000000 0.000000 0.000000 0.000000 0.000000 
0.000000 0.000000 0.000000 0.000000 0.000000 0.000000 0.000011 0.000339 0.000565 0.010292 0.033878 0.140112 0.218915 1.377208 6.194984 15.956849 20.526922 36.676521 70.966003 70.780479 77.749565 56.564411 56.815922 62.658485 68.587959 36.300304 23.124790 9.454434 0.553871 0.420723 0.025583 0.001913 0.000132 0.000011 0.000009 0.000001 0.000000 0.000000 0.000000 0.000000 
0.000000 0.000000 0.000000 0.000000 0.000000 0.000002 0.000066 0.000712 0.001237 0.014915 0.231764 0.773888 0.919809 4.395800 12.944018 29.325462 24.716639 31.823242 70.425797 82.518829 82.921188 71.782852 72.875465 77.234840 67.486938 39.363228 24.666368 17.526133 17.187321 1.976735 0.018396 0.002220 0.000215 0.000048 0.000009 0.000001 0.000000 0.000000 0.000000 0.000000 
0.000000 0.000000 0.000000 0.000000 0.000000 0.000005 0.000080 0.000278 0.002996 0.062574 0.429825 0.754479 3.753849 12.350027 22.673580 24.992472 25.742868 42.315983 97.654037 99.667206 87.311386 81.296509 80.231613 78.940338 59.513763 40.191093 26.640268 17.066336 5.521033 1.074624 0.202479 0.003692 0.000501 0.000482 0.000079 0.000001 0.000000 0.000000 0.000000 0.000000 
0.000000 0.000000 0.000000 0.000000 0.000001 0.000009 0.000116 0.000821 0.021201 0.388118 0.511362 3.050303 10.586951 19.695799 30.927032 33.298939 42.822163 52.070797 63.875244 87.329903 91.635925 85.119736 80.969818 68.064064 57.443604 40.398834 29.554735 17.614304 5.413748 1.078959 1.056521 0.229352 0.002264 0.000979 0.000804 0.000049 0.000003 0.000000 0.000000 0.000000 
0.000000 0.000000 0.000001 0.000003 0.000003 0.000025 0.000764 0.004973 0.260021 1.335006 1.771165 9.532411 19.319563 26.999851 37.894138 42.361217 49.193100 55.652554 64.306168 77.660950 97.267029 86.936981 81.492180 69.839157 60.978584 46.925777 38.048832 35.457535 5.313745 1.685351 1.643913 1.441650 0.142198 0.011432 0.000844 0.000055 0.000003 0.000000 0.000000 0.000000 
0.000000 0.000000 0.000002 0.000003 0.000016 0.000682 0.015904 0.204698 0.302861 0.383448 1.766166 10.501202 20.873089 29.098936 39.732620 47.294735 53.817257 60.334091 67.754074 76.586067 102.022934 89.718353 84.848259 76.849640 65.491241 54.261383 49.965805 44.227005 32.313869 14.600724 8.120614 1.468755 0.160791 0.013970 0.001058 0.000072 0.000005 0.000000 0.000000 0.000000 
0.000000 0.000001 0.000002 0.000033 0.000442 0.006646 0.055072 0.090349 0.097881 0.121768 1.795348 58.812332 49.820629 48.675667 54.135605 59.703178 65.580154 69.355507 75.993362 81.499756 116.666664 95.498726 91.269089 81.574501 73.311096 61.928482 55.228333 45.179180 34.944584 22.867800 12.459081 1.568141 0.188960 0.018342 0.001571 0.000122 0.000009 0.000001 0.000000 0.000000 
0.000001 0.000001 0.000003 0.000038 0.000476 0.006858 0.069182 0.094912 0.165220 3.722215 9.529608 10.486892 35.127548 50.119949 57.777130 63.098499 68.144485 72.240761 79.041756 83.313263 112.595085 102.236900 98.852638 90.718269 82.492729 75.646416 72.576591 63.964123 59.277603 52.069836 45.665195 2.762335 0.078229 0.021453 0.002674 0.000252 0.000020 0.000004 0.000000 0.000000 
0.000000 0.000000 0.000003 0.000031 0.000258 0.029351 0.479250 0.503038 6.260614 9.557220 9.672763 9.793427 12.475261 17.523508 21.774393 26.097410 29.270006 37.323147 47.803680 50.553459 112.739571 106.126297 103.503151 94.638771 86.612556 80.491341 76.849831 71.857292 68.007645 63.122375 51.300301 4.381416 0.429134 0.071596 0.007471 0.000630 0.000049 0.000045 0.000016 0.000001 
0.000000 0.000000 0.000003 0.000030 0.000278 0.006794 0.041443 0.066437 0.276906 3.872734 11.268854 22.177723 32.320900 41.055317 49.000072 55.707481 60.892372 67.505402 77.089355 86.547409 101.189674 130.008728 112.114647 103.004913 88.153122 78.528084 71.021370 58.449699 42.212296 21.064201 12.623530 1.626737 0.069129 0.025834 0.003562 0.000350 0.000029 0.000005 0.000000 0.000000 
0.000000 0.000000 0.000000 0.000002 0.000545 0.006799 0.007028 0.025991 0.224174 1.889713 8.804396 21.256876 31.815842 40.589920 48.426746 54.748112 59.538006 65.922920 75.320206 85.780693 102.900551 103.980484 121.530113 117.088692 99.845238 45.032425 26.653179 14.677225 4.341081 2.807592 1.972824 0.702372 0.192535 0.029085 0.003140 0.000275 0.000034 0.000005 0.000000 0.000000 
0.000000 0.000000 0.000000 0.000004 0.000064 0.004656 0.006965 0.007995 0.077216 0.696171 4.469153 14.866415 25.082756 33.694721 41.447723 46.940300 51.098518 59.206524 69.686043 79.563034 103.309944 93.489357 114.081978 117.501450 116.535286 99.778038 55.963039 27.589886 4.187234 1.122984 0.698289 0.653615 0.192987 0.026452 0.002685 0.000246 0.000233 0.000015 0.000000 0.000000 
0.000000 0.000000 0.000000 0.000004 0.000064 0.002051 0.001342 0.001843 0.018500 0.181399 1.436092 7.343715 17.644104 26.646637 35.585991 40.063877 44.638710 54.068607 67.329971 74.800026 97.175674 79.268829 100.784706 107.159386 105.489052 101.019188 78.563889 57.240543 5.040578 2.410988 1.168205 1.149456 0.204551 0.002519 0.000975 0.000240 0.000053 0.000008 0.000000 0.000000 
0.000000 0.000000 0.000000 0.000000 0.000002 0.000098 0.001216 0.001421 0.003720 0.035814 0.319046 2.191165 9.049160 18.751532 28.750607 32.012062 37.097614 49.474621 64.272606 67.145775 89.189629 61.048000 83.881607 91.020340 86.698013 84.050674 43.387287 11.675213 7.171912 6.362098 1.418956 0.878414 0.102796 0.008236 0.007800 0.000789 0.000008 0.000004 0.000000 0.000000 
0.000000 0.000000 0.000000 0.000000 0.000000 0.000005 0.000072 0.001035 0.004320 0.005959 0.054955 0.441003 2.668784 9.846832 21.056190 23.189716 29.872364 46.739140 60.756088 58.802223 77.988747 42.789356 55.479984 69.628883 65.709785 66.207108 63.065701 11.234149 6.971104 5.752648 1.163386 0.673485 0.100186 0.005377 0.000818 0.000010 0.000001 0.000000 0.000000 0.000000 
0.000000 0.000000 0.000000 0.000000 0.000000 0.000004 0.000026 0.000100 0.000593 0.000856 0.008414 0.076599 0.592033 3.500547 12.613172 13.404276 23.117523 47.947319 47.636673 48.876812 66.136711 36.403748 35.449459 41.101891 49.775311 48.703342 51.025501 1.875123 1.244014 1.204769 0.281113 0.270053 0.019511 0.000212 0.000061 0.000004 0.000000 0.000000 0.000000 0.000000 
0.000000 0.000000 0.000000 0.000000 0.000000 0.000001 0.000024 0.000043 0.000097 0.000132 0.001413 0.014619 0.132301 0.943110 4.609479 4.890110 9.393521 31.864494 37.535076 36.983734 18.505630 32.265347 31.127487 22.004110 30.165716 29.944750 4.823447 0.278788 0.279655 0.176461 0.042007 0.025867 0.000448 0.000045 0.000006 0.000001 0.000000 0.000000 0.000000 0.000000 
0.000000 0.000000 0.000000 0.000000 0.000000 0.000000 0.000015 0.000012 0.000057 0.000125 0.001050 0.011189 0.124037 0.182685 0.870041 1.238337 1.575435 20.055107 25.802225 25.921164 7.059267 28.402401 27.810869 7.745426 8.710395 8.413537 0.625487 0.193035 0.069212 0.024352 0.005291 0.002257 0.000179 0.000013 0.000002 0.000001 0.000000 0.000000 0.000000 0.000000 
0.000000 0.000000 0.000000 0.000000 0.000000 0.000000 0.000001 0.000002 0.000003 0.000111 0.002666 0.002934 0.068157 0.139136 0.145488 0.446868 0.900616 8.880598 15.784537 16.426996 4.650424 22.360771 19.799109 2.964073 2.766507 2.271481 0.412574 0.074952 0.053756 0.020028 0.002415 0.000614 0.000169 0.000011 0.000010 0.000001 0.000000 0.000000 0.000000 0.000000 
0.000000 0.000000 0.000000 0.000000 0.000000 0.000000 0.000000 0.000000 0.000000 0.000002 0.000115 0.000190 0.001349 0.134459 0.029341 0.084362 0.361993 1.954081 4.561540 4.456127 1.944516 13.414430 14.139991 2.706045 0.623730 0.299029 0.071059 0.072875 0.058348 0.003018 0.000330 0.000310 0.000024 0.000001 0.000001 0.000000 0.000000 0.000000 0.000000 0.000000 
0.000000 0.000000 0.000000 0.000000 0.000000 0.000000 0.000000 0.000000 0.000000 0.000000 0.000007 0.000015 0.000059 0.011112 0.013748 0.014235 0.090542 0.678000 4.447452 1.351225 0.298328 4.035642 14.085903 2.312540 0.283255 0.048113 0.046265 0.008850 0.000296 0.000075 0.000022 0.000017 0.000000 0.000000 0.000000 0.000000 0.000000 0.000000 0.000000 0.000000 
0.000000 0.000000 0.000000 0.000000 0.000000 0.000000 0.000000 0.000000 0.000000 0.000000 0.000000 0.000001 0.000007 0.000050 0.000987 0.001545 0.008539 0.023583 1.968592 0.224796 0.208333 0.228779 2.060323 1.215979 0.134822 0.013177 0.003799 0.000063 0.000026 0.000007 0.000002 0.000001 0.000000 0.000000 0.000000 0.000000 0.000000 0.000000 0.000000 0.000000 
0.000000 0.000000 0.000000 0.000000 0.000000 0.000000 0.000000 0.000000 0.000000 0.000000 0.000000 0.000000 0.000001 0.000007 0.000066 0.000149 0.000944 0.005580 0.067150 0.046719 0.045025 0.041644 0.026316 0.116341 0.001855 0.000994 0.000284 0.000019 0.000003 0.000005 0.000000 0.000000 0.000000 0.000000 0.000000 0.000000 0.000000 0.000000 0.000000 0.000000 
0.000000 0.000000 0.000000 0.000000 0.000000 0.000000 0.000000 0.000000 0.000000 0.000000 0.000000 0.000000 0.000000 0.000001 0.000005 0.000024 0.000285 0.003563 0.058656 0.037673 0.041973 0.008502 0.003321 0.000596 0.000949 0.000763 0.000211 0.000018 0.000009 0.000003 0.000000 0.000000 0.000000 0.000000 0.000000 0.000000 0.000000 0.000000 0.000000 0.000000 
0.000000 0.000000 0.000000 0.000000 0.000000 0.000000 0.000000 0.000000 0.000000 0.000000 0.000000 0.000000 0.000000 0.000000 0.000000 0.000002 0.000021 0.000079 0.001786 0.003102 0.001903 0.000369 0.000290 0.000170 0.000158 0.000121 0.000053 0.000002 0.000000 0.000000 0.000000 0.000000 0.000000 0.000000 0.000000 0.000000 0.000000 0.000000 0.000000 0.000000 
0.000000 0.000000 0.000000 0.000000 0.000000 0.000000 0.000000 0.000000 0.000000 0.000000 0.000000 0.000000 0.000000 0.000000 0.000000 0.000000 0.000001 0.000007 0.000024 0.000108 0.000026 0.000029 0.000021 0.000013 0.000008 0.000002 0.000001 0.000000 0.000000 0.000000 0.000000 0.000000 0.000000 0.000000 0.000000 0.000000 0.000000 0.000000 0.000000 0.000000 
0.000000 0.000000 0.000000 0.000000 0.000000 0.000000 0.000000 0.000000 0.000000 0.000000 0.000000 0.000000 0.000000 0.000000 0.000000 0.000000 0.000001 0.000001 0.000002 0.000008 0.000003 0.000002 0.000001 0.000001 0.000005 0.000000 0.000000 0.000000 0.000000 0.000000 0.000000 0.000000 0.000000 0.000000 0.000000 0.000000 0.000000 0.000000 0.000000 0.000000 
0.000000 0.000000 0.000000 0.000000 0.000000 0.000000 0.000000 0.000000 0.000000 0.000000 0.000000 0.000000 0.000000 0.000000 0.000000 0.000000 0.000000 0.000000 0.000000 0.000000 0.000000 0.000000 0.000000 0.000000 0.000003 0.000000 0.000000 0.000000 0.000000 0.000000 0.000000 0.000000 0.000000 0.000000 0.000000 0.000000 0.000000 0.000000 0.000000 0.000000 
