0.000000 0.000000 0.000000 0.000000 0.000000 0.000000 0.000000 0.000000 0.000000 0.000000 0.000000 0.000000 0.000000 0.000000 0.000001 0.000008 0.000189 0.000063 0.000061 0.000120 0.000149 0.000004 0.000001 0.000000 0.000000 0.000000 0.000000 0.000000 0.000000 0.000000 0.000000 0.000000 0.000000 0.000000 0.000000 0.000000 0.000000 0.000000 0.000000 0.000000 
0.000000 0.000000 0.000000 0.000000 0.000000 0.000000 0.000000 0.000000 0.000000 0.000000 0.000000 0.000000 0.000000 0.000001 0.000005 0.000027 0.003060 0.000685 0.000678 0.003246 0.000207 0.000032 0.000009 0.000003 0.000002 0.000001 0.000000 0.000000 0.000000 0.000000 0.000000 0.000000 0.000000 0.000000 0.000000 0.000000 0.000000 0.000000 0.000000 0.000000 
0.000000 0.000000 0.000000 0.000000 0.000000 0.000000 0.000000 0.000000 0.000000 0.000000 0.000000 0.000000 0.000001 0.000009 0.000061 0.000616 0.007590 0.005476 0.011262 0.053519 0.024530 0.000357 0.000113 0.000033 0.000029 0.000022 0.000007 0.000006 0.000001 0.000001 0.000000 0.000000 0.000000 0.000000 0.000000 0.000000 0.000000 0.000000 0.000000 0.000000 
0.000000 0.000000 0.000000 0.000000 0.000000 0.000000 0.000000 0.000000 0.000000 0.000000 0.000000 0.000002 0.000015 0.000105 0.000449 0.002226 0.008184 0.024368 0.694396 0.092562 0.076254 0.007281 0.001347 0.000382 0.000412 0.000320 0.000095 0.000085 0.000059 0.000018 0.000005 0.000004 0.000000 0.000000 0.000000 0.000000 0.000000 0.000000 0.000000 0.000000 
0.000000 0.000000 0.000000 0.000000 0.000000 0.000000 0.000000 0.000000 0.000000 0.000000 0.000003 0.000025 0.000131 0.001141 0.004819 0.024935 0.076609 0.517867 14.463746 0.524761 0.082083 0.019918 0.011221 0.003643 0.005156 0.004156 0.001118 0.000527 0.000587 0.000387 0.000015 0.000001 0.000000 0.000000 0.000000 0.000000 0.000000 0.000000 0.000000 0.000000 
0.000000 0.000000 0.000000 0.000000 0.000000 0.000000 0.000000 0.000001 0.000003 0.000004 0.000039 0.000267 0.003126 0.032324 0.039529 0.245894 0.321758 0.780697 16.762180 0.773230 0.269875 0.144439 0.110872 0.026538 0.054419 0.045438 0.011010 0.001600 0.000697 0.000622 0.000220 0.000002 0.000000 0.000000 0.000000 0.000000 0.000000 0.000000 0.000000 0.000000 
0.000000 0.000000 0.000000 0.000000 0.000000 0.000000 0.000000 0.000000 0.000002 0.000026 0.000396 0.005653 0.069313 0.157137 0.790990 2.190279 2.210002 3.867416 18.375748 4.902384 1.536263 1.074970 0.936219 0.048683 0.422552 0.367245 0.080665 0.009604 0.001460 0.000885 0.000425 0.000021 0.000001 0.000000 0.000000 0.000000 0.000000 0.000000 0.000000 0.000000 
0.000000 0.000000 0.000000 0.000000 0.000000 0.000001 0.000000 0.000000 0.000004 0.000060 0.000646 0.008400 0.092541 0.734011 7.800130 9.659820 9.428406 4.865707 18.796223 13.411873 5.510180 5.794637 5.763210 4.217383 1.214873 1.118072 0.242486 0.020659 0.008234 0.006687 0.000479 0.000027 0.000002 0.000000 0.000000 0.000000 0.000000 0.000000 0.000000 0.000000 
0.000000 0.000000 0.000000 0.000000 0.000000 0.000005 0.000001 0.000001 0.000006 0.000363 0.001111 0.010862 0.105263 0.761604 7.761915 10.561970 10.459577 5.629166 25.773735 20.076313 5.942432 15.284978 18.095541 64.210518 42.933514 52.303223 2.889814 0.284951 0.085363 0.080798 0.006842 0.000058 0.000008 0.000001 0.000000 0.000000 0.000000 0.000000 0.000000 0.000000 
0.000000 0.000000 0.000000 0.000000 0.000000 0.000005 0.000010 0.000012 0.000512 0.004713 0.004917 0.021064 0.117107 0.163032 1.809499 63.234547 26.431562 14.881774 30.741856 29.296577 7.042830 31.144848 32.422089 71.415436 36.164581 10.864502 9.146227 2.421693 0.602871 0.074245 0.009432 0.000790 0.000063 0.000005 0.000001 0.000000 0.000000 0.000000 0.000000 0.000000 
0.000000 0.000000 0.000000 0.000000 0.000002 0.000093 0.000170 0.000281 0.002682 0.005317 0.044593 0.110836 0.635233 4.037971 20.495409 21.931734 27.120878 23.776892 35.311260 34.746136 12.309421 41.166943 41.982082 58.680847 32.608452 9.951862 9.173809 2.481962 0.911485 0.083077 0.009602 0.001428 0.000174 0.000019 0.000017 0.000001 0.000000 0.000000 0.000000 0.000000 
0.000000 0.000000 0.000000 0.000000 0.000002 0.000023 0.000164 0.001690 0.002790 0.046791 0.480894 0.652182 1.615879 6.846194 21.037296 21.406698 22.779051 33.116787 39.308338 39.041737 22.086449 49.854778 50.396278 58.693485 28.142887 10.693330 7.618424 2.467015 2.415791 1.059337 0.021710 0.009348 0.001227 0.000134 0.000095 0.000008 0.000000 0.000000 0.000000 0.000000 
0.000000 0.000000 0.000000 0.000000 0.000002 0.000028 0.000879 0.025227 0.037406 0.509764 1.347322 4.786872 6.181453 15.235523 28.408154 25.540138 30.405069 33.562088 43.867596 43.467251 38.336292 56.631508 56.991898 62.933159 70.535133 32.647900 43.517849 5.793215 5.972818 6.785793 0.795808 0.090330 0.008041 0.000794 0.000698 0.000047 0.000001 0.000000 0.000000 0.000000 
0.000000 0.000000 0.000000 0.000002 0.000011 0.000138 0.004343 0.050427 0.078186 0.664618 8.150425 16.890257 16.802013 25.031891 31.036314 39.155571 35.514679 36.698586 43.966671 45.916729 46.453625 64.014427 64.651024 76.054428 90.072754 73.256439 63.656372 50.446644 58.613380 3.589366 0.142123 0.061373 0.009343 0.002613 0.000692 0.000046 0.000004 0.000000 0.000000 0.000000 
0.000000 0.000000 0.000001 0.000026 0.000029 0.000369 0.004524 0.018139 0.155348 2.635337 12.206991 16.712025 24.055380 31.939142 38.582241 42.369480 42.335529 43.794849 50.585842 50.953884 59.021145 75.464806 76.507042 96.967850 81.580330 68.851547 54.789192 41.425404 30.481272 20.865997 5.256352 0.097930 0.021565 0.021127 0.005104 0.000045 0.000017 0.000002 0.000000 0.000000 
0.000000 0.000000 0.000007 0.000036 0.000054 0.000559 0.005819 0.032321 0.726712 10.995706 13.058096 21.723482 30.109015 37.135765 44.585087 48.850491 56.654716 65.765999 74.464935 73.262077 75.503616 91.762115 93.205666 92.486084 81.552574 66.958641 54.213924 41.051788 30.576405 22.665083 22.213976 5.580251 0.084280 0.053977 0.047047 0.003553 0.000241 0.000015 0.000001 0.000000 
0.000000 0.000001 0.000083 0.000148 0.000162 0.001142 0.029472 0.147449 6.587883 25.583818 26.764006 32.803314 40.550892 46.704124 53.586632 57.771240 64.133476 71.097977 79.817307 84.613708 96.135880 109.084763 107.987686 96.815201 86.700645 74.862587 65.226868 60.081581 28.637575 25.850357 25.773439 15.990593 3.757232 0.488456 0.048662 0.003989 0.000288 0.000019 0.000002 0.000000 
0.000002 0.000015 0.000140 0.000206 0.000706 0.025678 0.554886 5.903058 7.445412 8.923979 25.539764 33.285454 42.114777 49.553616 57.242237 63.448967 69.628189 76.518417 84.577835 90.236351 118.084625 117.841255 113.202835 102.636574 87.077614 73.339035 63.767578 48.690655 41.865749 34.817104 31.995899 15.601088 4.285013 0.594437 0.059470 0.005018 0.000378 0.000028 0.000016 0.000010 
0.000033 0.000088 0.000155 0.001724 0.018543 0.235708 1.650850 2.409281 2.329629 2.432578 7.548371 57.601692 56.732578 59.949245 65.715042 71.662094 78.177437 83.965065 92.089317 97.226700 116.666664 120.680779 112.506447 95.556038 79.767815 69.490982 58.182613 48.680389 43.171024 37.374714 30.963140 15.061052 4.269364 0.662397 0.074939 0.007146 0.000607 0.000058 0.000007 0.000003 
0.000037 0.000098 0.000172 0.001901 0.019462 0.240190 1.921531 2.452215 2.448989 4.286242 56.839676 79.450462 78.223190 73.787277 73.394890 76.528885 81.633904 87.407722 96.178307 100.484200 133.894104 119.067352 109.361160 92.250038 78.423820 67.550056 57.569969 50.910778 46.347336 40.449261 29.371410 3.674828 0.600825 0.471572 0.091388 0.011526 0.001169 0.000263 0.000014 0.000005 
0.000002 0.000018 0.000124 0.001045 0.006284 0.666802 8.823485 8.915290 20.585850 82.755745 74.560707 80.821251 80.870827 81.369881 83.713676 88.453468 95.106895 100.801544 108.528069 112.830078 113.639587 100.592659 83.144363 54.586285 34.348804 21.225338 16.658222 13.311100 9.660447 7.784268 6.215381 2.959836 1.939801 1.203438 0.214891 0.025437 0.002575 0.002409 0.000997 0.000069 
0.000001 0.000011 0.000110 0.000980 0.007120 0.255493 1.024416 1.750733 5.320889 17.906424 30.028990 45.197094 50.510944 56.355007 62.718079 70.115105 77.292725 84.162224 91.157738 97.202301 100.759155 57.397274 26.555075 21.554668 16.414812 13.757363 13.062522 12.364574 11.570646 10.684399 9.487851 5.532409 0.684988 0.533709 0.110311 0.014638 0.001586 0.000314 0.000029 0.000005 
0.000000 0.000002 0.000019 0.000103 0.024342 0.259510 0.266671 0.925449 5.217759 17.055944 27.795671 36.836464 45.355961 52.816452 60.310738 68.313339 75.494026 81.612274 87.778831 94.115234 98.136215 70.256844 37.272827 27.320084 19.477688 14.102983 13.395663 12.849292 12.152149 11.682157 10.970599 10.433125 3.413831 0.735149 0.108872 0.012590 0.002012 0.000310 0.000022 0.000002 
0.000000 0.000002 0.000021 0.000268 0.003160 0.195048 0.338272 0.374068 2.543606 11.069391 22.257307 31.580484 39.671490 46.267792 54.001995 62.436687 68.875175 74.524086 79.613144 84.945808 86.029648 72.585884 52.499886 41.597111 32.208202 18.889603 14.008307 13.457116 12.719038 13.149647 10.903602 10.665007 3.437609 0.672455 0.094661 0.011659 0.011215 0.000912 0.000006 0.000001 
0.000000 0.000001 0.000019 0.000266 0.003290 0.098970 0.085550 0.110075 0.832669 5.033201 15.228825 25.082205 33.781677 40.350491 49.474808 57.870224 63.906284 67.912842 73.503716 78.473450 75.842087 71.485817 54.309536 47.820576 48.221920 50.386322 52.092510 51.014572 28.826052 23.068674 18.974657 18.869236 3.929919 0.080886 0.049437 0.011571 0.003185 0.000543 0.000019 0.000001 
0.000000 0.000000 0.000003 0.000026 0.000115 0.005761 0.080563 0.091044 0.221123 1.514854 7.377821 17.553129 26.935135 33.669010 44.626919 52.212578 57.276363 59.525436 66.001930 71.262100 68.320732 70.397110 52.780403 42.869465 42.178986 43.308498 44.030235 42.240635 38.076691 40.587765 22.493336 18.723343 3.156654 0.372187 0.359594 0.043804 0.000475 0.000310 0.000015 0.000001 
0.000000 0.000000 0.000000 0.000004 0.000031 0.000391 0.005199 0.072733 0.271090 0.343205 2.183339 8.967930 19.118107 26.565493 39.572502 45.193199 49.231995 49.041019 58.074184 65.184052 62.394867 70.302780 50.985588 38.865166 37.626152 36.783333 35.275059 39.715698 34.178619 30.447855 18.052773 14.942758 3.134017 0.220948 0.045851 0.000638 0.000075 0.000024 0.000010 0.000006 
0.000000 0.000000 0.000000 0.000002 0.000022 0.000333 0.002064 0.008932 0.046276 0.061667 0.463485 2.839654 10.570942 19.425159 33.251740 35.907867 37.787796 34.279343 49.913315 58.701927 53.876240 64.633934 51.169556 35.283955 34.196915 32.322330 14.556618 9.916964 13.209995 13.202316 6.896877 6.810999 0.646661 0.009250 0.004071 0.000313 0.000024 0.000003 0.000001 0.000000 
0.000000 0.000000 0.000001 0.000002 0.000003 0.000087 0.002547 0.004359 0.008882 0.011310 0.095941 0.742676 4.315918 12.882650 23.976488 24.938133 19.154053 23.594473 44.967651 55.007145 46.730537 64.521599 47.112896 32.427464 31.548847 28.624390 6.656981 3.769719 4.791021 4.039347 1.463147 0.958452 0.020236 0.002479 0.000455 0.000050 0.000004 0.000001 0.000001 0.000000 
0.000000 0.000000 0.000000 0.000000 0.000001 0.000023 0.001694 0.001220 0.005598 0.010833 0.074898 0.595239 4.235289 5.417688 12.091247 13.431745 10.530966 19.391466 43.221230 53.192142 40.652168 64.466454 51.145374 28.396658 27.092098 22.647240 7.314167 2.841885 1.639242 0.815936 0.238563 0.111658 0.010912 0.000980 0.000140 0.000048 0.000003 0.000003 0.000001 0.000000 
0.000000 0.000000 0.000000 0.000000 0.000000 0.000001 0.000068 0.000200 0.000257 0.007112 0.147713 0.158234 2.550282 3.904244 3.944654 7.408470 8.669950 17.953119 44.461594 51.769932 34.364975 46.341614 40.109386 22.926104 28.442135 20.016186 7.371463 2.070821 1.447474 0.718545 0.123916 0.039680 0.010497 0.000822 0.000785 0.000050 0.000000 0.000000 0.000000 0.000000 
0.000000 0.000000 0.000000 0.000000 0.000000 0.000000 0.000001 0.000013 0.000023 0.000125 0.007246 0.010233 0.043680 3.846427 1.167341 2.390299 7.187988 16.992460 49.554848 38.364094 19.618067 25.389999 47.677944 16.568562 12.129868 6.660204 2.375240 2.065947 1.812359 0.117390 0.018636 0.017833 0.001617 0.000058 0.000051 0.000000 0.000000 0.000000 0.000000 0.000000 
0.000000 0.000000 0.000000 0.000000 0.000000 0.000000 0.000000 0.000001 0.000004 0.000042 0.000557 0.000997 0.002630 0.461932 0.592784 0.604895 2.819447 8.864195 51.493763 10.871836 3.875607 5.449564 53.123699 9.985066 6.516320 1.878279 1.842498 0.386759 0.009713 0.002986 0.001372 0.001114 0.000018 0.000005 0.000003 0.000000 0.000000 0.000000 0.000000 0.000000 
0.000000 0.000000 0.000000 0.000000 0.000000 0.000000 0.000000 0.000000 0.000000 0.000005 0.000040 0.000098 0.000400 0.002169 0.055621 0.085665 0.369375 0.544980 22.470776 3.496500 3.353683 3.342868 3.978244 6.916039 3.371795 0.583959 0.209793 0.003543 0.001247 0.000382 0.000126 0.000081 0.000006 0.000001 0.000000 0.000000 0.000000 0.000000 0.000000 0.000000 
0.000000 0.000000 0.000000 0.000000 0.000000 0.000000 0.000000 0.000000 0.000000 0.000000 0.000003 0.000010 0.000060 0.000479 0.004668 0.010273 0.051391 0.214198 1.923044 1.140239 1.055164 0.932807 0.541431 2.628293 0.077445 0.059092 0.020392 0.001646 0.000264 0.000281 0.000028 0.000006 0.000001 0.000000 0.000000 0.000000 0.000000 0.000000 0.000000 0.000000 
0.000000 0.000000 0.000000 0.000000 0.000000 0.000000 0.000000 0.000000 0.000000 0.000000 0.000000 0.000001 0.000007 0.000055 0.000413 0.001846 0.016373 0.146972 1.821120 1.000097 1.004822 0.261649 0.105497 0.017412 0.046737 0.048462 0.016217 0.001548 0.000877 0.000186 0.000006 0.000001 0.000000 0.000000 0.000000 0.000000 0.000000 0.000000 0.000000 0.000000 
0.000000 0.000000 0.000000 0.000000 0.000000 0.000000 0.000000 0.000000 0.000000 0.000000 0.000000 0.000000 0.000001 0.000005 0.000036 0.000209 0.001464 0.003802 0.063404 0.106399 0.053733 0.014884 0.012561 0.008201 0.008237 0.007195 0.003839 0.000134 0.000021 0.000004 0.000000 0.000000 0.000000 0.000000 0.000000 0.000000 0.000000 0.000000 0.000000 0.000000 
0.000000 0.000000 0.000000 0.000000 0.000000 0.000000 0.000000 0.000000 0.000000 0.000000 0.000000 0.000000 0.000000 0.000000 0.000003 0.000020 0.000126 0.000386 0.000934 0.004129 0.000796 0.001450 0.001200 0.000793 0.000557 0.000154 0.000079 0.000003 0.000001 0.000000 0.000000 0.000000 0.000000 0.000000 0.000000 0.000000 0.000000 0.000000 0.000000 0.000000 
0.000000 0.000000 0.000000 0.000000 0.000000 0.000000 0.000000 0.000000 0.000000 0.000000 0.000000 0.000000 0.000000 0.000000 0.000000 0.000005 0.000078 0.000040 0.000114 0.000384 0.000119 0.000125 0.000099 0.000084 0.000377 0.000033 0.000007 0.000001 0.000000 0.000000 0.000000 0.000000 0.000000 0.000000 0.000000 0.000000 0.000000 0.000000 0.000000 0.000000 
0.000000 0.000000 0.000000 0.000000 0.000000 0.000000 0.000000 0.000000 0.000000 0.000000 0.000000 0.000000 0.000000 0.000000 0.000000 0.000001 0.000047 0.000010 0.000012 0.000033 0.000013 0.000010 0.000008 0.000013 0.000251 0.000007 0.000001 0.000000 0.000000 0.000000 0.000000 0.000000 0.000000 0.000000 0.000000 0.000000 0.000000 0.000000 0.000000 0.000000 
