0.000000 0.000000 0.000000 0.000000 0.000000 0.000000 0.000000 0.000000 0.000000 0.000002 0.000017 0.000111 0.000722 0.004745 0.030502 0.194780 2.944843 0.684197 0.557235 0.637275 0.554621 0.040914 0.022079 0.007938 0.005035 0.003628 0.001716 0.001153 0.000214 0.000104 0.000029 0.000023 0.000018 0.000007 0.000000 0.000000 0.000000 0.000000 0.000000 0.000000 
0.000000 0.000000 0.000000 0.000000 0.000000 0.000000 0.000000 0.000004 0.000006 0.000024 0.000156 0.000911 0.005275 0.030452 0.143993 0.287006 18.728447 2.599215 2.451436 3.853554 0.462671 0.288611 0.181480 0.069259 0.049573 0.037512 0.017756 0.013385 0.001623 0.001119 0.000265 0.000269 0.000053 0.000009 0.000001 0.000000 0.000000 0.000000 0.000000 0.000000 
0.000000 0.000000 0.000000 0.000000 0.000000 0.000000 0.000014 0.000067 0.000069 0.000239 0.001424 0.007320 0.038059 0.224022 1.205424 5.233549 25.879665 20.174850 6.432330 25.868082 7.267554 1.518285 1.426407 0.571538 0.453880 0.358496 0.170801 0.149807 0.016793 0.011758 0.002014 0.003099 0.000120 0.000011 0.000001 0.000000 0.000000 0.000000 0.000000 0.000000 
0.000000 0.000000 0.000000 0.000000 0.000002 0.000099 0.000171 0.000095 0.000819 0.002148 0.011861 0.049192 0.189606 1.021529 4.411452 11.098209 26.219206 26.318317 13.800274 52.638622 41.288853 10.966886 7.902860 3.586030 3.174827 2.633824 1.310088 1.269092 1.074633 0.332770 0.111398 0.105196 0.007475 0.000077 0.000020 0.000000 0.000000 0.000000 0.000000 0.000000 
0.000000 0.000000 0.000000 0.000001 0.000011 0.000454 0.000183 0.000374 0.009857 0.017335 0.091204 0.272994 0.390528 1.926814 12.264498 21.494989 32.809212 33.571808 17.974047 64.002441 46.405113 21.737066 17.422266 12.670472 12.918597 11.378922 6.619938 5.291247 5.979118 4.977508 0.240289 0.024235 0.005939 0.000714 0.000635 0.000007 0.000001 0.000001 0.000000 0.000000 
0.000000 0.000000 0.000004 0.000005 0.000067 0.000878 0.001096 0.045706 0.112378 0.117922 0.635522 1.150011 2.140743 10.290149 13.906165 22.519283 37.111717 39.293472 20.800709 66.741341 57.491436 38.322628 36.876274 34.135456 22.417902 19.357500 16.746504 8.759192 6.359892 6.136784 2.516003 0.031736 0.006076 0.000799 0.000747 0.000417 0.000021 0.000020 0.000001 0.000000 
0.000001 0.000008 0.000073 0.000077 0.000980 0.001445 0.007755 0.014224 0.067263 0.548703 3.532430 9.041439 31.696096 36.823067 23.430500 37.112949 45.523365 46.913837 23.795160 70.868507 65.505692 47.563030 42.886360 36.221779 38.340317 33.080738 24.360594 16.012022 8.092605 6.674564 3.220158 0.251517 0.029426 0.002936 0.000324 0.000079 0.000007 0.000001 0.000000 0.000000 
0.000004 0.000041 0.000029 0.000242 0.001242 0.052136 0.014236 0.014532 0.123155 1.175372 5.214767 13.275396 35.690662 50.859322 65.731651 57.208591 58.699841 58.140179 27.248007 76.032265 71.876968 56.203796 53.827702 39.065186 39.622215 36.525009 25.817865 17.732712 13.164257 11.234897 3.253298 0.281126 0.043058 0.005531 0.000767 0.000082 0.000007 0.000001 0.000000 0.000000 
0.000019 0.000043 0.000073 0.001039 0.014152 0.209333 0.045971 0.045359 0.147212 4.243277 8.653456 16.838760 37.519184 56.782440 67.672958 64.614494 66.593918 66.360191 31.154762 80.004715 76.927223 64.554169 62.514717 42.386612 43.110706 35.743134 26.338907 23.341209 26.596199 28.015348 8.903285 0.220241 0.124193 0.021659 0.004929 0.000409 0.000033 0.000003 0.000002 0.000001 
0.000019 0.000056 0.000106 0.001344 0.016203 0.217750 0.344631 0.360294 4.901527 20.399267 20.447281 25.982115 46.067795 54.626240 60.725986 68.271919 80.947929 78.873413 44.126122 85.001228 81.400810 71.884331 71.026222 45.634129 50.475304 50.842876 38.968563 40.550877 36.331284 30.069931 17.482801 4.853395 0.885802 0.124888 0.044272 0.000976 0.000095 0.000011 0.000001 0.000001 
0.000003 0.000020 0.000213 0.002315 0.068368 2.187076 3.031113 3.530319 9.488831 20.542009 24.183838 29.774031 47.666622 58.630394 68.485176 79.625694 86.611443 88.653824 49.583088 89.690735 87.286324 78.944199 78.456230 51.659004 51.454830 48.877022 43.178459 45.829002 37.518852 29.629797 17.948273 8.041600 2.189116 0.444129 0.418644 0.020306 0.000329 0.000073 0.000009 0.000001 
0.000003 0.000034 0.000429 0.004876 0.046280 0.319646 2.754222 7.685869 9.385934 16.771851 30.362583 35.817947 50.888859 62.601170 73.613670 80.133011 87.883713 92.435471 97.646156 95.371658 92.983765 86.156532 85.839828 56.542667 54.811497 53.014584 53.021130 54.493881 57.695179 22.809534 17.444563 15.995407 7.027654 1.871485 1.584648 0.200562 0.007078 0.000677 0.000062 0.000006 
0.000006 0.000065 0.000793 0.008824 0.045591 0.185388 2.794639 17.965502 18.959476 32.374062 37.938755 43.158714 55.615646 66.790184 78.343666 86.153694 94.090134 98.179550 122.366432 102.552834 99.230873 93.382271 93.096703 64.104469 63.178635 63.306030 67.515144 59.396984 55.419350 49.272770 35.995277 27.441261 14.154470 5.906629 5.720339 0.574477 0.008136 0.001660 0.000215 0.000025 
0.000017 0.000131 0.001355 0.052855 0.148574 0.571361 6.012778 44.718884 60.436989 72.061356 77.723328 68.092834 70.853386 77.219688 85.048309 94.177650 99.744202 104.266281 116.008415 112.933060 107.095245 101.262177 101.248177 76.167648 69.501488 67.923225 64.817307 58.792263 56.223721 49.102604 46.246071 42.523155 18.774088 10.269294 5.696763 0.463250 0.083699 0.011853 0.001372 0.000150 
0.000100 0.000325 0.020574 0.407932 0.433820 2.599109 11.084516 15.307368 38.008244 61.640881 71.451958 78.272812 82.432579 87.016548 93.482040 100.178490 104.578590 110.081619 120.517937 123.599472 115.016907 106.611008 96.164177 63.547577 61.881603 59.931641 57.603539 55.386486 53.603699 50.996929 48.033825 43.857464 31.879179 31.030258 10.894938 0.421141 0.363908 0.062680 0.007441 0.000818 
0.000914 0.006097 0.144029 0.476741 0.596765 3.020958 11.716693 13.186229 23.494066 53.919212 67.704239 75.512428 81.592682 87.606995 95.567635 103.665092 110.963524 118.337341 126.867500 135.339996 121.170326 97.808472 74.685867 62.414581 61.032093 59.188049 57.418743 55.780342 54.487591 53.261349 51.502781 45.211620 41.850349 41.552395 24.487083 9.982457 2.703676 0.350936 0.036244 0.003953 
0.004531 0.015584 1.025103 0.909800 0.931197 3.043606 11.899891 13.228998 18.886631 37.868198 54.017765 65.356850 74.375473 82.234634 91.341080 101.982986 111.549400 120.429459 130.167633 140.952271 128.799652 81.788879 67.572357 62.642899 61.207890 59.532669 58.160137 57.145828 58.843784 60.845184 60.435181 57.476727 49.013844 43.334827 24.105900 13.428634 3.402764 0.461612 0.079139 0.014375 
0.032180 0.250058 1.367813 1.553908 1.673195 3.341277 7.091962 10.704672 19.472385 35.834126 52.712605 62.530071 70.902634 78.447006 86.758972 97.567841 108.751732 119.398407 130.930847 141.526657 154.660004 76.556076 67.855148 64.790115 64.690445 65.437515 67.513039 74.361420 77.511108 69.084541 66.119698 58.444073 49.858635 39.187973 27.116550 14.893421 4.044569 0.620235 0.463066 0.331866 
0.477911 1.064752 1.423705 6.270079 13.300450 20.720615 21.063057 23.508612 23.941696 27.671827 39.225670 58.379757 69.663399 77.327492 84.839737 94.317780 106.225273 118.483757 131.730911 142.998932 171.822983 92.984474 89.900368 91.168335 96.904701 91.576248 95.835495 93.306496 84.618828 75.429184 67.432091 58.339989 48.398952 37.615150 27.633772 16.845573 4.973963 0.929666 0.186550 0.097282 
0.480458 1.066994 1.416043 6.557207 13.894051 20.805712 22.164715 24.065208 25.109215 27.718172 34.476990 47.232616 62.010460 72.983643 82.538002 92.177261 103.140587 117.332039 134.250732 145.815491 189.198105 188.657150 167.022339 157.933273 139.750885 127.702942 120.203262 105.413460 92.843048 80.339020 68.428642 55.171673 45.949524 37.628490 27.332083 20.032764 6.784064 2.449826 0.239190 0.113384 
0.036593 0.193346 0.619077 2.360417 2.475470 5.905206 16.014166 19.995464 21.818895 26.122271 146.012573 169.989075 180.244629 179.221466 177.974838 178.551544 179.196365 182.039825 192.007278 201.558884 216.087875 207.433014 201.839554 185.476990 168.576172 149.220749 131.291641 112.620865 93.573174 77.332878 63.101192 52.416866 44.280014 37.753834 32.130947 24.917843 11.390096 11.211456 6.970918 0.875984 
0.013225 0.078393 0.410754 1.571020 2.337992 4.385862 10.252290 23.631960 97.052109 146.856766 156.773132 157.033188 153.314209 152.141556 151.478821 152.083145 154.476974 158.679199 166.369598 175.741745 192.414566 216.553986 203.064072 191.166611 173.263153 154.425842 135.720520 115.644112 98.245407 81.450829 69.022354 56.209148 45.854153 38.330696 28.527231 22.079628 8.111044 2.919842 0.389012 0.094172 
0.004274 0.025584 0.120318 0.129780 0.674191 94.545639 144.272720 136.994400 145.106644 150.292068 147.959702 143.170197 140.912430 139.574020 139.909836 141.971832 145.285568 149.897873 157.344604 166.219681 184.179535 219.558319 193.713211 180.812851 164.051926 145.112976 126.453262 109.854271 95.143272 82.425331 71.053925 60.637463 50.939301 41.671894 30.676905 22.492617 10.268572 2.899345 0.346716 0.043162 
0.003341 0.029715 0.246226 1.426596 1.975506 3.537715 18.463284 50.364010 97.978004 118.074692 118.701675 117.034767 116.933403 118.017738 120.855072 124.796776 129.747864 135.457947 140.955215 148.102097 159.833664 200.182907 164.348907 151.960556 144.776672 134.540222 121.488045 109.435875 95.322304 80.852348 71.060570 63.145737 55.549244 51.198700 42.177910 35.302738 35.121944 4.497462 0.055899 0.013965 
0.002921 0.027569 0.245722 1.511046 2.093652 3.495865 15.431799 36.940334 80.371391 96.104439 96.713737 97.830894 101.057655 104.867722 109.646782 114.739098 120.596886 125.833588 130.328339 135.308273 141.289566 171.348297 134.733704 126.706657 118.737068 107.031563 98.849785 92.021530 78.077721 66.678757 59.605953 53.716022 50.833305 48.832348 43.912712 33.135059 10.938017 2.210787 0.137355 0.021367 
0.002418 0.007960 0.056484 0.293473 0.330975 1.644242 13.708296 25.567238 65.066994 73.765182 77.740021 82.995148 89.270691 95.040581 100.939148 106.649696 112.498009 115.658157 118.208717 119.243629 125.249420 135.751999 121.758400 116.412338 109.727913 100.637604 92.228516 84.695671 77.449753 65.321884 50.513390 40.775433 32.878975 45.172245 53.804825 2.247617 1.491060 1.454669 0.166506 0.025149 
0.006322 0.009446 0.013133 0.080238 0.422394 2.441960 3.890069 13.108992 55.071426 62.799755 68.774261 75.709915 83.195908 89.649323 95.891983 101.087128 105.304886 104.178978 104.041603 106.000229 110.947617 108.055099 108.977661 107.044945 103.947418 97.420311 89.196358 80.655861 72.386078 64.459724 52.995380 37.671494 24.959085 13.402878 12.687721 2.825968 0.697100 0.289599 0.144925 0.113401 
0.000861 0.007248 0.012359 0.055670 0.375043 2.439979 4.430681 20.562819 53.376633 58.494572 65.061859 72.516335 80.309860 86.884544 92.775703 94.885117 94.329079 89.989014 91.613739 95.575401 98.291824 90.635368 99.369232 96.744095 94.918465 88.885132 81.590988 72.373695 67.545517 61.130718 52.180332 45.636730 15.379599 12.600810 12.263802 2.833006 0.426439 0.072885 0.024330 0.008119 
0.000182 0.001781 0.052756 0.073088 0.090028 1.195068 21.226236 28.396215 48.946095 55.516804 63.061687 70.360580 78.329201 85.318817 87.879021 81.292671 77.124237 78.205826 82.078506 85.854248 84.495941 78.607841 94.282425 90.961037 89.474220 81.549690 72.454277 65.044868 60.982193 53.615143 43.281570 29.930805 16.747158 9.285228 4.003193 0.882361 0.127475 0.024801 0.023243 0.005387 
0.000034 0.000326 0.001841 0.007763 0.038391 0.290238 17.732344 6.047041 23.371950 50.634567 61.533123 61.107361 73.194519 83.654671 68.643822 60.389637 65.721153 69.530884 74.104790 76.366272 70.714737 66.863762 89.902847 85.882568 83.974258 75.045044 65.512390 56.057247 50.187351 50.486465 43.589355 31.179068 16.488825 7.000766 2.302103 0.872127 0.095688 0.090143 0.039922 0.003317 
0.000023 0.000303 0.000314 0.000983 0.005634 0.023575 1.233393 1.779048 1.885654 3.288584 23.300375 22.146923 18.554056 83.709846 48.662102 49.198730 58.897900 61.843193 67.389977 63.659992 61.457916 58.933964 86.629845 82.238052 81.636856 69.529663 59.459293 38.250359 27.966553 32.487225 33.285465 32.014820 16.532770 7.053979 7.001069 0.903170 0.010185 0.007650 0.000340 0.000174 
0.000006 0.000036 0.000111 0.000119 0.000754 0.004470 0.022337 0.289023 0.408009 0.622400 4.826965 6.437260 5.726793 39.357834 40.149220 41.688496 52.800068 54.776348 61.985794 50.560986 55.043339 53.732605 84.380356 77.716011 75.366783 63.751041 55.834129 32.427914 7.514020 9.809937 14.883471 15.210235 5.295397 0.945502 0.920026 0.013259 0.001900 0.000670 0.000068 0.000016 
0.000003 0.000001 0.000007 0.000013 0.000095 0.000688 0.004703 0.034370 0.101263 0.585922 3.382953 4.574163 4.582535 4.213103 30.741489 33.646442 46.543636 48.188297 49.434547 40.657646 50.423248 48.652203 53.531708 72.916885 69.735870 55.832485 45.114128 8.093536 2.340561 1.957407 4.707603 4.242573 0.162022 0.116133 0.094040 0.008438 0.000738 0.000092 0.000010 0.000002 
0.000000 0.000000 0.000001 0.000002 0.000026 0.000321 0.000698 0.004151 0.018512 0.119513 0.598028 0.980167 1.680917 3.720750 15.529469 25.286428 39.628998 41.735794 36.639641 28.292101 46.740936 42.000149 36.796501 69.328171 61.353390 46.090042 20.527069 9.679007 3.766170 1.613648 1.244689 0.948151 0.121556 0.020749 0.009551 0.001305 0.000136 0.000014 0.000001 0.000000 
0.000000 0.000000 0.000000 0.000001 0.000012 0.000270 0.001129 0.003554 0.003819 0.017444 0.076141 0.182959 0.713362 3.720104 14.377866 21.485069 32.040764 34.787849 31.528469 13.212641 42.717430 34.663845 33.015366 26.574247 53.481197 52.402687 20.630774 9.701822 3.399558 1.548564 0.351477 0.136609 0.022533 0.004110 0.009242 0.000726 0.000058 0.000004 0.000000 0.000000 
0.000000 0.000000 0.000000 0.000000 0.000001 0.000041 0.001318 0.009469 0.014108 0.016959 0.009970 0.030248 0.164552 0.997882 4.532844 10.268492 20.266647 20.636265 27.443644 8.275561 41.950413 30.639107 29.662418 22.021687 28.788790 63.009991 19.670574 10.349042 8.574352 1.559744 0.065491 0.018490 0.003444 0.003350 0.000885 0.000058 0.000055 0.000003 0.000000 0.000000 
0.000000 0.000000 0.000000 0.000000 0.000000 0.000002 0.000062 0.000154 0.000191 0.001537 0.004640 0.004776 0.026313 0.163145 0.818025 2.733433 7.152949 7.095925 2.566277 2.182317 4.137889 16.946976 17.698982 21.168596 17.033211 8.980052 12.112189 0.931015 0.242767 0.041696 0.005637 0.002162 0.000767 0.003239 0.000014 0.000013 0.000004 0.000000 0.000000 0.000000 
0.000000 0.000000 0.000000 0.000000 0.000000 0.000000 0.000005 0.000011 0.000014 0.000008 0.000608 0.004448 0.003807 0.021080 0.110733 0.452171 1.483632 1.759951 0.487825 1.659491 0.648720 5.572549 5.796992 4.993338 3.911612 0.723636 0.440899 0.036882 0.017770 0.002762 0.000935 0.002035 0.001972 0.000365 0.000002 0.000001 0.000000 0.000000 0.000000 0.000000 
0.000000 0.000000 0.000000 0.000000 0.000000 0.000000 0.000000 0.000001 0.000001 0.000002 0.000018 0.002200 0.002914 0.003129 0.020981 0.154826 1.193830 0.425098 0.426402 1.140589 0.521459 1.050138 1.052633 1.134645 3.454564 0.473120 0.116544 0.015300 0.002943 0.000514 0.000491 0.001022 0.000019 0.000001 0.000000 0.000000 0.000000 0.000000 0.000000 0.000000 
0.000000 0.000000 0.000000 0.000000 0.000000 0.000000 0.000000 0.000000 0.000000 0.000000 0.000000 0.000000 0.000000 0.000000 0.000000 0.000000 0.000000 0.000000 0.000000 0.000000 0.000000 0.000000 0.000000 0.000000 0.000000 0.000000 0.000000 0.000000 0.000000 0.000000 0.000000 0.000000 0.000000 0.000000 0.000000 0.000000 0.000000 0.000000 0.000000 0.000000 
