0.000000 0.000000 0.000000 0.000000 0.000000 0.000000 0.000000 0.000000 0.000000 0.000000 0.000000 0.000000 0.000000 0.000000 0.000000 0.000000 0.000000 0.000000 0.000000 0.000000 0.000000 0.000000 0.000000 0.000000 0.000000 0.000000 0.000000 0.000000 0.000000 0.000000 0.000000 0.000000 0.000000 0.000000 0.000000 0.000000 0.000000 0.000000 0.000000 0.000000 
0.000000 0.000000 0.000000 0.000000 0.000000 0.000000 0.000000 0.000000 0.000000 0.000000 0.000000 0.000000 0.000000 0.000000 0.000000 0.000000 0.000000 0.000000 0.000000 0.000000 0.000000 0.000000 0.000000 0.000000 0.000000 0.000000 0.000000 0.000000 0.000000 0.000000 0.000000 0.000000 0.000000 0.000000 0.000000 0.000000 0.000000 0.000000 0.000000 0.000000 
0.000000 0.000000 0.000000 0.000000 0.000000 0.000000 0.000000 0.000000 0.000000 0.000000 0.000000 0.000000 0.000000 0.000000 0.000000 0.000000 0.000000 0.000000 0.000000 0.000000 0.000000 0.000000 0.000000 0.000000 0.000000 0.000000 0.000000 0.000000 0.000000 0.000000 0.000000 0.000000 0.000000 0.000000 0.000000 0.000000 0.000000 0.000000 0.000000 0.000000 
0.000000 0.000000 0.000000 0.000000 0.000000 0.000000 0.000000 0.000000 0.000000 0.000000 0.000000 0.000000 0.000000 0.000000 0.000000 0.000000 0.000000 0.000000 0.000002 0.000000 0.000000 0.000000 0.000000 0.000000 0.000000 0.000000 0.000000 0.000000 0.000000 0.000000 0.000000 0.000000 0.000000 0.000000 0.000000 0.000000 0.000000 0.000000 0.000000 0.000000 
0.000000 0.000000 0.000000 0.000000 0.000000 0.000000 0.000000 0.000000 0.000000 0.000000 0.000000 0.000000 0.000000 0.000000 0.000000 0.000000 0.000000 0.000001 0.000065 0.000002 0.000000 0.000000 0.000000 0.000000 0.000000 0.000000 0.000000 0.000000 0.000000 0.000000 0.000000 0.000000 0.000000 0.000000 0.000000 0.000000 0.000000 0.000000 0.000000 0.000000 
0.000000 0.000000 0.000000 0.000000 0.000000 0.000000 0.000000 0.000000 0.000000 0.000000 0.000000 0.000000 0.000000 0.000000 0.000000 0.000000 0.000001 0.000004 0.000130 0.000004 0.000002 0.000001 0.000000 0.000000 0.000000 0.000000 0.000000 0.000000 0.000000 0.000000 0.000000 0.000000 0.000000 0.000000 0.000000 0.000000 0.000000 0.000000 0.000000 0.000000 
0.000000 0.000000 0.000000 0.000000 0.000000 0.000000 0.000000 0.000000 0.000000 0.000000 0.000000 0.000000 0.000000 0.000000 0.000003 0.000009 0.000009 0.000044 0.000236 0.000030 0.000032 0.000011 0.000009 0.000002 0.000003 0.000002 0.000000 0.000000 0.000000 0.000000 0.000000 0.000000 0.000000 0.000000 0.000000 0.000000 0.000000 0.000000 0.000000 0.000000 
0.000000 0.000000 0.000000 0.000000 0.000000 0.000000 0.000000 0.000000 0.000000 0.000000 0.000000 0.000000 0.000000 0.000003 0.000087 0.000113 0.000162 0.000612 0.000370 0.000355 0.000413 0.000154 0.000151 0.000380 0.000063 0.000045 0.000003 0.000000 0.000000 0.000000 0.000000 0.000000 0.000000 0.000000 0.000000 0.000000 0.000000 0.000000 0.000000 0.000000 
0.000000 0.000000 0.000000 0.000000 0.000000 0.000000 0.000000 0.000000 0.000000 0.000000 0.000000 0.000000 0.000000 0.000004 0.000100 0.002012 0.002605 0.019237 0.005905 0.005615 0.003808 0.001701 0.001006 0.006893 0.004883 0.002698 0.000113 0.000003 0.000000 0.000000 0.000000 0.000000 0.000000 0.000000 0.000000 0.000000 0.000000 0.000000 0.000000 0.000000 
0.000000 0.000000 0.000000 0.000000 0.000000 0.000000 0.000000 0.000000 0.000000 0.000000 0.000000 0.000000 0.000001 0.000012 0.001643 0.034945 0.039079 0.651395 0.085745 0.088124 0.528941 0.015911 0.008720 0.007662 0.005688 0.004593 0.000442 0.000035 0.000003 0.000000 0.000000 0.000000 0.000000 0.000000 0.000000 0.000000 0.000000 0.000000 0.000000 0.000000 
0.000000 0.000000 0.000000 0.000000 0.000000 0.000000 0.000000 0.000000 0.000000 0.000000 0.000000 0.000000 0.000003 0.000053 0.000824 0.004270 0.042822 1.031206 0.477004 0.998062 4.444484 0.714273 0.101530 0.091372 0.125672 0.005973 0.000518 0.000039 0.000011 0.000000 0.000000 0.000000 0.000000 0.000000 0.000000 0.000000 0.000000 0.000000 0.000000 0.000000 
0.000000 0.000000 0.000000 0.000000 0.000000 0.000000 0.000000 0.000000 0.000000 0.000000 0.000001 0.000001 0.000008 0.000098 0.000866 0.002486 0.222828 1.418639 1.795488 2.325533 4.478891 1.207149 0.346108 0.097883 0.385339 0.203715 0.016123 0.000168 0.000149 0.000011 0.000000 0.000000 0.000000 0.000000 0.000000 0.000000 0.000000 0.000000 0.000000 0.000000 
0.000000 0.000000 0.000000 0.000000 0.000000 0.000000 0.000000 0.000000 0.000000 0.000001 0.000005 0.000025 0.000057 0.000775 0.008951 0.078826 0.383596 6.291351 10.885983 10.879705 4.606779 2.245315 1.837717 0.445727 0.428338 0.128789 0.036468 0.007217 0.000266 0.000084 0.000004 0.000000 0.000000 0.000000 0.000000 0.000000 0.000000 0.000000 0.000000 0.000000 
0.000000 0.000000 0.000000 0.000000 0.000000 0.000000 0.000000 0.000000 0.000000 0.000001 0.000029 0.000170 0.000250 0.002727 0.024004 0.148467 0.621732 38.707069 23.300474 22.577032 4.910386 7.463597 7.472175 1.940098 0.438836 0.355982 0.042512 0.021647 0.018987 0.001097 0.000010 0.000001 0.000000 0.000000 0.000000 0.000000 0.000000 0.000000 0.000000 0.000000 
0.000000 0.000000 0.000000 0.000000 0.000000 0.000000 0.000000 0.000000 0.000000 0.000006 0.000075 0.000164 0.001736 0.018147 0.131741 0.215108 8.547467 38.495678 36.793362 36.013187 11.102267 7.595032 7.504516 3.918463 1.431548 0.369617 0.068933 0.023171 0.003022 0.000567 0.000068 0.000001 0.000000 0.000000 0.000000 0.000000 0.000000 0.000000 0.000000 0.000000 
0.000000 0.000000 0.000000 0.000000 0.000000 0.000000 0.000000 0.000000 0.000004 0.000066 0.000109 0.001274 0.012000 0.136206 1.276444 7.352085 28.583118 47.121861 47.430252 47.266254 80.474113 7.881673 6.231904 3.803018 3.735121 1.404863 0.378663 0.216190 0.005132 0.000600 0.000567 0.000063 0.000000 0.000000 0.000000 0.000000 0.000000 0.000000 0.000000 0.000000 
0.000000 0.000000 0.000000 0.000000 0.000000 0.000000 0.000000 0.000002 0.000085 0.000398 0.000723 0.010272 0.048820 0.408437 2.647956 10.992906 28.623264 43.415890 52.850647 53.250633 76.476395 6.933827 4.148729 3.857824 3.803288 3.778339 1.887622 1.847241 0.281495 0.002529 0.000777 0.000564 0.000030 0.000001 0.000000 0.000000 0.000000 0.000000 0.000000 0.000000 
0.000000 0.000000 0.000000 0.000000 0.000000 0.000000 0.000004 0.000070 0.000132 0.000170 0.001583 0.106062 0.261500 1.814244 7.446795 18.515663 29.353680 41.671452 52.212734 56.730839 77.873108 6.537016 4.428542 4.285112 6.660975 7.091512 7.310791 2.237183 1.155771 0.107701 0.008964 0.000605 0.000036 0.000002 0.000000 0.000000 0.000000 0.000000 0.000000 0.000000 
0.000000 0.000000 0.000000 0.000000 0.000000 0.000002 0.000020 0.000046 0.000069 0.000522 0.091473 1.039275 1.075850 6.624933 15.169439 28.219219 40.870804 46.499989 55.632931 60.756187 73.982780 14.607416 22.279907 27.403164 32.640007 22.576790 16.737158 6.772262 1.183657 0.128814 0.024111 0.000893 0.000061 0.000004 0.000000 0.000000 0.000000 0.000000 0.000000 0.000000 
0.000000 0.000000 0.000000 0.000000 0.000000 0.000002 0.000033 0.000053 0.000210 0.007401 0.033941 0.247583 1.104939 9.049985 18.819942 32.816689 40.203438 47.892776 59.341587 63.214569 74.184975 27.635559 33.590607 36.121067 35.092487 27.058512 18.278934 8.395837 1.704660 0.217458 0.191526 0.007954 0.000120 0.000010 0.000001 0.000000 0.000000 0.000000 0.000000 0.000000 
0.000000 0.000000 0.000000 0.000000 0.000000 0.000021 0.000462 0.000513 0.013040 0.032204 0.032902 0.058562 3.006968 99.468559 98.372116 90.444939 81.157051 82.473083 85.623047 86.311790 87.480354 23.987730 23.133133 19.569025 14.283438 7.676045 6.507357 6.173810 2.748004 0.284617 0.198522 0.015563 0.000558 0.000036 0.000002 0.000000 0.000000 0.000000 0.000000 0.000000 
0.000000 0.000000 0.000000 0.000000 0.000000 0.000002 0.000025 0.000040 0.000200 0.005406 0.022513 0.189616 1.314809 10.249788 20.942087 29.710087 38.826275 54.555264 62.743969 68.387589 67.547691 69.417923 60.922516 49.980797 41.659657 29.324459 18.519468 12.546139 12.121863 3.356640 0.365945 0.012663 0.000207 0.000017 0.000001 0.000000 0.000000 0.000000 0.000000 0.000000 
0.000000 0.000000 0.000000 0.000000 0.000000 0.000002 0.000002 0.000007 0.000083 0.001143 0.011305 0.131936 1.287050 8.242367 18.260143 25.616766 34.772717 48.549576 55.343712 65.655670 66.230675 67.038338 61.191364 46.577168 42.126350 29.877651 19.310579 11.719107 10.255453 2.423906 0.091105 0.002352 0.000183 0.000012 0.000001 0.000000 0.000000 0.000000 0.000000 0.000000 
0.000000 0.000000 0.000000 0.000000 0.000000 0.000001 0.000001 0.000001 0.000016 0.000216 0.002702 0.032588 0.327051 2.384480 9.148554 19.092093 26.037735 42.932812 43.507950 56.990589 59.409416 58.371544 27.342695 28.411926 30.558052 47.458244 8.770649 8.530834 9.692434 0.520701 0.009228 0.001005 0.000173 0.000010 0.000001 0.000000 0.000000 0.000000 0.000000 0.000000 
0.000000 0.000000 0.000000 0.000000 0.000000 0.000000 0.000000 0.000000 0.000002 0.000033 0.000442 0.005442 0.056604 0.467250 2.742151 9.953023 17.769375 29.816132 30.248230 27.210249 50.668560 50.352604 22.798012 19.411579 18.246510 2.896306 1.516570 1.580785 1.277111 0.010822 0.001777 0.001644 0.000128 0.000001 0.000000 0.000000 0.000000 0.000000 0.000000 0.000000 
0.000000 0.000000 0.000000 0.000000 0.000000 0.000000 0.000000 0.000000 0.000000 0.000004 0.000057 0.000723 0.007886 0.071594 0.519747 2.805101 9.198145 15.476393 16.258978 10.142119 40.169102 40.573792 22.826162 19.013142 15.129564 1.836816 0.893569 1.530769 0.121117 0.012293 0.001004 0.000352 0.000019 0.000001 0.000001 0.000000 0.000000 0.000000 0.000000 0.000000 
0.000000 0.000000 0.000000 0.000000 0.000000 0.000000 0.000000 0.000000 0.000000 0.000000 0.000006 0.000081 0.000934 0.009146 0.074653 0.486107 2.273318 5.962576 8.988335 7.661656 28.592068 30.754461 17.523449 12.256282 5.842071 1.181093 0.800425 1.502956 0.110774 0.010528 0.000766 0.000214 0.000018 0.000001 0.000000 0.000000 0.000000 0.000000 0.000000 0.000000 
0.000000 0.000000 0.000000 0.000000 0.000000 0.000000 0.000000 0.000000 0.000000 0.000000 0.000001 0.000009 0.000120 0.001463 0.016637 0.176995 1.700746 1.314303 2.833596 7.082072 26.620724 20.047071 15.603176 12.746328 0.519168 0.271554 0.463605 0.163682 0.003661 0.000982 0.000101 0.000091 0.000004 0.000000 0.000000 0.000000 0.000000 0.000000 0.000000 0.000000 
0.000000 0.000000 0.000000 0.000000 0.000000 0.000000 0.000000 0.000000 0.000000 0.000000 0.000000 0.000001 0.000021 0.000297 0.003976 0.045143 1.164232 0.737417 0.949795 4.814167 26.702833 12.777883 11.176853 2.715196 0.303068 0.267550 0.108072 0.001932 0.000348 0.000078 0.000009 0.000005 0.000000 0.000000 0.000000 0.000000 0.000000 0.000000 0.000000 0.000000 
0.000000 0.000000 0.000000 0.000000 0.000000 0.000000 0.000000 0.000000 0.000000 0.000000 0.000000 0.000001 0.000018 0.000038 0.000404 0.002916 0.042144 0.117010 0.142167 0.460535 20.260963 2.831585 2.676728 0.206780 0.023055 0.020033 0.001871 0.000209 0.000035 0.000006 0.000001 0.000000 0.000000 0.000000 0.000000 0.000000 0.000000 0.000000 0.000000 0.000000 
0.000000 0.000000 0.000000 0.000000 0.000000 0.000000 0.000000 0.000000 0.000000 0.000000 0.000000 0.000000 0.000008 0.000034 0.000038 0.000286 0.001697 0.010724 0.040431 0.361998 7.571290 0.512043 0.222355 0.006472 0.001936 0.001287 0.000181 0.000023 0.000019 0.000004 0.000000 0.000000 0.000000 0.000000 0.000000 0.000000 0.000000 0.000000 0.000000 0.000000 
0.000000 0.000000 0.000000 0.000000 0.000000 0.000000 0.000000 0.000000 0.000000 0.000000 0.000000 0.000000 0.000000 0.000031 0.000004 0.000023 0.000146 0.000828 0.003557 0.011257 0.322986 0.024250 0.017056 0.001429 0.000182 0.000073 0.000013 0.000021 0.000013 0.000000 0.000000 0.000000 0.000000 0.000000 0.000000 0.000000 0.000000 0.000000 0.000000 0.000000 
0.000000 0.000000 0.000000 0.000000 0.000000 0.000000 0.000000 0.000000 0.000000 0.000000 0.000000 0.000000 0.000000 0.000001 0.000002 0.000002 0.000017 0.000214 0.003237 0.001310 0.004269 0.002712 0.015939 0.000956 0.000055 0.000006 0.000005 0.000001 0.000000 0.000000 0.000000 0.000000 0.000000 0.000000 0.000000 0.000000 0.000000 0.000000 0.000000 0.000000 
0.000000 0.000000 0.000000 0.000000 0.000000 0.000000 0.000000 0.000000 0.000000 0.000000 0.000000 0.000000 0.000000 0.000000 0.000000 0.000000 0.000001 0.000006 0.000652 0.000346 0.000364 0.000359 0.000905 0.000473 0.000024 0.000001 0.000000 0.000000 0.000000 0.000000 0.000000 0.000000 0.000000 0.000000 0.000000 0.000000 0.000000 0.000000 0.000000 0.000000 
0.000000 0.000000 0.000000 0.000000 0.000000 0.000000 0.000000 0.000000 0.000000 0.000000 0.000000 0.000000 0.000000 0.000000 0.000000 0.000000 0.000000 0.000001 0.000013 0.000023 0.000025 0.000022 0.000013 0.000023 0.000000 0.000000 0.000000 0.000000 0.000000 0.000000 0.000000 0.000000 0.000000 0.000000 0.000000 0.000000 0.000000 0.000000 0.000000 0.000000 
0.000000 0.000000 0.000000 0.000000 0.000000 0.000000 0.000000 0.000000 0.000000 0.000000 0.000000 0.000000 0.000000 0.000000 0.000000 0.000000 0.000000 0.000000 0.000010 0.000013 0.000020 0.000002 0.000001 0.000000 0.000000 0.000000 0.000000 0.000000 0.000000 0.000000 0.000000 0.000000 0.000000 0.000000 0.000000 0.000000 0.000000 0.000000 0.000000 0.000000 
0.000000 0.000000 0.000000 0.000000 0.000000 0.000000 0.000000 0.000000 0.000000 0.000000 0.000000 0.000000 0.000000 0.000000 0.000000 0.000000 0.000000 0.000000 0.000000 0.000001 0.000001 0.000000 0.000000 0.000000 0.000000 0.000000 0.000000 0.000000 0.000000 0.000000 0.000000 0.000000 0.000000 0.000000 0.000000 0.000000 0.000000 0.000000 0.000000 0.000000 
0.000000 0.000000 0.000000 0.000000 0.000000 0.000000 0.000000 0.000000 0.000000 0.000000 0.000000 0.000000 0.000000 0.000000 0.000000 0.000000 0.000000 0.000000 0.000000 0.000000 0.000000 0.000000 0.000000 0.000000 0.000000 0.000000 0.000000 0.000000 0.000000 0.000000 0.000000 0.000000 0.000000 0.000000 0.000000 0.000000 0.000000 0.000000 0.000000 0.000000 
0.000000 0.000000 0.000000 0.000000 0.000000 0.000000 0.000000 0.000000 0.000000 0.000000 0.000000 0.000000 0.000000 0.000000 0.000000 0.000000 0.000000 0.000000 0.000000 0.000000 0.000000 0.000000 0.000000 0.000000 0.000000 0.000000 0.000000 0.000000 0.000000 0.000000 0.000000 0.000000 0.000000 0.000000 0.000000 0.000000 0.000000 0.000000 0.000000 0.000000 
0.000000 0.000000 0.000000 0.000000 0.000000 0.000000 0.000000 0.000000 0.000000 0.000000 0.000000 0.000000 0.000000 0.000000 0.000000 0.000000 0.000000 0.000000 0.000000 0.000000 0.000000 0.000000 0.000000 0.000000 0.000000 0.000000 0.000000 0.000000 0.000000 0.000000 0.000000 0.000000 0.000000 0.000000 0.000000 0.000000 0.000000 0.000000 0.000000 0.000000 
