0.000000 0.000000 0.000000 0.000000 0.000000 0.000000 0.000002 0.000023 0.000042 0.000196 0.001185 0.006895 0.040305 0.227076 1.090986 3.325062 42.400661 13.311336 11.518459 11.187305 5.563133 0.935270 0.767403 0.349259 0.223750 0.161947 0.086195 0.058695 0.011138 0.005131 0.001536 0.001217 0.000984 0.000380 0.000010 0.000001 0.000000 0.000000 0.000000 0.000000 
0.000000 0.000000 0.000000 0.000003 0.000002 0.000002 0.000005 0.000315 0.000426 0.001639 0.008943 0.045588 0.235269 1.134675 3.686703 3.938365 45.596222 16.629965 16.422590 11.934079 5.352364 4.991937 4.267365 2.276009 1.633760 1.251139 0.701173 0.531719 0.057518 0.040251 0.010871 0.010765 0.002695 0.000485 0.000036 0.000003 0.000000 0.000000 0.000000 0.000000 
0.000000 0.000000 0.000000 0.000006 0.000006 0.000024 0.000984 0.004374 0.004513 0.013809 0.067345 0.286606 1.264905 5.318750 13.519351 13.978980 42.654037 19.644087 18.598337 22.715679 9.548457 13.910951 13.933598 10.169189 8.430294 6.958458 4.463966 3.892050 0.212250 0.211256 0.044485 0.078202 0.004600 0.000562 0.000049 0.000005 0.000001 0.000000 0.000000 0.000000 
0.000000 0.000000 0.000002 0.000007 0.000145 0.006164 0.009895 0.005912 0.044196 0.105234 0.446913 1.380193 4.050907 12.798450 22.975906 23.836327 40.979603 31.318724 24.990662 29.264856 37.066078 28.240166 28.687920 24.663628 19.676250 17.617170 14.806520 14.120165 5.238155 2.451746 1.648173 1.760368 0.239320 0.002933 0.000970 0.000022 0.000006 0.000003 0.000000 0.000000 
0.000000 0.000002 0.000022 0.000052 0.000648 0.026496 0.010480 0.016965 0.423194 0.696047 2.485254 4.739883 4.701604 12.196438 22.843496 28.171873 40.703083 47.086620 32.949131 40.463947 41.740513 37.543304 37.307495 33.481922 34.179192 31.633156 27.911192 29.138580 75.944206 10.954366 1.935783 0.394973 0.193180 0.032063 0.029672 0.000339 0.000058 0.000043 0.000001 0.000000 
0.000003 0.000004 0.000300 0.000356 0.003816 0.047477 0.056278 1.780866 3.447897 3.513585 9.390208 9.816076 7.668066 15.975132 24.915516 30.039917 40.904846 49.356182 39.672821 51.036060 48.731289 46.771561 47.717503 46.641415 44.043079 42.572281 42.378063 50.900162 83.207649 76.501740 7.821304 0.329032 0.195552 0.035543 0.033772 0.020970 0.001233 0.001186 0.000074 0.000005 
0.000057 0.000635 0.004656 0.004839 0.047139 0.074424 0.395320 0.633552 2.244030 8.901568 21.918556 23.022028 19.345682 20.170439 25.881523 37.033089 45.777546 51.794846 48.264339 58.112274 56.075256 55.153625 54.583279 50.166779 56.198689 60.685299 68.979294 78.856812 79.270737 46.969559 12.937484 3.149944 0.824832 0.115652 0.016291 0.004805 0.000488 0.000084 0.000014 0.000003 
0.000359 0.003044 0.002216 0.015195 0.056186 2.116279 0.634685 0.640024 3.400352 13.377381 29.970547 35.141357 36.358753 33.793907 39.766315 43.254097 53.173904 57.234512 56.445274 66.245689 64.785492 63.060928 62.423573 58.364662 70.397293 72.637535 87.614029 86.450752 76.887924 44.163425 12.956637 3.669232 1.232476 0.222968 0.039321 0.004955 0.000516 0.000053 0.000014 0.000005 
0.001525 0.003178 0.004911 0.056629 0.590755 6.365269 1.746014 1.590274 3.415124 13.807762 31.288519 39.599972 43.596870 45.286125 46.539948 47.874962 56.516354 60.423214 68.517662 73.380142 71.420685 71.273399 70.522934 68.101082 80.083481 84.842491 94.111481 92.253586 86.259865 78.040520 6.681049 3.224968 3.093857 0.810987 0.230284 0.022330 0.002034 0.000196 0.000131 0.000085 
0.001372 0.003766 0.006473 0.067363 0.632471 6.461454 6.126822 6.161936 7.089992 42.100117 45.637604 50.286121 53.558384 55.786407 56.617416 56.691399 64.723076 68.138031 82.355980 81.111488 78.531677 79.993477 79.520279 78.048981 96.513374 103.899139 94.905083 85.759842 65.574532 44.634304 30.545942 13.971080 11.601521 3.669853 1.631696 0.042253 0.004822 0.000662 0.000095 0.000050 
0.000190 0.001159 0.009060 0.056922 0.968463 31.041098 29.479412 26.543617 41.334312 51.179226 59.569504 64.018829 66.793884 68.191696 72.969597 85.621628 82.473671 83.886650 95.106941 90.397789 89.632668 89.618607 89.292236 93.602165 103.808968 103.239159 95.761246 81.919022 62.718822 46.674599 36.380676 24.283396 19.038595 10.204540 9.851246 0.596290 0.011598 0.003627 0.000533 0.000069 
0.000185 0.001940 0.020108 0.174858 1.099734 3.117001 23.690441 36.268276 42.530670 49.798958 65.779564 75.408997 80.752335 82.630463 86.514702 93.188354 98.976959 98.837677 110.396088 101.236092 100.749947 100.859619 100.680283 106.016724 109.796158 107.868599 97.128014 81.203476 70.868263 44.966553 39.639439 35.288597 27.260166 20.506611 18.653627 4.520650 0.212855 0.029098 0.003341 0.000379 
0.000363 0.003560 0.036358 0.324313 1.099575 1.833078 11.997833 39.768131 45.336369 50.100849 64.521545 79.373520 88.861603 93.736664 99.334122 103.794708 113.859627 116.573029 141.969635 115.269051 114.649269 113.882301 113.649582 113.787056 110.912529 103.707184 88.368713 75.126190 62.366539 55.402367 50.376865 47.794632 45.786427 42.877083 43.505581 5.086062 0.149097 0.067613 0.011482 0.001604 
0.000954 0.006121 0.053086 1.627144 3.100646 3.867830 6.141342 13.491731 30.804916 38.561020 49.669815 75.395668 92.185760 101.697350 108.412048 115.012703 121.827148 127.553497 142.435471 134.907410 133.636780 130.050308 130.781342 120.695999 110.576042 102.439323 91.176857 81.381615 70.411453 65.810150 63.006752 60.201115 54.954147 50.659046 41.228619 6.516785 2.286654 0.473235 0.070031 0.009299 
0.004821 0.011384 0.562590 8.933893 9.112930 13.231252 26.232870 46.240097 58.632488 69.825691 82.614830 90.779015 99.509743 108.700981 116.822929 123.803596 129.256592 136.235001 149.605682 155.162582 157.499557 153.049500 150.154037 134.375046 118.064140 108.169312 96.725952 87.701355 79.510170 72.752457 67.748627 63.994347 66.824997 65.315178 16.882778 7.054721 6.921770 2.027256 0.333099 0.045868 
0.039206 0.196955 3.694943 11.295669 12.301926 18.001509 35.898956 51.977375 66.237495 79.267776 88.411720 95.575783 102.509010 110.324745 119.846001 129.094055 138.169327 147.231232 159.249878 175.579742 184.045654 178.099991 160.188263 139.881805 124.279816 111.259567 99.970016 90.835205 83.825500 79.580666 75.211273 66.096535 59.733471 53.667446 34.597561 19.520842 19.202097 6.684946 1.275667 0.188717 
0.167526 0.382339 19.345530 17.043541 17.129684 19.797373 36.809788 53.003551 65.302612 77.237206 87.114342 94.814369 101.775063 108.774437 117.412514 128.488144 140.377518 152.828644 167.905762 190.955612 206.304779 190.879425 171.328308 148.916626 132.298889 118.592438 106.908684 98.153763 88.272644 84.009499 78.490143 67.891403 58.248459 47.661850 37.998966 30.083529 21.319836 8.833420 2.764238 0.548845 
0.874568 5.205110 23.144569 22.730621 22.233795 23.496094 32.205479 45.544849 66.160172 79.531631 88.807518 95.460625 101.801506 108.243515 115.743332 125.990631 138.960770 154.328735 174.078186 198.669037 224.161514 199.140640 182.857971 161.911926 142.389572 128.025497 117.845184 108.328979 99.126099 87.919640 79.377350 69.583748 60.989243 52.352581 43.551521 34.825092 24.301123 13.378338 12.098830 10.174273 
9.696622 20.129158 23.939644 32.363731 34.491379 48.094120 48.718681 56.177067 67.616753 74.105667 82.324356 94.378410 102.810234 109.656052 116.865540 126.281311 139.694565 157.395126 181.937973 208.531509 247.567444 211.122391 196.413422 175.723694 157.595551 140.416718 127.262947 114.277870 102.487854 91.737564 82.251091 73.059715 64.779564 55.430962 46.693745 36.588459 25.647720 14.091040 5.515642 3.500515 
0.000000 0.000000 0.000000 0.000000 0.000000 0.000000 0.000000 0.000000 0.000000 0.000000 0.000000 0.000000 0.000000 0.000000 0.000000 0.000000 0.000000 0.000000 0.000000 116.666664 116.666664 116.666664 0.000000 0.000000 0.000000 0.000000 0.000000 0.000000 0.000000 0.000000 0.000000 0.000000 0.000000 0.000000 0.000000 0.000000 0.000000 0.000000 0.000000 0.000000 
1.008585 4.711468 10.715180 24.790207 26.523119 28.084606 41.092224 48.853790 54.240875 65.272636 83.032402 90.204582 97.868416 107.553696 116.778969 129.027481 153.738693 210.372849 264.807343 285.914642 264.464478 231.698700 216.709473 194.947098 176.641083 159.298462 147.396484 137.338760 128.447708 120.008804 115.820351 106.378372 103.285751 98.854912 96.838745 95.216248 97.128128 97.146904 24.246740 17.517210 
0.423709 1.982699 7.010103 15.757622 25.190819 27.445755 35.241814 43.341698 46.909779 39.980438 38.771030 41.077644 46.956173 62.055462 95.445892 151.057114 204.237015 234.347717 250.170807 256.476593 263.056244 251.354111 218.906281 196.953354 178.876205 165.362564 153.235046 142.243729 131.754898 119.931976 109.874725 98.322945 87.497452 77.979187 65.263306 53.601089 39.716587 25.355188 6.366144 2.707659 
0.152199 0.736864 2.708145 2.792944 3.171307 13.025826 14.393401 21.453783 25.621452 28.305265 31.354906 35.824276 43.262527 56.964085 83.790833 130.854691 183.667664 214.034775 228.427170 232.790619 242.192444 223.026917 190.133240 180.187454 173.515457 168.956024 156.622620 144.782867 133.162201 122.049927 110.872047 99.468811 88.549942 77.564636 65.335350 53.355995 39.635059 24.905817 6.101518 1.479789 
0.131050 0.888605 4.791721 15.423275 17.361933 17.826462 21.564377 24.156118 26.116104 28.321871 31.324762 35.892776 43.213791 54.622849 73.558723 105.703484 146.668488 174.880234 182.203110 189.568298 193.236572 180.594055 138.682449 125.131615 123.988991 127.895905 132.614075 139.883469 143.159409 131.897614 121.910721 113.572334 103.822098 99.827209 89.418701 91.751106 93.056389 2.119726 0.955918 0.486102 
0.118515 0.833691 4.744442 16.715286 17.711050 17.651552 22.084660 24.683439 26.685738 29.030581 32.219315 37.033127 44.029640 52.966393 66.462219 88.223373 118.008324 139.303528 147.773392 155.389862 159.533096 159.830322 113.069099 103.160332 98.007057 93.417725 91.940559 90.312645 85.904533 82.152260 77.358810 73.334137 71.457817 71.934799 66.051353 45.017490 17.095997 16.437527 1.581320 0.532522 
0.105637 0.307921 1.602387 5.484262 5.844870 12.660291 25.064009 26.944178 28.503172 30.312103 33.231171 37.944725 43.870781 50.035091 59.879230 76.064278 98.176765 113.991440 123.266884 128.258743 137.584457 138.336105 103.229645 94.087166 89.058189 86.326088 85.842705 84.714256 81.506462 77.473434 70.615166 63.831375 57.127846 50.818813 44.554939 16.943583 16.346100 16.177973 3.203864 0.664687 
0.284791 0.394218 0.501728 2.204078 6.673050 22.503860 25.809958 27.715384 28.341162 29.230291 32.159222 37.210609 42.266655 46.808178 56.334312 71.611267 90.036903 101.752876 109.427238 114.487213 121.762726 123.369209 94.584496 85.774925 80.432541 77.319466 77.954597 79.723305 77.887733 76.205093 71.992210 61.800549 52.318138 42.059101 34.479801 16.076849 11.194842 5.492576 3.168874 2.826616 
0.043556 0.322399 0.484468 1.698393 6.053230 22.348423 26.392220 28.547468 26.016743 25.968119 30.100485 36.429615 40.834114 44.594940 56.693390 71.537437 86.025391 94.157471 100.072411 104.788788 108.654465 104.297607 90.473587 80.354355 73.226028 65.826164 62.720573 63.354191 69.493576 71.990959 74.295563 73.701164 48.869881 39.545696 34.048122 15.698858 7.653890 2.172936 0.847812 0.299374 
0.009685 0.066287 1.445332 1.655482 1.722438 2.572385 17.248066 22.782280 17.036680 18.977407 28.558752 36.588585 40.088543 43.570938 60.680584 71.520630 80.971992 86.951279 92.354897 94.869164 93.154350 91.019661 87.258766 79.158836 73.183868 61.788368 53.045670 50.891293 55.851711 61.043098 65.535843 64.505539 57.304325 46.869350 27.721445 13.608767 3.777288 1.023604 0.827157 0.227942 
0.000000 0.000000 0.000000 0.000000 0.000000 0.000000 0.000000 0.000000 0.000000 0.000000 0.000000 0.000000 0.000000 0.000000 0.000000 0.000000 0.000000 0.000000 0.000000 0.000000 0.000000 0.000000 0.000000 0.000000 0.000000 0.000000 0.000000 0.000000 0.000000 0.000000 0.000000 0.000000 0.000000 0.000000 0.000000 0.000000 0.000000 0.000000 0.000000 0.000000 
0.001567 0.015853 0.016861 0.043810 0.154825 0.182302 1.476905 8.341975 8.544038 9.572797 33.065456 38.453217 40.211067 45.049438 60.804005 62.739693 68.812828 72.196312 78.447632 66.677048 60.150177 64.427719 82.031891 77.777771 75.525009 66.100777 53.009304 34.073376 32.423203 33.631439 36.018379 43.544716 57.160923 43.943134 45.531139 5.391037 0.349650 0.332968 0.015063 0.009705 
0.000450 0.002407 0.006425 0.006727 0.030561 0.105659 0.236975 4.866261 7.029589 9.290367 25.120323 41.677544 40.048214 42.085117 53.032242 55.652313 62.732063 65.224915 71.544800 50.907104 48.031094 54.722866 76.570808 75.248856 73.311752 69.532310 65.357994 31.853989 28.029770 27.666805 27.867203 25.758581 7.249615 7.243497 7.027623 0.368010 0.080239 0.035074 0.003958 0.001047 
0.000250 0.000052 0.000518 0.000904 0.005276 0.029920 0.165498 1.096355 2.795594 8.961872 23.441017 34.828213 35.836308 27.353697 44.303577 48.076340 56.161755 58.615654 56.984406 38.293320 39.366135 48.162178 62.430954 72.574242 70.022095 66.306778 63.003250 40.934891 27.257240 25.566647 24.008512 15.317106 3.029891 2.992205 2.511588 0.339080 0.037397 0.005547 0.000672 0.000120 
0.000023 0.000030 0.000046 0.000177 0.001703 0.017060 0.036727 0.190044 0.708854 3.222481 9.128766 12.879681 20.226048 21.939470 31.849421 40.500809 49.826057 52.594212 43.103516 31.242725 33.042522 48.083214 53.006050 70.790741 66.059509 62.798992 56.279835 48.955532 33.300598 24.325815 16.535101 11.781187 2.950353 0.764725 0.399898 0.067144 0.008188 0.000971 0.000108 0.000015 
0.000001 0.000002 0.000007 0.000063 0.000784 0.015182 0.060100 0.171078 0.188134 0.683300 2.240133 4.683924 11.252920 21.012503 30.366156 37.644485 44.243401 46.180889 36.556263 26.000975 25.611631 50.888832 49.703800 45.842663 61.759666 63.656387 56.110497 49.273750 34.154369 21.163500 7.000661 3.425532 0.801147 0.191904 0.391609 0.038655 0.003669 0.000325 0.000028 0.000003 
0.000000 0.000000 0.000001 0.000007 0.000053 0.002395 0.071873 0.430366 0.587250 0.671060 0.421758 1.122114 4.415843 12.761566 20.359360 27.080318 36.000561 36.572048 30.655886 20.509964 16.110443 42.447105 44.597038 38.970932 46.884132 30.437878 65.032959 62.573700 60.606682 8.492168 1.088630 0.614998 0.151887 0.149016 0.046225 0.003664 0.003556 0.000258 0.000018 0.000001 
0.000000 0.000000 0.000000 0.000001 0.000007 0.000099 0.003356 0.007364 0.008926 0.077333 0.225923 0.230847 1.046973 4.498153 11.624108 19.261690 29.660938 28.593554 10.384976 15.990329 10.866891 28.998230 32.765812 36.276722 45.887516 8.171275 7.985548 2.003498 1.199903 0.393028 0.142985 0.088597 0.039212 0.145332 0.000622 0.000616 0.000285 0.000003 0.000001 0.000001 
0.000000 0.000000 0.000000 0.000000 0.000002 0.000018 0.000292 0.000653 0.000787 0.000403 0.034508 0.218492 0.196678 0.888551 3.410175 9.040294 23.084282 17.150108 8.098680 15.690997 10.197555 19.112192 24.528788 22.319853 40.632679 7.069496 2.745263 0.507193 0.275866 0.056602 0.034105 0.084720 0.082807 0.018833 0.000107 0.000058 0.000001 0.000000 0.000000 0.000000 
0.000000 0.000000 0.000000 0.000000 0.000000 0.000003 0.000023 0.000052 0.000067 0.000110 0.001027 0.120724 0.155423 0.164154 0.867520 4.235384 22.531473 8.908263 7.709057 14.223176 9.527307 13.027858 13.535018 15.959964 42.619450 6.715631 2.461091 0.450552 0.098255 0.019612 0.019144 0.047712 0.000857 0.000075 0.000014 0.000005 0.000000 0.000000 0.000000 0.000000 
0.000000 0.000000 0.000000 0.000000 0.000000 0.000000 0.000000 0.000000 0.000000 0.000000 0.000000 0.000000 0.000000 0.000000 0.000000 0.000000 0.000000 0.000000 0.000000 0.000000 0.000000 0.000000 0.000000 0.000000 0.000000 0.000000 0.000000 0.000000 0.000000 0.000000 0.000000 0.000000 0.000000 0.000000 0.000000 0.000000 0.000000 0.000000 0.000000 0.000000 
