0.000062 0.000519 0.006108 3.150817 0.007818 0.001326 0.000356 0.000081 0.000013 0.000001 0.000000 0.000000 0.000003 0.000042 0.000504 0.006048 2.839972 0.043993 0.030388 0.049655 10.088078 0.002252 0.000221 0.000025 0.000003 0.000002 0.000011 0.000055 0.000146 0.000127 0.000144 0.000455 0.002630 8.486827 0.002473 0.000350 0.000155 0.000639 0.006213 0.225213 
0.000028 0.000158 0.001842 45.616619 0.004443 0.002029 0.002149 0.000272 0.000041 0.000005 0.000001 0.000001 0.000004 0.000022 0.000152 0.001836 45.055931 0.085267 0.079678 37.398968 1.369779 0.004489 0.000348 0.000031 0.000004 0.000005 0.000037 0.000245 0.001787 0.000604 0.000429 0.001500 0.010122 0.438308 0.009145 0.001007 0.000201 0.000285 0.002248 6.822011 
0.000023 0.000097 0.000578 0.005743 0.008481 0.011404 95.193710 0.001850 0.000127 0.000015 0.000004 0.000006 0.000015 0.000031 0.000083 0.000474 0.012153 0.011509 3.791604 0.579346 35.308346 0.001874 0.000140 0.000017 0.000004 0.000011 0.000105 0.001777 2.411474 0.006180 0.002191 0.004276 0.013052 0.436300 0.011582 0.001530 0.000379 0.000308 0.000785 0.004435 
0.000074 0.000137 0.000549 0.002673 5.630862 7.517413 0.035162 0.003387 0.000409 0.000049 0.000019 0.000048 0.000132 0.000154 0.000185 0.001471 0.009484 0.013606 19.238939 0.336708 0.321005 0.008325 0.000437 0.000040 0.000036 0.000037 0.000123 0.001847 20.739767 4.138043 17.693489 7.560814 59.163807 6.634911 18.760635 0.003066 0.001226 0.000935 0.000777 0.001961 
0.000549 0.000477 0.001918 0.006878 2.385074 1.222421 0.034799 0.005808 0.000679 0.000105 0.000073 0.000310 0.002084 0.002242 0.004005 0.056858 0.209693 0.260592 25.836853 0.318227 0.259915 0.038319 0.011638 0.001355 0.002272 0.001729 0.000381 0.001949 2.445253 0.564387 5.703766 0.006732 0.002934 0.003974 0.005675 0.006063 0.007822 0.006977 0.002654 0.008464 
0.005440 0.002287 0.010137 0.014591 16.233923 1.973774 1.980124 54.366497 0.001848 0.000147 0.000166 0.002092 6.834517 7.028693 0.042715 0.822355 1.404884 1.467454 59.945293 1.232479 1.130566 0.519143 0.300677 0.029178 0.084785 0.068849 0.009414 0.001345 0.006925 0.010589 28.729794 0.002888 0.000884 0.000812 0.002739 43.630436 4.264862 4.271102 89.594055 3.962368 
0.720377 79.913879 0.559619 0.549302 4.678384 1.700966 0.014077 0.003849 0.000528 0.000113 0.000155 0.005302 0.254519 0.336075 46.226311 4.337305 4.199337 5.145366 91.300102 4.530083 3.703486 2.768491 1.630392 0.038729 1.131379 1.000034 0.133845 0.006970 0.004793 0.013789 2.153968 0.007231 0.000901 0.000290 0.000407 0.001950 0.006769 0.008820 0.011941 0.191870 
0.616822 0.009623 0.011997 0.014840 0.019280 73.360573 0.003904 0.001788 0.000472 0.000122 0.000180 0.007832 0.239490 0.665407 11.746696 18.718702 18.064501 15.789823 114.603546 18.614122 16.617273 11.162870 11.230625 81.580536 1.267875 1.162767 0.157718 0.011453 0.018448 0.033395 2.155722 0.006668 0.000652 0.000122 0.000106 0.000248 0.000854 0.002036 0.009196 0.192742 
5.496876 0.005901 0.002956 0.004725 0.015744 0.809620 0.018769 0.007965 0.002312 0.000404 0.000443 0.011630 0.266042 0.702061 11.218480 21.601570 25.339767 31.409454 130.860413 27.736458 20.650742 22.377722 23.227791 65.495049 26.422598 40.267593 10.780668 13.367726 1.422862 1.439943 42.234169 0.001872 0.000185 0.000056 0.000072 0.000163 0.000231 0.000452 0.002481 6.876413 
4.309022 0.003699 0.001234 0.002954 0.019893 0.799437 0.098564 0.103178 93.532333 0.008724 0.006045 0.041309 0.384127 0.427792 41.451660 82.691032 61.490402 62.466656 120.933868 51.766342 72.533348 40.110092 40.404636 140.555222 36.416733 30.389872 18.662699 6.855766 2.560267 0.360837 0.018364 0.000995 0.000132 0.000074 0.000233 0.001815 0.000297 0.000195 0.000404 0.002109 
0.002294 0.000618 0.000481 0.002546 6.877169 7.027274 0.036679 0.032269 0.053460 0.013038 0.164466 0.495844 2.262757 3.154711 21.196318 34.125057 51.950264 79.443710 143.302322 81.322990 95.433189 61.017071 61.347744 115.605240 68.960564 25.850489 19.781044 7.413226 3.525692 0.366548 0.015184 0.001028 0.000124 0.000156 0.001807 27.178984 0.001845 0.000186 0.000106 0.000149 
0.000183 0.000133 0.000180 0.000580 0.003177 0.007133 0.041692 0.042328 0.048565 13.764092 2.909931 2.894651 5.920090 7.967616 25.273695 30.898993 96.876526 95.099854 149.617188 113.623817 126.050484 89.167381 88.782333 128.118881 91.056320 38.274723 82.889893 9.433687 10.380543 43.501709 0.011928 0.007346 0.000415 0.000380 0.004418 5.876103 0.004296 0.000306 0.000048 0.000023 
0.000051 0.000078 0.000159 0.000289 0.000773 0.003264 7.333373 0.448036 0.461558 4.269560 7.645714 6.702270 10.811563 14.882981 33.059940 43.780418 58.764328 126.683258 168.328125 149.413239 150.805145 115.960823 115.428940 150.628693 112.151825 103.809738 45.130169 63.188141 9.253417 7.584384 0.919185 0.176114 0.005927 0.000476 0.002238 27.276453 0.001770 0.000123 0.000018 0.000005 
0.000085 0.000257 0.001814 0.000456 0.000542 0.002715 6.801640 0.349362 0.404259 0.602186 20.889938 21.524475 23.205788 28.268085 40.639400 70.831978 70.425529 111.269882 160.542068 177.640900 177.308487 153.169373 152.882812 180.698318 141.525192 103.852486 76.475563 64.685493 48.391418 40.031147 0.076998 0.065217 0.005606 0.001601 0.005232 0.004840 0.000397 0.000058 0.000009 0.000003 
0.000276 0.001967 30.335981 0.002354 0.000607 0.001139 0.007918 0.050045 0.410095 1.319902 12.181955 28.931204 40.239651 48.080891 61.253010 73.143913 128.768494 169.427353 198.782318 213.544403 212.835876 184.168884 181.097778 204.982513 148.724701 116.723663 86.349541 60.227348 35.879795 17.476515 0.557244 0.070865 0.022429 0.026690 97.637810 0.001986 0.000165 0.000029 0.000012 0.000014 
0.000852 0.005570 5.195231 0.005857 0.001009 0.001009 0.004933 0.013465 7.663763 5.728613 14.297429 31.620153 50.896183 65.386650 83.873833 95.630005 126.907242 165.153458 205.667694 236.291504 243.141998 218.960312 228.144394 193.596252 160.844513 122.131470 93.524803 65.604401 44.704773 50.823723 37.733532 87.074295 0.174444 0.171359 0.164080 0.002774 0.000076 0.000026 0.000051 0.000129 
0.001087 0.003031 30.403000 0.003370 0.001283 0.002793 0.016246 0.027110 8.928777 25.785101 37.392330 53.909794 74.526932 91.756714 113.014122 126.307777 150.729248 179.399536 218.481628 246.912598 274.006805 251.853638 247.467331 207.982101 180.521729 154.222366 128.375336 117.434586 115.363617 43.182533 36.616550 14.584995 3.636872 1.560689 0.135577 0.002942 0.000054 0.000059 0.000306 0.002075 
0.003765 0.001817 0.002888 0.001369 0.003426 22.313513 5.983149 39.267818 28.376434 33.138077 37.943825 57.436909 82.197052 105.433517 131.304413 151.505417 173.304367 201.302734 233.000824 261.049469 304.463043 279.681213 265.294769 233.083023 219.304047 164.294815 141.808853 105.275887 75.263283 50.642841 33.782104 15.436500 7.466420 1.851413 0.167680 0.004032 0.000073 0.000180 0.002098 6.868333 
4.567417 0.003589 0.000972 0.001683 0.026690 1.800695 7.717730 24.415667 33.032402 33.495201 100.728302 121.216743 133.450821 147.468475 168.553986 188.881073 211.002136 228.933075 257.815948 278.075378 327.227936 306.847595 279.761139 247.758270 204.400970 170.992203 137.147629 101.831390 74.624771 50.542446 31.279388 14.814564 6.408249 2.189961 0.202970 0.005894 0.000143 0.000651 0.006891 0.155922 
0.000000 0.000000 0.000000 0.000000 0.000000 0.000000 0.000000 0.000000 0.000000 0.000000 0.000000 0.000000 0.000000 0.000000 0.000000 0.000000 0.000000 0.000000 0.000000 0.000000 0.000000 0.000000 0.000000 0.000000 0.000000 0.000000 0.000000 0.000000 0.000000 0.000000 0.000000 0.000000 0.000000 0.000000 0.000000 0.000000 0.000000 0.000000 0.000000 0.000000 
0.002285 0.000462 0.000210 0.000428 0.002289 38.004921 52.680084 50.908157 101.244537 152.493561 97.894547 101.406120 146.301056 165.172760 199.707382 235.774673 263.204041 286.585693 312.666840 325.869385 396.545013 292.628296 272.726837 236.559555 204.338211 170.134399 123.517807 96.380943 67.213074 44.414444 27.573410 13.662603 7.080995 4.809426 0.530001 0.027726 0.000840 0.002585 46.408325 2.377783 
0.000167 0.000095 0.000118 0.000534 0.005510 2.351802 2.622863 5.257061 10.330825 20.741444 36.117119 57.557899 76.809929 100.114922 127.085892 156.103073 184.925903 217.390976 241.481827 266.400177 297.243988 318.477264 262.148438 234.458282 201.504959 164.467209 128.786453 100.849770 69.267540 53.586777 23.379837 26.185070 3.160251 2.678793 0.292990 0.013684 0.000565 0.001173 0.006357 0.012020 
0.000028 0.000031 0.000107 0.001821 95.648491 2.759395 2.281544 4.417473 9.921095 19.509350 32.967503 49.659885 70.717796 94.589897 121.127701 148.464966 176.238113 201.974838 235.525238 253.676285 285.721069 285.384216 256.351746 223.914536 200.630295 169.868820 134.850311 106.599564 77.874550 52.603489 34.620670 19.361145 5.497118 2.716784 0.300684 0.012794 0.001259 0.003395 0.003991 0.004842 
0.000025 0.000028 0.000092 0.000625 0.007095 25.566839 3.321716 2.845542 6.159288 12.949345 23.590742 37.588596 55.301422 74.866302 98.195229 124.743347 148.954651 180.045425 207.199326 232.803513 264.945221 252.356430 237.077026 214.121277 193.175308 180.436249 139.081879 108.991959 83.995010 66.202202 31.181335 19.824793 5.604151 1.997687 0.265162 0.014142 0.017828 80.438965 0.016169 0.013090 
0.000142 0.000089 0.000115 0.000478 0.005525 7.470888 0.844615 0.838503 2.973371 7.813089 15.829904 26.891113 42.130081 58.979317 82.517601 106.599838 131.148224 159.553909 181.299561 207.426697 230.387634 222.335953 208.542740 175.064407 164.663422 157.532806 139.545273 124.608856 137.796829 103.929749 97.374184 70.820572 46.250889 0.223709 0.213405 0.018040 0.013276 0.296172 7.098561 0.231071 
0.002094 0.000508 0.000293 0.000554 0.002267 26.096567 0.909228 0.905708 1.764957 4.464196 9.717091 17.748226 30.540977 44.897781 68.254410 89.327286 113.695198 137.189911 160.375290 187.396606 197.431992 193.029877 173.434464 149.763229 131.036362 113.821999 86.319885 62.210953 44.283100 73.393684 31.379175 18.934484 5.453372 2.670333 2.933249 83.174995 0.364700 0.355116 7.066695 0.260267 
6.809901 0.003619 0.001162 0.002551 0.008719 0.394128 0.389839 12.507115 2.791486 2.304713 5.014424 10.432565 21.008017 33.582695 56.923817 74.437965 97.358917 115.901260 141.295868 143.371262 165.276489 165.084427 164.576614 120.215736 104.696541 96.856712 82.761154 64.732956 36.480251 29.610346 23.482227 16.650400 5.143345 0.362724 0.130515 0.002422 0.007243 0.010580 0.016346 7.050012 
0.521192 0.007929 0.003776 0.012282 0.024551 0.392851 0.395618 6.731823 0.336212 0.345072 1.750377 5.297496 13.976922 25.934986 48.355232 60.677979 83.680412 93.679588 108.057289 121.019234 144.007339 134.221481 131.433624 114.167892 81.112755 69.721237 55.804680 55.364216 21.441385 17.077381 10.638462 10.662422 45.691242 0.006382 0.003864 0.000560 0.001213 0.003170 0.012992 0.165782 
0.561320 8.183154 9.617052 0.802339 0.804863 17.022305 5.312990 9.796504 0.040694 0.039523 0.515594 2.682362 9.919215 22.884331 40.634838 47.942917 69.552826 64.664726 86.484352 98.213387 114.023132 107.502480 113.920731 75.154846 68.828995 56.620853 52.540810 25.391983 18.323704 9.429213 4.015956 1.681821 0.020603 0.001347 0.000431 0.000338 0.000594 0.002183 0.015647 0.162906 
0.000000 0.000000 0.000000 0.000000 0.000000 0.000000 0.000000 0.000000 0.000000 0.000000 0.000000 0.000000 0.000000 0.000000 0.000000 0.000000 0.000000 0.000000 0.000000 0.000000 0.000000 0.000000 0.000000 0.000000 0.000000 0.000000 0.000000 0.000000 0.000000 0.000000 0.000000 0.000000 0.000000 0.000000 0.000000 0.000000 0.000000 0.000000 0.000000 0.000000 
0.284797 0.702644 0.011275 0.003096 0.002053 0.004095 23.514376 0.028983 0.033744 46.522392 4.117773 3.997064 52.077728 21.625219 17.907602 19.572876 24.593283 29.737516 59.068954 63.611084 53.069576 61.265213 89.938591 40.309448 48.055458 32.344433 27.469540 19.461380 12.300611 4.906623 0.792278 0.208243 0.020520 0.001358 0.003598 98.162506 0.003023 0.000834 0.001875 0.005847 
1.019889 49.839710 0.002274 0.000514 0.000381 0.000644 0.002172 0.002365 0.002340 0.001965 0.011781 0.014420 0.011261 21.709509 8.566842 8.432122 14.382032 16.783815 63.903610 43.019733 58.793255 42.861774 98.350006 26.290169 22.029402 18.138868 19.247314 21.263409 19.456329 12.636376 1.385197 1.393368 64.762192 0.003063 0.000907 0.001889 0.000403 0.000180 0.000179 0.000496 
0.862752 0.005505 0.000588 0.000174 0.000164 0.000337 0.000397 0.000421 0.000352 0.000260 0.000783 0.001304 0.003386 91.841805 3.327405 3.023917 5.505000 6.168986 80.647461 27.658714 25.853931 26.915644 114.126976 16.072287 13.310768 8.482718 8.969626 92.171822 0.008870 0.004618 0.010086 0.008744 0.002025 0.000482 0.000244 0.000155 0.000073 0.000032 0.000025 0.000045 
6.615324 0.002338 0.000278 0.000141 0.000354 0.002129 0.000747 0.000320 0.000164 0.000099 0.000120 0.000184 0.000398 0.001895 0.162731 0.331082 1.190894 1.300147 64.265114 22.402706 21.972782 20.131062 83.128960 10.750143 3.954944 1.915825 0.625872 0.004435 0.001838 0.001568 0.001504 0.000989 0.000289 0.000198 0.000187 0.000113 0.000048 0.000017 0.000008 0.000008 
0.002065 0.000347 0.000115 0.000171 0.001932 2.561949 0.006250 0.002047 0.000466 0.000201 0.000087 0.000054 0.000061 0.000134 0.003908 0.015623 0.139506 0.485549 10.777657 11.264032 8.988057 2.898497 1.602237 92.857437 0.292167 0.280528 0.064176 0.002117 0.001732 0.004142 0.000934 0.000338 0.000202 0.000376 0.001932 0.000468 0.000185 0.000072 0.000030 0.000022 
0.000129 0.000058 0.000041 0.000130 0.001815 16.008947 6.887521 15.679646 0.004827 0.002031 0.000327 0.000090 0.000031 0.000017 0.000074 0.000808 0.021016 0.212880 11.177887 10.342691 8.774373 0.937782 0.308688 0.015713 0.213741 0.304646 0.063969 0.004252 0.008171 8.717957 0.002686 0.000488 0.000449 0.002355 97.283798 0.005023 0.002013 0.000443 0.000202 0.000176 
0.000012 0.000009 0.000016 0.000112 0.001832 2.550645 0.006187 0.002136 0.005122 97.817818 0.002303 0.000354 0.000078 0.000018 0.000012 0.000054 0.000595 0.002644 22.040421 5.941723 23.688656 0.018049 0.014150 0.011614 3.616504 14.536860 12.163920 17.305431 3.017016 4.801578 0.003296 0.000980 0.001174 0.005425 0.007647 0.011622 97.266388 0.003220 0.001002 0.002160 
0.000001 0.000001 0.000005 0.000036 0.000239 0.001729 0.000565 0.000324 0.000607 0.002560 0.001155 0.002236 0.000295 0.000060 0.000031 0.000083 0.000277 0.000468 0.002011 0.004310 0.001805 0.000805 0.001422 0.008732 0.307855 0.012617 0.003561 0.002083 0.003153 0.002953 0.001607 0.003038 0.006293 97.614639 0.004000 0.001520 0.001900 0.000933 0.003427 6.934881 
0.000000 0.000000 0.000001 0.000006 0.000033 0.000089 0.000073 0.000066 0.000158 0.000567 0.002481 45.481415 0.001899 0.000205 0.000124 0.000389 0.002262 0.000566 0.000320 0.000312 0.000145 0.000181 0.000860 0.007880 0.313060 0.009261 0.001346 0.000368 0.000428 0.000758 0.002695 45.470276 0.006642 0.003542 0.000798 0.000297 0.000162 0.000205 0.000529 0.002274 
0.000000 0.000000 0.000000 0.000000 0.000000 0.000000 0.000000 0.000000 0.000000 0.000000 0.000000 0.000000 0.000000 0.000000 0.000000 0.000000 0.000000 0.000000 0.000000 0.000000 0.000000 0.000000 0.000000 0.000000 0.000000 0.000000 0.000000 0.000000 0.000000 0.000000 0.000000 0.000000 0.000000 0.000000 0.000000 0.000000 0.000000 0.000000 0.000000 0.000000 
