0.000016 0.000300 0.005498 2.371392 0.006589 0.000687 0.000159 0.000030 0.000003 0.000000 0.000000 0.000000 0.000000 0.000012 0.000297 0.005482 2.237666 0.025199 0.013643 0.030083 8.975484 0.002083 0.000131 0.000008 0.000000 0.000000 0.000003 0.000023 0.000082 0.000050 0.000041 0.000188 0.002200 7.297558 0.002119 0.000142 0.000034 0.000280 0.004948 0.202470 
0.000007 0.000085 0.001747 43.195427 0.003701 0.001349 0.001893 0.000192 0.000018 0.000001 0.000000 0.000000 0.000001 0.000006 0.000083 0.001745 42.462337 0.059455 0.054153 32.082134 1.174188 0.004031 0.000220 0.000010 0.000001 0.000001 0.000017 0.000178 0.001644 0.000417 0.000192 0.000654 0.006587 0.263747 0.006019 0.000366 0.000042 0.000113 0.001956 6.144761 
0.000004 0.000037 0.000396 0.005270 0.007539 0.010351 73.972473 0.001761 0.000071 0.000004 0.000001 0.000001 0.000005 0.000010 0.000032 0.000233 0.002288 0.005567 3.575572 0.403721 30.548738 0.001758 0.000082 0.000005 0.000001 0.000004 0.000070 0.001679 2.313642 0.005771 0.001899 0.003181 0.009262 0.262183 0.008281 0.000686 0.000106 0.000092 0.000397 0.003209 
0.000018 0.000038 0.000259 0.002247 5.239086 6.748252 0.030981 0.002287 0.000173 0.000012 0.000004 0.000022 0.000087 0.000094 0.000047 0.000071 0.000343 0.002525 17.450487 0.005986 0.002169 0.000220 0.000022 0.000002 0.000001 0.000005 0.000080 0.001774 19.163361 3.544871 16.864491 6.707977 48.490620 5.877026 18.014355 0.002417 0.000650 0.000453 0.000317 0.000985 
0.000287 0.000195 0.001016 0.005466 2.060586 0.986086 0.030567 0.004619 0.000396 0.000038 0.000030 0.000227 0.001967 0.001978 0.000304 0.000098 0.000176 0.002048 7.453658 0.002380 0.000285 0.000042 0.000007 0.000004 0.000003 0.000007 0.000078 0.001700 2.328813 0.530145 4.935357 0.006012 0.002440 0.003464 0.005242 0.005362 0.006664 0.005955 0.002105 0.006982 
0.004731 0.001930 0.007702 0.011825 14.102039 1.549936 1.555357 50.247189 0.001764 0.000086 0.000098 0.001928 6.153215 6.262415 0.003316 0.000389 0.000230 0.001850 9.715878 0.001665 0.000097 0.000018 0.000022 0.000057 0.000031 0.000020 0.000054 0.000398 0.004175 0.007586 25.094019 0.002383 0.000478 0.000478 0.002367 41.942829 2.920493 2.924424 70.186729 3.195560 
0.650503 61.935986 0.424320 0.415352 4.472009 1.324664 0.012079 0.002718 0.000307 0.000042 0.000037 0.000306 0.002929 0.007053 43.525074 0.002458 0.000646 0.000884 0.003868 0.000410 0.000064 0.000040 0.000197 0.001737 0.000371 0.000156 0.000146 0.000338 0.002160 0.009998 1.559569 0.006089 0.000450 0.000105 0.000253 0.001799 0.005799 0.006833 0.007369 0.129990 
0.557919 0.007265 0.008224 0.009716 0.013930 63.820610 0.002753 0.000741 0.000219 0.000042 0.000015 0.000071 0.000714 0.006856 2.098260 0.013181 0.004886 0.003305 0.001907 0.000796 0.000175 0.000171 0.001924 75.068108 0.005387 0.002127 0.002039 0.002050 0.009704 0.023823 1.561867 0.005748 0.000337 0.000032 0.000037 0.000121 0.000407 0.000843 0.004893 0.131010 
4.927283 0.003761 0.001180 0.001977 0.010782 0.602569 0.011579 0.003387 0.001995 0.000223 0.000034 0.000034 0.000381 0.005706 2.096496 0.067774 0.069667 5.810821 0.018476 0.013612 0.001907 0.000736 0.001199 0.017346 3.242271 14.009784 9.581244 12.012295 0.915263 0.921168 39.914120 0.001749 0.000089 0.000015 0.000028 0.000087 0.000082 0.000174 0.002054 6.195746 
3.915534 0.002657 0.000455 0.001375 0.014639 0.593547 0.043220 0.047022 74.073692 0.001944 0.000142 0.000033 0.000101 0.001764 39.857376 0.572697 0.577400 15.638449 1.086773 1.068334 47.462696 0.013676 0.011041 0.014642 1.498014 0.358588 0.334809 0.026099 0.026099 0.059845 0.005090 0.000391 0.000040 0.000028 0.000172 0.001718 0.000197 0.000083 0.000259 0.001978 
0.002114 0.000358 0.000218 0.002139 6.188506 6.254394 0.013240 0.009796 0.025066 0.005174 0.000539 0.000084 0.000045 0.000227 0.002258 0.015349 0.566951 9.162357 3.995292 4.746614 36.596016 0.999624 0.379974 0.401543 27.001631 0.349868 0.341704 0.022523 0.015827 0.063629 0.002853 0.000191 0.000027 0.000084 0.001716 26.319998 0.001739 0.000102 0.000045 0.000093 
0.000107 0.000050 0.000067 0.000345 0.002713 0.006431 0.017629 0.016084 0.020599 11.782041 0.003677 0.000343 0.000050 0.000056 0.000389 0.002415 58.322807 8.587319 7.363321 9.064982 35.864967 2.989120 1.498063 0.691397 3.042566 1.054513 63.504684 0.037021 0.041591 38.189262 0.001809 0.000118 0.000036 0.000234 0.004148 5.217990 0.004088 0.000208 0.000017 0.000007 
0.000016 0.000030 0.000081 0.000129 0.000462 0.002787 6.468169 0.234140 0.230663 3.124456 2.706319 0.001995 0.000104 0.000140 0.004798 0.077010 0.148237 55.284481 17.596092 18.441231 36.411491 5.663184 4.271438 2.687327 2.905488 56.042435 0.875571 48.329548 1.351361 1.360114 0.004082 0.000275 0.000059 0.000176 0.001909 26.415991 0.001708 0.000078 0.000005 0.000001 
0.000032 0.000181 0.001716 0.000275 0.000279 0.002306 6.133227 0.031972 0.028327 0.026885 12.518308 0.002063 0.000133 0.001593 0.034287 0.229720 0.198791 38.502911 31.323635 31.915218 49.405014 17.087191 14.152312 5.394635 3.435313 2.023803 0.155870 0.055972 0.052393 37.655880 0.002276 0.000373 0.000170 0.000507 0.004847 0.004730 0.000320 0.000028 0.000002 0.000000 
0.000136 0.001799 29.259176 0.001980 0.000275 0.000577 0.003904 0.005648 0.032142 0.004621 0.002752 0.000329 0.001075 0.036627 0.385662 0.414351 56.308109 75.210014 52.679741 52.140873 85.009941 20.896881 18.063280 11.784072 4.997175 1.915571 0.258580 0.052339 0.003600 0.004271 0.001447 0.002314 0.000742 0.002899 75.442268 0.001899 0.000111 0.000010 0.000003 0.000005 
0.000460 0.004925 4.406650 0.005098 0.000525 0.000415 0.001427 0.004078 6.534516 0.002781 0.000502 0.000706 0.021315 0.451268 3.225246 4.474272 18.395006 41.078140 65.971428 74.845474 101.507347 38.774311 54.661213 16.328798 13.220015 3.980983 1.485414 0.593562 0.006361 0.001886 0.004345 75.716415 0.002761 0.000631 0.001752 0.000189 0.000024 0.000007 0.000023 0.000087 
0.000596 0.002489 29.305208 0.002802 0.000767 0.002109 0.005758 0.008403 6.259150 0.002778 0.000653 0.016667 0.167484 1.427370 6.372850 10.428023 22.007322 39.274250 70.307602 85.343239 118.757286 54.347145 51.599567 20.423008 16.418772 13.240365 6.590177 6.827781 69.711449 0.003431 0.001088 0.002368 0.000351 0.000092 0.000066 0.000019 0.000006 0.000024 0.000223 0.001965 
0.003045 0.001208 0.002378 0.000817 0.002794 21.648029 5.217394 22.956032 0.006830 0.002235 0.002740 0.314906 1.052167 3.801873 10.470814 18.123985 29.053177 48.887932 73.019913 100.162224 135.443466 74.890633 53.931519 33.210571 57.836559 18.511213 16.393782 10.539943 3.523514 0.302111 0.011207 0.000450 0.000090 0.000016 0.000005 0.000002 0.000006 0.000087 0.001911 6.191184 
4.114790 0.002911 0.000511 0.000651 0.006143 1.096792 0.145488 0.103252 0.009768 0.012632 71.272804 8.851298 8.403617 12.829300 20.968798 31.899363 47.287647 60.088345 86.508766 106.788269 156.917465 107.619370 89.391518 70.889771 50.094917 33.532734 23.209660 11.010072 3.415035 0.492536 0.059939 0.002308 0.000211 0.000022 0.000002 0.000001 0.000011 0.000216 0.003908 0.108379 
0.000000 0.000000 0.000000 0.000000 0.000000 0.000000 0.000000 0.000000 0.000000 0.000000 0.000000 0.000000 0.000000 0.000000 0.000000 0.000000 0.000000 0.000000 0.000000 0.000000 0.000000 0.000000 0.000000 0.000000 0.000000 0.000000 0.000000 0.000000 0.000000 0.000000 0.000000 0.000000 0.000000 0.000000 0.000000 0.000000 0.000000 0.000000 0.000000 0.000000 
0.002123 0.000295 0.000077 0.000187 0.001948 36.374897 1.815404 1.817341 44.150299 0.016973 0.014772 0.019090 52.661983 78.245598 116.049522 153.055206 174.612854 192.300186 212.648544 229.451111 390.708099 156.874557 132.627914 103.083244 84.403320 56.890812 23.506960 16.467703 4.889921 1.379596 1.228943 5.045992 0.002874 0.000132 0.000009 0.000006 0.000065 0.001720 43.287922 2.098393 
0.000103 0.000038 0.000048 0.000360 0.004932 0.014574 0.008812 0.006157 0.001792 0.001862 0.024293 0.470444 2.870442 9.747461 21.234013 35.937672 54.044785 80.277527 92.946297 116.182373 156.524292 184.723633 139.365555 111.265755 90.162308 65.311668 43.466522 35.650192 21.528908 19.700386 3.299571 17.433199 0.001680 0.000081 0.000009 0.000011 0.000094 0.000717 0.004179 0.008458 
0.000009 0.000009 0.000064 0.001748 75.001091 0.011127 0.001658 0.000592 0.000114 0.000276 0.012861 0.378547 2.792984 9.048910 18.796539 30.246563 46.223087 61.823608 82.679695 99.893829 133.155472 152.480835 119.582489 82.448151 73.699471 71.971352 47.608654 33.737484 20.751951 5.676973 0.024651 0.003860 0.000686 0.000117 0.000031 0.000054 0.000342 0.002852 0.001929 0.001979 
0.000008 0.000007 0.000038 0.000445 0.005388 22.565281 0.001821 0.000176 0.000027 0.000026 0.001763 0.081107 1.091894 4.331828 9.858017 19.016436 29.538683 49.776234 59.167316 91.176758 109.265114 114.442909 91.302216 54.935547 42.803780 48.349037 24.528996 18.650795 23.992022 19.575569 0.003939 0.001655 0.002762 0.000629 0.000306 0.000318 0.002237 64.926918 0.011389 0.008316 
0.000089 0.000033 0.000035 0.000266 0.003736 5.770075 0.004069 0.000414 0.000048 0.000005 0.000102 0.006562 0.185196 1.489686 4.873639 10.689477 20.310926 36.674091 42.454319 68.493065 86.213318 86.500214 62.269821 26.237293 20.953869 16.803787 8.919764 8.818493 62.799358 0.005370 0.001375 0.003573 43.261478 0.006672 0.004358 0.002241 0.010089 0.265095 6.353988 0.201331 
0.001969 0.000308 0.000100 0.000216 0.001877 25.053106 0.005135 0.002178 0.000204 0.000019 0.000004 0.000261 0.012433 0.249487 1.639787 4.704551 14.143143 24.353252 30.629593 53.467945 60.823513 66.016953 39.998302 24.505011 14.808622 9.339526 8.440308 7.332269 0.108868 0.008087 0.000944 0.006697 2.200274 0.127670 0.132273 64.910149 0.328867 0.320023 6.326085 0.227862 
6.150953 0.002822 0.000562 0.001265 0.006684 0.367102 0.359631 10.969791 0.001638 0.000067 0.000006 0.000007 0.000413 0.015831 0.273742 1.595879 10.126498 16.483217 24.634008 18.470434 42.351768 48.950268 49.571213 14.384641 7.623476 8.048178 8.539298 10.144024 0.097674 0.006086 0.000594 0.005929 2.201595 0.012975 0.004953 0.001936 0.005637 0.007373 0.011082 6.300392 
0.332071 0.006799 0.002940 0.008903 0.019908 0.365657 0.366420 6.133229 0.002180 0.000154 0.000034 0.000015 0.000018 0.000850 0.036267 0.482640 11.773536 10.263660 9.643888 11.904631 44.523518 29.645123 24.459930 31.604610 2.108964 2.132118 4.345965 30.332605 0.002363 0.000303 0.000160 0.001852 43.230061 0.002163 0.000413 0.000191 0.000467 0.001142 0.006465 0.111977 
0.347457 7.175277 8.107445 0.519696 0.522123 14.912742 4.808976 8.973323 0.002575 0.000414 0.000396 0.000314 0.000087 0.000087 0.002758 0.038395 17.725927 4.599010 4.253474 4.754117 49.648876 14.157900 13.487248 6.412437 1.622112 1.662025 23.102650 1.480008 0.001799 0.000156 0.000102 0.000321 0.002291 0.000325 0.000126 0.000135 0.000193 0.000856 0.008915 0.109663 
0.000000 0.000000 0.000000 0.000000 0.000000 0.000000 0.000000 0.000000 0.000000 0.000000 0.000000 0.000000 0.000000 0.000000 0.000000 0.000000 0.000000 0.000000 0.000000 0.000000 0.000000 0.000000 0.000000 0.000000 0.000000 0.000000 0.000000 0.000000 0.000000 0.000000 0.000000 0.000000 0.000000 0.000000 0.000000 0.000000 0.000000 0.000000 0.000000 0.000000 
0.127183 0.596728 0.008417 0.001409 0.000847 0.002732 21.052841 0.026631 0.031276 44.070267 2.389697 2.389492 42.884609 0.002063 0.000253 0.000353 0.002169 0.015862 0.067792 0.157666 7.750136 0.630295 0.474727 0.003245 0.001375 0.000908 0.000415 0.001090 0.003167 0.002478 0.006859 0.007026 0.002331 0.000755 0.002914 75.761971 0.002734 0.000609 0.001764 0.005408 
0.769933 44.809589 0.001876 0.000177 0.000107 0.000317 0.001906 0.001665 0.001691 0.001790 0.005733 0.006672 0.005608 0.005060 0.000413 0.000104 0.000127 0.000376 0.002266 0.004489 22.633150 0.035262 0.032423 0.000862 0.000112 0.000093 0.000428 0.004306 5.360544 9.967212 0.830154 0.838393 57.760025 0.002751 0.000645 0.001783 0.000278 0.000086 0.000095 0.000297 
0.668292 0.005228 0.000400 0.000059 0.000051 0.000160 0.000200 0.000176 0.000143 0.000116 0.000378 0.000656 0.002599 75.453934 0.001786 0.000088 0.000063 0.000285 0.004072 0.001339 0.003208 0.003073 0.034750 0.000891 0.000108 0.000105 0.001812 75.262627 0.006812 0.003308 0.007351 0.006606 0.001816 0.000308 0.000117 0.000085 0.000029 0.000008 0.000006 0.000012 
5.999694 0.002119 0.000158 0.000055 0.000215 0.001809 0.000503 0.000158 0.000061 0.000030 0.000032 0.000063 0.000244 0.001731 0.000184 0.000039 0.000105 0.001784 47.036404 0.003334 0.001163 0.003399 75.591866 0.003638 0.000382 0.000139 0.000347 0.002582 0.000963 0.000760 0.000649 0.000421 0.000120 0.000085 0.000097 0.000051 0.000016 0.000004 0.000001 0.000001 
0.001956 0.000246 0.000050 0.000094 0.001750 2.406754 0.005884 0.001840 0.000336 0.000120 0.000033 0.000014 0.000023 0.000055 0.000020 0.000023 0.000311 0.005513 1.433649 0.007929 0.001192 0.000848 0.004094 75.481468 0.002414 0.000399 0.000313 0.000579 0.000988 0.003088 0.000457 0.000103 0.000070 0.000238 0.001801 0.000357 0.000118 0.000030 0.000008 0.000007 
0.000086 0.000026 0.000014 0.000082 0.001741 15.343198 6.334228 15.011819 0.004669 0.001912 0.000235 0.000041 0.000009 0.000004 0.000003 0.000015 0.000307 0.005496 1.428405 0.015034 0.002997 0.000696 0.000884 0.005803 0.005523 0.002540 0.002289 0.002512 0.006821 7.479517 0.002278 0.000234 0.000232 0.002075 75.106392 0.004873 0.001908 0.000301 0.000097 0.000105 
0.000005 0.000002 0.000005 0.000072 0.001710 2.400841 0.005931 0.001966 0.004897 75.497742 0.002165 0.000259 0.000037 0.000005 0.000002 0.000010 0.000107 0.001726 21.492886 5.268301 22.809959 0.002405 0.000567 0.002631 3.410933 13.401921 11.063965 16.070093 2.717687 4.502991 0.002752 0.000588 0.000801 0.005076 0.007111 0.010989 75.091637 0.002860 0.000714 0.002005 
0.000000 0.000000 0.000001 0.000017 0.000176 0.001619 0.000425 0.000195 0.000425 0.002271 0.000902 0.002117 0.000216 0.000024 0.000008 0.000032 0.000157 0.000299 0.001832 0.003453 0.001696 0.000284 0.000479 0.005815 0.221966 0.009632 0.002691 0.001801 0.002739 0.002480 0.001113 0.002598 0.005766 75.314415 0.003552 0.001152 0.001785 0.000667 0.003017 6.235879 
0.000000 0.000000 0.000000 0.000002 0.000016 0.000056 0.000033 0.000021 0.000064 0.000342 0.002219 43.088577 0.001771 0.000102 0.000048 0.000255 0.002045 0.000377 0.000180 0.000188 0.000078 0.000054 0.000333 0.005479 0.226224 0.006540 0.000637 0.000153 0.000213 0.000427 0.002319 43.044327 0.005791 0.002758 0.000456 0.000136 0.000085 0.000095 0.000345 0.002067 
0.000000 0.000000 0.000000 0.000000 0.000000 0.000000 0.000000 0.000000 0.000000 0.000000 0.000000 0.000000 0.000000 0.000000 0.000000 0.000000 0.000000 0.000000 0.000000 0.000000 0.000000 0.000000 0.000000 0.000000 0.000000 0.000000 0.000000 0.000000 0.000000 0.000000 0.000000 0.000000 0.000000 0.000000 0.000000 0.000000 0.000000 0.000000 0.000000 0.000000 
