0.000004 0.000157 0.005199 0.720075 0.006057 0.000367 0.000108 0.000018 0.000001 0.000000 0.000000 0.000000 0.000000 0.000003 0.000156 0.005178 0.700073 0.016031 0.006786 0.023247 5.097573 0.002311 0.000105 0.000004 0.000000 0.000000 0.000001 0.000014 0.000070 0.000029 0.000019 0.000126 0.002337 4.201901 0.002273 0.000096 0.000010 0.000105 0.003300 0.132471 
0.000003 0.000068 0.002009 18.795614 0.004100 0.001219 0.002114 0.000199 0.000012 0.000000 0.000000 0.000000 0.000000 0.000003 0.000067 0.002005 18.348061 0.046440 0.040441 14.771062 0.572339 0.004457 0.000169 0.000004 0.000000 0.000000 0.000011 0.000176 0.001811 0.000416 0.000146 0.000367 0.003085 0.100316 0.002812 0.000120 0.000012 0.000075 0.002098 3.723819 
0.000001 0.000022 0.000399 0.005994 0.008507 0.011489 23.425049 0.002022 0.000064 0.000002 0.000000 0.000000 0.000003 0.000005 0.000019 0.000239 0.002679 0.006485 2.568629 0.270177 14.099472 0.002012 0.000071 0.000002 0.000000 0.000002 0.000065 0.001877 1.824005 0.006579 0.002157 0.004060 0.006061 0.099235 0.005421 0.000377 0.000038 0.000036 0.000296 0.002902 
0.000004 0.000016 0.000173 0.002402 3.353977 4.019514 0.022548 0.001429 0.000083 0.000004 0.000001 0.000014 0.000077 0.000081 0.000027 0.000043 0.000341 0.002956 10.712873 0.007202 0.002553 0.000228 0.000014 0.000001 0.000000 0.000003 0.000078 0.002046 10.244890 1.859688 9.847030 3.775006 19.705601 3.251587 9.922314 0.002441 0.000381 0.000225 0.000183 0.000530 
0.000155 0.000115 0.000580 0.005790 1.145372 0.387786 0.022290 0.004200 0.000317 0.000021 0.000017 0.000217 0.002171 0.002178 0.000294 0.000061 0.000163 0.002800 4.403961 0.003293 0.000311 0.000028 0.000003 0.000002 0.000001 0.000003 0.000068 0.001885 1.824319 0.413479 2.407730 0.008488 0.002716 0.004746 0.006226 0.005982 0.006243 0.005546 0.002262 0.006235 
0.004642 0.002118 0.005345 0.009910 7.083416 0.543160 0.546324 19.830378 0.002035 0.000078 0.000082 0.002106 3.728614 3.791344 0.003751 0.000351 0.000167 0.002030 6.244628 0.001893 0.000086 0.000009 0.000014 0.000057 0.000021 0.000010 0.000030 0.000277 0.003145 0.007153 13.179832 0.002645 0.000393 0.000461 0.002753 18.559147 0.775917 0.777363 23.897013 0.845714 
0.398860 21.684019 0.224009 0.216388 3.097833 0.416007 0.011688 0.002856 0.000286 0.000024 0.000020 0.000250 0.002814 0.007740 18.748396 0.002471 0.000336 0.000705 0.003452 0.000297 0.000034 0.000023 0.000204 0.002005 0.000400 0.000147 0.000133 0.000191 0.001024 0.007818 0.576990 0.005323 0.000221 0.000051 0.000246 0.002059 0.005395 0.005964 0.004317 0.029358 
0.343141 0.007364 0.005418 0.005778 0.010615 23.244967 0.002893 0.000503 0.000169 0.000023 0.000005 0.000029 0.000416 0.006406 0.689911 0.009158 0.002252 0.003349 0.001177 0.000339 0.000114 0.000134 0.002172 23.626389 0.006177 0.002481 0.002784 0.002125 0.006779 0.018822 0.578286 0.005073 0.000163 0.000009 0.000020 0.000092 0.000197 0.000334 0.001554 0.032229 
3.010534 0.003257 0.000522 0.000729 0.006807 0.265181 0.006299 0.001356 0.002237 0.000222 0.000019 0.000010 0.000196 0.005360 0.689134 0.034328 0.036997 3.604958 0.009443 0.005370 0.002127 0.000422 0.000731 0.008254 2.336526 8.939778 5.348364 7.327096 0.403390 0.407924 16.944933 0.001999 0.000068 0.000006 0.000017 0.000078 0.000040 0.000102 0.002150 3.755349 
2.468398 0.002578 0.000242 0.000728 0.010913 0.257644 0.013087 0.016953 23.551268 0.002234 0.000123 0.000016 0.000075 0.002013 17.315411 0.250218 0.244524 4.739429 0.282153 0.287306 18.331560 0.003821 0.001073 0.004783 0.994531 0.232872 0.208621 0.014360 0.011612 0.018637 0.003880 0.000296 0.000021 0.000017 0.000190 0.001989 0.000205 0.000051 0.000233 0.002179 
0.002268 0.000295 0.000150 0.002258 3.724823 3.775077 0.007175 0.003700 0.016804 0.005966 0.000531 0.000051 0.000025 0.000234 0.003024 0.010391 0.253577 1.109721 0.262965 0.472287 4.041870 0.237710 0.035627 0.039562 12.370903 0.225146 0.214599 0.010805 0.005594 0.022493 0.001260 0.000079 0.000010 0.000074 0.001988 13.107041 0.002009 0.000085 0.000027 0.000080 
0.000087 0.000026 0.000036 0.000292 0.002897 0.007096 0.011774 0.007196 0.011799 5.633004 0.004035 0.000316 0.000028 0.000051 0.000962 0.004680 21.227579 1.428856 1.482604 1.963321 4.195400 1.344425 0.590135 0.501582 3.905807 1.205652 21.577387 0.026770 0.032060 15.799080 0.002050 0.000088 0.000015 0.000193 0.004942 2.122125 0.004883 0.000178 0.000007 0.000003 
0.000007 0.000018 0.000071 0.000080 0.000384 0.002996 3.870477 0.118304 0.115741 2.193246 1.951104 0.002173 0.000099 0.000934 0.036113 0.551364 1.500144 14.240869 6.248110 7.045867 8.174434 4.218489 2.784141 2.772455 3.607824 20.143028 1.675153 17.445686 0.671914 0.679442 0.004473 0.000213 0.000026 0.000143 0.002208 13.171385 0.001986 0.000071 0.000003 0.000000 
0.000019 0.000194 0.001979 0.000261 0.000208 0.002457 3.713613 0.014293 0.010140 0.012639 5.835354 0.002469 0.000583 0.018889 0.297844 2.127820 2.164643 29.459179 16.505053 15.582693 18.128729 12.500756 12.864252 7.924613 8.811141 14.929369 1.581124 0.791135 0.679376 15.635498 0.002580 0.000329 0.000108 0.000501 0.005718 0.005608 0.000363 0.000020 0.000001 0.000000 
0.000105 0.002059 13.888543 0.002205 0.000189 0.000434 0.003855 0.002769 0.013886 0.002423 0.002964 0.000554 0.013590 0.291395 1.775998 2.640348 13.178118 47.481930 28.163212 32.300495 37.944077 25.800392 21.431559 20.998436 18.900045 12.024369 2.420310 0.744270 0.053431 0.007736 0.001460 0.002618 0.000710 0.003281 23.505014 0.002207 0.000106 0.000005 0.000001 0.000003 
0.000308 0.005364 1.731589 0.005564 0.000363 0.000267 0.001151 0.004071 3.864014 0.002966 0.000489 0.005787 0.176445 1.562733 6.466000 7.988636 21.071552 54.559162 53.439049 47.784626 53.639347 41.283730 47.064404 32.940220 24.274698 15.412248 3.978448 1.300759 0.055635 0.004943 0.007496 23.607759 0.003170 0.000630 0.002021 0.000203 0.000016 0.000003 0.000014 0.000077 
0.000460 0.002730 13.911949 0.003182 0.000707 0.002279 0.007050 0.009546 3.782834 0.003247 0.001555 0.075128 0.854824 3.437883 13.120168 16.852520 34.015266 63.200897 73.462105 77.507523 83.585495 67.852615 57.275753 47.611294 50.017555 27.745640 21.299242 29.304585 16.440168 0.006228 0.001858 0.002786 0.000328 0.000061 0.000062 0.000013 0.000002 0.000014 0.000214 0.002174 
0.003109 0.001111 0.002610 0.000731 0.003136 11.355670 2.637453 12.067929 0.006169 0.001731 0.005090 0.509381 2.363213 6.731911 18.172525 27.590094 37.390141 68.903641 94.593544 110.260513 118.868500 99.689140 85.785675 75.932632 59.890274 41.938259 29.269388 13.357243 3.836652 0.475637 0.022575 0.000566 0.000061 0.000007 0.000002 0.000001 0.000003 0.000068 0.002083 3.735328 
2.547523 0.002979 0.000386 0.000344 0.005571 0.521635 0.060049 0.032989 0.003478 0.006706 19.892605 18.554928 17.232101 22.420595 28.864132 50.742069 55.520454 82.535957 114.255547 139.019592 156.456451 132.957397 115.507545 95.087975 69.746063 53.230461 26.129091 15.324334 4.020124 0.967950 0.152639 0.003087 0.000230 0.000014 0.000001 0.000000 0.000003 0.000077 0.001411 0.030081 
2.530835 0.002432 0.000154 0.000233 0.005194 0.523914 0.051912 0.029603 0.006683 0.005496 0.048990 0.831328 6.943161 18.320557 33.814301 47.711582 70.558594 99.538696 131.939621 161.172714 188.216522 161.182480 138.998016 110.017380 77.719376 49.792839 33.710331 17.490822 8.897440 3.890668 3.469350 11.044207 0.001970 0.000067 0.000003 0.000001 0.000015 0.000298 0.004074 0.027011 
0.002282 0.000255 0.000040 0.000139 0.002224 16.398886 0.671530 0.672469 18.715475 0.040987 0.041469 0.072976 11.367406 24.268660 48.589512 66.901230 99.119576 135.600800 172.146454 202.176941 392.852661 189.399445 157.976898 120.500900 84.728790 54.343380 38.433945 18.019154 10.181145 3.973165 3.017328 2.509278 0.004320 0.000153 0.000005 0.000003 0.000062 0.001995 18.622116 0.712864 
0.000086 0.000021 0.000029 0.000382 0.005793 0.017145 0.008396 0.005765 0.002047 0.003247 0.053589 0.903209 3.419956 11.849718 25.931023 40.208542 66.643623 98.321434 131.045837 158.563004 226.069641 162.594086 139.446930 119.580025 104.736176 94.941872 64.016991 46.552212 25.608202 11.815510 2.747488 9.586706 0.001954 0.000075 0.000004 0.000004 0.000061 0.000663 0.003918 0.006678 
0.000004 0.000004 0.000060 0.002013 23.429586 0.012801 0.001335 0.000330 0.000085 0.000439 0.024380 0.617635 3.099761 12.671916 20.862329 45.029144 55.334919 82.860054 112.609581 135.928589 198.317719 134.572723 109.167114 84.747932 64.593231 61.731262 49.285095 38.558735 19.747084 3.196338 0.080246 0.004672 0.000687 0.000069 0.000010 0.000031 0.000318 0.003202 0.001214 0.000768 
0.000004 0.000002 0.000023 0.000458 0.006581 11.816194 0.002057 0.000125 0.000013 0.000063 0.005593 0.220054 2.129702 6.811845 16.776482 27.100782 41.372761 69.231972 90.192017 108.321083 161.166199 108.339005 85.491165 68.130608 52.247421 47.073822 42.038017 39.091751 35.155926 10.336727 0.005332 0.001667 0.003203 0.000419 0.000116 0.000289 0.002554 21.827150 0.008333 0.004698 
0.000078 0.000018 0.000015 0.000247 0.005058 3.006579 0.005453 0.000406 0.000029 0.000007 0.000690 0.042246 0.789056 3.593513 10.644258 16.975321 39.573307 52.146523 66.597801 78.401291 125.064835 81.692604 64.187233 43.597736 35.828045 32.248318 27.582582 20.559490 17.030935 0.008869 0.001548 0.004159 18.659662 0.004224 0.001528 0.002557 0.009548 0.162016 3.829084 0.130443 
0.002171 0.000268 0.000050 0.000128 0.002078 13.148226 0.006135 0.002469 0.000204 0.000013 0.000046 0.003836 0.143447 1.456464 4.631511 10.696244 24.058706 39.834019 53.808235 50.759853 95.042000 57.019165 62.651501 33.739475 23.917274 22.624420 21.145472 10.942643 0.169421 0.012878 0.000625 0.006089 0.714144 0.026585 0.030770 21.472424 0.219859 0.212092 3.814329 0.154550 
3.721187 0.002882 0.000387 0.000558 0.005360 0.268650 0.262797 6.806636 0.001876 0.000064 0.000004 0.000172 0.010528 0.255173 1.919484 3.774923 20.133583 29.753868 26.631685 32.648502 77.957207 38.310112 35.157421 23.765257 11.276422 11.623385 15.250990 13.004445 0.130621 0.007283 0.000327 0.005477 0.714218 0.008117 0.001644 0.002142 0.004226 0.005077 0.008019 3.782790 
0.168291 0.007344 0.003003 0.005489 0.014622 0.267188 0.267950 3.523048 0.002927 0.000145 0.000013 0.000009 0.000436 0.021623 0.420925 1.059808 25.947683 14.207885 15.641809 15.451612 52.144905 19.984650 18.686708 20.995176 2.500144 2.519621 5.321590 11.526699 0.003618 0.000301 0.000110 0.002091 18.638786 0.002241 0.000193 0.000123 0.000181 0.000392 0.002188 0.030613 
0.173186 4.268857 4.548299 0.222750 0.225284 8.350939 2.912233 5.667036 0.002883 0.000359 0.000209 0.000163 0.000085 0.001180 0.043865 0.162723 13.031127 4.509147 4.049729 4.695184 31.380375 10.286113 8.941624 3.425420 0.976711 0.943377 7.926479 1.222270 0.002003 0.000115 0.000045 0.000271 0.002574 0.000283 0.000069 0.000101 0.000092 0.000484 0.005034 0.027495 
0.032802 0.274276 0.010110 0.005568 0.005129 0.006997 1.432214 2.780125 0.006587 0.002723 0.005470 0.005234 0.002025 0.000288 0.001475 0.012660 3.491867 0.715970 0.825132 0.879272 15.685547 2.212610 2.174992 11.178175 0.028176 0.022373 0.003550 0.003291 0.000705 0.000201 0.000175 0.000238 0.000334 0.000136 0.000315 0.002106 0.000635 0.003129 18.639332 0.709844 
0.038927 0.280491 0.005538 0.000533 0.000372 0.002518 11.202882 0.026013 0.031482 19.132877 0.720899 0.720710 18.556238 0.002387 0.000232 0.000757 0.004463 0.024478 0.043390 0.129758 4.250272 0.254457 0.139578 0.002885 0.000760 0.000353 0.000285 0.000935 0.003367 0.002573 0.004638 0.004782 0.002611 0.000718 0.003292 23.724794 0.003154 0.000618 0.002024 0.005194 
0.417682 17.797342 0.002069 0.000099 0.000045 0.000262 0.002133 0.001363 0.001442 0.002043 0.005385 0.006246 0.006262 0.005966 0.000423 0.000073 0.000154 0.000350 0.000977 0.003575 12.078127 0.006750 0.003712 0.000262 0.000044 0.000039 0.000375 0.004594 3.447769 5.080181 0.300144 0.306764 20.949730 0.003163 0.000639 0.002047 0.000273 0.000057 0.000074 0.000157 
0.367462 0.006044 0.000404 0.000032 0.000025 0.000121 0.000154 0.000092 0.000072 0.000081 0.000196 0.000392 0.002645 23.612320 0.002047 0.000075 0.000040 0.000260 0.003071 0.001186 0.003453 0.001400 0.005689 0.000438 0.000061 0.000083 0.002063 23.554844 0.007255 0.003314 0.004899 0.004518 0.002055 0.000291 0.000078 0.000074 0.000017 0.000003 0.000003 0.000003 
3.657954 0.002325 0.000129 0.000032 0.000195 0.001936 0.000484 0.000126 0.000034 0.000014 0.000010 0.000027 0.000225 0.002003 0.000197 0.000024 0.000079 0.002036 19.050737 0.003578 0.000955 0.003614 23.666126 0.003940 0.000357 0.000091 0.000316 0.002860 0.000795 0.000530 0.000261 0.000157 0.000083 0.000055 0.000081 0.000034 0.000008 0.000001 0.000000 0.000000 
0.002166 0.000232 0.000030 0.000078 0.001921 1.857697 0.006765 0.002102 0.000366 0.000110 0.000019 0.000005 0.000014 0.000055 0.000013 0.000007 0.000156 0.005016 0.559963 0.007096 0.000729 0.000650 0.004444 23.627722 0.002773 0.000373 0.000272 0.000489 0.000834 0.003047 0.000327 0.000041 0.000038 0.000232 0.002059 0.000385 0.000109 0.000018 0.000003 0.000003 
0.000077 0.000016 0.000007 0.000079 0.002019 8.855556 3.357043 8.611124 0.005510 0.002216 0.000240 0.000026 0.000004 0.000002 0.000001 0.000004 0.000155 0.004998 0.556811 0.016257 0.002899 0.000548 0.000780 0.006494 0.006336 0.002933 0.003083 0.002784 0.007744 4.112949 0.002414 0.000168 0.000184 0.002351 23.485287 0.005762 0.002213 0.000287 0.000061 0.000087 
0.000002 0.000001 0.000003 0.000066 0.001896 1.853810 0.006907 0.002281 0.005795 23.626953 0.002515 0.000263 0.000025 0.000002 0.000000 0.000004 0.000084 0.001981 11.347345 2.667590 12.052700 0.002653 0.000447 0.002738 2.416703 8.417862 6.530592 9.548400 1.644539 3.007884 0.002928 0.000502 0.000798 0.005938 0.008436 0.013147 23.481657 0.003210 0.000663 0.002209 
0.000000 0.000000 0.000000 0.000011 0.000175 0.001785 0.000432 0.000173 0.000438 0.002568 0.000959 0.002482 0.000226 0.000015 0.000003 0.000018 0.000129 0.000297 0.002103 0.004689 0.001971 0.000255 0.000197 0.003315 0.117618 0.007725 0.003246 0.002025 0.003404 0.002640 0.001069 0.002936 0.006735 23.560810 0.004098 0.001190 0.002050 0.000637 0.003263 3.768435 
0.000000 0.000000 0.000000 0.000001 0.000010 0.000051 0.000021 0.000010 0.000039 0.000298 0.002541 18.644953 0.002030 0.000077 0.000026 0.000232 0.002220 0.000339 0.000149 0.000187 0.000072 0.000025 0.000119 0.003180 0.120641 0.004111 0.000381 0.000110 0.000174 0.000344 0.002604 18.606785 0.006398 0.002748 0.000376 0.000087 0.000073 0.000059 0.000302 0.002257 
0.000000 0.000000 0.000000 0.000000 0.000000 0.000002 0.000001 0.000001 0.000007 0.000204 0.005439 0.714064 0.005326 0.000201 0.000108 0.002238 3.749555 0.002254 0.000110 0.000015 0.000005 0.000006 0.000094 0.002267 4.260979 0.002349 0.000129 0.000015 0.000017 0.000214 0.005471 0.712689 0.006475 0.000461 0.000040 0.000005 0.000003 0.000004 0.000023 0.000111 
