0.000215 0.001048 0.008626 2.432138 0.012228 0.002979 0.001512 0.029422 0.092914 0.605497 3.025622 8.283142 20.716787 32.676464 58.364780 74.345192 110.943741 151.724319 210.979218 266.321320 242.892456 211.911850 182.076202 149.018219 122.098640 94.650452 72.611092 54.541859 39.886658 29.184752 18.450716 14.868639 13.401341 9.898022 0.015424 0.001848 0.000578 0.001351 0.008365 0.222693 
0.000123 0.000402 0.002511 28.405737 0.007868 0.004488 0.004118 0.504911 0.976198 2.547225 6.411850 12.934596 25.871685 38.583038 65.977180 77.540108 133.115219 171.136780 224.692856 278.972076 242.860229 220.555832 186.496826 156.362350 129.578827 103.555611 82.332726 65.046532 51.011360 41.610889 27.169079 19.602777 9.338677 2.821275 0.166839 0.008931 0.000934 0.000856 0.003455 5.792087 
0.000121 0.000329 0.001739 0.021467 0.014383 0.018230 62.560608 4.533978 4.372256 6.981444 12.348481 21.077044 35.412697 48.539898 76.197128 88.447380 135.907532 186.579803 240.795319 281.966248 255.521286 223.948074 196.750443 166.793716 141.506516 115.496239 94.069557 75.978134 61.341984 47.644970 30.277838 21.314693 9.042107 2.752138 0.185084 0.022531 0.003709 0.001546 0.002033 0.008181 
0.000312 0.000860 0.009839 0.018236 4.608767 8.125748 34.534821 18.080351 17.780655 20.030848 26.081350 34.398640 49.170029 65.450539 93.249863 107.000763 142.984543 179.346329 244.265015 289.400909 261.960938 234.890045 209.494965 179.622421 154.172913 129.556061 108.686531 91.336594 79.871002 63.504486 53.277615 38.121044 46.972763 5.986565 12.268567 0.054681 0.048067 0.022776 0.002638 0.004630 
0.002299 0.010141 0.253001 0.358122 2.358537 15.988188 36.668377 22.833467 27.144373 32.825565 41.043285 53.003258 67.137276 82.122597 110.640808 129.968369 160.311981 193.009842 254.683960 298.581665 271.174652 247.372238 222.720047 194.610947 172.887680 148.190582 127.733574 111.600662 99.051414 72.250015 59.934948 60.658134 44.278179 13.291698 9.997176 0.103029 0.220079 0.151075 0.005377 0.014193 
0.038631 0.014139 1.138398 1.352643 13.610930 31.492479 41.339649 60.527672 46.125637 50.511635 59.610668 73.035995 90.774544 108.827965 127.706451 149.798096 180.068802 206.899658 273.796478 308.828064 284.739716 263.036987 240.563431 214.023941 189.135880 166.586151 147.077499 130.072983 113.389603 97.339119 94.850227 92.583687 115.709534 64.963921 61.766068 46.974686 22.934813 24.687225 60.438221 2.805598 
1.616642 57.306629 8.898450 8.548405 27.922947 38.595470 51.894665 73.902580 68.385475 71.843910 81.060005 94.467178 112.578163 129.594315 160.398193 174.263123 201.983871 221.794159 289.856323 317.783478 298.876740 278.504456 256.280823 230.251205 213.970505 191.017670 172.155640 158.141891 148.533936 127.610283 120.967117 110.933525 82.592369 54.663948 36.666168 20.227438 10.540716 4.756721 1.937356 0.481625 
2.845363 33.083076 22.771452 21.489012 26.750866 79.427567 77.250084 92.738983 98.853920 102.985298 111.861794 123.613632 140.931107 156.031662 185.079803 203.054916 230.161972 244.556946 303.958771 329.849213 315.230560 296.147888 277.649078 259.011505 233.813858 214.929459 199.646790 185.460190 172.773697 151.590286 139.296997 115.475555 82.230553 55.913612 36.688110 20.026781 10.526507 4.537620 1.898551 0.581998 
20.923471 40.552910 57.712879 46.227005 48.179478 99.249680 109.362854 126.496666 117.035637 126.287209 138.444351 151.557175 169.305786 185.019257 209.602936 228.752747 253.818848 268.877258 320.608521 342.003845 329.850586 314.282288 297.575012 277.959015 261.330963 244.453827 227.666351 218.003815 199.208420 179.241165 158.114243 116.379662 92.141335 63.400097 44.523064 27.435198 17.805733 12.811670 12.546152 17.745579 
23.916479 29.761065 40.404137 64.709373 75.418770 114.939224 138.848114 155.539795 171.391846 160.975479 169.803070 182.135223 200.257401 214.135696 241.136566 259.025757 282.748657 293.980438 336.874451 353.933105 347.041199 331.969543 318.115570 301.227203 284.520508 273.308105 258.209839 243.314346 221.046600 191.936005 158.861023 126.261642 99.127525 70.180954 51.425781 35.217964 27.248758 16.592669 12.382135 9.634041 
13.990183 18.142567 30.354458 45.674133 67.161758 98.539177 134.916763 153.857361 194.337433 197.118698 204.439240 214.096832 230.728897 244.447968 263.564026 287.311707 306.603058 316.714478 351.822723 365.497681 359.902313 348.882599 337.878723 324.252655 315.044403 298.293915 279.729706 263.039734 233.680023 203.527115 172.146698 140.445663 113.850403 86.083252 68.865852 55.019161 29.346846 22.520184 14.158731 9.966225 
13.770186 17.878496 30.126799 46.408401 67.341042 92.420517 122.180595 154.260529 185.706146 223.423264 235.306503 247.687531 262.917664 275.462646 291.431427 308.148285 336.067200 338.964447 367.341156 375.782104 372.256287 364.417419 356.231354 344.796387 335.584412 319.236053 310.327606 277.153046 253.318176 224.109253 181.280182 155.240540 124.454308 97.458893 76.383942 55.732067 42.198940 31.890858 21.114801 16.319601 
18.633121 22.875456 35.039722 50.811718 73.828590 97.245430 132.705551 160.238892 190.183289 228.826004 259.637970 273.404297 290.810272 303.620941 318.126099 331.239624 349.122711 362.833374 379.944183 384.402008 385.115570 377.099121 371.484955 362.883575 353.199005 340.699097 316.958038 297.179138 260.076141 231.313583 201.237183 174.270157 145.523880 119.427513 99.145393 80.044075 54.229721 44.627781 30.733570 25.924156 
27.705362 33.970993 43.324585 57.527531 80.411270 104.008789 138.638519 165.107559 198.834076 229.142822 269.406769 291.178253 312.718994 327.652130 340.631378 352.627655 364.783508 373.916565 388.095978 391.028748 392.362701 386.867828 383.575531 376.712708 367.288483 352.382446 332.425385 308.480652 280.101898 255.948303 217.790497 190.719376 158.277817 133.528717 110.168961 94.110001 73.542320 62.201962 47.623287 43.023739 
39.399445 42.577400 66.108536 74.486923 94.679207 117.742981 144.881149 173.791428 205.896027 237.370789 268.939728 298.920593 325.067169 344.547028 358.606445 369.249207 381.961853 385.655487 393.470917 395.558014 395.130493 393.351288 391.367401 386.455536 376.527191 360.715454 341.462463 317.505219 290.547058 263.638855 237.206818 212.661041 190.239441 164.239838 151.043869 106.629997 94.239578 77.824661 63.983395 58.808666 
50.761189 54.429832 62.187408 78.682800 101.414116 126.969589 155.678360 183.548691 222.844620 247.786270 277.186005 305.387878 331.435638 353.030396 369.167389 380.255280 388.020599 392.439209 396.462708 398.006592 397.867523 397.220917 397.505890 391.469177 382.370514 369.026367 352.081207 332.171234 311.033203 290.050964 265.347473 248.849976 209.217712 189.072617 161.166412 134.754227 123.612740 104.762421 93.575111 88.735909 
70.454193 72.943359 93.891800 104.690811 136.488480 148.051956 177.694656 199.846344 234.649918 259.168884 288.427521 315.272369 339.765656 360.176392 376.382996 387.182251 393.334869 396.169250 398.109772 399.173553 399.210114 398.912384 398.146851 394.959167 388.459442 377.982147 365.365631 349.794495 335.368866 308.547943 285.544098 259.722626 232.161514 208.776260 182.026917 160.424423 143.467392 124.482201 112.333672 105.620636 
90.168022 93.388863 106.696030 122.643753 142.325546 177.944031 191.102112 228.763596 248.687424 275.330933 301.461792 325.561737 347.253845 365.617310 380.548370 390.682251 395.802856 397.878326 398.996735 399.654816 399.743103 399.682404 399.203735 397.712830 395.361084 385.942047 376.160248 362.030945 345.274933 324.590393 302.662933 278.406891 254.309158 230.976761 207.876389 188.771118 172.289581 156.919205 149.399490 150.926392 
112.635109 111.349762 123.501839 140.990921 161.970352 187.410202 211.849243 240.034210 267.500671 290.938538 322.153473 339.293610 359.681702 375.672699 387.117615 394.780914 397.990997 399.105896 399.574066 399.851471 399.934601 399.956177 399.794708 399.664307 397.014557 392.191498 384.524200 373.727692 359.216827 342.090698 322.460815 301.575836 281.788971 260.277161 241.187088 223.108856 207.775528 193.647827 185.669449 180.016510 
173.057343 168.407196 176.313751 190.295502 208.419159 227.426651 249.271912 272.335022 296.287201 317.512360 338.738831 355.809082 370.460480 382.987457 391.850891 397.020538 399.618439 399.899445 399.843048 399.926178 399.929382 399.936737 399.831696 399.512604 398.110352 394.815186 388.483185 379.035095 366.289551 351.018250 333.524963 319.533997 293.702667 274.923218 255.064377 238.538269 223.341705 211.566986 205.943787 208.542603 
213.465118 211.759354 217.675644 232.440674 245.147186 270.226929 285.279572 302.873383 328.357910 342.550140 359.750153 373.309937 387.372437 391.882812 396.091888 398.272888 399.398102 399.807343 399.929993 399.926727 399.928131 399.930481 399.893707 399.674255 399.172974 398.898590 394.696259 389.785767 383.638275 375.666687 367.885956 356.528015 344.253876 330.992249 318.831024 306.772552 295.579620 284.735596 283.443146 270.524872 
260.175751 258.423645 263.761414 274.435822 280.762238 298.436676 314.411377 329.623810 345.332184 357.697113 367.823669 376.404846 383.496552 389.366760 393.697632 396.641937 398.477722 399.400330 399.840424 399.933014 399.935272 399.939362 399.888000 399.701080 399.297394 398.446411 396.680420 394.222809 391.026672 389.681549 381.665863 378.332855 367.579010 358.778351 349.759735 344.633667 339.577179 339.660156 322.717468 331.397064 
267.917328 271.784088 277.563385 283.773102 303.255188 309.379059 316.072601 326.722992 337.879517 349.067322 360.080292 370.178467 378.989227 386.117767 391.312866 395.137024 397.524902 398.977753 399.945679 399.883484 399.948486 399.959625 399.794861 399.252899 398.335114 397.182587 395.111694 391.245331 384.428802 373.444366 360.031097 345.493469 331.045868 313.387604 297.622192 284.207916 271.077606 263.945984 250.078934 241.723679 
239.683777 243.458771 248.042908 261.338562 267.737976 285.003265 290.725037 301.330322 313.863617 327.533691 341.791168 355.440033 368.209503 378.286407 386.419281 391.876740 395.656189 397.867920 399.819122 399.677765 399.925903 399.719299 399.518921 399.011261 396.435669 396.055542 392.232727 382.669434 372.620544 361.248199 338.892059 323.696350 305.241547 283.201721 263.241791 248.646408 231.780396 229.493744 210.962509 201.135635 
205.990845 209.540039 216.277817 227.751770 241.923203 251.793686 258.133209 270.619659 286.215454 303.120392 320.526123 337.805298 354.136993 367.835175 379.351044 387.376984 393.131165 395.792542 398.516388 398.908112 398.996735 398.914032 399.273376 394.369537 391.780548 390.131561 380.534241 370.491394 359.797974 335.735657 311.598541 290.183838 276.343964 246.756042 224.127686 202.569519 186.690247 179.748489 184.563919 167.376038 
173.107925 177.136719 183.866135 195.880478 207.928375 222.688095 222.650314 238.323669 256.286682 275.195984 295.200745 315.768768 335.706421 353.120178 369.190247 381.161041 389.294861 392.846405 397.006775 398.859650 397.789703 397.180481 395.553040 387.617401 384.081207 378.271545 370.460236 357.226837 337.993408 317.413055 289.399933 264.487854 240.519562 228.300171 207.139572 192.817291 159.523285 149.187363 139.364578 127.416962 
142.319412 145.078613 151.232513 161.167755 177.811783 176.148621 182.701874 207.278854 223.559784 243.896454 267.112732 291.560883 314.872955 336.087677 357.591797 373.349182 384.602478 388.740936 394.080292 395.975525 395.830414 393.721619 391.982758 377.716919 372.631805 365.679535 357.575409 349.193451 323.378326 301.410217 272.692657 241.764893 211.466827 181.582520 159.584061 136.534348 128.278976 113.072533 99.140205 95.898155 
82.477417 92.532578 97.919884 107.538246 120.480934 133.923965 145.378357 168.975174 190.166870 213.370789 240.401199 268.480469 293.778564 319.197998 345.475494 364.484192 378.280457 382.450470 389.804688 393.245514 392.041321 386.430603 379.520325 368.237793 357.754456 348.824341 339.777802 330.938507 305.377777 283.695557 254.756210 227.286194 206.743713 165.976791 143.719666 116.744858 99.113144 91.181702 73.431770 53.248032 
75.178490 89.318092 96.572952 91.883530 95.829308 108.132141 113.732574 150.146973 163.460678 188.081909 217.229736 246.943008 272.694611 303.322144 333.593445 352.883545 371.327240 374.018341 383.507263 389.196350 386.081543 376.920380 366.791748 345.956665 340.509155 330.018036 326.707062 311.110596 285.680084 262.495911 230.091751 197.464951 167.953613 145.239822 117.281197 92.557632 73.351929 71.731987 64.486923 42.003658 
48.061340 62.625641 49.687939 53.459251 62.192848 70.065590 95.856026 121.839279 133.821198 162.302475 193.683762 224.695190 251.242783 291.214691 320.038757 335.742584 355.521576 361.847107 374.994812 383.562866 380.682709 365.397125 353.712646 333.957764 319.190918 307.383911 298.553009 287.302856 265.756378 246.538116 214.356323 180.923370 148.128128 121.779915 102.916031 72.987160 47.978649 46.874039 53.702995 22.272163 
33.266586 49.461025 36.322189 39.400646 44.348743 55.494778 78.079185 91.949471 111.174858 149.924530 173.781967 203.902634 235.203918 283.514465 297.384796 312.500946 330.161865 345.268860 363.140564 376.776306 366.943146 352.492554 335.453491 306.420715 298.855957 284.351990 275.327301 268.139771 243.696793 226.923294 196.112167 161.944443 128.112198 96.900177 90.338997 82.535423 28.807487 22.517473 14.330842 13.321668 
17.716154 35.275894 14.696999 17.845778 23.849228 38.057571 49.825825 68.690758 96.839394 120.872566 147.591537 185.798294 215.311035 241.960922 265.042877 284.375977 306.355408 326.297119 347.196594 368.105438 357.159729 339.354279 322.738647 287.761841 274.029449 259.641571 248.763443 245.553604 222.912292 211.710663 182.478455 146.938156 117.379990 70.515091 54.448624 39.320492 40.496532 17.090162 11.723961 7.257242 
10.159909 2.713486 4.747119 10.014944 15.057585 24.612093 38.260849 59.146954 80.637352 107.036644 134.223236 169.759018 196.431534 221.907181 237.718964 256.958130 280.708801 305.967957 328.743073 358.892212 342.185333 324.105255 304.457184 272.028229 252.075348 235.724289 221.811081 215.965378 197.535980 190.158844 173.137390 135.163803 96.606842 78.424866 46.418835 31.436792 17.627752 7.667310 3.236453 1.241661 
6.716174 2.450016 2.445572 5.422449 7.309990 16.863583 28.332701 47.090809 65.799644 91.896706 111.254135 149.112976 167.513657 177.199692 203.895676 227.155548 254.589401 285.756592 309.421326 348.067535 329.436096 307.690125 284.435425 259.790222 229.338043 212.749008 196.725906 181.329529 177.917328 167.352112 164.221191 139.588608 87.626625 62.929581 40.363911 23.384293 14.022764 3.548233 0.994960 0.152682 
0.008949 0.089218 0.322855 1.848420 2.328180 12.628019 19.326275 37.912617 50.367683 78.412186 82.993835 122.317841 133.173920 152.237625 179.657730 201.017471 230.919662 265.684937 288.894684 335.519836 316.869110 291.550171 264.541168 245.250626 211.500229 192.995209 178.246948 162.075073 147.322205 141.810516 141.468689 135.314377 88.604179 62.595596 37.503891 18.007339 11.883011 1.626975 0.252387 0.013947 
0.000450 0.002273 0.019454 0.187379 0.219537 11.644794 9.017869 32.395485 34.656696 64.893570 49.605961 86.496368 103.299957 120.593727 150.521500 173.259857 208.959091 244.615524 274.240906 324.137756 308.085236 277.710083 247.542175 216.545593 194.458832 168.733337 156.470322 140.604935 128.796432 120.425819 117.283424 104.555573 79.711266 81.618515 65.195213 11.292094 12.428930 0.835096 0.098643 0.003540 
0.000041 0.000071 0.000704 0.009984 0.032971 2.705800 6.644387 11.490764 12.059116 60.678268 26.027040 61.209412 79.283722 98.274666 131.233047 152.776321 192.878082 229.527451 262.968842 312.771606 303.864746 268.291046 237.730652 207.105713 176.279877 147.565323 135.918976 118.449570 105.180183 97.717888 94.289742 79.245056 41.692719 29.637346 0.218204 0.246009 64.887756 0.007839 0.004326 0.004772 
0.000005 0.000007 0.000043 0.000851 0.015899 0.177716 3.242886 8.755188 9.975350 3.894730 4.332266 40.256699 61.444580 80.160728 114.178497 133.119110 178.540283 217.781693 250.536423 303.126251 299.982666 263.098541 229.449631 196.612656 166.491974 128.157669 119.164185 98.254166 92.676247 79.962776 75.170853 61.970966 25.616570 59.234798 0.193385 0.186348 0.003321 0.001925 0.005246 5.905546 
0.000001 0.000001 0.000005 0.000071 0.002016 0.052150 0.613990 1.193516 1.935195 3.760763 3.857734 42.247547 52.757111 67.145241 100.967186 116.862183 170.981003 209.490891 245.746552 295.613251 305.550568 263.157654 230.980743 197.345581 164.852188 115.604912 107.517258 84.555321 75.644279 64.519653 55.753521 46.527920 0.268878 0.163359 0.048454 0.016228 0.000882 0.000548 0.001089 0.003226 
0.000000 0.000000 0.000001 0.000008 0.000120 0.003061 0.044395 0.154117 0.456957 2.112692 2.734031 14.427829 33.472702 51.104546 87.713074 101.917793 172.633957 210.434402 245.987900 294.974579 314.009735 270.364716 238.521973 205.807175 176.857285 104.461441 98.922333 75.472878 66.751518 52.586864 38.271660 18.335691 0.411065 0.155774 0.011528 0.001266 0.000196 0.000186 0.000343 0.000589 
