0.000001 0.000059 0.003526 0.411407 0.003975 0.000145 0.000065 0.000008 0.000000 0.000000 0.000000 0.000000 0.000000 0.000001 0.000059 0.003511 0.404852 0.008955 0.003417 0.017916 4.433142 0.002175 0.000067 0.000001 0.000000 0.000000 0.000000 0.000007 0.000047 0.000013 0.000007 0.000074 0.002150 3.600968 0.002120 0.000061 0.000003 0.000037 0.001925 0.096931 
0.000001 0.000045 0.001943 15.710638 0.003594 0.000853 0.002004 0.000152 0.000006 0.000000 0.000000 0.000000 0.000000 0.000001 0.000045 0.001939 15.364722 0.036688 0.031260 12.176661 0.464232 0.003720 0.000091 0.000001 0.000000 0.000000 0.000006 0.000134 0.001719 0.000310 0.000089 0.000180 0.001385 0.051098 0.001290 0.000044 0.000004 0.000048 0.001975 3.316468 
0.000000 0.000011 0.000297 0.005700 0.007753 0.010569 17.656502 0.001954 0.000045 0.000001 0.000000 0.000000 0.000001 0.000002 0.000009 0.000176 0.002498 0.006134 2.444338 0.241935 11.723401 0.001936 0.000048 0.000001 0.000000 0.000001 0.000046 0.001792 1.742444 0.006347 0.002059 0.003660 0.004052 0.050076 0.003706 0.000224 0.000014 0.000013 0.000197 0.002408 
0.000001 0.000006 0.000099 0.002211 3.079659 3.510933 0.014665 0.000821 0.000036 0.000001 0.000000 0.000007 0.000054 0.000055 0.000012 0.000019 0.000238 0.002755 9.164106 0.006879 0.002369 0.000168 0.000007 0.000000 0.000000 0.000001 0.000057 0.001981 9.227778 1.758094 9.344510 3.257867 15.885945 2.702514 9.379047 0.002171 0.000181 0.000084 0.000099 0.000242 
0.000060 0.000063 0.000264 0.004727 0.904061 0.222230 0.013091 0.003410 0.000213 0.000009 0.000008 0.000161 0.002059 0.002063 0.000218 0.000028 0.000099 0.002652 4.074728 0.003099 0.000217 0.000013 0.000001 0.000001 0.000000 0.000001 0.000047 0.001794 1.739235 0.404901 2.010738 0.007973 0.002475 0.004306 0.005868 0.005593 0.004190 0.003701 0.002092 0.004023 
0.003326 0.001996 0.003160 0.007133 5.786366 0.291220 0.294325 16.217781 0.001965 0.000054 0.000055 0.001987 3.314164 3.365697 0.003588 0.000248 0.000099 0.001904 5.915413 0.001823 0.000057 0.000003 0.000007 0.000042 0.000011 0.000004 0.000013 0.000179 0.002362 0.006119 11.482006 0.002409 0.000251 0.000287 0.002482 15.582781 0.427085 0.427763 18.034859 0.449292 
0.310911 16.864458 0.149823 0.143663 2.897978 0.217017 0.008325 0.002551 0.000201 0.000011 0.000009 0.000174 0.002405 0.006936 15.637465 0.002208 0.000170 0.000474 0.002837 0.000193 0.000015 0.000010 0.000155 0.001944 0.000308 0.000097 0.000083 0.000102 0.000428 0.004840 0.353576 0.003530 0.000083 0.000019 0.000175 0.001976 0.003612 0.003887 0.003270 0.010801 
0.266287 0.006598 0.003147 0.003121 0.007519 17.824888 0.002574 0.000306 0.000103 0.000010 0.000001 0.000011 0.000197 0.004300 0.403398 0.005213 0.000973 0.002916 0.000686 0.000138 0.000068 0.000084 0.002052 17.736778 0.005970 0.002370 0.002651 0.001951 0.003973 0.011816 0.354691 0.003407 0.000061 0.000002 0.000009 0.000058 0.000072 0.000122 0.000741 0.013665 
2.639475 0.002718 0.000233 0.000259 0.003833 0.166218 0.003303 0.000624 0.002093 0.000164 0.000008 0.000002 0.000075 0.003615 0.403085 0.017172 0.020063 3.239964 0.006647 0.003157 0.002001 0.000267 0.000476 0.007128 2.240937 8.063473 4.830377 6.669940 0.258717 0.262309 14.517672 0.001934 0.000045 0.000002 0.000008 0.000054 0.000017 0.000058 0.001999 3.336174 
2.228972 0.002294 0.000128 0.000382 0.007396 0.160147 0.005570 0.008856 17.746685 0.002126 0.000080 0.000006 0.000048 0.001942 14.788864 0.171611 0.165951 3.643173 0.167905 0.173411 15.686432 0.002518 0.000347 0.003647 0.899080 0.159337 0.142874 0.008180 0.005596 0.007970 0.003133 0.000201 0.000009 0.000008 0.000148 0.001931 0.000155 0.000025 0.000168 0.002063 
0.002128 0.000203 0.000090 0.002078 3.312021 3.350642 0.004767 0.001753 0.012090 0.005699 0.000391 0.000024 0.000011 0.000171 0.002349 0.007336 0.172048 0.028311 0.007883 0.012853 0.187042 0.003292 0.000231 0.002229 9.720760 0.152610 0.147807 0.005201 0.002348 0.011255 0.000676 0.000034 0.000004 0.000049 0.001929 12.027139 0.001941 0.000054 0.000013 0.000055 
0.000058 0.000011 0.000016 0.000199 0.002608 0.006566 0.008906 0.003671 0.007560 4.774286 0.003790 0.000229 0.000012 0.000015 0.000197 0.002380 16.518934 0.026869 0.016981 0.024763 0.183886 0.009402 0.001813 0.000987 0.019138 0.060215 17.173717 0.019309 0.024223 13.114313 0.001960 0.000054 0.000005 0.000102 0.004316 1.408558 0.004279 0.000096 0.000002 0.000001 
0.000003 0.000008 0.000048 0.000039 0.000254 0.002703 3.422160 0.077720 0.075603 1.984632 1.818832 0.002043 0.000057 0.000004 0.000062 0.003111 0.058122 12.671465 0.546547 0.542455 3.504029 0.137935 0.079599 0.023168 0.023218 16.741701 0.102131 13.868052 0.605702 0.615645 0.003951 0.000113 0.000009 0.000087 0.002106 12.082888 0.001929 0.000048 0.000001 0.000000 
0.000009 0.000150 0.001921 0.000186 0.000124 0.002237 3.300699 0.008372 0.004764 0.008175 4.868384 0.002144 0.000057 0.000014 0.000619 0.014448 0.109475 23.616241 3.672666 3.104558 12.553678 1.432765 1.389772 0.512587 0.171445 0.353407 0.007425 0.003467 0.006675 13.150871 0.002380 0.000219 0.000051 0.000356 0.005521 0.005455 0.000281 0.000010 0.000000 0.000000 
0.000065 0.001974 12.514091 0.002062 0.000106 0.000268 0.003095 0.001457 0.007986 0.001387 0.002617 0.000194 0.000015 0.000571 0.018051 0.036271 10.535913 23.670818 8.161225 12.081726 29.950527 6.408206 2.684747 3.856399 1.553885 0.387933 0.021700 0.001865 0.000843 0.003780 0.000937 0.002412 0.000496 0.002940 17.653364 0.002112 0.000072 0.000002 0.000000 0.000001 
0.000147 0.004477 1.132545 0.004619 0.000178 0.000140 0.000662 0.003288 3.388047 0.002621 0.000267 0.000019 0.000258 0.018511 0.450645 1.056898 14.676749 33.846981 26.729521 20.461746 41.865257 13.788064 18.901150 8.108011 3.806465 2.157206 0.347822 0.087554 0.003598 0.001090 0.003852 17.725273 0.002876 0.000454 0.001954 0.000156 0.000008 0.000001 0.000007 0.000054 
0.000288 0.002475 12.528218 0.002868 0.000486 0.002096 0.005984 0.008513 3.362595 0.002591 0.000258 0.000083 0.003653 0.151936 1.784970 3.462160 19.290438 40.534721 39.864452 45.357601 67.887398 33.656536 19.628670 13.905129 22.776194 4.995124 3.224903 3.317082 16.026939 0.003032 0.000555 0.002389 0.000225 0.000029 0.000044 0.000006 0.000001 0.000007 0.000160 0.002062 
0.002725 0.000792 0.002397 0.000501 0.002831 10.752212 2.017751 11.305798 0.005187 0.001103 0.002482 0.002794 0.032205 0.692971 3.480536 9.082911 15.476395 43.998192 61.833447 75.636833 99.085854 60.479492 43.387894 35.221821 19.531427 10.188683 4.271482 1.184425 0.153723 0.002048 0.000082 0.000209 0.000029 0.000002 0.000001 0.000000 0.000001 0.000046 0.001972 3.321023 
2.279198 0.002646 0.000247 0.000137 0.003693 0.345949 0.030828 0.014808 0.001750 0.004703 17.645359 0.147334 0.170414 2.008404 4.408858 22.544474 25.678856 52.103638 81.176079 103.810478 133.175659 89.651382 69.599701 49.759312 28.316000 22.840988 4.544241 2.015471 0.157924 0.003371 0.000365 0.002283 0.000168 0.000007 0.000000 0.000000 0.000001 0.000032 0.000709 0.013275 
2.267363 0.002218 0.000087 0.000088 0.003493 0.347426 0.023714 0.011650 0.004670 0.001142 0.003156 0.012004 0.164558 2.369775 9.379541 17.260273 38.870102 67.918442 99.448898 127.536980 166.450958 117.291634 94.115135 68.611420 41.463840 19.637327 10.946934 2.429016 0.449634 0.015794 0.013170 10.418124 0.001901 0.000047 0.000001 0.000000 0.000007 0.000201 0.003188 0.010360 
0.002141 0.000181 0.000018 0.000084 0.002114 14.326045 0.400654 0.401051 15.602159 0.003067 0.000654 0.003823 11.158410 23.833891 47.736050 65.080215 95.542641 128.376785 159.341217 188.870575 391.421936 155.648773 121.109940 84.960014 51.376274 24.752747 16.258430 2.946839 0.930624 0.025153 0.015365 2.142801 0.003891 0.000092 0.000002 0.000001 0.000044 0.001938 15.587810 0.410461 
0.000058 0.000009 0.000013 0.000290 0.005585 0.016086 0.005609 0.003822 0.001957 0.000203 0.000120 0.005584 0.134570 2.328201 9.352490 17.287960 39.208881 67.098366 95.727486 122.049423 160.015625 127.634445 100.566719 73.550583 49.338573 31.842577 21.752073 13.672328 12.360518 9.505591 1.094000 9.197460 0.001888 0.000050 0.000001 0.000001 0.000029 0.000469 0.003281 0.004119 
0.000002 0.000002 0.000043 0.001948 17.629698 0.011930 0.000820 0.000134 0.000051 0.000008 0.000023 0.002393 0.123108 1.968128 4.380714 22.600727 26.636908 49.711723 74.258904 96.469719 126.108025 102.174500 76.263290 50.136852 27.476799 23.478340 7.926351 3.276766 2.495662 2.271288 0.011239 0.003590 0.000482 0.000032 0.000003 0.000014 0.000220 0.002889 0.000731 0.000271 
0.000001 0.000001 0.000010 0.000319 0.006157 11.176061 0.001967 0.000072 0.000005 0.000000 0.000003 0.000409 0.030017 0.688331 3.460626 9.430223 16.870319 36.670300 50.116592 68.300690 91.106628 75.866440 53.435314 36.305504 18.609264 12.452762 4.120293 1.313620 1.916636 10.143044 0.003637 0.001038 0.002895 0.000264 0.000049 0.000202 0.002381 16.947863 0.006159 0.002528 
0.000054 0.000008 0.000005 0.000136 0.004640 2.333440 0.004950 0.000248 0.000012 0.000000 0.000000 0.000035 0.003508 0.147101 1.653682 4.012138 18.008806 17.393866 27.012068 40.882309 58.876007 49.890469 33.484821 15.525794 8.093320 3.829370 0.468563 0.510617 16.308048 0.004194 0.000680 0.003228 15.610615 0.003270 0.000766 0.002384 0.006755 0.113512 3.387269 0.096294 
0.002060 0.000189 0.000022 0.000069 0.001973 12.183688 0.005787 0.002226 0.000150 0.000006 0.000000 0.000002 0.000185 0.012426 0.301624 2.159644 4.733573 10.076529 22.810886 19.756435 33.904713 27.955795 37.249226 11.376315 3.745499 0.700081 0.183663 0.295864 0.007124 0.000439 0.000168 0.003948 0.409887 0.010146 0.013629 16.726913 0.157053 0.150874 3.378109 0.116370 
3.317564 0.002574 0.000241 0.000211 0.003481 0.219154 0.214788 6.395602 0.001820 0.000045 0.000001 0.000000 0.000005 0.000426 0.019472 0.334066 2.714157 3.977416 4.482241 10.960458 27.463766 15.997518 14.532228 7.760946 1.556328 0.329342 0.155660 2.194506 0.003070 0.000114 0.000091 0.003632 0.409870 0.004682 0.000699 0.002024 0.002546 0.002931 0.005956 3.351687 
0.112365 0.006735 0.002665 0.002970 0.008965 0.217524 0.215616 3.144956 0.002754 0.000091 0.000004 0.000001 0.000001 0.000012 0.001024 0.056291 2.136137 1.056366 2.018500 3.058518 16.707512 2.954735 2.009284 15.880278 0.036523 0.016027 0.046941 10.475493 0.002107 0.000083 0.000064 0.001991 15.597009 0.002076 0.000102 0.000074 0.000063 0.000141 0.001027 0.013420 
0.114207 3.726617 3.876461 0.140917 0.143317 7.468766 2.567847 5.130513 0.002652 0.000240 0.000080 0.000061 0.000046 0.000013 0.000108 0.006222 4.385191 0.152117 0.184574 0.684482 15.414904 1.185632 0.699006 2.219104 0.047368 0.049254 6.380687 1.192452 0.001841 0.000070 0.000018 0.000186 0.002380 0.000194 0.000032 0.000064 0.000039 0.000286 0.003645 0.010488 
0.012705 0.170400 0.007007 0.002978 0.002942 0.006293 1.233716 2.602988 0.006207 0.002518 0.003668 0.003537 0.001947 0.000186 0.000105 0.002215 3.307929 0.005264 0.003826 0.011746 12.671618 0.340070 0.334192 10.592771 0.003742 0.001263 0.002450 0.002827 0.000483 0.000114 0.000059 0.000090 0.000221 0.000066 0.000214 0.002005 0.000456 0.002850 15.595495 0.409873 
0.016684 0.175646 0.003221 0.000191 0.000169 0.002202 9.785591 0.023295 0.028416 15.925303 0.410615 0.410485 15.504626 0.002219 0.000128 0.000201 0.001991 0.000232 0.000229 0.005089 2.004175 0.013534 0.004731 0.002042 0.000224 0.000053 0.000154 0.000635 0.002973 0.002316 0.002620 0.002721 0.002404 0.000500 0.002945 17.770557 0.002869 0.000449 0.001953 0.003525 
0.308768 14.869225 0.001970 0.000057 0.000018 0.000182 0.002002 0.000915 0.000987 0.001963 0.003619 0.004186 0.005800 0.005691 0.000310 0.000033 0.000056 0.000038 0.000224 0.002353 11.396627 0.002734 0.000486 0.000115 0.000015 0.000015 0.000262 0.004177 3.154499 4.154468 0.176684 0.182132 16.571306 0.002870 0.000458 0.001968 0.000195 0.000028 0.000048 0.000059 
0.273843 0.005779 0.000301 0.000014 0.000011 0.000075 0.000094 0.000039 0.000030 0.000051 0.000074 0.000187 0.002315 17.696039 0.001967 0.000050 0.000019 0.000181 0.002397 0.000830 0.003005 0.000890 0.002815 0.000283 0.000028 0.000053 0.001975 17.656521 0.006652 0.002867 0.002739 0.002597 0.001968 0.000204 0.000038 0.000050 0.000008 0.000001 0.000001 0.000001 
3.274768 0.002171 0.000082 0.000015 0.000142 0.001793 0.000350 0.000079 0.000015 0.000006 0.000002 0.000010 0.000163 0.001943 0.000151 0.000012 0.000050 0.001958 15.665582 0.003097 0.000614 0.003115 17.721785 0.003714 0.000253 0.000044 0.000213 0.002562 0.000518 0.000321 0.000096 0.000054 0.000052 0.000027 0.000053 0.000016 0.000003 0.000000 0.000000 0.000000 
0.002057 0.000170 0.000014 0.000052 0.001815 1.756814 0.006465 0.002011 0.000280 0.000074 0.000009 0.000001 0.000007 0.000041 0.000006 0.000002 0.000059 0.003403 0.355179 0.004666 0.000347 0.000402 0.004057 17.706087 0.002551 0.000253 0.000158 0.000310 0.000545 0.002632 0.000209 0.000015 0.000017 0.000169 0.001974 0.000292 0.000073 0.000008 0.000001 0.000001 
0.000054 0.000007 0.000003 0.000057 0.001964 8.349671 2.846971 8.104728 0.005350 0.002117 0.000178 0.000013 0.000001 0.000001 0.000000 0.000001 0.000059 0.003391 0.353309 0.012796 0.002421 0.000341 0.000529 0.006048 0.005965 0.002726 0.002861 0.002512 0.007184 3.546488 0.002206 0.000099 0.000111 0.002197 17.613802 0.005570 0.002116 0.000203 0.000030 0.000058 
0.000001 0.000000 0.000001 0.000047 0.001803 1.754512 0.006616 0.002169 0.005585 17.703526 0.002361 0.000191 0.000012 0.000001 0.000000 0.000002 0.000055 0.001922 10.757282 2.030976 11.306332 0.002429 0.000286 0.002441 2.301680 7.671270 5.818421 8.739454 1.415076 2.778990 0.002592 0.000324 0.000568 0.005671 0.007766 0.012261 17.612183 0.002891 0.000468 0.002084 
0.000000 0.000000 0.000000 0.000006 0.000133 0.001702 0.000321 0.000111 0.000322 0.002382 0.000721 0.002342 0.000169 0.000007 0.000001 0.000008 0.000083 0.000214 0.002007 0.004285 0.001918 0.000181 0.000077 0.001836 0.080969 0.005727 0.002926 0.001928 0.003078 0.002383 0.000769 0.002658 0.006311 17.656094 0.003617 0.000864 0.001971 0.000455 0.002897 3.343086 
0.000000 0.000000 0.000000 0.000000 0.000005 0.000036 0.000010 0.000004 0.000018 0.000203 0.002369 15.566049 0.001955 0.000049 0.000012 0.000167 0.002064 0.000234 0.000092 0.000103 0.000048 0.000010 0.000042 0.001789 0.083162 0.002406 0.000196 0.000065 0.000102 0.000223 0.002398 15.529312 0.005878 0.002369 0.000245 0.000042 0.000049 0.000029 0.000208 0.002113 
0.000000 0.000000 0.000000 0.000000 0.000000 0.000001 0.000000 0.000000 0.000002 0.000078 0.003644 0.407219 0.003563 0.000076 0.000065 0.002089 3.327979 0.002110 0.000071 0.000005 0.000002 0.000002 0.000060 0.002125 3.703300 0.002171 0.000077 0.000006 0.000005 0.000080 0.003653 0.406797 0.004299 0.000217 0.000015 0.000001 0.000001 0.000001 0.000010 0.000072 
