0.000175 0.000965 0.008446 2.319949 0.011770 0.002672 0.000844 0.000242 0.000120 0.001057 0.018243 0.220823 1.552427 4.622383 19.461475 25.656626 59.949043 100.593819 115.678185 86.041000 67.878113 51.756145 43.383198 28.735664 21.863594 14.477414 8.207338 4.050762 0.812429 0.484326 0.132790 0.078834 0.072144 7.257462 0.003620 0.000813 0.000437 0.001179 0.008006 0.217952 
0.000095 0.000352 0.002446 27.740992 0.007120 0.003803 0.003152 0.002777 0.004162 0.032072 0.283852 1.351754 4.101618 8.727093 25.177660 29.445078 86.064316 123.891617 127.990829 102.077087 66.086472 61.647709 48.629093 34.540806 26.765711 19.332077 12.473807 7.071281 2.418918 3.043367 1.072493 0.733030 0.218289 0.514452 0.012578 0.001922 0.000571 0.000695 0.003239 5.611281 
0.000090 0.000262 0.001130 0.007973 0.012483 0.016049 61.590378 0.155573 0.144617 0.524184 1.897901 4.966689 9.826522 15.567209 33.134075 38.361305 87.794205 140.546097 135.980743 107.233231 91.038254 68.420403 58.812538 44.814121 38.033329 29.197758 20.073355 11.966938 5.485591 3.445232 1.222608 0.998077 0.224905 0.513066 0.016305 0.002889 0.000982 0.000835 0.001735 0.007550 
0.000230 0.000393 0.001202 0.004045 4.494424 6.595300 0.801194 0.302556 1.512182 3.230229 6.711397 10.931676 18.369638 28.643236 47.864143 54.392658 89.593658 126.287132 160.094666 126.547104 104.136497 84.337112 76.049561 61.477200 51.930447 42.168018 31.560291 22.307917 18.537600 9.385808 16.794641 10.224509 41.058044 5.423103 12.072729 0.005230 0.002592 0.002039 0.001859 0.004094 
0.001137 0.001102 0.004186 0.012168 2.060444 4.443105 0.800797 0.322996 2.666693 6.413517 12.184295 21.367365 29.735912 39.969357 62.189423 75.342499 104.115082 138.133743 183.334717 147.822342 120.525055 103.259262 94.362129 79.740662 74.004875 62.259907 49.594177 40.412182 35.871445 15.698752 14.083415 28.371849 39.124962 12.819489 9.783468 0.016122 0.015484 0.012821 0.004360 0.013146 
0.007942 0.003492 0.054127 0.065704 12.458838 6.743833 5.887541 34.223854 14.373634 16.620037 23.129374 33.856945 46.653259 60.626106 74.922127 92.459724 121.509277 149.372864 212.842087 169.503052 144.895340 128.681442 121.653732 108.598206 95.271225 82.945549 69.995621 58.959034 48.794304 37.899101 44.497959 48.681999 53.572021 38.086998 36.514648 32.750908 3.619216 3.638206 59.259312 2.681576 
0.630617 56.618984 2.188372 2.095041 10.162081 6.646676 9.477317 30.786221 32.153419 33.290134 39.833241 50.364315 64.998848 78.478249 106.495377 115.288063 141.869217 161.985214 237.310654 188.262787 170.550354 155.832794 146.495880 129.621262 127.158913 112.936287 98.491402 89.267303 86.599442 66.856262 64.318474 54.275932 36.631516 18.580496 10.798303 3.564234 0.437993 0.045664 0.020608 0.183857 
0.599537 2.270086 1.705675 4.804656 5.546257 48.959534 26.518366 40.843956 55.246998 60.511326 67.711723 76.785606 90.988930 103.018173 131.048553 145.087418 171.378494 185.295822 255.076248 214.996231 201.750381 186.150818 178.705719 172.061172 154.514023 141.939240 130.666977 119.519592 109.391769 86.944870 76.121208 58.511589 37.342850 20.232492 11.177789 3.402978 0.488917 0.031504 0.016826 0.186718 
5.603077 2.326628 2.580687 9.720041 10.836264 59.386246 54.217567 68.846909 69.237869 79.985687 91.630920 102.877480 118.330536 131.595673 155.376923 172.125900 196.583664 210.885391 276.001831 241.555176 229.363388 217.618073 210.519455 200.133926 190.341370 178.316086 163.720123 154.777557 134.439590 113.473091 96.474724 61.342182 46.110603 25.845861 15.035372 5.360148 1.433432 0.179305 0.131456 5.750296 
4.309855 2.635938 3.382744 11.588537 13.798972 50.918697 69.304108 82.753181 120.956512 114.334175 122.517990 133.410904 150.050049 161.755798 188.826431 206.790146 230.666443 240.148743 296.340179 269.306915 263.061920 249.636322 243.570343 234.512543 222.248032 215.764633 199.297775 181.228622 154.891418 125.834839 96.793999 70.436600 50.865688 28.312500 16.297661 6.531999 3.113551 0.605104 0.076597 0.033506 
0.074611 0.546939 3.273379 5.909623 14.571599 40.299652 72.936966 82.674004 124.058617 143.460342 155.878342 165.804611 182.053558 194.344498 213.574341 239.780060 258.958832 268.887634 315.773468 296.991699 291.120850 280.321777 275.309845 267.505707 260.728760 246.000015 221.843842 199.922333 167.030380 137.762436 110.350250 83.585213 62.999165 40.527550 29.862465 21.500481 3.122990 2.222276 0.430683 0.041193 
0.068901 0.833493 5.378795 9.497210 18.723400 33.996994 56.301983 83.041504 112.394630 155.487396 180.673355 198.591003 216.136780 228.504166 245.115601 263.075195 293.922485 297.145142 337.718933 322.854279 318.723328 309.754547 305.699677 297.470154 291.436859 269.953949 255.968155 215.606735 191.257187 160.814835 119.780037 97.949379 71.454956 48.732159 33.206955 17.941551 10.120100 6.847569 1.690006 0.302257 
0.177116 1.437170 7.125094 13.650688 26.555082 41.044605 66.823112 90.500862 117.745720 156.510559 196.117691 219.703003 243.669540 258.984680 275.560181 290.213013 311.216766 326.749664 355.327667 346.549408 346.567841 335.782501 331.908508 324.825500 314.417755 293.969177 263.957794 238.935104 198.817520 169.594101 140.502457 116.293762 90.515732 67.784279 52.523808 36.069229 16.604727 12.845258 3.392313 1.181469 
0.446473 2.163793 7.710111 14.510596 29.554789 45.952145 71.906357 95.946846 128.222076 159.434479 204.141541 234.762268 264.615021 284.758820 300.955902 315.903778 330.572998 343.040527 367.586639 366.223785 366.836731 357.890259 354.896667 346.967102 334.283447 312.447571 285.660980 256.466248 223.859055 196.032715 157.771576 131.599747 99.493713 76.520348 55.618912 41.211441 27.262032 19.237474 7.738758 4.400010 
1.168415 1.479799 20.275923 25.181314 40.138977 57.693436 79.815048 105.386078 136.768250 169.870255 205.888199 243.288788 278.049805 304.511047 322.848999 336.784698 352.640930 360.338135 377.041809 381.134186 379.585785 375.101227 371.733673 364.800262 348.730469 324.059326 297.516388 267.055573 234.824127 204.918671 177.540283 153.046829 131.362473 105.418549 92.367882 47.444271 39.814083 25.123842 13.646147 8.982491 
4.793277 5.838607 10.693266 25.004906 45.383343 67.551849 92.995453 118.817162 156.736908 184.337036 217.700485 252.395889 286.819458 316.423767 338.210327 352.974121 363.753876 372.772339 384.544373 390.367432 389.822113 387.258148 386.660187 375.082489 358.359528 336.679352 312.214661 286.071564 260.310791 236.379395 207.898590 188.056870 143.892227 123.505119 93.703041 69.084084 60.511890 42.037945 32.157902 26.888138 
16.049236 16.599028 35.806831 49.004181 81.920967 89.132919 117.988838 137.993942 171.648621 200.076599 234.131134 267.335632 299.834808 328.233063 351.161377 366.118988 375.930084 383.068726 390.557220 395.574066 395.675140 394.248291 391.533722 383.425934 369.749603 351.061249 331.718262 309.483032 287.639221 254.509399 225.367584 193.263458 162.185333 136.273697 108.193428 87.574089 70.560448 51.979240 40.664356 34.018353 
22.986059 23.863096 34.377335 52.397861 71.096252 110.151825 125.491936 166.404480 189.832489 220.201538 251.378876 281.751587 310.828064 336.835815 358.710297 373.736664 382.956512 389.375824 394.548859 398.009552 398.342499 397.714752 395.627747 390.187012 382.175079 364.875427 347.919739 324.858551 299.501678 270.571442 241.157089 210.574921 182.582397 156.097382 131.917007 112.977844 96.549232 82.012230 76.134079 76.132347 
38.802425 37.510544 47.524467 66.956070 89.234993 117.882393 146.402695 179.492874 211.997604 239.683365 276.567383 301.382690 330.231812 353.758209 370.828857 383.286377 389.971649 394.396759 397.398376 399.101318 399.490082 399.634888 398.229370 396.527710 388.313354 377.120056 360.786285 340.693756 316.133179 290.098969 262.189514 234.813599 210.268127 184.930832 164.239182 145.091232 129.471252 115.725082 108.867867 103.654083 
103.680031 99.865356 106.220657 121.761009 141.545212 163.314255 189.474792 217.190552 247.025696 273.839691 301.373260 324.318817 345.209198 364.098816 377.960419 387.691437 395.343201 398.259827 398.851288 399.571381 399.750214 399.638916 398.872894 396.946564 391.790527 382.057220 367.096863 347.657776 324.741150 300.417419 274.817566 253.998062 222.379562 200.102203 177.199585 159.560516 143.619904 132.379181 128.437424 134.078629 
77.025635 82.612709 95.050735 112.494759 129.080109 162.656326 186.626968 212.220581 248.404083 274.963806 304.455261 329.876740 356.366821 369.934875 382.817566 391.177185 396.122040 398.507050 399.511963 399.785919 399.918793 399.681305 399.297760 398.030945 395.309570 392.042694 381.377930 370.187103 358.400330 344.872711 334.057617 317.795319 301.423126 284.172119 269.712646 255.727020 243.068024 230.586273 226.903214 213.473450 
68.032707 73.248413 88.387032 98.701759 122.695053 147.141449 173.134399 203.877686 234.861603 265.506653 293.689728 319.423126 340.954407 359.128510 373.483337 384.384644 392.029541 396.320282 398.738251 399.578827 399.808258 399.747955 399.234833 398.202026 396.046539 391.268890 382.908081 371.918518 357.905060 346.019318 324.778625 311.811157 287.862183 271.098724 252.319016 237.427429 222.468964 211.772568 202.768921 202.397903 
51.656399 57.750149 73.026161 80.724182 125.075676 142.744629 165.735687 198.941483 231.270645 261.070740 288.408813 312.751312 333.954498 352.343231 366.914368 379.355347 388.082550 393.617065 398.720215 398.920593 399.490997 399.630249 398.281494 395.489990 391.646088 386.231079 378.653442 368.969116 356.599945 341.107239 324.071198 305.493256 287.493988 268.365906 250.142441 234.724274 219.898209 210.148041 199.564850 197.744598 
45.874195 54.181705 63.581848 82.477219 98.666496 131.455292 157.580475 187.169540 216.625824 244.707123 271.496399 295.770172 318.738800 337.917938 355.723877 369.672119 381.263214 388.604828 396.937378 396.966858 398.436859 397.204132 396.538513 392.287292 384.619049 379.739868 370.679382 357.283234 346.455231 333.692352 310.622131 294.504272 274.147705 249.852936 228.190338 213.841461 196.282806 193.232620 178.626419 174.501938 
41.108246 49.493637 59.052433 77.474792 97.508072 121.485138 148.881439 176.627548 204.457733 231.125229 256.389160 280.315582 303.173004 323.247559 342.625885 358.608124 373.343933 381.254089 391.641357 392.809906 393.034698 392.932373 394.432800 379.968964 373.356201 365.805481 350.177704 337.889954 327.780396 305.233154 279.313324 256.673462 240.592041 211.585876 188.212265 166.465408 152.181152 148.410294 158.470535 147.019821 
41.587513 49.329506 58.738667 77.973885 93.436966 127.561272 146.020477 168.370453 191.150818 213.260788 235.911072 259.248566 282.624512 303.924652 326.193970 345.485535 362.154541 371.058289 385.874268 389.161224 387.150177 386.730652 385.666138 366.151215 358.177795 345.735107 332.832764 317.915009 299.374512 281.814453 253.637741 228.447388 204.348602 194.965393 174.573242 158.845627 127.821968 121.312836 114.872589 107.771484 
68.666100 72.341583 83.356972 101.603378 123.214966 121.579918 125.795227 147.069733 165.006531 184.429581 207.971893 233.589767 258.918274 282.861053 309.968201 330.843658 349.903992 358.193298 375.730225 379.092468 379.433868 378.327057 375.860657 347.226624 337.601288 324.185944 310.743469 301.779144 278.277679 260.853790 235.012955 203.881989 173.380737 144.166306 123.962944 102.485947 97.024651 85.962845 77.425819 73.842232 
4.527215 12.041519 26.594734 48.438206 68.713722 82.626801 91.302116 113.287254 132.718765 154.432373 181.587540 210.403061 236.860947 264.690460 295.232544 316.266510 334.544586 340.443909 362.725800 369.521790 369.072113 365.465759 354.881561 328.378662 312.808716 297.116333 282.217102 272.033691 249.573807 235.525406 213.179153 188.039200 166.842346 128.646240 109.090118 84.212311 68.947540 64.746506 53.205318 33.798775 
4.288489 11.966839 37.081177 43.867237 50.177589 59.078102 63.194828 97.012115 110.209938 132.988235 161.931168 191.672287 217.682831 250.523331 282.324982 298.545929 316.814636 320.075104 345.913300 357.673889 356.701050 348.956482 332.843903 293.908142 285.831970 268.851807 261.278351 241.681458 218.663040 204.930191 183.135406 154.746323 126.630371 106.830238 82.549255 61.627125 44.919659 46.301292 46.357162 24.460949 
1.889050 7.002239 12.520168 16.707783 25.675926 30.764174 54.000069 75.927780 86.648361 112.576073 143.702057 174.275452 200.388855 243.369705 266.367554 273.088440 291.215790 296.780396 326.310547 343.299164 344.639282 329.223267 311.466614 272.654877 252.964493 235.624588 223.786163 209.525528 186.361893 178.115540 161.793137 136.830673 106.019379 81.633362 67.880714 43.795925 22.298304 24.487419 36.851086 6.793505 
1.438963 6.643583 11.273481 13.711231 17.646194 24.772383 45.576786 56.399124 71.374397 108.775337 131.270569 160.214630 190.793259 243.147568 237.492523 243.265274 258.153900 272.027466 303.405212 327.413239 323.220764 308.107330 281.972809 233.245758 223.412567 203.031616 191.962219 184.948059 154.460373 146.615906 135.071426 115.937767 86.364281 56.013527 53.450565 56.924252 6.059799 4.331835 0.587476 0.517598 
1.282734 30.184378 3.780385 3.663237 6.410188 16.897942 25.006628 39.676212 64.243690 85.692131 111.793480 150.776581 175.705032 194.182999 203.138779 211.603256 229.510513 247.432602 277.212524 309.059753 306.463074 287.462616 263.678009 206.782013 188.242264 169.350220 156.849472 157.268158 124.672134 120.630066 112.390465 98.561897 78.496353 32.117477 20.564150 9.892399 10.770524 3.101969 0.499809 0.103951 
0.947657 0.020497 0.279116 0.717349 2.621423 9.077518 19.293617 36.220242 55.548115 79.762718 108.501335 146.603195 162.620956 174.103256 172.969864 180.788818 199.710083 223.145325 250.869751 291.035797 283.344086 264.790039 237.205566 186.741058 159.817337 138.837708 122.900040 119.357079 93.630081 89.422386 90.035492 83.032242 58.053036 44.488716 17.352480 7.990381 3.171896 0.736071 0.065538 0.005110 
5.388135 0.011497 0.014750 0.112904 0.927019 7.389360 16.726711 32.500000 49.993752 74.995941 98.396942 139.941544 131.771591 126.830544 139.497208 149.344406 170.966644 200.462692 224.405579 273.211456 264.591309 241.803894 208.469208 174.454376 132.260300 111.813148 93.622154 77.215393 75.633080 63.838676 65.487488 77.246666 52.963867 32.633617 14.642570 3.287696 1.194164 0.113346 0.004474 0.000198 
0.002650 0.000719 0.000911 0.017088 0.174421 7.627220 14.011309 29.920025 40.552914 68.500961 76.196007 117.582825 101.302849 105.687035 115.524834 121.394485 145.225082 177.858398 198.817993 254.581741 246.472153 220.773605 184.464005 160.055069 114.580429 92.981201 76.702454 60.149532 44.246254 40.471420 41.464493 59.887764 50.545944 34.074856 14.259274 1.513550 0.527527 0.022266 0.000521 0.000076 
0.000238 0.000134 0.000127 0.000742 0.004069 11.105226 5.942437 24.215454 24.240845 56.719982 44.690918 82.585007 74.649231 75.011383 85.897621 92.786850 122.876022 154.823730 184.249405 240.457382 235.315887 204.627090 165.564362 126.156464 100.267982 70.239784 58.146454 43.629818 31.062159 25.165136 25.481380 45.241646 43.767128 43.220543 58.508595 0.544320 0.555288 0.013811 0.000592 0.000360 
0.000032 0.000027 0.000047 0.000236 0.002551 2.407133 0.202486 0.233642 0.256824 55.569199 22.208288 57.635929 53.198715 54.537418 67.201805 72.714294 108.434204 140.420151 173.662048 228.679611 228.883301 195.353455 157.433136 120.863396 84.151291 51.161366 41.901306 26.423618 13.014900 10.907788 12.813059 33.141243 32.123867 27.168200 0.016050 0.022591 63.453411 0.004690 0.001756 0.002870 
0.000004 0.000005 0.000015 0.000081 0.000447 0.003251 0.076585 0.197521 0.250747 0.026412 0.453709 36.473705 36.359333 37.152493 50.278439 54.223991 97.173447 131.438644 162.976944 221.390228 223.233444 193.129410 152.248260 114.084343 81.327713 37.490295 31.079918 13.788835 10.709741 5.149238 6.497080 28.344025 20.541498 59.059212 0.007098 0.003623 0.002571 0.001670 0.004963 5.721895 
0.000000 0.000001 0.000003 0.000018 0.000076 0.000259 0.002834 0.009164 0.015986 0.021924 0.035126 37.991665 24.873354 25.603909 39.452320 42.341465 95.669662 127.634552 162.870453 217.617172 226.421936 198.006836 160.762573 123.370468 89.215271 32.595749 27.566881 9.972834 5.919171 2.975444 2.916799 35.236538 0.022040 0.006192 0.001773 0.000722 0.000384 0.000468 0.000996 0.003116 
0.000000 0.000000 0.000001 0.000004 0.000016 0.000035 0.000090 0.000284 0.001071 0.011408 0.136600 10.326816 16.970526 19.005035 33.137424 35.063419 109.549225 140.718765 174.221588 226.178482 227.358688 212.899887 179.308670 142.911896 111.490372 24.249760 21.491287 4.850704 2.163224 0.581655 0.540843 3.694242 0.026124 0.003308 0.000805 0.000253 0.000125 0.000147 0.000289 0.000521 
