0.000083 0.000579 0.006239 3.303452 0.008131 0.001523 0.000433 0.000103 0.000018 0.000002 0.000000 0.000000 0.000005 0.000055 0.000559 0.006288 2.976429 0.053049 0.038513 0.059536 10.384019 0.002310 0.000251 0.000033 0.000004 0.000003 0.000015 0.000067 0.000171 0.000161 0.000195 0.000569 0.002792 8.790714 0.002613 0.000446 0.000218 0.000760 0.006508 0.229777 
0.000040 0.000185 0.001876 46.171913 0.004669 0.002239 0.002243 0.000301 0.000050 0.000007 0.000001 0.000001 0.000005 0.000032 0.000232 0.002193 47.708405 0.131761 0.126377 38.350750 1.426360 0.004981 0.000486 0.000051 0.000011 0.000010 0.000045 0.000267 0.001835 0.000670 0.000526 0.001779 0.010936 0.484865 0.009874 0.001235 0.000285 0.000366 0.002366 6.997212 
0.000035 0.000124 0.000643 0.005902 0.008759 0.011711 101.002487 0.001881 0.000148 0.000021 0.000006 0.000008 0.000023 0.000169 0.004322 0.112069 2.879560 2.167935 4.098898 7.223915 39.303978 0.012510 0.006562 0.000859 0.000522 0.000353 0.000201 0.001891 2.437181 0.006315 0.002304 0.004620 0.013923 0.482747 0.012353 0.001815 0.000504 0.000409 0.000942 0.004832 
0.000103 0.000185 0.000657 0.002820 5.730584 7.713487 0.035852 0.003618 0.000484 0.000067 0.000026 0.000064 0.000255 0.003526 0.066474 0.511578 2.461579 2.819280 20.192593 16.357018 13.214449 0.870780 0.218484 0.035063 0.028435 0.021007 0.005815 0.008961 21.131540 4.293771 17.903221 7.776622 61.989159 6.826846 18.949389 0.003280 0.001419 0.001105 0.000961 0.002290 
0.000640 0.000586 0.002187 0.007274 2.467629 1.254399 0.035479 0.006059 0.000765 0.000133 0.000113 0.000585 0.002893 0.023750 0.757957 2.786170 5.852321 6.381675 26.845798 17.569201 13.309305 2.917319 1.440644 0.548595 0.602018 0.499005 0.167508 0.126975 2.703063 0.703584 5.900666 0.006962 0.003102 0.004139 0.005819 0.006291 0.008137 0.007263 0.002860 0.008890 
0.005652 0.002419 0.010722 0.015252 16.793049 2.031763 2.038280 55.377979 0.001922 0.000211 0.001437 0.008627 7.009559 8.873520 1.248142 5.281693 13.022820 14.326050 61.364098 24.278894 21.145227 9.678967 7.487973 4.488634 3.081493 2.529752 1.387806 0.314292 0.189569 0.190955 29.664534 0.003063 0.001028 0.000930 0.002867 43.978130 4.569291 4.576004 93.672028 4.082345 
0.739126 85.116234 0.590652 0.580034 4.729211 1.753114 0.014710 0.004313 0.000635 0.001053 0.043272 0.611023 9.195944 10.993562 50.882465 18.345793 22.186981 23.719170 92.381264 30.973356 28.539541 16.440207 10.481493 4.966845 12.264938 11.789843 4.027800 1.175923 0.261429 0.197147 2.320462 0.007750 0.001047 0.000365 0.000467 0.002008 0.007033 0.009356 0.012830 0.200179 
0.632737 0.010462 0.013128 0.016291 0.020783 75.796585 0.004374 0.002226 0.000631 0.004393 0.090704 1.019339 8.884078 13.660118 29.389990 38.508724 44.933361 42.481430 117.333649 49.735741 46.565521 30.778200 29.109594 88.313744 15.079125 13.763710 4.341909 1.376229 0.829409 0.707430 2.319237 0.007166 0.000756 0.000163 0.000138 0.000299 0.001007 0.002409 0.010037 0.201084 
5.645422 0.006679 0.003628 0.005650 0.017094 0.846577 0.020631 0.009335 0.002522 0.069525 0.252249 1.473359 9.775099 15.884879 29.200602 42.816704 55.097519 64.982780 157.705933 62.607643 54.788406 49.133350 48.305256 71.656075 43.138855 52.452126 14.988382 17.693710 6.399651 7.273011 43.318886 0.002139 0.000270 0.000079 0.000092 0.000197 0.000295 0.000569 0.002642 7.051563 
4.410661 0.004114 0.001568 0.003507 0.021303 0.836154 0.114625 0.119467 98.018066 1.954669 1.540402 3.249467 13.352954 16.052849 59.827568 100.717842 100.092491 103.108124 162.600494 89.051620 109.395905 73.562531 73.066841 146.171356 58.544815 55.319874 32.327381 22.928278 11.748853 5.604596 1.546507 0.089048 0.002443 0.000137 0.000261 0.001855 0.000336 0.000242 0.000457 0.002148 
0.002353 0.000721 0.000595 0.002704 7.052625 7.270586 0.092751 0.101210 0.609035 1.958671 3.204092 6.152020 18.161482 23.001396 47.533527 68.961754 92.634888 119.184784 209.158401 121.018166 132.873779 100.824196 100.874901 158.322998 93.383919 47.686134 36.433620 25.783226 13.642840 5.504688 1.410419 0.223898 0.014161 0.000741 0.002428 27.398865 0.001882 0.000216 0.000130 0.000169 
0.000212 0.000170 0.000229 0.000667 0.003335 0.007887 0.090338 0.428099 0.561973 15.867188 13.243415 15.764620 29.026478 35.551628 58.103447 67.818619 135.829834 135.020203 217.384796 155.921600 166.938095 134.828201 134.493256 184.555145 113.877609 63.412968 108.054512 36.621185 41.577240 47.020405 1.341791 1.136850 0.171435 0.011183 0.013292 6.020995 0.004348 0.000334 0.000061 0.000030 
0.000068 0.000100 0.000192 0.000351 0.000888 0.003617 7.590694 4.608144 4.470086 15.967794 25.317533 26.248625 40.618938 49.977402 73.476036 86.268387 106.279366 170.806702 223.983047 194.390457 200.354233 167.010742 166.523743 209.984085 138.019943 132.354355 75.703438 90.030876 29.668249 22.322083 9.750093 5.414721 0.946466 0.119794 0.137687 27.495825 0.001790 0.000138 0.000023 0.000007 
0.000108 0.000286 0.001854 0.000537 0.000728 0.004936 7.423573 14.995823 16.921274 19.695700 43.764755 48.403633 60.417847 70.896606 87.371735 118.781197 121.429520 158.855499 209.418365 225.025513 230.726669 206.796967 206.746277 229.643936 163.517593 125.811119 96.633850 77.547073 61.571831 49.556980 7.298903 6.678608 1.337730 0.408628 0.136734 0.005746 0.000438 0.000069 0.000013 0.000005 
0.000331 0.002030 30.601833 0.003160 0.001434 0.030884 0.657780 1.971148 11.587470 17.278404 29.599752 48.622559 69.875206 88.918716 109.826080 125.736229 178.365540 211.313660 241.906189 259.781281 263.086273 239.981796 234.471725 217.828110 159.532974 126.638680 94.804070 67.461823 43.355808 25.149183 7.846525 7.006975 3.517460 3.858500 100.661034 0.002670 0.000559 0.000047 0.000017 0.000018 
0.000982 0.005759 5.362431 0.006989 0.002508 0.039255 0.623785 0.839142 14.342858 19.428129 30.232273 49.392063 74.146729 98.112007 127.030342 145.901413 177.732742 213.699982 250.752197 281.384613 292.428009 265.409210 255.609238 201.874313 169.235504 130.207199 101.011696 72.819229 52.276009 58.131031 45.198433 95.103340 7.719188 7.712950 4.913528 0.522600 0.022474 0.000351 0.000065 0.000143 
0.001260 0.003219 30.679222 0.007225 0.004980 0.044659 0.708276 0.935557 12.362033 33.003304 47.954887 67.140869 91.607292 115.517662 146.277542 169.233871 197.506241 226.676025 262.768524 290.732635 320.428223 280.208252 259.579468 215.516098 188.212128 161.433838 135.547134 124.926010 131.908417 67.067001 60.660320 36.899792 16.873056 14.053459 4.032812 0.718581 0.033370 0.000635 0.000349 0.002106 
0.004006 0.002282 0.011308 0.011362 0.016152 22.532490 6.347718 40.021919 33.373749 48.396931 49.608707 70.209518 97.398140 124.894005 157.375458 186.373764 214.124130 243.940735 274.975952 301.344177 344.158997 298.972687 276.535156 243.659561 235.687775 185.031006 169.051712 145.747742 117.631355 85.319695 65.284073 40.053329 24.933973 12.742936 4.628509 0.871163 0.047653 0.001294 0.002893 7.042450 
4.685576 0.009181 0.009376 0.177175 1.155066 5.044349 11.239244 31.461933 51.719135 59.793915 122.306572 136.246368 148.394150 164.932205 190.195129 216.549805 244.461792 266.459381 295.386200 315.332581 358.822571 333.204559 307.091675 284.758636 250.101440 218.159622 190.259323 155.967896 124.549576 94.182556 68.068039 44.082302 28.023045 13.697060 4.718435 1.109150 0.074398 0.003322 0.007519 0.161845 
0.000000 0.000000 0.000000 0.000000 0.000000 0.000000 0.000000 0.000000 0.000000 0.000000 0.000000 0.000000 0.000000 0.000000 0.000000 0.000000 0.000000 0.000000 0.000000 0.000000 0.000000 0.000000 0.000000 0.000000 0.000000 0.000000 0.000000 0.000000 0.000000 0.000000 0.000000 0.000000 0.000000 0.000000 0.000000 0.000000 0.000000 0.000000 0.000000 0.000000 
0.002339 0.000658 0.001630 0.021567 0.027319 38.267620 59.191654 61.975624 116.323814 193.578629 181.986603 186.932938 223.032669 234.300842 260.258728 287.917694 309.870148 328.810883 349.622498 360.008789 398.231873 334.889709 320.882141 292.515808 266.628265 240.918655 198.083923 169.899216 137.848953 107.702721 81.704521 55.727947 35.371410 18.302795 5.898016 2.575031 0.411122 0.500778 47.492435 2.417704 
0.000189 0.000138 0.000738 0.010548 0.030021 17.409767 41.163353 65.586563 90.464821 106.625908 122.810364 141.902832 157.799896 177.579880 200.106155 224.699829 249.879440 277.870789 300.959412 322.966827 348.033142 358.093048 318.192139 295.345337 265.988037 233.542252 200.478470 170.016418 134.811691 112.899208 72.247292 64.712082 27.602007 19.373428 4.951200 1.961621 0.231755 0.032480 0.007729 0.013217 
0.000037 0.000044 0.000172 0.001915 96.057396 66.255531 85.800156 85.703705 93.601570 103.920006 115.753922 129.016357 146.886612 167.124420 190.052475 214.568985 240.129028 264.399048 297.791473 313.485046 341.828186 349.700287 320.140503 292.249176 266.618195 234.480759 199.106171 167.102966 133.654663 101.812759 74.951584 50.627697 28.814142 16.642174 5.526417 1.995149 0.420501 0.038576 0.005211 0.005884 
0.000033 0.000042 0.000305 0.009014 0.048380 31.915213 41.775589 52.980835 67.914024 78.894081 89.672829 102.654121 119.193176 137.547836 160.119095 186.499817 211.983139 242.924103 273.791992 295.245148 329.857025 331.375214 311.185699 291.281738 264.348236 244.715469 203.547546 168.125290 137.950912 114.219765 70.009651 50.689278 28.153418 15.353692 7.906367 3.686971 4.507442 83.548790 0.017635 0.014547 
0.000161 0.000116 0.000346 0.009755 0.052283 11.994897 22.052578 35.816338 53.478912 61.956097 69.928268 80.801422 96.609329 114.277901 138.958878 165.324310 193.317047 224.146515 248.786774 274.759979 302.321716 313.297363 290.852386 258.421021 241.855988 223.572266 194.186020 174.657257 175.327026 128.528275 113.317871 82.812996 59.663799 11.348827 9.463900 3.869087 0.825311 0.339566 7.290693 0.238044 
0.002134 0.000583 0.000389 0.001003 0.002967 26.266180 16.633722 29.088192 44.197628 43.678726 49.129250 59.045544 74.827042 92.188179 118.707558 144.897507 175.151993 202.701279 227.824142 257.427612 276.092773 290.695007 259.912018 235.249847 211.940033 182.422928 144.393524 112.851639 89.513229 104.721344 56.344330 39.347301 23.673414 41.595280 47.052761 83.987335 0.383347 0.374868 7.255812 0.267823 
6.976933 0.003902 0.001389 0.002963 0.009993 0.430101 0.520663 18.848577 26.599274 23.768204 30.271523 40.700981 56.765766 74.184212 102.707321 128.192459 158.840561 180.015945 205.013687 214.698120 246.213654 265.841888 247.048706 206.843262 191.050919 172.044495 141.970261 115.220848 77.307396 62.811996 49.495834 34.307709 16.411280 1.940009 1.335035 0.034597 0.009675 0.011928 0.017809 7.240989 
0.577849 0.008302 0.004069 0.013117 0.026216 0.431241 0.546072 9.983080 10.778335 11.629542 18.597076 28.842485 44.282154 62.009773 91.847801 114.257378 143.081635 152.203049 167.968307 188.822159 225.590912 229.769943 207.574829 189.215286 161.804642 146.712234 120.334442 103.787643 59.371262 47.266594 32.611038 29.492680 47.242889 0.669226 0.627449 0.029745 0.002124 0.003898 0.014487 0.173292 
0.627134 8.454105 10.012358 0.878406 0.880953 17.557020 8.224601 15.356395 8.058965 8.281688 14.444187 23.601053 37.609756 56.674763 85.081383 100.298912 123.251373 115.718353 139.717148 163.529831 196.968567 198.835434 181.668045 138.606766 136.936386 126.701591 114.496597 75.942505 53.590664 33.185974 19.030375 8.728021 1.662883 0.313547 0.054170 0.002895 0.000823 0.002663 0.017190 0.170265 
0.000000 0.000000 0.000000 0.000000 0.000000 0.000000 0.000000 0.000000 0.000000 0.000000 0.000000 0.000000 0.000000 0.000000 0.000000 0.000000 0.000000 0.000000 0.000000 0.000000 0.000000 0.000000 0.000000 0.000000 0.000000 0.000000 0.000000 0.000000 0.000000 0.000000 0.000000 0.000000 0.000000 0.000000 0.000000 0.000000 0.000000 0.000000 0.000000 0.000000 
0.333133 0.714392 0.011956 0.003613 0.002476 0.004563 24.089266 0.050943 0.055981 46.905869 15.679760 13.993018 59.589245 77.941895 48.745399 48.980419 57.279175 62.796898 97.469696 129.659973 129.380203 129.499176 132.823730 73.552841 82.077148 71.900833 71.405540 59.446133 33.017414 20.377327 10.477992 7.643802 1.846161 0.184629 0.203519 104.182747 0.003106 0.000901 0.001912 0.005932 
1.093092 51.060703 0.002442 0.000664 0.000511 0.000781 0.002270 0.002893 0.003145 0.003602 0.205438 0.286392 0.178294 56.631680 28.176285 28.204756 38.331791 40.882626 95.151207 99.216072 115.859421 95.736916 137.469223 53.694954 48.560066 43.529297 42.638554 63.494282 21.355915 14.301831 3.561156 3.709665 65.918755 0.006375 0.003815 0.001927 0.000443 0.000212 0.000208 0.000546 
0.918168 0.005592 0.000659 0.000228 0.000219 0.000413 0.000474 0.000516 0.000463 0.001422 0.040946 0.072374 0.081118 91.961021 14.136294 14.133284 21.849340 22.952005 99.333885 72.899925 65.734833 64.330879 131.154160 39.052025 35.098042 26.784456 23.764959 92.545502 0.037749 0.024864 0.122867 0.101212 0.002210 0.000584 0.000315 0.000182 0.000091 0.000043 0.000035 0.000059 
6.771713 0.002411 0.000322 0.000177 0.000408 0.002250 0.000833 0.000384 0.000209 0.000172 0.001192 0.002973 0.009107 0.048590 2.014229 4.829545 11.518778 12.518888 76.261345 55.089928 50.434689 40.906322 91.862785 32.432888 21.078072 14.822891 4.071657 0.451145 0.061975 0.012539 0.007431 0.004292 0.000406 0.000245 0.000222 0.000136 0.000062 0.000025 0.000013 0.000012 
0.002096 0.000379 0.000140 0.000200 0.001993 2.604881 0.006371 0.002124 0.000511 0.000232 0.000127 0.000160 0.001431 0.041286 0.793691 1.946411 5.506088 7.070407 19.816107 33.644299 26.223412 10.365433 8.776476 96.605484 15.512506 14.861848 3.591180 0.458239 0.048423 0.015596 0.001576 0.000502 0.000264 0.000429 0.001978 0.000502 0.000208 0.000088 0.000041 0.000030 
0.000143 0.000070 0.000052 0.000147 0.001840 16.183479 7.030449 15.855053 0.004880 0.002074 0.000356 0.000111 0.000107 0.002489 0.057000 0.349236 1.982507 2.513702 19.557354 19.453564 26.777328 6.846271 5.639105 1.946181 8.445186 17.732449 3.831085 0.588282 0.413362 9.062128 0.002849 0.000589 0.000532 0.002455 103.366112 0.005065 0.002046 0.000486 0.000237 0.000201 
0.000016 0.000012 0.000021 0.000126 0.001869 2.591686 0.006259 0.002189 0.005190 103.939529 0.002341 0.000382 0.000095 0.000087 0.001645 0.020511 0.185551 0.214487 22.130320 6.111414 23.988966 1.603217 1.648820 2.131935 5.953023 16.004076 13.451518 17.613323 3.090723 4.875469 0.003468 0.001111 0.001295 0.005546 0.007787 0.011784 103.347717 0.003317 0.001082 0.002208 
0.000001 0.000002 0.000006 0.000043 0.000258 0.001763 0.000605 0.000366 0.000665 0.002652 0.001224 0.002269 0.000320 0.000076 0.000073 0.000648 0.007253 0.011709 0.003101 0.022966 0.003697 0.126713 0.135827 0.117729 0.401956 0.016394 0.004980 0.002202 0.003296 0.003109 0.001762 0.003182 0.006460 103.734894 0.004118 0.001619 0.001942 0.001010 0.003540 7.114067 
0.000000 0.000000 0.000001 0.000008 0.000039 0.000101 0.000088 0.000085 0.000196 0.000643 0.002566 46.024837 0.001945 0.000245 0.000157 0.000506 0.007562 0.001245 0.001033 0.005379 0.001090 0.003752 0.004726 0.013261 0.389860 0.010825 0.001629 0.000461 0.000513 0.000875 0.002823 46.025963 0.006898 0.003781 0.000913 0.000355 0.000193 0.000245 0.000588 0.002340 
0.000000 0.000000 0.000000 0.000000 0.000000 0.000000 0.000000 0.000000 0.000000 0.000000 0.000000 0.000000 0.000000 0.000000 0.000000 0.000000 0.000000 0.000000 0.000000 0.000000 0.000000 0.000000 0.000000 0.000000 0.000000 0.000000 0.000000 0.000000 0.000000 0.000000 0.000000 0.000000 0.000000 0.000000 0.000000 0.000000 0.000000 0.000000 0.000000 0.000000 
