0.000000 0.000000 0.000020 0.008986 0.000021 0.000000 0.000003 0.000000 0.000000 0.000000 0.000000 0.000000 0.000000 0.000000 0.000000 0.000020 0.008985 0.000037 0.000049 0.006557 2.485045 0.001299 0.000003 0.000000 0.000000 0.000000 0.000000 0.000000 0.000002 0.000000 0.000000 0.000003 0.001273 2.234858 0.001273 0.000003 0.000000 0.000000 0.000017 0.005851 
0.000000 0.000002 0.001302 5.075479 0.001541 0.000039 0.001305 0.000010 0.000000 0.000000 0.000000 0.000000 0.000000 0.000000 0.000002 0.001301 5.066836 0.007986 0.007212 4.936189 0.103301 0.000142 0.000000 0.000000 0.000000 0.000000 0.000000 0.000009 0.001161 0.000014 0.000003 0.000000 0.000023 0.001503 0.000023 0.000000 0.000000 0.000002 0.001223 2.231182 
0.000000 0.000000 0.000015 0.003295 0.003392 0.005120 5.066186 0.001303 0.000003 0.000000 0.000000 0.000000 0.000000 0.000000 0.000000 0.000010 0.001417 0.003245 2.210054 0.111159 4.906001 0.001301 0.000003 0.000000 0.000000 0.000000 0.000003 0.001211 1.726759 0.003227 0.001361 0.000076 0.001429 0.000112 0.001425 0.000010 0.000000 0.000000 0.000010 0.001276 
0.000000 0.000000 0.000003 0.001295 2.223076 2.249663 0.002646 0.000031 0.000000 0.000000 0.000000 0.000000 0.000003 0.000003 0.000000 0.000000 0.000010 0.001397 2.798297 0.003525 0.001364 0.000010 0.000000 0.000000 0.000000 0.000000 0.000003 0.001377 5.240438 0.127613 5.024545 0.036696 5.091649 0.037355 5.048297 0.001361 0.000003 0.000000 0.000003 0.000003 
0.000000 0.000003 0.000000 0.000068 0.029272 0.006693 0.000088 0.001463 0.000010 0.000000 0.000000 0.000009 0.001271 0.001272 0.000015 0.000000 0.000000 0.000242 0.439896 0.000266 0.000004 0.000000 0.000000 0.000000 0.000000 0.000000 0.000003 0.001212 1.727769 0.018787 0.036312 0.000213 0.001372 0.000089 0.003373 0.003362 0.000027 0.000020 0.001306 0.000021 
0.000021 0.001303 0.000034 0.001448 2.361773 0.007190 0.007842 5.071432 0.001302 0.000003 0.000002 0.001223 2.224044 2.245765 0.002454 0.000016 0.000003 0.001307 4.887020 0.001302 0.000003 0.000000 0.000000 0.000002 0.000000 0.000000 0.000000 0.000010 0.001233 0.003278 5.057489 0.001369 0.000011 0.000004 0.001368 5.069615 0.008985 0.008986 5.080186 0.008997 
0.009432 5.077383 0.007412 0.006577 2.223440 0.006878 0.000084 0.001369 0.000010 0.000000 0.000000 0.000010 0.001315 0.003862 5.069645 0.001311 0.000003 0.000023 0.001417 0.000010 0.000000 0.000000 0.000010 0.001302 0.000019 0.000003 0.000000 0.000003 0.000003 0.000027 0.008980 0.000020 0.000000 0.000000 0.000010 0.001303 0.000020 0.000020 0.001423 0.000038 
0.006712 0.003322 0.000026 0.000025 0.002527 5.074030 0.001370 0.000011 0.000003 0.000000 0.000000 0.000000 0.000003 0.000033 0.008991 0.000022 0.000011 0.001327 0.000023 0.000000 0.000003 0.000003 0.001306 5.066986 0.003865 0.001369 0.000242 0.001306 0.000021 0.000034 0.008982 0.000020 0.000000 0.000000 0.000000 0.000003 0.000000 0.000000 0.000022 0.001411 
1.623408 0.001308 0.000003 0.000000 0.000044 0.007411 0.000020 0.000012 0.001307 0.000010 0.000000 0.000000 0.000000 0.000020 0.008992 0.000053 0.001465 2.224436 0.001431 0.000034 0.001304 0.000011 0.000017 0.002762 2.163749 2.803238 0.441435 4.901996 0.008936 0.008964 5.067991 0.001301 0.000002 0.000000 0.000000 0.000003 0.000000 0.000002 0.001224 2.231336 
1.600588 0.001230 0.000003 0.000010 0.001463 0.006579 0.000035 0.001458 5.072868 0.001360 0.000003 0.000000 0.000003 0.001301 5.068215 0.007654 0.006923 2.279030 0.006622 0.007437 5.068736 0.001317 0.000004 0.000251 0.331076 0.005829 0.000403 0.001500 0.000022 0.000038 0.001425 0.000010 0.000000 0.000000 0.000010 0.001302 0.000010 0.000000 0.000009 0.001271 
0.001225 0.000009 0.000003 0.001226 2.230602 2.235359 0.001419 0.000032 0.003558 0.003154 0.000020 0.000000 0.000000 0.000010 0.001364 0.000075 0.007794 0.006070 0.000031 0.000032 0.007308 0.000019 0.000003 0.001307 4.907463 0.004152 0.002037 0.000046 0.000024 0.001465 0.000023 0.000000 0.000000 0.000003 0.001303 5.050350 0.001304 0.000003 0.000000 0.000003 
0.000002 0.000000 0.000000 0.000010 0.001341 0.003180 0.003127 0.000040 0.001548 2.573249 0.002420 0.000015 0.000000 0.000000 0.000010 0.001365 5.071058 0.005669 0.000037 0.000029 0.006450 0.000018 0.000000 0.000015 0.003411 0.008192 5.059869 0.006149 0.007325 5.045493 0.001305 0.000003 0.000000 0.000000 0.000074 0.034164 0.000073 0.000000 0.000000 0.000000 
0.000000 0.000000 0.000003 0.000000 0.000010 0.001394 2.254523 0.005224 0.004773 1.493997 1.479116 0.001204 0.000002 0.000000 0.000000 0.000024 0.005979 5.075384 0.007435 0.006615 2.274576 0.001279 0.000003 0.000003 0.001363 5.046170 0.012295 5.067993 0.025636 0.034981 0.000075 0.000000 0.000000 0.000003 0.001364 5.055284 0.001304 0.000003 0.000000 0.000000 
0.000000 0.000010 0.001301 0.000010 0.000003 0.001278 2.227880 0.001511 0.000063 0.002591 2.555862 0.001298 0.000003 0.000000 0.000000 0.000021 0.007099 0.003394 0.000043 0.001450 2.226009 0.001325 0.000010 0.000000 0.000010 0.001304 0.000063 0.001369 0.003437 5.048468 0.001366 0.000010 0.000000 0.000015 0.003364 0.003361 0.000015 0.000000 0.000000 0.000000 
0.000003 0.001305 5.050461 0.001308 0.000003 0.000010 0.001283 0.000040 0.001437 0.000051 0.001308 0.000010 0.000000 0.000000 0.000002 0.001301 5.069935 0.001366 0.000003 0.000010 0.001275 0.000040 0.001364 0.000010 0.000000 0.000003 0.000000 0.000003 0.000031 0.001494 0.000042 0.001365 0.000023 0.001425 5.072862 0.001361 0.000003 0.000000 0.000000 0.000000 
0.000000 0.000074 0.033737 0.000074 0.000000 0.000003 0.000012 0.001374 2.226939 0.001327 0.000010 0.000000 0.000000 0.000000 0.000000 0.000010 0.001302 0.000010 0.000000 0.000000 0.000013 0.001362 5.074600 0.001364 0.000010 0.000000 0.000000 0.000011 0.001451 0.000042 0.001495 5.074720 0.001424 0.000023 0.001302 0.000010 0.000000 0.000000 0.000000 0.000003 
0.000010 0.001366 5.050693 0.001427 0.000023 0.001312 0.000099 0.004020 2.247778 0.001329 0.000011 0.000000 0.000000 0.000000 0.000000 0.000000 0.000003 0.000000 0.000000 0.000029 0.000560 0.000042 0.001565 0.000053 0.001364 0.000010 0.000003 0.001306 5.074364 0.001427 0.000024 0.001362 0.000010 0.000000 0.000003 0.000000 0.000000 0.000000 0.000009 0.001271 
0.001277 0.000039 0.001363 0.000023 0.001425 5.046978 0.034677 5.051704 0.002630 0.000053 0.001366 0.000010 0.000000 0.000000 0.000000 0.000000 0.000003 0.000003 0.000062 0.002582 0.010537 0.002638 0.000138 0.002691 5.068365 0.001307 0.000003 0.000010 0.001301 0.000010 0.000000 0.000010 0.000000 0.000000 0.000000 0.000000 0.000000 0.000002 0.001224 2.231333 
1.603216 0.001275 0.000010 0.000000 0.000020 0.008989 0.000102 0.001472 0.000054 0.001536 5.074566 0.001363 0.000010 0.000000 0.000000 0.000009 0.001248 0.001384 0.003552 0.015278 26.641359 0.045285 0.025306 5.062868 0.002672 0.000032 0.000000 0.000000 0.000003 0.000000 0.000010 0.001361 0.000010 0.000000 0.000000 0.000000 0.000000 0.000000 0.000022 0.001411 
1.601492 0.001227 0.000003 0.000000 0.000020 0.008980 0.000037 0.000039 0.001533 0.000043 0.001428 0.000041 0.001362 0.000010 0.000003 0.001199 1.983223 3.285583 0.499679 15.498508 55.481846 15.393638 0.029412 0.010623 0.000123 0.001462 0.000010 0.000000 0.000000 0.000010 0.001366 5.045480 0.001303 0.000003 0.000000 0.000000 0.000000 0.000010 0.001421 0.000038 
0.001226 0.000009 0.000000 0.000003 0.001362 5.075665 0.008994 0.008993 5.071261 0.001427 0.000024 0.001427 5.074382 0.001305 0.000003 0.000012 0.001660 0.010674 22.324371 52.583534 213.688385 52.605232 22.333050 0.017276 0.008899 5.068343 0.001307 0.000003 0.000010 0.001366 0.000208 0.035057 0.000074 0.000000 0.000000 0.000000 0.000003 0.001302 5.071267 0.008991 
0.000002 0.000000 0.000000 0.000015 0.003386 0.007103 0.000036 0.000020 0.001302 0.000010 0.000000 0.000010 0.001301 0.000010 0.000000 0.000000 0.000035 0.003259 0.950159 16.309786 52.606941 15.376643 0.014195 0.002457 0.000065 0.006595 0.000034 0.000004 0.001314 5.026360 0.033774 5.026599 0.001304 0.000003 0.000000 0.000000 0.000000 0.000023 0.001462 0.000021 
0.000000 0.000000 0.000002 0.001302 5.069350 0.005980 0.000024 0.000000 0.000003 0.000000 0.000000 0.000000 0.000002 0.000000 0.000000 0.000000 0.000003 0.001374 2.892058 1.038855 22.350529 0.025263 0.003037 0.001747 0.000281 0.005453 0.001461 0.000022 0.000108 0.035613 0.000212 0.001498 0.000023 0.000000 0.000000 0.000000 0.000010 0.001425 0.000032 0.000000 
0.000000 0.000000 0.000000 0.000016 0.002620 5.059893 0.001306 0.000003 0.000000 0.000000 0.000000 0.000000 0.000000 0.000000 0.000000 0.000000 0.000003 0.001256 2.055845 0.022650 0.037127 0.002772 0.003806 4.887140 0.326724 1.629205 2.581982 0.006412 0.005997 5.050279 0.001499 0.000043 0.001426 0.000011 0.000000 0.000010 0.001364 5.066257 0.002515 0.000025 
0.000003 0.000000 0.000000 0.000000 0.000089 0.034648 0.000087 0.000004 0.000000 0.000000 0.000000 0.000000 0.000000 0.000000 0.000000 0.000000 0.000000 0.000014 0.003108 0.017164 0.000757 0.001995 5.053029 0.006260 0.007036 2.541031 0.005982 0.007285 5.072821 0.002549 0.000032 0.001465 5.071520 0.001426 0.000023 0.001366 0.000083 0.006692 2.240964 0.006101 
0.001272 0.000010 0.000000 0.000003 0.001305 5.058616 0.003389 0.001361 0.000010 0.000000 0.000000 0.000000 0.000000 0.000000 0.000000 0.000000 0.000000 0.000003 0.001359 5.065526 0.001658 0.000115 0.033863 0.000125 0.000023 0.001315 0.000080 0.006558 0.003310 0.000022 0.000000 0.000021 0.008988 0.000038 0.001466 5.071748 0.007541 0.006756 2.239658 0.012140 
2.232641 0.001339 0.000010 0.000000 0.000021 0.009285 0.009310 4.884789 0.001301 0.000003 0.000000 0.000000 0.000000 0.000000 0.000000 0.000000 0.000002 0.000000 0.000010 0.001307 0.000024 0.001431 5.053619 0.002674 0.000018 0.000012 0.001320 1.804360 0.001298 0.000003 0.000000 0.000020 0.008986 0.000021 0.000011 0.001304 0.000019 0.000025 0.002479 2.238281 
0.006027 0.003157 0.001343 0.000018 0.000033 0.009189 0.001477 0.429898 0.000240 0.000000 0.000000 0.000000 0.000000 0.000000 0.000000 0.000009 0.001223 0.000010 0.000000 0.000003 0.000004 0.000018 0.002652 5.053398 0.001481 0.000037 0.003515 4.603468 0.001364 0.000003 0.000003 0.001303 5.071210 0.001306 0.000003 0.000003 0.000000 0.000000 0.000031 0.001412 
0.005902 2.267383 2.268441 0.006432 0.007270 4.901008 0.427816 2.731406 0.001393 0.000010 0.000000 0.000000 0.000002 0.000000 0.000003 0.001272 2.231302 0.001276 0.000003 0.000011 0.001311 0.000023 0.000117 0.034795 0.000111 0.001557 2.673331 1.202546 0.001143 0.000003 0.000000 0.000010 0.001361 0.000010 0.000000 0.000003 0.000000 0.000011 0.001460 0.000039 
0.000028 0.006607 0.001435 0.000018 0.000026 0.003536 0.135399 2.219625 0.003248 0.001418 0.000021 0.000020 0.001301 0.000010 0.000003 0.001275 2.231314 0.001323 0.000010 0.001364 5.047276 0.008996 0.008997 5.046905 0.001426 0.000023 0.001316 0.001248 0.000022 0.000003 0.000000 0.000000 0.000010 0.000000 0.000010 0.001304 0.000023 0.001424 5.071284 0.008991 
0.000034 0.007428 0.000034 0.000000 0.000003 0.001361 5.017770 0.007103 0.007906 5.078870 0.008986 0.008985 5.069610 0.001365 0.000003 0.000010 0.001223 0.000010 0.000000 0.000074 0.033842 0.000100 0.000022 0.001308 0.000010 0.000000 0.000003 0.000031 0.001373 0.001280 0.000017 0.000019 0.001363 0.000023 0.001425 5.074636 0.001424 0.000023 0.001303 0.000020 
0.009458 5.072419 0.001303 0.000003 0.000000 0.000010 0.001305 0.000025 0.000022 0.001302 0.000020 0.000027 0.003363 0.003366 0.000015 0.000000 0.000002 0.000000 0.000010 0.001366 5.050838 0.001371 0.000011 0.000003 0.000000 0.000000 0.000016 0.002504 2.240373 2.267410 0.006438 0.007299 5.071837 0.001424 0.000023 0.001302 0.000010 0.000000 0.000003 0.000000 
0.007697 0.003308 0.000015 0.000000 0.000000 0.000003 0.000003 0.000000 0.000000 0.000003 0.000000 0.000003 0.001362 5.072672 0.001302 0.000003 0.000000 0.000010 0.001363 0.000041 0.001430 0.000041 0.001369 0.000016 0.000000 0.000003 0.001302 5.067122 0.003878 0.001370 0.000018 0.000019 0.001302 0.000010 0.000000 0.000003 0.000000 0.000000 0.000000 0.000000 
2.231982 0.001292 0.000003 0.000000 0.000009 0.001163 0.000014 0.000003 0.000000 0.000000 0.000000 0.000000 0.000010 0.001301 0.000010 0.000000 0.000003 0.001302 5.071180 0.001429 0.000024 0.001429 5.068799 0.002492 0.000016 0.000000 0.000010 0.001367 0.000021 0.000011 0.000000 0.000000 0.000003 0.000000 0.000003 0.000000 0.000000 0.000000 0.000000 0.000000 
0.001271 0.000010 0.000000 0.000003 0.001212 1.726785 0.003226 0.001358 0.000015 0.000003 0.000000 0.000000 0.000000 0.000002 0.000000 0.000000 0.000000 0.000020 0.008987 0.000022 0.000004 0.000017 0.002511 5.072507 0.001418 0.000010 0.000000 0.000011 0.000016 0.001277 0.000010 0.000000 0.000000 0.000010 0.001302 0.000015 0.000003 0.000000 0.000000 0.000000 
0.000003 0.000000 0.000000 0.000003 0.001377 5.240305 0.130596 5.008229 0.003359 0.001361 0.000010 0.000000 0.000000 0.000000 0.000000 0.000000 0.000000 0.000020 0.008988 0.000099 0.001316 0.000012 0.000023 0.003344 0.003201 0.001398 0.000246 0.001428 0.003562 2.233558 0.001275 0.000003 0.000003 0.001363 5.071068 0.003374 0.001361 0.000010 0.000000 0.000003 
0.000000 0.000000 0.000000 0.000003 0.001211 1.726730 0.003282 0.001421 0.003423 5.072875 0.001363 0.000010 0.000000 0.000000 0.000000 0.000000 0.000003 0.001302 5.047147 0.033836 5.050581 0.001364 0.000011 0.001339 2.170862 2.815780 0.452885 5.114262 0.349484 2.201356 0.001327 0.000011 0.000021 0.003366 0.003635 0.005485 5.071808 0.001421 0.000022 0.001273 
0.000000 0.000000 0.000000 0.000000 0.000009 0.001160 0.000014 0.000003 0.000015 0.001363 0.000041 0.001363 0.000010 0.000000 0.000000 0.000000 0.000003 0.000011 0.001308 0.000073 0.001303 0.000010 0.000000 0.000017 0.005623 0.001484 0.000245 0.001311 0.000228 0.001278 0.000040 0.001426 0.003433 5.071718 0.001515 0.000034 0.001304 0.000023 0.001327 2.232722 
0.000000 0.000000 0.000000 0.000000 0.000000 0.000002 0.000000 0.000000 0.000000 0.000010 0.001363 5.071198 0.001302 0.000003 0.000000 0.000009 0.001226 0.000010 0.000003 0.000000 0.000003 0.000000 0.000000 0.000017 0.005606 0.000031 0.000000 0.000003 0.000000 0.000010 0.001361 5.069859 0.003365 0.001363 0.000011 0.000000 0.000003 0.000000 0.000010 0.001273 
0.000000 0.000000 0.000000 0.000000 0.000000 0.000000 0.000000 0.000000 0.000000 0.000000 0.000020 0.008982 0.000020 0.000000 0.000003 0.001271 2.231358 0.001273 0.000003 0.000000 0.000000 0.000000 0.000003 0.001275 2.264862 0.001277 0.000003 0.000000 0.000000 0.000000 0.000020 0.008984 0.000027 0.000003 0.000000 0.000000 0.000000 0.000000 0.000000 0.000003 
