0.000106 0.000635 0.006353 3.425769 0.008417 0.001712 0.000513 0.000128 0.000024 0.000003 0.000001 0.000001 0.000010 0.000197 0.004163 0.057327 9.175557 0.848354 0.748053 0.888078 10.934754 0.007047 0.002514 0.000399 0.000140 0.000075 0.000040 0.000091 0.000197 0.000199 0.000255 0.000693 0.002961 9.060715 0.002763 0.000554 0.000293 0.000883 0.006779 0.233689 
0.000055 0.000214 0.001910 46.654392 0.004885 0.002441 0.002339 0.000332 0.000061 0.000009 0.000002 0.000007 0.000143 0.003567 0.045058 0.058472 65.288956 1.774159 2.181706 39.825050 1.683183 0.141475 0.075776 0.016347 0.007810 0.004698 0.001617 0.001362 0.001898 0.000746 0.000630 0.002049 0.011645 0.526188 0.010517 0.001465 0.000383 0.000458 0.002494 7.154919 
0.000050 0.000154 0.000711 0.006060 0.009024 0.012000 106.316353 0.001912 0.000171 0.000029 0.000020 0.000226 0.004554 0.094180 0.816288 1.541121 24.509504 9.458263 8.353175 16.461779 40.257275 1.214095 1.027002 0.388134 0.251892 0.180226 0.078552 0.081126 2.461023 0.006807 0.002436 0.004981 0.014680 0.523981 0.013032 0.002094 0.000641 0.000523 0.001110 0.005221 
0.000136 0.000238 0.000769 0.002968 5.819643 7.890172 0.036390 0.003808 0.000561 0.000119 0.000612 0.006066 0.058898 0.715755 2.944955 4.944516 22.461582 22.094263 31.550621 33.297504 26.701078 6.084470 5.267220 2.949939 2.119199 1.764982 1.148180 1.416486 22.141678 4.467419 18.089088 7.964378 64.555244 6.998411 19.120108 0.003494 0.001613 0.001281 0.001156 0.002616 
0.000733 0.000701 0.002442 0.007640 2.541677 1.277888 0.036007 0.006266 0.001521 0.001734 0.021444 0.090442 0.103502 0.847923 5.602884 11.419919 28.647100 36.812672 41.767563 47.459152 28.766293 12.408769 10.374991 7.124887 8.755187 7.679514 5.241631 6.472449 24.231930 8.370920 6.065154 0.008385 0.003468 0.004308 0.005969 0.006515 0.008431 0.007534 0.003075 0.009295 
0.005857 0.002553 0.011240 0.015836 17.304779 2.074378 2.081037 56.309608 0.056544 0.046006 0.400139 0.510511 7.506561 12.649570 7.613345 14.893546 35.387074 44.252884 82.362679 58.102345 44.632900 28.122276 26.800917 22.731699 16.684523 14.956019 13.618703 13.835134 19.851080 19.802000 32.276081 0.004214 0.001347 0.001056 0.003001 44.271172 4.813232 4.820278 96.759087 4.166555 
0.756142 89.959473 0.616906 0.606020 4.774499 1.791702 0.016102 0.006660 0.021657 0.369431 2.759521 3.958257 15.001491 18.114004 59.694946 36.003712 49.667889 55.787533 113.346634 69.714127 61.066563 44.080288 36.890503 26.208525 37.326649 34.502514 27.886862 24.010572 19.758820 13.581986 4.808437 0.071826 0.003988 0.000492 0.000531 0.002071 0.007275 0.009829 0.013543 0.206055 
0.647177 0.011309 0.014215 0.017645 0.022200 78.059738 0.006885 0.004434 0.051002 0.936459 4.652466 7.572677 20.102921 28.623936 57.604126 65.456863 80.096367 80.216469 141.083832 95.645737 88.447891 67.284882 64.626190 112.828941 44.877895 42.149487 34.498131 27.267782 21.796217 13.802358 4.559445 0.080641 0.006394 0.000369 0.000179 0.000355 0.001159 0.002751 0.010714 0.207000 
5.779068 0.007470 0.004320 0.006571 0.020163 1.110361 0.037023 0.021740 0.055032 1.713738 6.597085 10.975739 24.374405 38.500088 61.496601 75.824120 94.646950 109.524872 183.336563 114.471657 104.029335 94.231865 92.061287 99.425377 79.521362 85.585518 46.738243 50.018917 33.986019 34.421650 44.696537 0.043841 0.034711 0.002172 0.000279 0.000236 0.000365 0.000692 0.002807 7.209001 
4.502383 0.004552 0.001930 0.004081 0.024742 1.092933 0.377230 0.366699 99.368576 20.531029 19.587347 23.237032 38.339947 46.038826 94.253868 133.661377 144.965836 152.358200 195.364578 145.556168 161.940994 125.776138 124.503204 171.736633 100.298683 100.622757 69.568405 59.416458 41.342690 25.948412 12.042427 1.940505 0.596639 0.046120 0.009733 0.001906 0.000379 0.000293 0.000512 0.002188 
0.002411 0.000834 0.000723 0.002888 7.188404 13.946174 5.467418 4.297237 9.577718 21.644526 29.999777 36.019379 52.792233 62.427372 92.871971 124.616096 149.363251 173.606537 240.383057 180.100372 187.554840 158.542709 158.092804 190.111267 138.096588 93.079514 76.890968 65.801582 43.506016 26.302130 12.949550 4.824374 1.732864 0.378370 0.442812 27.596846 0.001920 0.000248 0.000155 0.000189 
0.000243 0.000211 0.000287 0.000896 0.010482 0.099265 4.180418 7.236157 8.898644 33.272278 44.252728 52.621605 71.389168 83.070786 111.001144 126.869240 194.058441 193.617554 259.954956 216.084488 222.975510 195.687851 195.112976 217.579742 155.887512 111.137779 150.256195 81.719666 85.077003 64.560425 13.181632 10.780550 4.578692 1.938742 1.943167 6.222666 0.004588 0.000363 0.000074 0.000038 
0.000087 0.000125 0.000235 0.000855 0.007043 0.028136 9.699417 14.189023 14.258703 33.100399 57.604706 65.258179 86.579437 101.924400 130.898651 149.296448 174.651398 231.620270 286.764801 253.854340 260.140778 229.597473 228.861160 243.471909 181.440628 178.806335 126.016830 129.812302 61.801003 47.368645 28.102427 20.171762 11.525722 8.177585 9.571518 27.901518 0.001923 0.000166 0.000030 0.000010 
0.000134 0.000318 0.001911 0.012475 0.047744 0.114479 8.986550 22.147383 34.314995 46.400803 84.642632 94.141510 112.280212 127.903374 148.810379 182.826126 192.293381 225.352051 272.372162 284.303314 290.126282 267.174530 267.307404 270.492126 214.428619 183.186630 150.846436 126.984528 99.412369 84.994125 37.652985 31.682619 15.633506 11.274284 8.758146 0.226845 0.019847 0.000737 0.000030 0.000007 
0.000389 0.002096 30.836142 0.422920 0.381991 1.591305 10.477902 17.697838 33.922695 50.702812 73.545593 101.893860 130.118088 153.241119 176.370117 195.749222 243.132523 268.280182 297.486603 314.287201 315.323090 297.663696 291.426849 270.375519 220.871033 190.335037 156.323090 124.689301 93.630424 66.934647 43.019962 35.398224 30.157080 30.143660 103.839195 0.208395 0.186611 0.012580 0.000320 0.000028 
0.001118 0.006129 5.594638 0.605464 0.638890 2.258948 12.428530 18.231295 40.152847 52.715839 73.562782 101.267670 133.586441 163.678177 195.710709 217.765854 248.066956 278.819397 309.016174 333.851440 338.207062 317.442535 307.923920 261.085297 231.468460 195.187408 164.055084 132.265656 106.549767 105.022133 87.446266 126.098671 39.535984 36.545494 16.268768 3.618321 1.886326 0.166538 0.005140 0.000263 
0.001565 0.004248 33.247837 1.366170 1.189604 2.562722 12.395823 18.933365 37.360065 60.452438 83.132370 110.036682 141.985916 172.912735 208.630234 236.645996 265.568451 292.216431 321.007690 343.339569 356.742615 326.184113 308.353058 273.243622 248.765793 223.041489 196.494965 181.654129 181.720062 119.437996 108.588676 77.685989 49.914322 36.558971 15.634133 7.459311 2.385011 0.295239 0.027655 0.003376 
0.009029 0.182281 2.559944 2.200867 2.036272 26.164240 12.826991 53.934814 53.755600 74.803650 85.205017 111.778236 144.793518 177.774536 214.168472 247.217270 276.935242 304.790283 330.631927 350.496521 372.015564 338.241058 321.047180 295.737579 289.105255 244.938126 228.437790 205.088333 175.781097 138.928101 113.313332 80.409805 56.866123 35.275829 19.124849 8.876781 2.975904 0.617278 0.627853 7.818076 
5.639789 2.258880 2.343455 5.707680 8.657445 20.686855 26.393272 49.649292 72.291176 82.759041 149.321091 168.565277 188.559296 211.064911 239.840591 268.865112 297.833405 320.157562 343.969299 359.073120 382.672394 363.468323 343.233246 329.728058 301.126373 274.123138 249.091278 215.749313 181.848175 147.235489 115.412399 84.695221 60.535194 37.962872 21.565075 10.466091 3.585314 0.828364 0.129934 0.220825 
5.548879 2.046332 2.009281 5.833564 9.830459 20.671118 28.365423 50.003040 75.833954 86.846169 126.862442 162.757309 196.633301 227.587814 256.019348 281.801178 314.362091 340.890991 354.043732 366.397919 388.321167 368.501251 352.342468 333.531128 308.370331 282.264252 253.682953 217.500717 185.484924 152.252350 122.772514 100.546257 60.163696 44.845043 23.789450 13.658338 4.866582 1.517353 0.135415 0.220049 
0.007928 0.108156 0.518042 2.750436 2.939440 42.916832 68.104515 74.180038 131.588608 205.503738 209.989899 222.933182 267.257721 286.232788 313.934570 339.629944 360.010773 373.979462 384.132690 388.237640 399.417877 372.929169 364.388458 344.241150 322.825409 301.409515 260.794464 231.843704 198.446381 166.365982 138.099045 108.295258 85.015961 63.451077 46.575478 36.873501 29.804527 31.104607 57.606552 3.800277 
0.000915 0.015734 0.213640 1.347588 2.981403 20.650450 46.801502 74.252991 105.645599 141.993225 175.592163 208.715836 236.016602 263.816772 290.030090 312.954224 331.320465 347.291138 359.721130 370.126678 381.188232 386.083405 366.790314 349.910156 325.108673 296.301483 264.766602 233.296539 197.635605 173.996765 128.419464 115.887817 70.533539 55.206665 31.343033 19.762236 8.147282 3.595011 0.236329 0.047070 
0.000125 0.001957 0.027780 0.034093 96.095535 78.593658 117.822891 126.155296 133.844406 149.495453 170.754395 194.485001 222.652527 250.975098 278.230774 302.504547 322.447052 337.455536 357.585999 362.910339 376.907501 383.414215 363.919006 345.594543 324.742859 297.781525 265.847656 234.289978 200.142593 166.556900 135.317154 105.074409 75.148499 54.369480 33.117584 20.179041 8.915598 4.131411 0.242675 0.017059 
0.000099 0.002835 0.095349 1.226546 1.694360 33.812588 43.841866 56.548416 78.583939 104.291168 132.530838 162.312531 193.404724 222.600220 251.050095 277.798920 299.312042 318.728516 337.513733 346.535461 367.495941 367.167999 349.739990 335.798767 311.946289 298.930298 266.992249 235.732483 207.699951 184.475998 138.192581 116.037575 90.724396 80.423668 60.119076 55.477772 62.266426 83.992714 0.025439 0.017219 
0.000232 0.002794 0.098507 1.375803 1.617617 13.576134 24.226461 39.049126 63.282181 88.111992 115.303947 143.709152 173.558350 200.925247 230.265015 256.502411 279.491577 297.732361 310.647614 326.225006 342.305511 351.364594 332.280823 301.488678 283.701874 266.308838 234.956009 215.181671 212.855881 164.700714 147.611725 120.714409 108.619514 68.717972 57.731503 32.710346 2.968637 2.207527 7.476578 0.246216 
0.002222 0.001056 0.011281 0.141839 0.168296 27.408493 19.731165 32.730000 56.070969 75.626213 99.816147 125.083122 151.759033 176.622803 206.507721 231.273743 254.453583 269.301392 284.610840 306.698792 317.975403 329.781464 304.064697 279.702972 255.304794 224.951462 188.527222 157.062958 131.149628 135.877182 83.116554 61.682503 42.704800 59.043282 64.866165 85.578011 1.810938 2.171177 7.507342 0.277871 
7.126524 0.004957 0.002734 0.025250 0.252836 3.238333 3.555061 23.976315 42.493736 58.581631 81.963341 104.392105 127.862228 151.695908 182.864914 204.622925 226.507294 237.113220 254.704727 263.267578 289.799835 305.527710 293.139679 253.206894 234.626495 211.895905 182.129959 158.977966 116.432854 98.142052 78.523605 55.623161 32.801056 13.261023 10.588563 1.981701 0.634268 0.191290 0.091216 7.477714 
0.629395 0.009231 0.005573 0.027978 0.243190 3.308708 3.640855 15.212107 28.400145 45.201248 67.358917 84.144737 103.967690 128.718811 160.090317 175.662064 196.546799 201.278229 216.291245 236.053238 267.938171 271.670837 256.057617 236.814011 204.347076 182.008728 153.323578 138.317703 94.883392 81.186089 63.927620 58.059242 62.037132 11.313785 9.709822 1.811178 0.286786 0.026504 0.019438 0.179259 
0.687666 8.698171 10.375511 0.959279 0.962124 17.893875 15.615136 29.803854 23.219917 37.423515 54.353527 62.577217 81.088425 110.245224 136.858368 144.741379 168.870026 161.893600 186.001984 208.745377 238.462982 239.946503 231.038254 188.000717 181.114258 159.311737 142.735764 103.501633 80.062126 59.973267 43.600254 28.170855 15.782908 10.635653 3.823146 0.842236 0.058427 0.007377 0.021819 0.175843 
0.368512 0.714643 0.018133 0.015805 0.015390 0.017091 14.481563 6.259899 6.714819 26.843832 37.129147 39.793606 63.184940 101.566544 110.391457 110.901993 128.961884 129.710602 158.328949 184.399017 216.040680 204.670197 216.830246 174.409637 146.348236 128.450043 108.659752 83.153740 58.636597 47.657333 37.809700 27.451538 14.850535 8.447937 3.508011 0.965482 0.039560 0.043794 48.230099 2.363670 
0.377457 0.722605 0.012567 0.004109 0.003009 0.005245 24.317713 0.655500 0.591668 47.576290 21.484968 20.380861 67.265297 100.256386 76.484184 77.972527 93.413582 101.777992 138.099060 162.890366 167.238434 166.719803 180.930237 122.176186 126.817795 103.777290 92.956055 67.797676 40.253208 29.781002 21.920021 22.346304 16.554609 10.386570 11.781756 106.318932 0.003674 0.001373 0.001950 0.006005 
1.159609 52.137737 0.002623 0.000827 0.000660 0.000983 0.002706 0.129218 0.231360 0.418300 3.488477 6.741136 6.423496 65.214508 50.855381 52.665592 70.727837 75.583450 131.057526 125.742294 151.259933 130.444885 178.821396 98.031334 89.545349 74.815521 69.372887 70.543312 26.024153 19.535057 8.818377 8.860833 67.125038 0.480784 0.449514 0.002522 0.000504 0.000249 0.000238 0.000591 
0.968001 0.005675 0.000735 0.000291 0.000284 0.000502 0.000670 0.005568 0.031399 0.369369 3.035246 5.425055 5.808039 95.901283 31.126862 33.120514 49.692173 52.951469 124.392471 93.121857 95.838463 95.598938 155.632935 79.054581 70.612778 52.853443 45.581577 100.028984 2.950272 2.454466 3.043435 1.810200 0.040534 0.036320 0.025284 0.000592 0.000115 0.000057 0.000047 0.000073 
6.911427 0.002483 0.000368 0.000217 0.000468 0.002380 0.000928 0.000592 0.002097 0.038968 0.359379 0.709870 1.613947 2.697374 9.583321 18.258852 33.973724 37.557247 96.782059 67.022972 75.825897 68.362953 115.813530 70.122002 50.315933 35.669182 17.013334 10.658092 4.720652 2.254324 1.237229 0.687515 0.035392 0.002354 0.000807 0.000175 0.000077 0.000034 0.000019 0.000018 
0.002124 0.000411 0.000166 0.000231 0.002053 2.644465 0.006511 0.002338 0.000693 0.001940 0.017677 0.073043 0.477087 2.416541 8.009492 13.728324 22.465286 25.865202 35.464653 38.924095 45.738697 34.779900 32.194008 114.861893 40.493919 38.236660 16.455902 10.504585 4.963863 2.238479 0.243074 0.050733 0.002741 0.000619 0.002644 0.000540 0.000231 0.000105 0.000053 0.000039 
0.000156 0.000082 0.000065 0.000166 0.001865 16.339685 7.158772 16.013428 0.006510 0.004017 0.001000 0.004082 0.063155 0.672267 2.529024 5.370615 11.271606 12.220207 32.479877 22.456060 39.218094 25.549179 24.647907 16.359438 25.540537 45.742348 19.320810 15.415993 16.751610 10.539492 0.010629 0.002317 0.000710 0.002655 108.934830 0.005107 0.002078 0.000528 0.000272 0.000227 
0.000019 0.000015 0.000027 0.000140 0.001904 2.629136 0.006327 0.002241 0.005255 109.540695 0.002569 0.000579 0.003415 0.064577 0.539687 1.906462 4.751546 5.227873 23.092995 7.366161 24.832203 10.178123 10.594827 15.556169 21.357992 17.495628 16.959642 17.835796 3.150799 4.939780 0.003753 0.001277 0.001423 0.005764 0.007914 0.011930 108.914886 0.003407 0.001156 0.002254 
0.000002 0.000003 0.000008 0.000050 0.000276 0.001795 0.000644 0.000407 0.000722 0.002742 0.001293 0.002475 0.000465 0.002415 0.037015 0.310742 1.897537 1.526078 0.276055 1.114149 0.414960 2.962275 3.901308 3.058639 6.720648 0.342310 0.053106 0.003737 0.003904 0.003284 0.001921 0.003359 0.006656 109.335609 0.004227 0.001711 0.001986 0.001083 0.003645 7.274518 
0.000000 0.000000 0.000002 0.000011 0.000046 0.000112 0.000104 0.000106 0.000236 0.000717 0.002649 46.500580 0.002076 0.000365 0.002549 0.072556 2.095047 0.338692 0.239238 0.861656 0.336332 0.769714 0.859667 1.216930 7.458152 0.302505 0.030357 0.001423 0.000646 0.000996 0.002955 46.508530 0.007142 0.004010 0.001028 0.000416 0.000226 0.000287 0.000646 0.002405 
0.000000 0.000000 0.000000 0.000000 0.000000 0.000000 0.000000 0.000000 0.000000 0.000000 0.000000 0.000000 0.000000 0.000000 0.000000 0.000000 0.000000 0.000000 0.000000 0.000000 0.000000 0.000000 0.000000 0.000000 0.000000 0.000000 0.000000 0.000000 0.000000 0.000000 0.000000 0.000000 0.000000 0.000000 0.000000 0.000000 0.000000 0.000000 0.000000 0.000000 
