0.000035 0.000417 0.005858 2.838514 0.007273 0.001014 0.000250 0.000053 0.000007 0.000001 0.000000 0.000000 0.000001 0.000025 0.000410 0.005823 2.615496 0.034211 0.021432 0.039357 9.589429 0.002171 0.000176 0.000015 0.000001 0.000001 0.000006 0.000038 0.000113 0.000084 0.000083 0.000306 0.002403 7.951442 0.002284 0.000231 0.000081 0.000458 0.005688 0.216345 
0.000015 0.000119 0.001794 44.595936 0.004085 0.001699 0.002015 0.000231 0.000028 0.000002 0.000000 0.000000 0.000002 0.000013 0.000116 0.001790 43.940216 0.071995 0.066534 34.988049 1.282128 0.004286 0.000288 0.000019 0.000002 0.000003 0.000027 0.000212 0.001715 0.000510 0.000299 0.001072 0.008619 0.357647 0.007815 0.000672 0.000104 0.000186 0.002091 6.516448 
0.000011 0.000063 0.000485 0.005506 0.008033 0.010907 85.371078 0.001804 0.000097 0.000009 0.000002 0.000003 0.000010 0.000019 0.000054 0.000285 0.002398 0.005764 3.690391 0.430472 33.109947 0.001805 0.000108 0.000010 0.000002 0.000007 0.000088 0.001731 2.367000 0.005978 0.002034 0.003734 0.011443 0.355838 0.010176 0.001098 0.000221 0.000183 0.000575 0.003829 
0.000040 0.000080 0.000396 0.002456 5.455383 7.173790 0.033643 0.002929 0.000290 0.000027 0.000010 0.000034 0.000110 0.000122 0.000077 0.000116 0.000434 0.002660 18.751183 0.006157 0.002282 0.000265 0.000035 0.000005 0.000002 0.000010 0.000100 0.001810 20.044004 3.867412 17.322626 7.179261 54.295418 6.296289 18.425848 0.002744 0.000938 0.000689 0.000527 0.001470 
0.000417 0.000325 0.001483 0.006218 2.240139 1.143501 0.033283 0.005313 0.000541 0.000068 0.000050 0.000270 0.002028 0.002047 0.000369 0.000162 0.000272 0.002888 8.369468 0.003231 0.000368 0.000068 0.000016 0.000008 0.000006 0.000014 0.000104 0.001771 2.391765 0.548328 5.357692 0.006379 0.002684 0.003722 0.005458 0.005718 0.007297 0.006509 0.002361 0.007773 
0.005104 0.002099 0.009084 0.013398 15.273959 1.831105 1.837080 52.579784 0.001805 0.000114 0.000130 0.002004 6.528689 6.650080 0.003415 0.000657 0.000591 0.003651 10.955483 0.003329 0.000292 0.000077 0.000060 0.000072 0.000053 0.000041 0.000099 0.000610 0.005490 0.009049 27.089937 0.002633 0.000674 0.000642 0.002552 42.953281 3.678418 3.683606 80.393929 3.680329 
0.688445 71.369064 0.501583 0.491842 4.586898 1.573505 0.013117 0.003224 0.000408 0.000073 0.000067 0.000407 0.003329 0.007583 45.199959 0.015518 0.012977 0.039812 0.957720 0.061971 0.005339 0.002558 0.002197 0.001771 0.000887 0.000543 0.000236 0.000586 0.003299 0.011924 1.901211 0.006731 0.000678 0.000189 0.000326 0.001870 0.006327 0.007891 0.010086 0.171024 
0.589854 0.008401 0.010204 0.012447 0.016790 69.122597 0.003270 0.001204 0.000331 0.000075 0.000035 0.000134 0.001013 0.008863 2.534815 0.302989 0.284236 0.068726 0.980434 0.576256 0.074421 0.087762 0.096055 81.426315 0.014835 0.009440 0.002385 0.002371 0.011720 0.026876 1.903217 0.006273 0.000498 0.000070 0.000066 0.000179 0.000626 0.001435 0.007452 0.171895 
5.239100 0.004780 0.002009 0.003324 0.013468 0.728543 0.015461 0.005697 0.002141 0.000279 0.000061 0.000074 0.000571 0.007607 2.522804 0.846312 0.910957 5.986627 3.184719 2.397317 0.094383 1.012581 1.706889 17.226255 15.503951 28.132933 10.194421 12.694016 1.092265 1.098243 41.265808 0.001806 0.000132 0.000031 0.000047 0.000121 0.000148 0.000296 0.002254 6.570192 
4.131370 0.003135 0.000798 0.002140 0.017500 0.718844 0.071444 0.075697 84.786568 0.002018 0.000192 0.000065 0.000182 0.001920 40.504627 39.626877 26.357965 26.683626 8.092157 7.832436 47.652752 5.591361 5.782194 18.669928 11.411605 0.875344 0.637520 0.057005 0.042464 0.092893 0.006994 0.000604 0.000077 0.000048 0.000201 0.001763 0.000244 0.000134 0.000329 0.002046 
0.002206 0.000479 0.000335 0.002331 6.568203 6.669384 0.023202 0.019260 0.036882 0.005306 0.000644 0.000157 0.000934 0.041220 1.195193 1.838290 13.988602 41.326736 20.616301 20.956139 67.482887 14.622925 14.362504 20.325651 39.575985 0.725813 0.649089 0.053170 0.031436 0.097103 0.004675 0.000386 0.000061 0.000117 0.001759 26.794201 0.001791 0.000142 0.000074 0.000121 
0.000143 0.000087 0.000116 0.000458 0.002949 0.006793 0.027941 0.027042 0.032123 12.887479 0.004441 0.001394 0.005789 0.117712 1.167583 1.236029 60.318932 46.574921 37.158596 38.605171 91.419785 31.384756 30.171026 31.936262 63.622738 10.370141 64.947945 0.070905 0.075332 41.350182 0.001907 0.000187 0.000071 0.000304 0.004292 5.607230 0.004206 0.000261 0.000031 0.000014 
0.000031 0.000051 0.000116 0.000204 0.000616 0.003029 6.931765 0.299599 0.295774 3.312383 2.789039 0.067377 0.097134 0.864258 3.817350 5.406845 10.469634 75.914375 63.000908 63.404026 101.125526 48.831142 47.707653 52.669041 70.437851 78.065094 22.247530 53.196747 1.717916 1.772826 0.006247 0.000413 0.000113 0.000250 0.001998 26.891565 0.001740 0.000100 0.000011 0.000002 
0.000056 0.000217 0.001761 0.000360 0.000404 0.002506 6.501856 0.053064 0.049858 0.045481 14.136153 0.900603 0.814584 2.876787 6.377752 22.085419 16.098423 56.818760 79.847404 87.530258 123.145660 80.720543 79.458359 80.761070 73.343788 45.670074 29.608246 17.797523 21.869703 39.322258 0.002525 0.000507 0.000270 0.000633 0.004966 0.004789 0.000362 0.000043 0.000005 0.000001 
0.000201 0.001879 29.862844 0.002155 0.000428 0.000827 0.004586 0.009335 0.054143 0.027265 0.442083 0.759347 2.488435 6.615014 13.892159 17.488747 73.643059 119.393929 126.127083 124.937294 160.445114 105.118507 101.075073 98.460434 66.875557 44.520016 26.753531 13.683294 4.458353 1.223467 0.081498 0.002499 0.000921 0.003122 87.402534 0.001946 0.000139 0.000019 0.000007 0.000009 
0.000657 0.005268 4.879120 0.005490 0.000759 0.000664 0.001959 0.004786 7.069435 0.379973 0.457989 2.032833 5.795988 11.783908 24.443132 29.775509 54.429550 86.737000 123.388885 147.168640 186.877151 132.912735 139.231552 90.016068 73.152771 44.722927 28.368887 13.794090 4.494532 1.284177 1.339913 86.113129 0.002938 0.000763 0.001792 0.000219 0.000038 0.000015 0.000036 0.000108 
0.000835 0.002755 29.919540 0.003077 0.001014 0.002387 0.006443 0.009251 6.815398 2.008908 2.086391 5.878374 12.930677 21.019295 36.886120 46.744690 66.467354 90.747810 128.450256 153.566666 214.224640 153.068695 142.149185 98.433197 81.730011 62.148357 44.227375 39.872215 73.045143 1.856635 1.848940 1.060476 0.038275 0.000651 0.000090 0.000029 0.000013 0.000039 0.000265 0.002024 
0.003407 0.001513 0.002621 0.001083 0.003089 22.014872 5.522807 23.601645 0.199276 0.246897 2.010841 6.612752 15.301054 26.129677 43.960350 60.589897 79.294899 105.414764 135.767090 166.595383 241.305389 173.199768 150.063385 119.745209 123.241470 72.655716 62.004890 41.870945 21.393349 7.440156 5.328800 0.950968 0.046599 0.000759 0.000017 0.000005 0.000013 0.000128 0.002002 6.563957 
4.363326 0.003245 0.000728 0.000964 0.006695 1.147487 0.189659 0.151079 0.033103 0.037445 71.637573 61.595860 50.724117 55.014397 69.642601 87.096199 108.946999 125.739288 156.140259 179.006073 259.147614 204.806030 181.481995 153.775742 120.601883 89.934906 67.675728 40.953857 22.747370 11.133491 5.991384 0.937342 0.049154 0.000973 0.000016 0.000003 0.000028 0.000423 0.005728 0.140263 
4.331780 0.002605 0.000386 0.000696 0.006107 1.150887 0.185696 0.147591 0.039607 0.953966 18.625290 24.354170 44.400768 60.705647 76.841179 94.666191 116.455521 152.437057 170.467834 194.044815 272.987610 218.033127 189.149704 161.984558 133.150269 107.002625 83.017334 56.167187 40.280117 29.275677 24.767941 20.150145 0.002867 0.000623 0.000026 0.000006 0.000054 0.000654 0.008105 0.137912 
0.002208 0.000377 0.000136 0.000278 0.002059 37.525238 2.205112 2.199968 52.736977 24.121468 22.498232 24.183264 75.543930 99.696144 136.948868 173.970703 197.617996 219.561661 246.111618 262.488068 394.189056 243.679428 223.896118 189.618256 161.660065 129.044785 89.548431 69.758728 46.304398 29.231054 15.817451 5.304139 0.020750 0.004045 0.000117 0.000013 0.000085 0.001750 45.002068 2.291474 
0.000135 0.000064 0.000079 0.000429 0.005079 0.015326 0.012460 0.014527 0.085192 2.100759 7.844910 18.309361 27.862480 43.170773 63.547485 86.413376 110.226227 141.162018 162.343811 189.632431 229.556168 275.416901 202.014954 169.041611 136.319229 102.380730 73.223022 54.913647 32.868336 25.055075 6.023133 17.775839 0.003174 0.000804 0.000046 0.000025 0.000148 0.000926 0.005229 0.010264 
0.000017 0.000018 0.000084 0.001784 86.871277 0.011850 0.002273 0.002835 0.072738 1.179978 4.929682 12.641644 24.603113 40.453270 59.784966 79.790367 101.567093 123.577843 153.494965 175.474564 213.275742 220.680206 191.126266 149.142181 122.577759 92.434380 58.425251 38.310673 21.506449 6.246096 0.449923 0.337075 0.033679 0.001482 0.000099 0.000095 0.000442 0.003107 0.002918 0.003347 
0.000015 0.000015 0.000063 0.000531 0.005576 22.990047 0.002211 0.000572 0.015029 0.378472 2.565480 7.709564 16.247158 27.641909 42.579708 59.875988 76.238029 104.233627 125.923256 159.469284 192.313126 181.435638 170.345032 140.388870 118.227081 99.503815 57.102619 37.309082 25.027702 20.284527 0.361234 0.335554 0.038154 0.002128 0.000631 0.000432 0.002385 73.295158 0.013884 0.010812 
0.000115 0.000058 0.000069 0.000361 0.003911 6.202197 0.004284 0.000554 0.001546 0.061751 0.861245 3.818597 9.581618 17.896263 31.462008 44.467060 60.281937 85.865654 105.358803 134.899261 161.427246 146.743134 136.816101 107.046623 97.610703 85.236412 61.623932 48.433281 66.455315 1.996519 1.021074 1.063704 44.856873 0.009220 0.006800 0.002392 0.010664 0.283085 6.763119 0.218563 
0.002034 0.000403 0.000183 0.000369 0.002056 25.639536 0.005332 0.002350 0.000353 0.004899 0.142656 1.300469 4.633467 10.196260 21.753756 30.278788 45.973713 67.833794 89.749153 115.663963 128.464737 115.259430 101.492867 87.177223 73.733681 64.951668 42.203705 19.312401 6.983426 7.123796 1.427495 0.947766 2.486783 0.197095 0.202391 74.695648 0.349733 0.340458 6.734134 0.246670 
6.515038 0.003208 0.000844 0.001928 0.007783 0.382609 0.374583 11.326077 0.001842 0.000324 0.010158 0.222688 1.603679 4.878562 14.164345 18.749809 34.212097 53.943966 78.948074 74.225471 99.061005 87.303459 89.473091 57.067818 46.793629 49.784489 47.164715 22.982607 6.284122 5.053944 0.967299 0.617905 2.487842 0.016388 0.007553 0.002117 0.006476 0.009021 0.013951 6.713479 
0.428583 0.007361 0.003348 0.010810 0.022577 0.381271 0.382466 6.442316 0.002295 0.000221 0.000487 0.017583 0.329708 1.938135 8.164140 9.592719 28.922338 42.639545 50.253937 55.987625 86.080040 61.779285 51.582848 51.445988 26.301233 25.338825 27.684612 31.020267 0.775290 0.702401 0.125246 0.133113 44.826172 0.002561 0.000773 0.000331 0.000809 0.002103 0.010145 0.147182 
0.455435 7.718654 8.929776 0.671626 0.674103 16.047682 5.081322 9.415616 0.002772 0.000553 0.000584 0.001553 0.043629 0.567189 3.079751 3.401568 24.429371 21.780935 33.318680 35.866890 63.522923 44.655357 35.859322 15.529754 13.791870 13.647047 24.317635 1.552384 0.078270 0.046110 0.005168 0.002603 0.002491 0.000464 0.000230 0.000218 0.000365 0.001475 0.012711 0.144589 
0.198215 0.662890 0.015077 0.011748 0.009850 0.007861 2.828366 4.137445 0.005954 0.002534 0.006267 0.006673 0.048220 0.072759 0.486951 0.634219 6.680297 8.422834 18.820185 21.603506 44.488247 35.051266 29.451775 25.899738 3.637588 2.967933 0.186324 0.030982 0.008765 0.002139 0.000897 0.000922 0.000581 0.000337 0.000471 0.001975 0.000802 0.002893 45.118793 2.244446 
0.206446 0.670565 0.010050 0.002270 0.001427 0.003394 22.405880 0.027912 0.032620 45.505844 2.862582 2.862359 44.279915 0.043921 0.039653 0.156378 0.259491 3.114988 11.797356 13.871161 12.009541 23.534058 14.823770 2.233024 2.642712 1.580296 0.171034 0.013604 0.009775 0.004164 0.008021 0.008195 0.002537 0.000947 0.003151 87.783081 0.002888 0.000727 0.001819 0.005679 
0.898938 47.639675 0.002052 0.000322 0.000221 0.000463 0.002035 0.002038 0.002038 0.001870 0.006178 0.007257 0.005956 0.046391 0.003587 0.013748 0.142644 1.307251 7.839787 5.995432 24.457298 11.144423 16.729242 1.468501 0.422460 0.125161 0.015078 0.018048 5.539021 11.488954 1.112049 1.120762 61.893196 0.002916 0.000782 0.001835 0.000342 0.000132 0.000136 0.000407 
0.769684 0.005371 0.000491 0.000107 0.000098 0.000239 0.000292 0.000292 0.000241 0.000181 0.000548 0.000915 0.002909 87.384003 0.002654 0.000897 0.018994 0.338878 8.348104 0.737058 0.055119 0.808542 19.130888 0.834167 0.120342 0.008451 0.010717 87.178650 0.007400 0.003833 0.008674 0.007660 0.001912 0.000394 0.000179 0.000118 0.000049 0.000018 0.000014 0.000027 
6.339677 0.002230 0.000217 0.000094 0.000280 0.001961 0.000624 0.000233 0.000106 0.000059 0.000070 0.000117 0.000313 0.001757 0.000221 0.000080 0.000442 0.002736 52.906002 0.042409 0.035309 0.039760 81.103455 0.373375 0.034228 0.001013 0.000566 0.002861 0.001316 0.001132 0.001065 0.000698 0.000194 0.000137 0.000139 0.000080 0.000030 0.000009 0.000004 0.000003 
0.002015 0.000298 0.000081 0.000130 0.001841 2.489885 0.006068 0.001938 0.000400 0.000159 0.000057 0.000030 0.000040 0.000067 0.000032 0.000048 0.000450 0.006055 1.671723 0.012495 0.004773 0.003700 0.005440 86.866318 0.002596 0.000537 0.000459 0.000809 0.001335 0.003591 0.000677 0.000204 0.000127 0.000303 0.001865 0.000415 0.000152 0.000049 0.000017 0.000013 
0.000108 0.000041 0.000026 0.000105 0.001778 15.706015 6.639053 15.375783 0.004751 0.001972 0.000282 0.000064 0.000018 0.000009 0.000007 0.000034 0.000438 0.005975 1.664783 0.019021 0.006513 0.001197 0.001221 0.006228 0.005776 0.002720 0.002491 0.002793 0.007253 8.147991 0.002477 0.000352 0.000334 0.002211 87.005569 0.004953 0.001963 0.000374 0.000149 0.000140 
0.000008 0.000005 0.000010 0.000092 0.001774 2.481330 0.006068 0.002053 0.005014 87.475380 0.002240 0.000309 0.000057 0.000010 0.000005 0.000021 0.000154 0.001785 21.811201 5.582277 23.299028 0.002699 0.000829 0.002996 3.515782 14.018469 11.666046 16.751316 2.884613 4.669501 0.003030 0.000785 0.000990 0.005250 0.007408 0.011341 86.989365 0.003055 0.000868 0.002085 
0.000000 0.000000 0.000002 0.000026 0.000209 0.001676 0.000499 0.000260 0.000518 0.002418 0.001040 0.002181 0.000256 0.000040 0.000017 0.000055 0.000213 0.000375 0.001916 0.003567 0.001737 0.000399 0.000824 0.007365 0.269823 0.011318 0.003129 0.001930 0.002945 0.002718 0.001367 0.002820 0.006036 87.278557 0.003798 0.001353 0.001841 0.000808 0.003238 6.620683 
0.000000 0.000000 0.000000 0.000004 0.000024 0.000072 0.000052 0.000041 0.000107 0.000454 0.002351 44.474667 0.001833 0.000151 0.000082 0.000321 0.002155 0.000474 0.000249 0.000244 0.000108 0.000107 0.000585 0.006833 0.274649 0.008079 0.000989 0.000248 0.000313 0.000588 0.002504 44.448349 0.006233 0.003163 0.000626 0.000213 0.000120 0.000148 0.000439 0.002173 
0.000000 0.000000 0.000000 0.000000 0.000000 0.000000 0.000000 0.000000 0.000000 0.000000 0.000000 0.000000 0.000000 0.000000 0.000000 0.000000 0.000000 0.000000 0.000000 0.000000 0.000000 0.000000 0.000000 0.000000 0.000000 0.000000 0.000000 0.000000 0.000000 0.000000 0.000000 0.000000 0.000000 0.000000 0.000000 0.000000 0.000000 0.000000 0.000000 0.000000 
