0.000002 0.000120 0.004562 1.378747 0.005165 0.000258 0.000070 0.000010 0.000001 0.000000 0.000000 0.000000 0.000000 0.000002 0.000120 0.004557 1.339476 0.014033 0.005431 0.019555 7.844116 0.001945 0.000072 0.000002 0.000000 0.000000 0.000001 0.000009 0.000047 0.000017 0.000010 0.000082 0.001961 6.154102 0.001927 0.000066 0.000006 0.000079 0.003095 0.160149 
0.000001 0.000045 0.001687 39.662834 0.003126 0.000845 0.001754 0.000137 0.000007 0.000000 0.000000 0.000000 0.000000 0.000001 0.000045 0.001685 38.880947 0.043576 0.038596 26.897367 0.975560 0.003533 0.000116 0.000003 0.000000 0.000000 0.000007 0.000124 0.001542 0.000286 0.000089 0.000218 0.002833 0.126032 0.002639 0.000085 0.000007 0.000052 0.001803 5.468532 
0.000001 0.000013 0.000272 0.004963 0.006766 0.009457 55.003387 0.001700 0.000042 0.000001 0.000000 0.000000 0.000002 0.000003 0.000011 0.000160 0.002126 0.005258 3.380850 0.358314 25.850798 0.001687 0.000048 0.000001 0.000000 0.000001 0.000044 0.001594 2.219048 0.005469 0.001756 0.002533 0.005195 0.124830 0.004710 0.000265 0.000023 0.000022 0.000210 0.002390 
0.000003 0.000009 0.000113 0.001990 4.834560 5.926448 0.022707 0.001128 0.000053 0.000002 0.000001 0.000009 0.000055 0.000056 0.000016 0.000024 0.000218 0.002324 15.173054 0.005730 0.002008 0.000152 0.000008 0.000000 0.000000 0.000002 0.000052 0.001716 17.473433 3.008061 16.024366 5.842468 38.425369 5.090343 17.245455 0.001978 0.000275 0.000164 0.000120 0.000390 
0.000115 0.000074 0.000403 0.004302 1.713365 0.562148 0.021760 0.003341 0.000215 0.000012 0.000011 0.000158 0.001862 0.001866 0.000208 0.000035 0.000086 0.001888 6.936125 0.002203 0.000182 0.000015 0.000001 0.000001 0.000000 0.000002 0.000046 0.001599 2.221119 0.501732 4.181348 0.005493 0.002130 0.003081 0.004936 0.004865 0.005334 0.004796 0.001842 0.005400 
0.004015 0.001750 0.004797 0.008476 11.786594 0.828522 0.833220 44.539806 0.001707 0.000051 0.000057 0.001811 5.466296 5.555139 0.003171 0.000236 0.000101 0.001661 9.200539 0.001582 0.000053 0.000005 0.000008 0.000038 0.000013 0.000005 0.000017 0.000189 0.002523 0.005681 21.673937 0.002069 0.000249 0.000267 0.002114 39.032223 1.549033 1.551080 54.915512 1.756974 
0.575310 47.553062 0.276696 0.269276 4.247377 0.694681 0.009990 0.002234 0.000190 0.000014 0.000012 0.000180 0.002333 0.006277 39.668903 0.001962 0.000217 0.000473 0.002698 0.000195 0.000019 0.000013 0.000140 0.001691 0.000274 0.000090 0.000070 0.000119 0.000768 0.006707 0.922989 0.004694 0.000160 0.000029 0.000162 0.001715 0.004695 0.005129 0.003588 0.042418 
0.494333 0.005988 0.004845 0.005215 0.009138 52.550522 0.002253 0.000326 0.000106 0.000013 0.000003 0.000018 0.000311 0.005501 1.308095 0.008242 0.001905 0.002674 0.000845 0.000238 0.000072 0.000085 0.001788 55.439240 0.005213 0.002011 0.001893 0.001729 0.006092 0.017303 0.925507 0.004525 0.000123 0.000005 0.000011 0.000060 0.000146 0.000249 0.001378 0.044354 
4.358900 0.002670 0.000374 0.000545 0.006137 0.355064 0.005793 0.001029 0.001826 0.000150 0.000011 0.000006 0.000147 0.004683 1.307319 0.039512 0.041464 5.274620 0.008206 0.004845 0.001745 0.000265 0.000482 0.006355 3.082420 12.824188 8.629321 10.748974 0.558892 0.564180 36.542145 0.001683 0.000046 0.000003 0.000010 0.000050 0.000024 0.000069 0.001836 5.506316 
3.524469 0.002172 0.000163 0.000535 0.009552 0.347487 0.013276 0.016355 55.316849 0.001838 0.000080 0.000009 0.000049 0.001689 36.764137 0.300463 0.293683 6.114114 0.366473 0.373309 43.051098 0.002225 0.000373 0.003055 1.339788 0.284290 0.264910 0.012177 0.010374 0.019713 0.003058 0.000200 0.000012 0.000010 0.000128 0.001665 0.000137 0.000031 0.000167 0.001867 
0.001971 0.000214 0.000101 0.001907 5.493472 5.534646 0.005523 0.002727 0.013714 0.004958 0.000373 0.000031 0.000014 0.000155 0.002013 0.008624 0.301361 0.039037 0.019782 0.030853 0.413345 0.004820 0.000326 0.002090 21.423315 0.277196 0.271090 0.009351 0.004324 0.022765 0.000960 0.000049 0.000005 0.000047 0.001663 25.373240 0.001673 0.000054 0.000016 0.000056 
0.000062 0.000016 0.000022 0.000204 0.002370 0.005880 0.009363 0.006059 0.009713 9.809678 0.003441 0.000229 0.000017 0.000019 0.000183 0.002040 48.651928 0.034043 0.020407 0.031742 0.406677 0.004652 0.000203 0.000317 0.004812 0.085402 51.658516 0.021951 0.026026 31.871737 0.001703 0.000056 0.000008 0.000126 0.003842 4.105908 0.003809 0.000117 0.000004 0.000002 
0.000004 0.000010 0.000045 0.000049 0.000264 0.002438 5.679727 0.137221 0.134391 2.820053 2.553026 0.001871 0.000059 0.000006 0.000036 0.000581 0.010261 47.876965 0.448641 0.441672 6.955963 0.003924 0.000445 0.000114 0.001880 46.064030 0.517785 36.909836 1.039896 1.048868 0.003504 0.000138 0.000014 0.000089 0.001798 25.463955 0.001662 0.000046 0.000001 0.000000 
0.000011 0.000131 0.001663 0.000172 0.000136 0.002037 5.450348 0.012384 0.008971 0.011270 10.194307 0.001927 0.000058 0.000004 0.000027 0.000615 0.013808 0.497347 0.096297 0.193643 20.940256 0.078156 0.011385 0.000382 0.000172 0.001730 0.004132 0.001964 0.005061 31.777893 0.002055 0.000215 0.000063 0.000327 0.004679 0.004627 0.000243 0.000012 0.000000 0.000000 
0.000067 0.001706 27.937052 0.001789 0.000118 0.000293 0.002968 0.002016 0.012112 0.001809 0.002389 0.000195 0.000010 0.000002 0.000041 0.001698 54.236580 0.503046 0.491992 1.122876 47.735554 0.592235 0.014283 0.002624 0.000247 0.000066 0.000126 0.000163 0.000771 0.003324 0.000897 0.002090 0.000472 0.002545 55.684322 0.001819 0.000069 0.000003 0.000000 0.000002 
0.000204 0.004291 3.158323 0.004412 0.000235 0.000163 0.000743 0.003113 5.653258 0.002395 0.000281 0.000023 0.000001 0.000001 0.000088 0.009102 0.496227 0.735274 2.095384 4.554060 31.670830 15.038570 34.199986 0.005163 0.002799 0.000222 0.000033 0.000246 0.002978 0.001071 0.003396 55.883083 0.002479 0.000424 0.001697 0.000139 0.000009 0.000001 0.000009 0.000054 
0.000309 0.002156 27.966526 0.002446 0.000458 0.001817 0.004805 0.007314 5.556181 0.002348 0.000262 0.000022 0.000001 0.000006 0.000405 0.021182 0.488989 2.223406 7.509300 9.124804 37.044006 28.622982 28.507347 0.373897 0.005515 0.002352 0.000343 0.002028 55.827343 0.002636 0.000542 0.002057 0.000215 0.000036 0.000041 0.000008 0.000001 0.000009 0.000156 0.001862 
0.002553 0.000780 0.002089 0.000482 0.002412 20.973635 4.614823 22.033127 0.004741 0.001129 0.002163 0.000188 0.000018 0.000178 0.006620 0.178799 1.560284 7.612265 12.430432 29.380493 41.788876 49.029385 29.810326 9.672193 36.914742 0.012350 0.007995 0.000462 0.001781 0.000209 0.000082 0.000194 0.000034 0.000003 0.000001 0.000000 0.000001 0.000048 0.001792 5.504226 
3.664546 0.002475 0.000265 0.000242 0.004836 0.843715 0.068157 0.040733 0.002711 0.005260 55.826817 0.002090 0.000238 0.005199 0.061714 0.698971 2.604482 7.529556 19.233204 25.479292 84.117630 66.182007 55.414600 31.111763 4.611004 2.767966 0.243253 0.006313 0.000125 0.000046 0.000183 0.001941 0.000145 0.000008 0.000000 0.000000 0.000002 0.000051 0.001236 0.039715 
3.645417 0.002077 0.000105 0.000169 0.004556 0.846106 0.062038 0.038261 0.005177 0.001216 0.002619 0.000771 0.002150 0.138741 0.422654 1.082489 4.606775 33.694496 29.749533 44.478870 106.601883 72.900162 43.079304 20.960987 5.591376 2.888697 0.313919 0.011288 0.000219 0.000172 0.001926 19.022779 0.001629 0.000042 0.000001 0.000000 0.000009 0.000205 0.003363 0.037397 
0.001984 0.000187 0.000024 0.000089 0.001819 34.000393 1.243246 1.244437 39.880821 0.002575 0.000526 0.002607 52.290272 3.823228 3.843784 6.534091 18.072834 24.500948 49.556709 78.656792 301.725677 120.165146 92.152229 62.458824 48.597725 28.530609 0.008308 0.004630 0.000755 0.001913 0.006048 4.482250 0.002707 0.000080 0.000002 0.000001 0.000041 0.001678 39.557201 1.356215 
0.000062 0.000013 0.000017 0.000257 0.004744 0.013563 0.006988 0.004967 0.001700 0.000189 0.000051 0.000192 0.001851 0.182297 0.968658 4.156623 10.910341 20.754007 21.677361 39.749134 79.452438 67.533188 41.378155 23.101891 10.195759 4.240872 0.413641 0.020485 0.019099 16.924778 1.841799 16.937864 0.001626 0.000046 0.000002 0.000002 0.000036 0.000446 0.003008 0.005749 
0.000002 0.000002 0.000040 0.001694 55.384678 0.010205 0.000928 0.000233 0.000053 0.000010 0.000002 0.000009 0.000125 0.009768 0.175867 1.512050 6.124647 6.298719 17.608295 24.755877 50.704548 53.958195 51.586964 20.583685 9.994939 4.402263 0.431344 0.019230 0.015259 4.459525 0.007881 0.003065 0.000441 0.000040 0.000005 0.000018 0.000211 0.002501 0.000858 0.000569 
0.000002 0.000001 0.000013 0.000304 0.005084 21.762222 0.001694 0.000077 0.000007 0.000001 0.000000 0.000000 0.000004 0.000314 0.012516 0.252606 1.576668 3.231045 6.863106 32.793053 26.716225 30.780989 57.466530 20.985191 9.107982 12.896172 7.125559 0.028692 0.026194 19.022266 0.003097 0.000982 0.002467 0.000279 0.000073 0.000191 0.002053 50.571922 0.007410 0.004278 
0.000055 0.000011 0.000008 0.000141 0.003465 4.946916 0.003734 0.000244 0.000016 0.000001 0.000000 0.000000 0.000000 0.000007 0.000444 0.016895 0.264815 1.861932 1.820137 31.206711 16.286057 14.154113 28.838085 0.236342 0.262435 6.782381 0.015815 0.020217 54.500050 0.003720 0.000671 0.002802 39.602070 0.003448 0.001304 0.002055 0.008445 0.212714 5.606585 0.157269 
0.001862 0.000191 0.000030 0.000079 0.001705 23.889822 0.004844 0.001942 0.000136 0.000007 0.000000 0.000000 0.000000 0.000000 0.000009 0.000487 0.013161 0.128415 0.133775 28.947775 3.754849 3.911506 4.951703 0.121517 0.057899 0.003420 0.003028 0.023161 0.004840 0.000416 0.000290 0.005188 1.365490 0.037770 0.041281 49.819359 0.267239 0.259554 5.585758 0.179777 
5.478765 0.002364 0.000268 0.000418 0.004662 0.326710 0.320539 10.334750 0.001581 0.000041 0.000001 0.000000 0.000000 0.000000 0.000001 0.000017 0.000353 0.004220 0.013135 0.009941 1.487891 1.561467 23.972591 0.047195 0.005337 0.000730 0.002641 2.500515 0.001868 0.000120 0.000177 0.004755 1.365678 0.007427 0.001467 0.001768 0.003849 0.004581 0.006931 5.554960 
0.202361 0.006059 0.002444 0.005055 0.013649 0.325029 0.324440 5.543927 0.002021 0.000081 0.000007 0.000002 0.000001 0.000001 0.000009 0.000158 0.001922 0.000276 0.000735 0.005969 0.129295 0.110518 0.053697 21.834496 0.006271 0.004002 0.007468 25.019564 0.001850 0.000085 0.000069 0.001730 39.575962 0.001825 0.000127 0.000079 0.000129 0.000281 0.001871 0.040301 
0.207099 6.234131 6.714143 0.288768 0.291094 13.043044 4.310268 8.169436 0.002298 0.000235 0.000154 0.000124 0.000046 0.000016 0.000065 0.001885 5.506734 0.002032 0.000169 0.002345 0.119889 0.022911 0.024482 4.642177 0.155315 0.159893 16.590187 1.460540 0.001653 0.000074 0.000027 0.000180 0.002058 0.000185 0.000040 0.000064 0.000054 0.000324 0.004119 0.037957 
0.035404 0.368483 0.008896 0.005129 0.004665 0.005688 2.315964 3.724711 0.005339 0.002151 0.004741 0.004581 0.001687 0.000170 0.000112 0.001988 5.508670 0.002330 0.000261 0.002059 20.977037 0.682718 0.682558 20.738499 0.004989 0.002898 0.002218 0.002589 0.000492 0.000133 0.000130 0.000172 0.000219 0.000080 0.000206 0.001744 0.000426 0.002442 39.585567 1.352064 
0.041913 0.374956 0.005099 0.000406 0.000263 0.002022 18.601282 0.024207 0.028705 40.437992 1.387589 1.387438 39.400978 0.001906 0.000131 0.000203 0.001813 0.000227 0.000211 0.003555 4.706232 0.012603 0.005822 0.001765 0.000259 0.000104 0.000175 0.000650 0.002710 0.002123 0.004394 0.004493 0.002083 0.000477 0.002549 55.902390 0.002468 0.000415 0.001694 0.004554 
0.592919 38.994114 0.001719 0.000064 0.000026 0.000173 0.001745 0.001051 0.001104 0.001701 0.004687 0.005352 0.005073 0.004837 0.000280 0.000040 0.000060 0.000048 0.000215 0.001991 21.919281 0.002483 0.000626 0.000124 0.000022 0.000022 0.000256 0.003782 4.990661 7.676610 0.425722 0.432752 48.151962 0.002471 0.000429 0.001710 0.000183 0.000034 0.000049 0.000120 
0.524329 0.005003 0.000275 0.000018 0.000015 0.000078 0.000097 0.000057 0.000045 0.000053 0.000146 0.000287 0.002131 55.693787 0.001710 0.000048 0.000023 0.000168 0.002063 0.000761 0.002578 0.000865 0.002630 0.000282 0.000035 0.000052 0.001718 55.562107 0.006049 0.002658 0.004607 0.004287 0.001713 0.000192 0.000046 0.000048 0.000010 0.000001 0.000001 0.000002 
5.374087 0.001954 0.000086 0.000019 0.000135 0.001622 0.000332 0.000079 0.000019 0.000008 0.000005 0.000016 0.000154 0.001688 0.000135 0.000014 0.000052 0.001701 41.356277 0.002698 0.000615 0.002732 55.767040 0.003276 0.000239 0.000053 0.000202 0.002223 0.000532 0.000361 0.000190 0.000118 0.000054 0.000032 0.000052 0.000020 0.000004 0.000001 0.000000 0.000000 
0.001855 0.000166 0.000018 0.000052 0.001624 2.269358 0.005608 0.001726 0.000241 0.000071 0.000011 0.000002 0.000008 0.000037 0.000008 0.000004 0.000119 0.004449 0.935214 0.005931 0.000489 0.000420 0.003593 55.711540 0.002183 0.000235 0.000147 0.000305 0.000553 0.002478 0.000229 0.000024 0.000022 0.000155 0.001717 0.000258 0.000070 0.000011 0.000002 0.000002 
0.000054 0.000010 0.000004 0.000051 0.001689 14.698498 5.735492 14.365250 0.004544 0.001822 0.000162 0.000015 0.000002 0.000001 0.000000 0.000002 0.000119 0.004437 0.931306 0.012641 0.002223 0.000344 0.000513 0.005265 0.005156 0.002302 0.002032 0.002157 0.006211 6.337121 0.002021 0.000110 0.000114 0.001900 55.453888 0.004735 0.001822 0.000192 0.000037 0.000060 
0.000001 0.000000 0.000002 0.000045 0.001610 2.266332 0.005693 0.001842 0.004714 55.715088 0.002033 0.000177 0.000015 0.000001 0.000000 0.000002 0.000055 0.001655 20.871178 4.646386 21.924570 0.002081 0.000288 0.002198 3.227133 12.286835 9.969982 14.817768 2.396968 4.183662 0.002349 0.000328 0.000522 0.004831 0.006548 0.010306 55.442875 0.002528 0.000464 0.001880 
0.000000 0.000000 0.000000 0.000007 0.000124 0.001530 0.000298 0.000108 0.000288 0.002065 0.000652 0.002005 0.000153 0.000008 0.000001 0.000011 0.000086 0.000194 0.001721 0.003258 0.001645 0.000166 0.000134 0.003022 0.139365 0.006418 0.002157 0.001666 0.002443 0.002157 0.000734 0.002287 0.005364 55.570351 0.003098 0.000797 0.001711 0.000439 0.002636 5.531860 
0.000000 0.000000 0.000000 0.000000 0.000006 0.000035 0.000013 0.000006 0.000022 0.000199 0.002038 39.569748 0.001695 0.000051 0.000016 0.000166 0.001880 0.000235 0.000093 0.000107 0.000045 0.000014 0.000085 0.002932 0.142518 0.003618 0.000237 0.000066 0.000104 0.000231 0.002079 39.503075 0.005153 0.002193 0.000247 0.000051 0.000047 0.000036 0.000212 0.001913 
0.000000 0.000000 0.000000 0.000000 0.000000 0.000001 0.000000 0.000000 0.000004 0.000151 0.004727 1.376219 0.004665 0.000150 0.000074 0.001901 5.511117 0.001909 0.000074 0.000008 0.000002 0.000003 0.000064 0.001918 6.235237 0.001962 0.000084 0.000008 0.000010 0.000158 0.004750 1.373050 0.005512 0.000331 0.000024 0.000003 0.000002 0.000002 0.000014 0.000076 
