0.000044 0.000453 0.005950 2.955767 0.007467 0.001120 0.000284 0.000061 0.000009 0.000001 0.000000 0.000000 0.000002 0.000031 0.000443 0.005908 2.702858 0.037382 0.024294 0.042679 9.765309 0.002199 0.000191 0.000018 0.000002 0.000001 0.000007 0.000043 0.000123 0.000098 0.000101 0.000352 0.002476 8.140604 0.002344 0.000267 0.000103 0.000519 0.005878 0.219646 
0.000019 0.000132 0.001810 44.960815 0.004207 0.001811 0.002059 0.000244 0.000032 0.000003 0.000000 0.000000 0.000002 0.000016 0.000128 0.001805 44.334328 0.076319 0.070814 35.837425 1.313084 0.004358 0.000308 0.000023 0.000002 0.000003 0.000030 0.000224 0.001739 0.000541 0.000340 0.001215 0.009166 0.385967 0.008298 0.000782 0.000132 0.000217 0.002141 6.623925 
0.000015 0.000074 0.000515 0.005585 0.008187 0.011078 88.779205 0.001819 0.000107 0.000011 0.000002 0.000004 0.000011 0.000023 0.000063 0.000302 0.002440 0.005831 3.725043 0.438798 33.846329 0.001819 0.000117 0.000012 0.000002 0.000008 0.000093 0.001747 2.382443 0.006045 0.002084 0.003917 0.012029 0.384084 0.010687 0.001242 0.000269 0.000221 0.000642 0.004032 
0.000050 0.000097 0.000445 0.002527 5.517422 7.294967 0.034235 0.003099 0.000330 0.000034 0.000012 0.000039 0.000118 0.000131 0.000089 0.000134 0.000471 0.002743 19.023264 0.007028 0.002899 0.000285 0.000041 0.000006 0.000003 0.000011 0.000107 0.001821 20.291567 3.962115 17.454016 7.314081 55.998116 6.415977 18.543425 0.002852 0.001034 0.000769 0.000606 0.001633 
0.000460 0.000373 0.001632 0.006448 2.291256 1.175576 0.033878 0.005497 0.000588 0.000080 0.000057 0.000284 0.002047 0.002069 0.000393 0.000249 0.000803 0.014319 15.180926 0.015146 0.000949 0.000113 0.000030 0.000011 0.000010 0.000018 0.000114 0.001794 2.410505 0.553882 5.479645 0.006498 0.002767 0.003806 0.005531 0.005834 0.007481 0.006672 0.002456 0.008011 
0.005219 0.002160 0.009463 0.013828 15.609159 1.888990 1.895090 53.209484 0.001819 0.000125 0.000142 0.002029 6.636833 6.761900 0.003597 0.005634 0.008518 0.031409 19.778755 0.027289 0.005331 0.001593 0.000925 0.000120 0.000247 0.000186 0.000127 0.000689 0.005921 0.009522 27.669779 0.002718 0.000743 0.000698 0.002613 43.200825 3.890612 3.896246 83.922447 3.789095 
0.699572 74.296745 0.522672 0.512721 4.619361 1.625072 0.013441 0.003421 0.000445 0.000085 0.000078 0.000445 0.003906 0.009509 45.578644 0.257857 0.237057 0.585895 9.235803 0.637009 0.122729 0.061759 0.046674 0.001849 0.008407 0.006401 0.000652 0.000690 0.003675 0.012503 1.993618 0.006909 0.000753 0.000221 0.000352 0.001895 0.006481 0.008217 0.010792 0.179508 
0.599224 0.008802 0.010817 0.013276 0.017655 70.610397 0.003470 0.001387 0.000375 0.000088 0.000045 0.000165 0.001733 0.032850 4.258667 2.677012 2.428370 1.169572 8.724259 3.285112 1.141643 0.977498 1.030167 81.386772 0.031704 0.023466 0.003636 0.002510 0.012315 0.027723 1.995534 0.006415 0.000550 0.000086 0.000079 0.000200 0.000701 0.001639 0.008114 0.180371 
5.329579 0.005145 0.002314 0.003790 0.014265 0.759713 0.016634 0.006474 0.002194 0.000299 0.000072 0.000101 0.001366 0.031318 4.148499 3.317052 3.385124 7.701272 13.093437 6.345831 1.289633 3.469033 4.507863 44.445099 24.006847 38.301579 10.396028 12.876344 1.135899 1.141836 41.613720 0.001827 0.000148 0.000039 0.000055 0.000134 0.000174 0.000345 0.002327 6.678035 
4.193945 0.003314 0.000933 0.002408 0.018341 0.749822 0.080824 0.085206 87.873100 0.002044 0.000212 0.000116 0.001073 0.003308 40.518883 53.701630 30.306576 30.724121 19.144505 16.767878 49.184605 12.322954 12.660921 56.580532 17.380262 3.313897 2.851907 0.338181 0.072636 0.103314 0.007612 0.000687 0.000093 0.000056 0.000211 0.001779 0.000261 0.000153 0.000353 0.002067 
0.002236 0.000523 0.000380 0.002400 6.677283 6.793304 0.027323 0.023215 0.041520 0.005351 0.000909 0.001310 0.025187 0.426945 8.193563 10.260869 20.533474 46.372639 33.260460 32.726643 69.371964 25.546499 25.590717 43.820606 45.286572 3.058566 2.925399 0.337184 0.085976 0.107731 0.005270 0.000466 0.000076 0.000129 0.001775 26.927273 0.001809 0.000156 0.000084 0.000130 
0.000156 0.000101 0.000136 0.000498 0.003026 0.006908 0.032163 0.031411 0.036670 13.206854 0.028811 0.033803 0.141442 1.084607 8.406109 9.269480 69.014641 55.385536 51.347740 52.317085 94.878540 46.709209 45.845802 55.128750 67.657600 12.822079 66.634651 0.373369 0.366117 42.090675 0.001972 0.000223 0.000086 0.000327 0.004333 5.705062 0.004238 0.000277 0.000037 0.000017 
0.000037 0.000059 0.000129 0.000231 0.000668 0.003108 7.071132 0.320072 0.316237 3.398844 2.944489 0.879807 1.142025 3.424714 12.445208 15.055812 21.876833 87.082161 78.664238 78.670609 109.453491 67.795776 66.897659 77.037834 86.634209 83.906525 31.514727 53.762726 2.324000 2.592049 0.030895 0.001006 0.000140 0.000276 0.002029 27.024826 0.001750 0.000108 0.000013 0.000003 
0.000065 0.000230 0.001778 0.000391 0.000449 0.002574 6.606999 0.061424 0.058852 0.080192 16.830706 6.449052 5.554484 9.170573 15.627789 34.863014 28.749361 68.665855 94.381622 102.778374 133.200256 102.142654 101.266380 108.999344 106.540298 71.766739 51.736076 37.603111 40.696774 39.381187 0.003116 0.000745 0.000312 0.000675 0.005005 0.004807 0.000374 0.000048 0.000006 0.000002 
0.000225 0.001908 30.025892 0.002219 0.000485 0.000916 0.004813 0.010653 0.064516 0.321484 4.598461 7.270029 10.437861 16.512716 26.317225 31.741219 87.195816 131.201599 140.746704 140.059662 171.602768 130.049347 126.461517 132.844803 95.147530 68.833542 46.596607 29.448668 16.758303 9.675754 0.432447 0.002896 0.001011 0.003225 90.984413 0.001960 0.000148 0.000022 0.000008 0.000010 
0.000722 0.005371 4.995851 0.005613 0.000840 0.000756 0.002142 0.005086 7.211676 3.102373 4.996094 9.187620 15.513904 23.833149 39.160557 46.330044 73.175850 107.581612 144.853989 166.830856 201.239273 161.726364 168.616547 122.381905 101.185074 68.536102 48.153736 29.686863 17.413919 13.150901 12.096947 86.732948 0.003398 0.001059 0.002019 0.000229 0.000043 0.000019 0.000041 0.000115 
0.000918 0.002846 30.087109 0.003171 0.001100 0.002488 0.006738 0.010538 8.043559 14.869126 14.319526 19.037514 27.722149 37.483723 55.398014 66.591522 88.076622 113.729126 152.485870 176.759659 233.434006 187.107803 177.073227 132.261932 112.007416 88.789879 68.118553 62.129166 84.747253 13.447617 12.634089 3.792964 0.410571 0.014485 0.000296 0.000035 0.000016 0.000045 0.000279 0.002042 
0.003526 0.001614 0.002706 0.001174 0.003189 22.120274 5.633594 25.597988 1.826298 1.796404 12.542081 20.067463 31.231741 44.253685 64.294395 82.612633 102.757889 130.277756 160.596664 192.819168 257.067963 209.958984 187.230835 154.641693 151.653122 99.013496 85.051147 60.208008 37.341953 20.209967 14.261802 3.434841 0.547788 0.020570 0.000298 0.000009 0.000017 0.000144 0.002033 6.671169 
4.435843 0.003358 0.000805 0.001065 0.006876 1.160141 0.380143 0.509368 0.337671 0.332880 73.017960 79.666992 70.157860 75.834587 92.237389 111.255730 134.260239 152.284698 184.007217 202.516876 287.989532 235.198181 215.139374 183.448517 146.735870 114.110466 88.742058 59.357094 38.803959 23.682037 13.739711 3.435375 0.525793 0.023645 0.000413 0.000009 0.000036 0.000499 0.006180 0.146770 
4.400543 0.002686 0.000438 0.000770 0.006256 1.163119 0.407728 0.476385 0.330561 1.268317 29.054972 47.477261 70.637787 86.634132 102.453369 120.655716 144.208633 178.805344 199.200989 218.366379 301.269226 244.449799 220.102509 188.462036 157.817993 129.107864 102.333054 73.357765 54.515030 38.872368 28.701612 20.430937 0.018876 0.011184 0.000518 0.000018 0.000065 0.000734 0.008576 0.144287 
0.002236 0.000405 0.000159 0.000311 0.002098 37.791153 4.755635 4.604665 55.921501 60.208294 47.248005 51.245804 100.666893 123.533730 160.050888 197.125320 222.075333 246.565903 270.325531 288.001648 361.430328 254.968033 230.243332 193.442978 164.176971 132.028214 91.858414 71.749466 48.124836 30.741060 16.978580 5.498323 0.123582 0.057884 0.002443 0.000058 0.000093 0.001762 45.489052 2.326828 
0.000145 0.000074 0.000091 0.000452 0.005130 0.021327 0.062621 0.150857 0.788876 5.056964 13.864566 28.650131 41.509972 59.619183 82.451675 107.770638 133.606644 165.337341 187.919769 214.845413 252.457672 278.268219 206.302612 172.956146 140.012939 105.954895 76.876640 58.530022 36.487873 29.011515 8.902697 18.873346 0.025616 0.014526 0.000763 0.000047 0.000168 0.000999 0.005599 0.010852 
0.000020 0.000022 0.000091 0.001797 90.422577 0.018481 0.008102 0.051066 0.740723 4.111226 10.903821 21.728647 36.990929 55.772144 77.828575 100.648674 124.637634 148.052673 179.353943 200.699219 237.239288 234.330261 197.479904 154.458267 126.653450 96.006096 62.225456 42.066132 25.273956 10.183850 4.055521 3.571145 0.442478 0.029249 0.000885 0.000124 0.000477 0.003193 0.003268 0.003835 
0.000018 0.000019 0.000072 0.000557 0.005637 23.115158 0.012736 0.011078 0.252161 2.058803 6.798075 14.883820 26.495527 40.483398 58.287144 78.760712 97.538544 126.460373 149.857712 181.548187 215.895279 198.187485 182.259796 151.204849 125.280708 104.310135 61.912361 41.337669 29.037907 25.094276 3.890948 3.547596 0.476238 0.026688 0.001369 0.000487 0.002451 75.777374 0.014661 0.011588 
0.000124 0.000068 0.000083 0.000394 0.003968 6.326204 0.005195 0.001765 0.041748 0.674466 3.320092 8.821435 17.579897 28.361502 45.228943 61.631840 79.804771 105.695366 126.051811 155.362137 183.315598 165.756180 152.716324 122.190376 113.471085 104.604263 83.048233 69.144753 76.073433 11.111292 8.801629 9.153069 45.472309 0.010358 0.007703 0.002460 0.010830 0.287761 6.881187 0.223070 
0.002055 0.000437 0.000217 0.000428 0.002122 25.805344 0.006223 0.003369 0.004719 0.111740 1.133650 4.258172 10.321003 18.134523 33.404423 45.165035 62.733643 84.213516 107.030914 134.637695 149.949966 135.330627 116.890068 100.671432 86.970749 77.633110 54.447182 31.484280 17.171011 23.958920 10.850550 7.858666 2.850217 0.226595 0.232271 77.774750 0.355124 0.345732 6.851539 0.251577 
6.619234 0.003343 0.000947 0.002141 0.008109 0.386738 0.378565 11.430544 0.009381 0.009549 0.194824 1.482038 5.105269 10.421144 23.737600 30.853935 47.558105 65.916840 92.126663 91.446228 118.850769 108.208359 105.201866 70.122498 59.186161 60.508636 54.559727 34.449306 13.783171 11.382305 6.210404 5.247532 2.854832 0.020332 0.008460 0.002189 0.006734 0.009549 0.014802 6.832386 
0.460169 0.007550 0.003489 0.011338 0.023292 0.385423 0.386734 6.529795 0.002614 0.000646 0.015145 0.291894 2.005834 5.478503 15.552202 18.382074 37.897472 49.448891 61.052475 71.429199 102.865273 80.739006 67.079010 64.095894 37.554256 34.527122 29.804539 32.788597 2.985870 2.729552 1.334203 1.451623 45.193844 0.002717 0.000913 0.000390 0.000937 0.002454 0.011188 0.154729 
0.491316 7.880807 9.171392 0.717392 0.719888 16.386782 5.160362 9.543309 0.002849 0.000616 0.001534 0.036879 0.660761 2.773735 7.936089 9.085531 29.310902 26.063375 42.947319 51.587681 76.935081 62.337059 50.077358 26.727617 24.375366 21.770092 25.704201 2.316679 0.880252 0.565934 0.115815 0.053994 0.002596 0.000519 0.000273 0.000254 0.000436 0.001706 0.013787 0.152038 
0.224704 0.676362 0.015618 0.012398 0.010378 0.008174 2.881924 4.179760 0.006037 0.002604 0.007013 0.033231 0.761421 1.147163 2.738684 3.777754 9.668406 11.853017 28.624731 38.106152 55.576389 48.648540 43.519089 35.295334 11.618307 7.914975 1.499106 0.414563 0.162001 0.045186 0.005483 0.002072 0.000657 0.000384 0.000515 0.002020 0.000854 0.002953 45.621109 2.273549 
0.233086 0.684102 0.010493 0.002551 0.001632 0.003626 22.795837 0.028281 0.033004 45.878986 2.983510 2.983593 45.068882 0.713095 0.621962 1.601882 2.096241 5.977143 23.026335 29.639742 19.316923 29.409159 25.920225 8.309929 12.192546 5.431498 1.424977 0.260982 0.152542 0.044905 0.009808 0.008692 0.002622 0.001009 0.003226 91.383629 0.002935 0.000763 0.001838 0.005742 
0.940437 48.421181 0.002122 0.000381 0.000270 0.000520 0.002080 0.002151 0.002142 0.001900 0.006303 0.007426 0.006170 0.738544 0.093488 0.254500 1.338536 3.522542 25.737413 13.274045 27.421175 13.396321 29.829914 4.693451 2.907687 1.107260 0.327519 0.302585 5.878433 11.958393 1.199509 1.208341 62.946861 0.002966 0.000825 0.001853 0.000363 0.000148 0.000150 0.000439 
0.801816 0.005416 0.000522 0.000127 0.000118 0.000270 0.000326 0.000334 0.000277 0.000205 0.000602 0.000995 0.003003 90.434570 0.028503 0.024431 0.286811 0.928315 30.952271 1.557517 0.528716 1.334703 35.160114 2.269353 1.260993 0.198175 0.225553 90.460030 0.007606 0.004015 0.009051 0.007954 0.001948 0.000423 0.000200 0.000130 0.000057 0.000022 0.000017 0.000032 
6.436974 0.002266 0.000237 0.000108 0.000303 0.002015 0.000664 0.000261 0.000124 0.000071 0.000085 0.000137 0.000336 0.001765 0.000504 0.000694 0.008711 0.013266 55.259472 0.490073 0.486144 0.512118 81.176369 1.419986 0.434961 0.024447 0.004621 0.002957 0.001439 0.001266 0.001209 0.000793 0.000224 0.000156 0.000154 0.000091 0.000035 0.000011 0.000005 0.000005 
0.002032 0.000315 0.000092 0.000144 0.001872 2.514845 0.006129 0.001973 0.000422 0.000172 0.000066 0.000037 0.000046 0.000072 0.000039 0.000068 0.000703 0.008859 1.882872 0.083777 0.067507 0.051567 0.024276 88.999680 0.003185 0.000942 0.000561 0.000890 0.001454 0.003767 0.000759 0.000246 0.000150 0.000327 0.001887 0.000433 0.000163 0.000056 0.000021 0.000016 
0.000115 0.000046 0.000030 0.000113 0.001790 15.812084 6.726323 15.482176 0.004776 0.001991 0.000297 0.000072 0.000022 0.000011 0.000009 0.000042 0.000501 0.007493 1.882845 0.081040 0.069765 0.006073 0.002144 0.006391 0.006088 0.003070 0.002597 0.002890 0.007395 8.346493 0.002546 0.000395 0.000371 0.002258 90.570297 0.004976 0.001980 0.000398 0.000166 0.000152 
0.000009 0.000006 0.000012 0.000099 0.001793 2.505397 0.006110 0.002081 0.005052 91.063835 0.002262 0.000325 0.000064 0.000012 0.000006 0.000026 0.000171 0.001807 21.900175 5.670218 23.440025 0.002826 0.000940 0.003132 3.546608 14.197167 11.840161 16.946320 2.931696 4.716278 0.003120 0.000850 0.001052 0.005309 0.007493 0.011441 90.553566 0.003113 0.000915 0.002111 
0.000001 0.000001 0.000003 0.000029 0.000219 0.001694 0.000522 0.000282 0.000548 0.002466 0.001080 0.002200 0.000269 0.000046 0.000021 0.000063 0.000232 0.000399 0.001943 0.003603 0.001752 0.000444 0.000946 0.007803 0.283409 0.011783 0.003274 0.001979 0.003014 0.002797 0.001448 0.002893 0.006123 90.863350 0.003869 0.001411 0.001860 0.000852 0.003304 6.731472 
0.000000 0.000000 0.000000 0.000004 0.000027 0.000078 0.000059 0.000048 0.000123 0.000492 0.002394 44.834721 0.001855 0.000168 0.000095 0.000343 0.002190 0.000505 0.000272 0.000262 0.000119 0.000128 0.000675 0.007208 0.288391 0.008504 0.001109 0.000286 0.000349 0.000644 0.002567 44.813507 0.006372 0.003292 0.000683 0.000240 0.000134 0.000167 0.000470 0.002206 
0.000000 0.000000 0.000000 0.000001 0.000003 0.000008 0.000007 0.000011 0.000067 0.000609 0.006354 2.961729 0.006297 0.000618 0.000278 0.002290 6.703200 0.002204 0.000209 0.000063 0.000027 0.000042 0.000232 0.002270 7.930689 0.002437 0.000339 0.000094 0.000132 0.000684 0.006491 2.947627 0.007906 0.001244 0.000223 0.000050 0.000023 0.000031 0.000087 0.000210 
