0.000618 0.005387 0.030224 0.547939 0.032474 0.007756 0.003416 0.001464 0.000333 0.000047 0.000005 0.000005 0.000052 0.000576 0.005376 0.030252 0.539882 0.055474 0.033295 0.042834 0.705783 0.006694 0.003477 0.000656 0.000081 0.000052 0.000317 0.001343 0.002687 0.001892 0.001458 0.003782 0.007678 0.653043 0.007197 0.003289 0.001056 0.004093 0.026217 0.162800 
0.000546 0.002620 0.004336 1.893967 0.013102 0.011392 0.005539 0.004220 0.001238 0.000200 0.000026 0.000029 0.000121 0.000547 0.002599 0.004325 1.867831 0.063172 0.061536 1.537612 0.291071 0.016327 0.005004 0.000729 0.000093 0.000203 0.001207 0.004058 0.005500 0.006309 0.003889 0.006598 0.024988 0.165392 0.024105 0.004127 0.001130 0.002861 0.006401 0.540272 
0.000312 0.001667 0.006143 0.009306 0.016110 0.017874 2.858573 0.004603 0.002472 0.000491 0.000101 0.000220 0.000577 0.000761 0.001526 0.004705 0.007439 0.010634 0.276207 0.132216 1.483432 0.004826 0.002720 0.000528 0.000125 0.000519 0.002563 0.005369 0.194907 0.009166 0.005077 0.010063 0.027013 0.165239 0.025233 0.006558 0.002122 0.002118 0.005729 0.012386 
0.000682 0.001350 0.004543 0.007610 0.433038 0.615221 0.068056 0.014698 0.003303 0.000599 0.000369 0.001347 0.002915 0.002976 0.001836 0.002277 0.005736 0.007949 0.957283 0.009913 0.007465 0.004578 0.001313 0.000264 0.000120 0.000595 0.002754 0.004449 0.870855 0.351394 0.580439 0.582960 2.035546 0.601779 0.599964 0.008789 0.007705 0.006227 0.004646 0.009185 
0.005268 0.003586 0.009493 0.019096 0.419297 0.341785 0.072254 0.016570 0.005793 0.001591 0.001504 0.004725 0.006368 0.006423 0.005362 0.002730 0.003953 0.006043 0.441755 0.007471 0.005376 0.001812 0.000545 0.000498 0.000311 0.000623 0.002633 0.005490 0.198529 0.088055 0.522955 0.012091 0.008376 0.011184 0.009787 0.010463 0.032616 0.031115 0.006768 0.033548 
0.027158 0.005585 0.032215 0.035817 1.084298 0.422111 0.422519 2.252872 0.004666 0.002795 0.003018 0.006457 0.543439 0.550643 0.007338 0.005828 0.004196 0.005735 0.439025 0.004426 0.002865 0.000978 0.001326 0.002306 0.001635 0.001045 0.001878 0.005395 0.014968 0.017315 1.100332 0.008157 0.006351 0.006979 0.008644 1.853624 0.582957 0.583383 2.855471 0.625409 
0.284582 2.408062 0.219570 0.217999 0.334691 0.389352 0.044190 0.009312 0.005302 0.001693 0.001573 0.005203 0.011517 0.016144 1.903910 0.008084 0.006365 0.008556 0.013835 0.005466 0.002002 0.001660 0.004295 0.004439 0.005976 0.003856 0.003536 0.004617 0.012970 0.037673 0.427281 0.031044 0.006077 0.002450 0.004810 0.004797 0.030752 0.032339 0.017871 0.095026 
0.267779 0.015086 0.032423 0.034059 0.036304 2.723600 0.009501 0.007427 0.004317 0.001664 0.000693 0.001915 0.008228 0.033160 0.533722 0.042849 0.020331 0.011937 0.012433 0.007180 0.003479 0.003799 0.005928 2.879947 0.007936 0.005768 0.005908 0.006756 0.036869 0.061693 0.427650 0.030372 0.005369 0.000956 0.001537 0.003104 0.005876 0.007483 0.015760 0.094595 
0.528725 0.012733 0.008687 0.010763 0.036640 0.257828 0.035988 0.014200 0.006440 0.004528 0.001494 0.001020 0.005918 0.030700 0.533553 0.098897 0.097955 0.516768 0.036034 0.032572 0.005379 0.006590 0.008960 0.016121 0.244829 0.725680 0.604882 0.660632 0.321467 0.322314 1.744559 0.004325 0.002615 0.000813 0.001456 0.002730 0.002237 0.003426 0.006887 0.546705 
0.408155 0.009356 0.005493 0.010108 0.039716 0.256354 0.052909 0.054818 2.871966 0.005769 0.003647 0.001352 0.002759 0.004419 1.718976 0.228062 0.226725 0.620726 0.264540 0.265708 2.183764 0.010244 0.008359 0.014326 0.244559 0.227624 0.222101 0.048115 0.047737 0.065057 0.014821 0.005483 0.001572 0.001441 0.003973 0.003863 0.004201 0.002565 0.004932 0.006424 
0.007144 0.005769 0.004244 0.007670 0.545817 0.548277 0.025890 0.022781 0.040736 0.009259 0.007332 0.002577 0.001738 0.004611 0.006858 0.040172 0.228446 0.073401 0.063791 0.082233 0.286037 0.033229 0.008120 0.010313 1.323676 0.225262 0.223433 0.045845 0.029398 0.066483 0.013140 0.003145 0.001049 0.002704 0.003851 0.876193 0.004096 0.002951 0.001851 0.002976 
0.003171 0.001824 0.002134 0.005645 0.009997 0.013568 0.028839 0.035278 0.038716 0.896550 0.009486 0.005756 0.001879 0.002001 0.005192 0.007230 2.511785 0.070903 0.064697 0.083290 0.284968 0.032378 0.006508 0.006888 0.008587 0.114490 2.671839 0.051941 0.052993 1.603766 0.004850 0.003004 0.001323 0.005350 0.015783 0.902136 0.015609 0.005171 0.000921 0.000626 
0.000913 0.001471 0.002600 0.003213 0.006579 0.010028 0.563539 0.153733 0.152825 0.337977 0.276022 0.006670 0.003079 0.001092 0.002797 0.009479 0.015593 2.473359 0.292749 0.291556 0.765663 0.008650 0.004688 0.004280 0.006166 2.321750 0.346325 1.942203 0.226544 0.223082 0.014237 0.005592 0.001737 0.003924 0.005067 0.878932 0.003811 0.002661 0.000539 0.000136 
0.001516 0.004070 0.003924 0.004956 0.004971 0.008396 0.542754 0.045266 0.042686 0.039996 0.941985 0.006454 0.003014 0.000911 0.002411 0.009643 0.017731 0.012966 0.035537 0.038736 0.510034 0.009147 0.006017 0.003315 0.004795 0.004974 0.032391 0.007524 0.009621 1.586107 0.007642 0.005830 0.003653 0.006968 0.007197 0.006592 0.005598 0.001572 0.000265 0.000098 
0.003332 0.004667 1.107969 0.005960 0.004632 0.007085 0.015337 0.019383 0.044978 0.017979 0.010275 0.005440 0.001492 0.000680 0.002389 0.004525 2.870409 0.010997 0.008907 0.012943 0.021216 0.009132 0.006314 0.005352 0.003081 0.003065 0.005249 0.005485 0.011007 0.015048 0.011836 0.007957 0.008522 0.010644 2.889241 0.005452 0.003324 0.000774 0.000309 0.000565 
0.006836 0.019649 0.796348 0.020128 0.007294 0.005558 0.011992 0.015521 0.575148 0.010433 0.006842 0.002220 0.000455 0.000254 0.001231 0.004172 0.004995 0.005051 0.004438 0.008586 0.019051 0.018212 0.317207 0.005501 0.005201 0.002464 0.002300 0.006259 0.013124 0.013265 0.015376 2.896384 0.010048 0.007925 0.004567 0.004257 0.001398 0.000534 0.001364 0.002910 
0.007278 0.008609 1.110685 0.009663 0.008332 0.006474 0.017200 0.017264 0.549089 0.009976 0.006540 0.002178 0.000480 0.000123 0.000339 0.001427 0.002864 0.002855 0.003289 0.006721 0.015854 0.017643 0.008853 0.005760 0.005779 0.005165 0.003795 0.005919 2.894016 0.011441 0.009322 0.007506 0.005788 0.002764 0.002435 0.001263 0.000505 0.001348 0.004681 0.006358 
0.011322 0.010827 0.007927 0.008595 0.009535 0.596665 0.662339 0.662447 0.016405 0.013345 0.008664 0.005284 0.001834 0.000459 0.000396 0.001453 0.002703 0.002834 0.002961 0.005031 0.015713 0.017484 0.008653 0.007744 0.655884 0.004392 0.003810 0.004786 0.004893 0.005702 0.004167 0.005381 0.002698 0.000814 0.000527 0.000263 0.000547 0.002714 0.006212 0.546261 
0.435517 0.010652 0.006607 0.007479 0.031275 0.405099 0.120476 0.092785 0.022073 0.024121 2.893995 0.007252 0.005124 0.001961 0.001581 0.004188 0.004084 0.003384 0.003171 0.003592 0.013751 0.086811 0.029137 0.103860 0.006963 0.005970 0.003172 0.001837 0.002766 0.003089 0.005143 0.006484 0.004348 0.001304 0.000264 0.000109 0.000544 0.003186 0.015018 0.090379 
0.432731 0.008383 0.004338 0.006269 0.030213 0.405719 0.119426 0.092599 0.023758 0.014226 0.011265 0.010692 0.007245 0.005177 0.003646 0.004815 0.110664 0.307172 0.003667 0.003642 0.013318 0.063285 0.041331 0.046086 0.006946 0.006176 0.005247 0.001960 0.002381 0.004878 0.006001 0.649952 0.003592 0.002468 0.000522 0.000270 0.001377 0.005578 0.016708 0.090392 
0.007259 0.005306 0.002257 0.003901 0.005426 1.490498 0.520180 0.520462 1.916750 0.010847 0.009140 0.011251 2.883499 0.006340 0.004239 0.004131 0.004225 0.003826 0.011250 0.011949 0.084778 0.166006 0.167684 0.173297 0.175836 0.159101 0.004373 0.004175 0.005353 0.005876 0.012075 0.534138 0.008168 0.003989 0.000706 0.000548 0.002404 0.004105 1.890383 0.546140 
0.003156 0.001657 0.001884 0.005866 0.007566 0.017945 0.037445 0.031823 0.004636 0.005313 0.003295 0.005335 0.004377 0.004263 0.001857 0.001614 0.001888 0.002893 0.106875 0.152895 0.156728 0.146618 0.085917 0.083248 0.080182 0.072894 0.027243 0.009708 0.010651 0.518761 0.526648 0.520321 0.003642 0.002636 0.000623 0.000638 0.002761 0.008187 0.013851 0.034667 
0.000704 0.000694 0.002378 0.004513 2.878574 0.016438 0.013112 0.007392 0.002900 0.001415 0.000678 0.001364 0.002256 0.001232 0.000415 0.000732 0.002467 0.003488 0.228809 0.207453 0.156811 0.198731 0.087307 0.083585 0.081331 0.073983 0.030452 0.020446 0.024384 0.533601 0.019571 0.013438 0.008067 0.002891 0.000986 0.001954 0.005699 0.010226 0.012166 0.011184 
0.000649 0.000479 0.001697 0.006913 0.010958 0.631647 0.004589 0.003636 0.001184 0.000312 0.000101 0.000209 0.000440 0.000201 0.000112 0.000571 0.002573 0.003968 0.123980 0.147771 0.141195 0.084577 0.410098 0.433542 0.469301 0.514562 0.610660 0.031145 0.028248 0.655302 0.013578 0.012466 0.009761 0.006761 0.003834 0.005349 0.007415 2.615931 0.030689 0.030616 
0.002927 0.001509 0.001287 0.005469 0.010369 0.655917 0.011715 0.006840 0.001872 0.000361 0.000054 0.000027 0.000053 0.000024 0.000035 0.000276 0.001693 0.005627 0.005645 0.099756 0.019729 0.020104 0.625743 0.027547 0.028157 0.593689 0.029618 0.031758 2.838633 0.011402 0.010322 0.012028 1.893529 0.017119 0.015428 0.007420 0.041023 0.194431 0.562230 0.159333 
0.006355 0.005356 0.002503 0.003695 0.004842 0.812250 0.009875 0.008478 0.004274 0.001215 0.000199 0.000026 0.000012 0.000010 0.000052 0.000297 0.001200 0.003448 0.003703 0.225817 0.017998 0.018675 0.660663 0.024526 0.019019 0.013667 0.021973 0.033927 0.009085 0.007914 0.008189 0.032657 0.546808 0.090054 0.091621 2.574191 0.213360 0.211449 0.558479 0.166014 
0.541110 0.010045 0.006678 0.009670 0.030892 0.197714 0.195666 0.520357 0.004103 0.002437 0.000529 0.000105 0.000065 0.000065 0.000308 0.001316 0.002753 0.002665 0.004518 0.004368 0.013720 0.014815 0.699513 0.019767 0.013632 0.010792 0.013039 0.185016 0.006941 0.004634 0.006437 0.031048 0.546835 0.040088 0.017168 0.005690 0.029344 0.032084 0.028531 0.555727 
0.188329 0.014520 0.010603 0.033896 0.054948 0.197953 0.202228 0.538776 0.007207 0.003865 0.001182 0.000640 0.000509 0.000413 0.001385 0.004704 0.006194 0.005190 0.002937 0.004114 0.006925 0.016130 0.031560 0.658750 0.030248 0.029295 0.025826 1.618107 0.006263 0.003795 0.003376 0.005090 1.891969 0.006459 0.004746 0.003628 0.005269 0.007632 0.018601 0.090960 
0.191160 0.632814 0.703520 0.230343 0.230528 0.819491 0.482039 0.591563 0.008535 0.006093 0.006056 0.005466 0.002643 0.001815 0.003258 0.006700 0.546748 0.008117 0.004707 0.005756 0.007861 0.037498 0.043809 0.649509 0.193781 0.195246 1.430505 0.106531 0.005893 0.003533 0.002332 0.005147 0.007542 0.005248 0.002905 0.003221 0.003357 0.007388 0.020271 0.090927 
0.087471 0.266532 0.038024 0.033966 0.031893 0.015136 0.383187 0.334034 0.011003 0.007804 0.030870 0.030285 0.004360 0.004924 0.004467 0.007874 0.547138 0.009939 0.006556 0.007473 0.598233 0.344670 0.344656 0.598219 0.026234 0.025308 0.009244 0.012237 0.008822 0.004935 0.005262 0.006096 0.005856 0.004121 0.005642 0.005348 0.007942 0.009634 1.892388 0.545516 
0.095674 0.267535 0.033393 0.009337 0.007190 0.009101 1.046515 0.033857 0.035558 1.925972 0.549945 0.549923 1.884004 0.006553 0.004863 0.005616 0.006578 0.006096 0.006759 0.012037 0.672147 0.038997 0.034097 0.005658 0.006441 0.004508 0.005696 0.010198 0.011845 0.009131 0.031877 0.032104 0.007859 0.008571 0.010690 2.897335 0.009924 0.007801 0.004468 0.030214 
0.294368 1.910602 0.005017 0.003218 0.002298 0.004990 0.006085 0.013456 0.013721 0.004618 0.030681 0.032685 0.011703 0.008684 0.006297 0.002925 0.003144 0.003193 0.005806 0.006777 0.651586 0.012157 0.011196 0.004695 0.002116 0.002109 0.006183 0.012009 0.454591 0.830037 0.289127 0.290295 2.486134 0.009970 0.007988 0.004825 0.005187 0.002689 0.002748 0.005397 
0.277330 0.009171 0.006190 0.001957 0.001738 0.003653 0.004123 0.003505 0.003130 0.002898 0.005896 0.007897 0.010006 2.889728 0.004855 0.002726 0.002202 0.004898 0.007600 0.010550 0.010993 0.011568 0.013300 0.006587 0.002725 0.002863 0.004993 2.885094 0.014062 0.012122 0.032626 0.031351 0.004916 0.005382 0.003129 0.002696 0.001451 0.000539 0.000528 0.000581 
0.521391 0.007177 0.003845 0.001988 0.004340 0.006705 0.007024 0.003616 0.002014 0.001264 0.001005 0.001826 0.004625 0.004387 0.004177 0.001720 0.002846 0.004663 2.040220 0.011853 0.010048 0.012165 2.893263 0.008359 0.005885 0.003335 0.005598 0.009295 0.009402 0.007949 0.006388 0.005022 0.002910 0.002606 0.002849 0.002044 0.000942 0.000308 0.000131 0.000119 
0.006250 0.004880 0.001957 0.002849 0.005916 0.219671 0.010161 0.004838 0.005577 0.003378 0.001500 0.000694 0.001314 0.002257 0.001257 0.000855 0.005327 0.029744 0.428771 0.034475 0.010267 0.008424 0.010832 2.890354 0.008179 0.006053 0.005299 0.007174 0.009635 0.011603 0.006093 0.002223 0.002121 0.004635 0.004979 0.005914 0.003373 0.001495 0.000546 0.000605 
0.002902 0.001427 0.000894 0.002730 0.003927 0.537834 0.665873 0.538322 0.006736 0.005506 0.004759 0.001812 0.000603 0.000506 0.000251 0.000626 0.005316 0.029714 0.427878 0.039196 0.011220 0.007603 0.009000 0.011831 0.010911 0.007951 0.007676 0.008853 0.013279 0.663314 0.008166 0.004432 0.004516 0.006642 2.880569 0.007645 0.005504 0.005367 0.002820 0.003109 
0.000560 0.000277 0.000558 0.002591 0.005669 0.218426 0.010034 0.005533 0.007660 2.890661 0.007190 0.005060 0.001770 0.000414 0.000165 0.000680 0.002909 0.003855 0.587570 0.661518 0.652150 0.007831 0.006885 0.009708 0.268604 0.693711 0.697452 0.747274 0.386022 0.384334 0.010479 0.007475 0.008863 0.008779 0.015180 0.017309 2.880023 0.010586 0.008463 0.006580 
0.000068 0.000045 0.000202 0.001205 0.004053 0.005370 0.006539 0.004310 0.006364 0.007644 0.009521 0.006757 0.004563 0.001334 0.000528 0.001526 0.003848 0.005288 0.004950 0.010061 0.003583 0.004803 0.005311 0.025479 0.152460 0.029353 0.009295 0.005039 0.010126 0.009174 0.010406 0.009170 0.011301 2.885619 0.013047 0.010921 0.004816 0.008154 0.011549 0.549670 
0.000006 0.000006 0.000041 0.000277 0.001157 0.002238 0.001642 0.001075 0.002172 0.005518 0.007234 1.892315 0.004530 0.002813 0.001840 0.004910 0.007270 0.006101 0.004042 0.004790 0.002608 0.001714 0.004207 0.025087 0.153858 0.027460 0.006911 0.003337 0.004487 0.006121 0.007837 1.891727 0.012278 0.010577 0.006328 0.003309 0.002679 0.002772 0.005778 0.007012 
0.000000 0.000001 0.000006 0.000043 0.000204 0.000472 0.000267 0.000199 0.000855 0.006000 0.030859 0.547349 0.030682 0.005983 0.003547 0.006964 0.547482 0.006970 0.003529 0.001316 0.000696 0.000820 0.003238 0.006959 0.635779 0.007534 0.003818 0.001271 0.001371 0.006110 0.030954 0.546680 0.033275 0.008467 0.002193 0.000689 0.000597 0.000593 0.001698 0.003571 
