0.003032 0.005393 0.008132 0.283685 0.012371 0.009651 0.005883 0.003111 0.001468 0.000576 0.000238 0.000287 0.000823 0.002354 0.005119 0.007611 0.232379 0.056052 0.054129 0.057603 0.380145 0.004862 0.003682 0.001813 0.000766 0.000666 0.001291 0.002342 0.003309 0.003829 0.004661 0.007092 0.008549 0.393005 0.007892 0.006437 0.005168 0.007473 0.012003 0.048085 
0.002218 0.003519 0.003908 0.562313 0.010327 0.009943 0.006533 0.003625 0.002035 0.000906 0.000426 0.000446 0.000862 0.001837 0.003330 0.003744 0.591916 0.064605 0.064325 0.855646 0.157486 0.007501 0.004197 0.001915 0.000863 0.000920 0.001813 0.003153 0.004689 0.005470 0.006560 0.011430 0.020157 0.151475 0.019015 0.010257 0.005957 0.005880 0.007225 0.296629 
0.002184 0.003408 0.005434 0.008616 0.011506 0.012086 1.972856 0.003766 0.003112 0.001572 0.000892 0.000984 0.001403 0.002017 0.002939 0.004009 0.005670 0.007459 0.172996 0.083169 0.846049 0.003613 0.002860 0.001490 0.000862 0.001188 0.002290 0.003691 0.112695 0.007879 0.007143 0.012760 0.020848 0.151293 0.019550 0.011523 0.007374 0.006593 0.008337 0.013601 
0.003473 0.004505 0.007007 0.008235 0.223563 0.314332 0.019122 0.010901 0.005981 0.002783 0.001771 0.002077 0.002602 0.003006 0.003388 0.004093 0.005262 0.005707 0.263793 0.005754 0.005219 0.003307 0.002234 0.001237 0.000928 0.001383 0.002440 0.003124 0.452478 0.278933 0.330342 0.330711 1.293985 0.311118 0.313835 0.009949 0.009436 0.008815 0.009074 0.012323 
0.006440 0.007029 0.011335 0.013813 0.202420 0.132989 0.019022 0.011342 0.006400 0.003489 0.002771 0.003438 0.003911 0.004298 0.004327 0.004362 0.005179 0.005509 0.263244 0.004833 0.004489 0.002998 0.001984 0.001377 0.001302 0.001801 0.003093 0.004644 0.123838 0.068002 0.314878 0.010337 0.008808 0.008761 0.008165 0.010264 0.012287 0.011669 0.009677 0.014248 
0.010000 0.007743 0.017013 0.018093 0.536131 0.179280 0.179544 0.765617 0.003713 0.003270 0.003363 0.004662 0.286906 0.291983 0.004602 0.004461 0.005108 0.005285 0.293729 0.004369 0.004181 0.002795 0.001978 0.001921 0.001698 0.002346 0.004593 0.008962 0.019449 0.020291 0.708642 0.008894 0.008123 0.007334 0.007649 0.447463 0.399701 0.400028 1.721135 0.259897 
0.095716 1.809116 0.125283 0.124662 0.160218 0.169778 0.017110 0.014395 0.006362 0.003719 0.003551 0.005247 0.007552 0.007677 0.145584 0.004994 0.005112 0.005227 0.290339 0.004167 0.004024 0.002672 0.001973 0.001936 0.002189 0.004582 0.007966 0.010718 0.018232 0.021785 0.260160 0.011811 0.008212 0.005771 0.005148 0.005105 0.011283 0.016235 0.021537 0.068039 
0.088056 0.019621 0.023108 0.026389 0.026880 1.227241 0.014494 0.013967 0.006946 0.003947 0.003333 0.004665 0.006183 0.006314 0.006002 0.005280 0.005134 0.005227 0.271097 0.003780 0.003602 0.002639 0.002493 0.032919 0.004147 0.004731 0.008341 0.011106 0.019356 0.022967 0.259994 0.010417 0.006816 0.004241 0.003712 0.004783 0.008424 0.013370 0.020928 0.068117 
0.272333 0.018862 0.017462 0.020768 0.025542 0.140694 0.030373 0.025746 0.007563 0.004489 0.003510 0.004055 0.005122 0.005179 0.005691 0.005366 0.005199 0.020396 0.142793 0.003626 0.003538 0.002717 0.002640 0.031429 0.077064 0.088616 0.100585 0.163340 0.038467 0.039527 0.520304 0.004603 0.004211 0.002997 0.002948 0.003806 0.005294 0.007210 0.008552 0.296717 
0.225170 0.013621 0.012136 0.015959 0.026130 0.140246 0.088244 0.088803 1.829439 0.004618 0.004003 0.003916 0.005084 0.005118 0.030225 0.020725 0.021408 0.042332 0.073224 0.016367 0.030229 0.002729 0.002712 0.033373 0.057852 0.050203 0.050972 0.030855 0.029613 0.023360 0.017844 0.009102 0.004382 0.003021 0.003218 0.004194 0.004172 0.004533 0.004887 0.004323 
0.005200 0.006768 0.007052 0.008381 0.297478 0.325415 0.067995 0.066890 0.070432 0.005980 0.004307 0.004082 0.004782 0.004886 0.004886 0.004870 0.012150 0.020088 0.062269 0.019153 0.022709 0.002737 0.002727 0.003144 0.067226 0.047433 0.046478 0.029543 0.027957 0.023280 0.017462 0.009120 0.004398 0.003582 0.003973 0.341867 0.004113 0.003721 0.003261 0.002984 
0.003592 0.003987 0.004645 0.006249 0.008325 0.010100 0.068511 0.069189 0.069878 0.324414 0.005223 0.004529 0.004710 0.004784 0.004824 0.004844 0.038039 0.029685 0.045224 0.018480 0.016625 0.002742 0.002735 0.003166 0.056347 0.050860 0.080169 0.030387 0.030693 0.140075 0.006279 0.005953 0.004156 0.004589 0.005995 0.271711 0.005044 0.003627 0.002365 0.001762 
0.002680 0.003065 0.003814 0.005275 0.007008 0.008442 0.341895 0.121301 0.120734 0.205861 0.137379 0.023606 0.010669 0.007822 0.006761 0.005592 0.005776 0.027270 0.031899 0.022708 0.038413 0.002755 0.002744 0.006648 0.062638 0.068857 0.052164 0.053067 0.023486 0.018348 0.005258 0.005146 0.004777 0.005026 0.005414 0.341665 0.003005 0.002612 0.001567 0.000993 
0.003170 0.003602 0.004202 0.005608 0.006667 0.007948 0.283064 0.086051 0.088608 0.088190 0.181955 0.038183 0.015537 0.010387 0.008896 0.007229 0.006308 0.013089 0.018921 0.021880 0.054918 0.002775 0.002759 0.014733 0.052620 0.047715 0.043286 0.033648 0.035241 0.047670 0.006112 0.006079 0.005828 0.006118 0.006029 0.003782 0.003161 0.002173 0.001237 0.000828 
0.004936 0.005324 0.378575 0.008043 0.007662 0.009381 0.014149 0.026865 0.080132 0.082805 0.085778 0.072987 0.038813 0.020508 0.013075 0.011455 0.024716 0.019658 0.019233 0.021326 0.038753 0.002793 0.002786 0.027909 0.032826 0.028398 0.022629 0.016350 0.016007 0.015999 0.006117 0.006100 0.006721 0.007335 1.913499 0.003387 0.002771 0.001882 0.001401 0.001323 
0.007755 0.009443 0.292307 0.010582 0.008905 0.009677 0.012883 0.013731 0.203934 0.108733 0.097450 0.087466 0.062832 0.038588 0.022387 0.016275 0.018248 0.018340 0.018474 0.019741 0.032210 0.008546 0.034477 0.025864 0.025664 0.022368 0.018928 0.016121 0.015832 0.014828 0.010490 0.050641 0.006861 0.006857 0.002701 0.002726 0.002226 0.001940 0.002198 0.002500 
0.008895 0.009282 0.382739 0.009554 0.009168 0.010053 0.013817 0.013923 0.145812 0.127695 0.113957 0.103102 0.084806 0.061135 0.038605 0.025190 0.021872 0.020575 0.019910 0.019792 0.031093 0.015046 0.028982 0.024307 0.023293 0.020600 0.019105 0.019280 0.028684 0.002807 0.002805 0.002931 0.004706 0.003552 0.002081 0.001953 0.001881 0.002561 0.003505 0.003835 
0.010475 0.009704 0.009070 0.009286 0.009659 0.275442 0.193803 0.147577 0.142865 0.135134 0.119843 0.109750 0.095976 0.077388 0.056106 0.037513 0.028888 0.025014 0.022922 0.021913 0.028684 0.021636 0.031189 0.032645 0.039724 0.011896 0.010030 0.008731 0.006343 0.002156 0.002045 0.002101 0.002108 0.001602 0.001442 0.001448 0.002115 0.004161 0.005522 0.295668 
0.241509 0.010253 0.008684 0.009401 0.009485 0.009932 0.025528 0.024423 0.057200 0.057030 0.090557 0.099189 0.096824 0.085431 0.069281 0.051598 0.038277 0.031027 0.027097 0.025543 0.027326 0.086138 0.059455 0.061361 0.031591 0.025622 0.024405 0.019065 0.012035 0.005969 0.001763 0.001685 0.001449 0.001423 0.001456 0.001598 0.003202 0.008284 0.016669 0.057806 
0.238223 0.008779 0.007215 0.008054 0.008134 0.009650 0.020210 0.022389 0.051601 0.055072 0.051117 0.039500 0.048177 0.055921 0.060386 0.055738 0.068788 0.069424 0.043307 0.035546 0.028058 0.054293 0.053403 0.052301 0.051114 0.051048 0.050922 0.054471 0.056508 0.060875 0.066453 0.073112 0.001573 0.001488 0.001658 0.001854 0.003526 0.008369 0.017125 0.057308 
0.004790 0.005191 0.004917 0.005643 0.005681 0.049013 0.037435 0.029744 0.044737 0.009855 0.009521 0.009459 0.030455 0.019624 0.014769 0.011902 0.010162 0.009535 0.019711 0.024766 0.057540 0.060647 0.061957 0.060311 0.060622 0.061543 0.033702 0.033431 0.030343 0.029732 0.024608 0.006983 0.001991 0.002025 0.002114 0.002207 0.002925 0.003388 0.677933 0.140493 
0.003170 0.003202 0.003537 0.004625 0.005918 0.010624 0.010662 0.010361 0.010123 0.009879 0.009653 0.009375 0.009036 0.008733 0.008438 0.008154 0.008123 0.008740 0.031831 0.037633 0.055214 0.081604 0.076779 0.077102 0.078071 0.078673 0.078699 0.086976 0.096479 0.111712 0.077691 0.091340 0.003905 0.003752 0.003059 0.003102 0.004579 0.008386 0.018852 0.023234 
0.001959 0.002132 0.002756 0.003025 0.810201 0.010935 0.010656 0.010319 0.010085 0.009844 0.009552 0.009194 0.008861 0.008538 0.008246 0.007982 0.008113 0.009148 0.046767 0.042040 0.065196 0.099908 0.075329 0.072676 0.066053 0.063229 0.059506 0.056382 0.052010 0.039872 0.018857 0.004957 0.004794 0.004963 0.004567 0.004631 0.005890 0.009026 0.018413 0.021762 
0.001886 0.002161 0.003119 0.004839 0.006507 0.270878 0.009993 0.009685 0.009574 0.009349 0.009001 0.008616 0.008254 0.007961 0.007757 0.007559 0.008335 0.010770 0.036393 0.034937 0.087534 0.076017 0.081571 0.090477 0.083957 0.115636 0.082372 0.051915 0.050486 0.048341 0.013120 0.005313 0.005984 0.008607 0.007364 0.006737 0.007375 1.639235 0.026194 0.026139 
0.002926 0.003275 0.003965 0.005637 0.006594 0.211657 0.011033 0.010212 0.009813 0.009241 0.008645 0.008173 0.007846 0.007649 0.007523 0.007342 0.009295 0.014083 0.018664 0.033025 0.064954 0.073466 0.074388 0.050166 0.054603 0.080336 0.053933 0.047214 0.065720 0.044054 0.043217 0.043135 0.043040 0.010285 0.010109 0.007089 0.011865 0.058783 0.310953 0.058636 
0.004251 0.005814 0.006122 0.007779 0.008154 0.312213 0.011815 0.010769 0.009833 0.008682 0.007982 0.007637 0.007479 0.007419 0.007349 0.007111 0.012221 0.019655 0.023284 0.048447 0.071753 0.073033 0.056581 0.047063 0.047231 0.056203 0.057902 0.046484 0.019163 0.018677 0.031260 0.043135 0.058222 0.089782 0.090156 0.892215 0.062516 0.062200 0.308765 0.061086 
0.290310 0.011376 0.010119 0.013596 0.016414 0.055439 0.056093 0.277886 0.008179 0.007431 0.007275 0.007272 0.007317 0.007356 0.007247 0.006783 0.019429 0.027561 0.027761 0.026999 0.073476 0.079812 0.065890 0.046882 0.041800 0.054849 0.068175 0.065627 0.016161 0.016476 0.022525 0.035770 0.045430 0.012981 0.012534 0.008632 0.015273 0.021620 0.025856 0.310496 
0.165698 0.013218 0.011576 0.020161 0.023187 0.055682 0.057222 0.298085 0.008402 0.007297 0.007230 0.007321 0.007403 0.007443 0.007037 0.006125 0.036857 0.035721 0.027818 0.026571 0.092010 0.079832 0.031804 0.055343 0.035658 0.048165 0.070576 0.065197 0.015484 0.015024 0.014116 0.013613 0.151182 0.011075 0.010991 0.008282 0.011521 0.018211 0.027497 0.064429 
0.178099 0.369177 0.448183 0.193517 0.193555 0.542636 0.254761 0.325063 0.008030 0.007046 0.007288 0.007500 0.007561 0.007570 0.006183 0.004881 0.073347 0.035118 0.023825 0.025310 0.108441 0.090177 0.022427 0.026352 0.020096 0.034027 0.072878 0.050288 0.016187 0.015353 0.014120 0.011918 0.007965 0.007617 0.007032 0.006539 0.008851 0.014907 0.027930 0.063825 
0.152391 0.081460 0.020133 0.022456 0.020718 0.016766 0.209872 0.185165 0.008641 0.007369 0.007822 0.008068 0.007814 0.007505 0.004181 0.003359 0.045940 0.021968 0.014195 0.025849 0.122880 0.090055 0.014521 0.033775 0.011834 0.013401 0.015769 0.017608 0.017117 0.016533 0.015629 0.013228 0.007870 0.006905 0.006717 0.007189 0.007131 0.007595 0.690996 0.123614 
0.152710 0.081697 0.018322 0.015674 0.013992 0.014737 0.578707 0.016971 0.017284 0.482607 0.081831 0.080323 0.135764 0.003186 0.002971 0.002979 0.003761 0.003949 0.004012 0.033007 0.093258 0.073463 0.008432 0.008425 0.008808 0.011176 0.014215 0.018214 0.018045 0.017878 0.017885 0.016036 0.008333 0.007550 0.008201 2.039900 0.006285 0.005633 0.004152 0.006570 
0.188751 0.840704 0.008628 0.008101 0.007487 0.007777 0.006615 0.009776 0.009383 0.005399 0.007633 0.008923 0.008413 0.003791 0.002956 0.002969 0.003985 0.004150 0.004110 0.022149 0.094032 0.055460 0.008330 0.008100 0.008099 0.008050 0.008081 0.018321 0.207529 0.227129 0.161917 0.163350 0.948874 0.006517 0.006058 0.004115 0.004300 0.003873 0.003685 0.004962 
0.164642 0.006350 0.005621 0.004828 0.004846 0.005761 0.005845 0.006435 0.005982 0.005071 0.006813 0.008087 0.008118 0.094550 0.002922 0.002956 0.004408 0.004474 0.004542 0.011306 0.010731 0.010721 0.020533 0.008145 0.008140 0.008084 0.008108 0.086130 0.011945 0.012092 0.015955 0.013826 0.006099 0.005257 0.004548 0.003461 0.002832 0.002229 0.002037 0.002463 
0.280703 0.005736 0.004441 0.003987 0.004918 0.007362 0.006237 0.005331 0.004396 0.003734 0.004116 0.004616 0.004547 0.002097 0.002192 0.002928 0.004708 0.004753 0.030820 0.012861 0.010652 0.010594 0.029362 0.008220 0.008224 0.008140 0.008138 0.008946 0.010798 0.011528 0.011600 0.009465 0.005639 0.004502 0.003947 0.003254 0.002464 0.001773 0.001368 0.001326 
0.003823 0.003854 0.003338 0.003626 0.005291 0.144785 0.007465 0.005917 0.004535 0.003689 0.003209 0.002875 0.002618 0.002060 0.002148 0.003093 0.004886 0.004966 0.005470 0.018676 0.010644 0.010417 0.010494 0.192379 0.008366 0.008266 0.008043 0.008908 0.010694 0.012934 0.009167 0.006762 0.005108 0.004864 0.004601 0.003981 0.003226 0.002706 0.002138 0.001816 
0.002506 0.002323 0.002240 0.002807 0.003393 0.299248 0.267778 0.299820 0.004934 0.004343 0.003687 0.002900 0.002105 0.001550 0.001635 0.002877 0.004960 0.004986 0.005522 0.020374 0.010762 0.010401 0.010506 0.011495 0.009589 0.009005 0.008942 0.009624 0.011441 0.409795 0.008120 0.006671 0.006099 0.006752 2.027215 0.004537 0.003881 0.004516 0.004053 0.003388 
0.001196 0.001164 0.001475 0.002503 0.004163 0.141594 0.005877 0.004999 0.005652 2.035517 0.004272 0.003618 0.002598 0.001715 0.001535 0.002437 0.004035 0.004231 0.135338 0.024710 0.158876 0.010191 0.010135 0.011439 0.160962 0.379266 0.371451 0.403934 0.192503 0.192686 0.008971 0.007778 0.007500 0.007406 0.008219 0.008871 2.027015 0.006863 0.006210 0.004733 
0.000437 0.000498 0.000860 0.001754 0.002986 0.003974 0.004387 0.004404 0.005201 0.006563 0.005763 0.004002 0.003431 0.002597 0.002269 0.003048 0.004265 0.004753 0.004817 0.004196 0.003661 0.006794 0.010763 0.018541 0.102290 0.018844 0.011381 0.007089 0.008056 0.008509 0.008518 0.008162 0.008816 2.034443 0.007564 0.006910 0.004358 0.006046 0.007367 0.300336 
0.000131 0.000185 0.000411 0.000942 0.001697 0.002295 0.002600 0.002907 0.004096 0.005911 0.006294 0.557510 0.004589 0.004205 0.003756 0.004624 0.005597 0.005262 0.004629 0.004054 0.003447 0.004964 0.009213 0.016976 0.102841 0.018031 0.010440 0.006363 0.006162 0.007310 0.007696 0.562456 0.011017 0.010635 0.007302 0.005161 0.003702 0.004265 0.005234 0.005555 
0.000039 0.000071 0.000188 0.000467 0.000884 0.001234 0.001441 0.001949 0.003656 0.006693 0.009443 0.286025 0.009567 0.006840 0.005509 0.006828 0.299807 0.005570 0.004234 0.003160 0.002535 0.003287 0.005534 0.006891 0.353761 0.008090 0.006739 0.004749 0.005175 0.007640 0.010374 0.284401 0.012714 0.009982 0.006161 0.003608 0.002490 0.002730 0.003598 0.004223 
