0.000056 0.001108 0.018468 0.290515 0.019112 0.001993 0.002732 0.000621 0.000060 0.000004 0.000000 0.000000 0.000003 0.000055 0.001107 0.018448 0.289633 0.027045 0.017579 0.045074 1.213107 0.012443 0.002875 0.000224 0.000011 0.000004 0.000058 0.000591 0.002503 0.000747 0.000486 0.002851 0.012205 0.962092 0.012148 0.002779 0.000269 0.000947 0.013207 0.147704 
0.000207 0.002480 0.009896 3.223758 0.018324 0.010949 0.010202 0.004847 0.000582 0.000038 0.000002 0.000002 0.000020 0.000208 0.002476 0.009877 3.190586 0.087995 0.080562 2.482180 0.481022 0.032829 0.002422 0.000120 0.000006 0.000038 0.000568 0.004572 0.008564 0.006909 0.003071 0.003027 0.009433 0.060003 0.009349 0.001256 0.000294 0.002533 0.011742 0.932817 
0.000047 0.000715 0.006727 0.019998 0.028048 0.032561 3.281481 0.009970 0.002497 0.000200 0.000013 0.000039 0.000217 0.000254 0.000635 0.005070 0.013033 0.020984 0.490612 0.230078 2.436513 0.009523 0.002509 0.000201 0.000020 0.000210 0.002538 0.008663 0.333633 0.024908 0.009780 0.044762 0.016569 0.062603 0.015842 0.005288 0.000681 0.000673 0.005227 0.012931 
0.000068 0.000455 0.003175 0.012442 0.887029 0.958588 0.034900 0.009279 0.001296 0.000105 0.000062 0.000591 0.002737 0.002744 0.000739 0.000898 0.005664 0.014717 2.258648 0.022315 0.012205 0.004930 0.000588 0.000048 0.000015 0.000235 0.002797 0.008635 2.068924 1.112013 2.399401 1.983008 3.062135 1.555309 2.570426 0.010032 0.003523 0.001366 0.003136 0.003920 
0.001128 0.002584 0.002983 0.033559 0.675015 0.199614 0.032313 0.016658 0.005301 0.000638 0.000618 0.004994 0.011952 0.011937 0.005712 0.001113 0.003108 0.020860 2.097800 0.023040 0.005289 0.000721 0.000099 0.000201 0.000057 0.000223 0.002543 0.008645 0.330715 0.717059 1.555222 0.067208 0.012788 0.044380 0.018937 0.017688 0.020339 0.018648 0.010638 0.018896 
0.018827 0.010055 0.017445 0.028549 1.460448 0.214696 0.217298 3.242871 0.010082 0.002671 0.002723 0.011862 0.931063 0.939765 0.013363 0.005873 0.003167 0.006678 0.806036 0.006167 0.002633 0.000296 0.000594 0.002469 0.000751 0.000314 0.000720 0.004898 0.010265 0.018673 2.638447 0.012227 0.005509 0.004925 0.012232 3.212932 0.291216 0.291320 3.307310 0.292721 
0.295409 3.262414 0.181869 0.177321 0.807593 0.184106 0.029530 0.013325 0.005258 0.000665 0.000624 0.005054 0.012812 0.021977 3.214703 0.011156 0.003774 0.007929 0.011952 0.005001 0.000835 0.000660 0.004862 0.009938 0.006957 0.003419 0.002895 0.003090 0.004494 0.020847 0.284928 0.018587 0.001364 0.000735 0.004964 0.010097 0.018506 0.018884 0.015934 0.023579 
0.264684 0.023479 0.017141 0.015836 0.023593 3.292431 0.013391 0.005904 0.003306 0.000657 0.000120 0.000635 0.003664 0.020627 0.289934 0.019858 0.007513 0.016813 0.008637 0.002185 0.002766 0.003087 0.010540 3.284715 0.018639 0.011988 0.020786 0.007164 0.018361 0.031879 0.285512 0.018403 0.001121 0.000118 0.000627 0.002688 0.001186 0.001738 0.008492 0.030024 
0.824381 0.015377 0.003960 0.002571 0.018679 0.185959 0.016035 0.006803 0.010747 0.004935 0.000622 0.000134 0.001316 0.018633 0.289894 0.033075 0.039145 0.910274 0.026372 0.017499 0.010169 0.005700 0.007696 0.032990 0.424214 2.076000 2.237553 0.983736 0.245681 0.248838 3.149724 0.009826 0.002477 0.000257 0.000629 0.002674 0.000829 0.002621 0.011790 0.935442 
0.723797 0.014158 0.003510 0.006038 0.027487 0.181654 0.018913 0.025898 3.288970 0.010566 0.003086 0.000476 0.002500 0.009872 3.171011 0.194613 0.190592 0.984559 0.184538 0.188637 3.204979 0.013111 0.005792 0.029042 0.448315 0.166872 0.165440 0.021899 0.019610 0.022421 0.015668 0.005217 0.000635 0.000620 0.004831 0.009826 0.004870 0.001162 0.005030 0.011956 
0.013575 0.005427 0.003157 0.012238 0.933231 0.939457 0.020843 0.012037 0.034548 0.020785 0.007653 0.001093 0.000673 0.005020 0.012592 0.029853 0.194665 0.057494 0.021295 0.026567 0.189403 0.015416 0.003610 0.010170 2.055629 0.166131 0.167166 0.018069 0.012433 0.028930 0.008394 0.001223 0.000296 0.002515 0.009732 2.980686 0.009783 0.002568 0.000791 0.002748 
0.002826 0.000672 0.000842 0.005249 0.014889 0.025032 0.030233 0.017843 0.027272 1.338810 0.015659 0.005853 0.000737 0.000838 0.005221 0.012676 3.248852 0.046543 0.020954 0.025809 0.185490 0.014812 0.001719 0.006672 0.017732 0.097552 3.279641 0.040955 0.048922 2.973586 0.009792 0.002555 0.000307 0.002021 0.031687 0.609170 0.031631 0.001984 0.000137 0.000220 
0.000276 0.000622 0.002525 0.001403 0.005719 0.014978 0.952066 0.124723 0.122604 0.593409 0.555168 0.012772 0.002776 0.000305 0.001108 0.009185 0.032058 3.257400 0.191173 0.187210 1.072321 0.013021 0.003266 0.003270 0.010745 3.244302 0.087146 3.041488 0.559857 0.566612 0.031358 0.002208 0.000398 0.003064 0.010302 2.987032 0.009733 0.002514 0.000202 0.000021 
0.000631 0.004835 0.009718 0.005114 0.003580 0.012690 0.926239 0.028067 0.019499 0.026226 1.353315 0.012473 0.002790 0.000271 0.000917 0.009765 0.039981 0.019109 0.019564 0.028152 0.892522 0.014439 0.005524 0.001434 0.004991 0.010070 0.013038 0.010918 0.019394 2.985270 0.012513 0.005296 0.001542 0.007037 0.017942 0.017798 0.006627 0.000706 0.000045 0.000013 
0.002737 0.009982 3.006766 0.010434 0.003202 0.005665 0.016217 0.011998 0.027201 0.012454 0.015365 0.005288 0.000616 0.000236 0.002474 0.009943 3.277394 0.011484 0.004050 0.006145 0.014141 0.010443 0.012958 0.005277 0.001390 0.002588 0.001469 0.003717 0.010277 0.018639 0.011077 0.012747 0.008145 0.015557 3.290560 0.010470 0.002993 0.000258 0.000052 0.000216 
0.002290 0.030750 0.541699 0.030970 0.002651 0.003450 0.007518 0.016515 0.941102 0.014992 0.005817 0.000859 0.000073 0.000042 0.000581 0.004841 0.010142 0.004952 0.000701 0.000866 0.005284 0.012726 3.294446 0.012697 0.005249 0.001034 0.000755 0.005564 0.017665 0.011556 0.018927 3.296520 0.015367 0.007952 0.009959 0.004895 0.000614 0.000097 0.000593 0.002737 
0.005852 0.013067 3.007326 0.015231 0.008029 0.010551 0.036129 0.027833 0.941358 0.014841 0.005718 0.000861 0.000082 0.000009 0.000060 0.000619 0.002690 0.000818 0.000256 0.000223 0.001076 0.007610 0.036897 0.012683 0.012702 0.005262 0.003095 0.010541 3.295454 0.015779 0.008372 0.012732 0.005418 0.001210 0.002492 0.000587 0.000095 0.000583 0.004989 0.011947 
0.016548 0.010686 0.012777 0.008144 0.015172 2.892685 0.728043 2.958277 0.019506 0.011943 0.013152 0.005225 0.000803 0.000081 0.000064 0.000621 0.002867 0.002946 0.003129 0.002073 0.001086 0.022179 0.030198 0.028677 3.288642 0.010576 0.003119 0.005066 0.010005 0.005299 0.001824 0.005292 0.001205 0.000154 0.000203 0.000048 0.000201 0.002545 0.011728 0.935407 
0.737798 0.016313 0.005606 0.001961 0.018817 0.286562 0.050863 0.030558 0.012955 0.020295 3.295823 0.012652 0.005204 0.000832 0.000637 0.004834 0.010491 0.011845 0.025388 0.017767 0.001264 0.269754 0.273456 3.032423 0.029056 0.009133 0.001352 0.000688 0.002546 0.001398 0.005270 0.012112 0.005021 0.000593 0.000048 0.000009 0.000096 0.001206 0.008469 0.029981 
0.735663 0.013914 0.003098 0.001394 0.018501 0.286808 0.035336 0.024130 0.020245 0.011621 0.015768 0.010694 0.012654 0.005238 0.003040 0.010540 0.558860 1.776030 0.519283 0.278756 0.001514 0.262761 0.256854 0.234258 0.034394 0.016473 0.005320 0.000709 0.001031 0.005229 0.012187 2.781956 0.009438 0.002507 0.000202 0.000048 0.000597 0.005215 0.015807 0.023513 
0.013659 0.005231 0.000862 0.003050 0.010408 3.163277 0.290319 0.290362 3.218053 0.015677 0.008345 0.015752 3.295803 0.010519 0.003073 0.005165 0.013111 0.016889 0.023349 0.024830 0.204913 0.231582 0.231834 0.233072 0.235693 3.185601 0.010511 0.003145 0.005278 0.011939 0.060762 1.198556 0.038579 0.002110 0.000111 0.000204 0.002490 0.009882 3.218209 0.290482 
0.002827 0.000639 0.000762 0.006657 0.018084 0.039341 0.023641 0.018829 0.009941 0.005234 0.001421 0.005235 0.009923 0.004858 0.000647 0.000826 0.005685 0.020921 0.622812 0.675067 0.210808 0.077256 0.021914 0.020588 0.030611 0.170927 0.016841 0.004400 0.011023 2.544210 0.548123 2.550310 0.009226 0.002532 0.000210 0.000116 0.001211 0.008022 0.016531 0.019015 
0.000237 0.000237 0.002474 0.009943 3.281102 0.031494 0.009549 0.001948 0.002527 0.000601 0.000126 0.000598 0.002460 0.000581 0.000071 0.000274 0.003103 0.011539 1.216428 0.727007 0.211641 0.132747 0.022716 0.025996 0.050834 0.166625 0.025528 0.013084 0.045315 1.183274 0.063579 0.018138 0.008129 0.001227 0.000175 0.000816 0.005403 0.015416 0.009190 0.002501 
0.000228 0.000084 0.000685 0.006230 0.027275 2.983540 0.009984 0.002776 0.000436 0.000052 0.000008 0.000039 0.000196 0.000038 0.000014 0.000217 0.002719 0.011312 0.717131 0.224322 0.214105 0.042271 0.037312 1.824636 0.940279 0.934507 1.155893 0.070995 0.064326 2.767594 0.018373 0.011500 0.015472 0.005623 0.001443 0.005242 0.012707 3.261182 0.020946 0.014530 
0.002738 0.000609 0.000210 0.002378 0.033767 0.726737 0.034473 0.004328 0.000675 0.000062 0.000004 0.000002 0.000010 0.000002 0.000002 0.000045 0.000723 0.006875 0.021912 0.229402 0.046301 0.052500 3.036909 0.056018 0.057633 1.114384 0.045275 0.053304 3.268952 0.015517 0.009246 0.016600 3.219100 0.015947 0.008612 0.012696 0.027997 0.159193 0.941735 0.148725 
0.011937 0.005234 0.001007 0.002640 0.009962 3.063726 0.016683 0.008658 0.004694 0.000580 0.000038 0.000002 0.000001 0.000000 0.000004 0.000050 0.000449 0.003027 0.010419 3.180945 0.049598 0.043640 0.561263 0.038303 0.012804 0.015392 0.020073 0.064871 0.018466 0.007653 0.002235 0.018983 0.290379 0.023283 0.029971 3.250796 0.188670 0.184422 0.940949 0.159065 
0.934125 0.014690 0.005499 0.002256 0.018521 0.257587 0.254295 1.103829 0.006926 0.002446 0.000202 0.000012 0.000010 0.000005 0.000057 0.000581 0.002554 0.001191 0.004977 0.010524 0.009488 0.016634 3.007102 0.029951 0.008055 0.006687 0.013880 0.448791 0.010749 0.003327 0.001407 0.018519 0.290374 0.019426 0.006776 0.010333 0.015235 0.015848 0.021162 0.936397 
0.151916 0.025879 0.015119 0.015155 0.028028 0.255285 0.259974 1.357853 0.021922 0.002998 0.000197 0.000060 0.000199 0.000077 0.000594 0.004988 0.011706 0.005074 0.001239 0.003166 0.003891 0.008023 0.035491 2.950306 0.018560 0.011527 0.020493 2.203439 0.010434 0.003080 0.002733 0.010141 3.218519 0.010550 0.003153 0.002895 0.001147 0.002014 0.009646 0.030062 
0.152321 1.005732 1.030328 0.171202 0.172129 1.350795 1.091635 1.269883 0.013595 0.005565 0.001343 0.001119 0.002485 0.000802 0.002799 0.012003 0.935393 0.012571 0.003419 0.005480 0.010938 0.020583 0.049611 0.758890 0.046199 0.051669 1.652669 0.273983 0.010778 0.002874 0.000849 0.005071 0.012668 0.005125 0.001227 0.002746 0.001273 0.005706 0.016961 0.023606 
0.024749 0.184745 0.026910 0.015254 0.016558 0.017518 0.836402 0.601243 0.021639 0.012997 0.018710 0.018482 0.009900 0.005140 0.003387 0.012524 0.935447 0.014670 0.005605 0.012682 2.895420 0.283738 0.283722 2.880729 0.016447 0.009465 0.013905 0.016353 0.008123 0.003404 0.001094 0.001617 0.005314 0.001809 0.005291 0.010207 0.007955 0.015293 3.218362 0.290466 
0.030745 0.188761 0.017497 0.002165 0.003431 0.009315 1.973997 0.071726 0.079729 3.250800 0.290759 0.290717 3.212899 0.011010 0.003625 0.005275 0.011769 0.005284 0.002826 0.033356 0.739413 0.047262 0.020280 0.010444 0.005278 0.001339 0.003868 0.009140 0.016868 0.013200 0.014747 0.015215 0.012735 0.008157 0.015565 3.296662 0.015357 0.007942 0.009926 0.018470 
0.293734 3.175018 0.009929 0.002562 0.000857 0.005029 0.009051 0.011328 0.011888 0.009954 0.018609 0.020346 0.018539 0.018623 0.006723 0.001289 0.002626 0.001385 0.005317 0.012489 2.963392 0.013581 0.006426 0.003399 0.000734 0.000769 0.005979 0.016127 0.896106 1.073141 0.185037 0.189005 3.251176 0.015337 0.007962 0.010004 0.005214 0.001200 0.002506 0.001109 
0.272916 0.020339 0.006753 0.000766 0.000657 0.002922 0.003163 0.001215 0.001009 0.002514 0.001309 0.003537 0.010983 3.290639 0.010007 0.002544 0.000980 0.005068 0.012683 0.010708 0.015667 0.010789 0.013829 0.006061 0.001186 0.002567 0.010032 3.287034 0.021955 0.015778 0.014957 0.015010 0.009980 0.005251 0.001397 0.002538 0.000611 0.000098 0.000200 0.000055 
0.929141 0.012320 0.003107 0.000822 0.004602 0.008944 0.007153 0.003006 0.000784 0.000456 0.000133 0.000632 0.004907 0.009922 0.004843 0.000779 0.002524 0.009938 3.218520 0.015949 0.008593 0.016000 3.291678 0.013362 0.005896 0.001487 0.005225 0.013344 0.007973 0.006052 0.001626 0.001068 0.002538 0.001182 0.002566 0.000905 0.000293 0.000047 0.000015 0.000013 
0.011910 0.005078 0.000821 0.002581 0.008727 0.337834 0.025656 0.008742 0.006607 0.003006 0.000624 0.000127 0.000590 0.002460 0.000582 0.000111 0.001111 0.018413 0.287119 0.020408 0.004573 0.006748 0.014881 3.291202 0.013178 0.005719 0.003674 0.005917 0.008236 0.015367 0.005258 0.000703 0.000853 0.004952 0.010027 0.006660 0.002996 0.000627 0.000098 0.000219 
0.002737 0.000608 0.000292 0.002796 0.008340 1.915798 1.397280 1.910385 0.016372 0.010480 0.005080 0.000802 0.000115 0.000202 0.000040 0.000059 0.001116 0.018403 0.286771 0.047092 0.011722 0.006205 0.008270 0.019408 0.020079 0.013587 0.020130 0.010632 0.022812 1.000842 0.012762 0.003241 0.003374 0.010839 3.284260 0.018132 0.010472 0.005271 0.001213 0.002772 
0.000216 0.000049 0.000213 0.002539 0.008691 0.337372 0.025895 0.009245 0.016933 3.290969 0.012648 0.005201 0.000796 0.000077 0.000018 0.000235 0.002667 0.009749 2.895364 0.737623 2.963387 0.012948 0.005863 0.011766 0.443686 1.870571 2.286618 1.523200 0.749588 0.736887 0.014128 0.006149 0.008882 0.018477 0.026102 0.033809 3.284073 0.015478 0.008074 0.012015 
0.000011 0.000003 0.000038 0.000567 0.004565 0.008432 0.006984 0.003490 0.006856 0.012675 0.010312 0.012572 0.005016 0.000592 0.000096 0.000620 0.003121 0.005449 0.010231 0.032878 0.009703 0.005063 0.001561 0.012840 0.131907 0.023360 0.020194 0.007433 0.027821 0.013568 0.010469 0.013529 0.021124 3.286260 0.018492 0.011077 0.010009 0.007968 0.016915 0.938163 
0.000000 0.000000 0.000003 0.000055 0.000554 0.002304 0.000700 0.000322 0.000924 0.005225 0.012624 3.218388 0.009929 0.002515 0.000789 0.005021 0.012216 0.005617 0.003130 0.002031 0.002513 0.000640 0.000998 0.012832 0.134681 0.015547 0.003724 0.002653 0.002958 0.005324 0.012716 3.213718 0.018751 0.011195 0.005505 0.001399 0.002531 0.001197 0.005346 0.012165 
0.000000 0.000000 0.000000 0.000003 0.000038 0.000196 0.000044 0.000019 0.000101 0.001332 0.018655 0.290212 0.018478 0.001324 0.002795 0.011995 0.935691 0.012147 0.002955 0.000319 0.000231 0.000257 0.002769 0.012250 1.003566 0.012389 0.002908 0.000436 0.000207 0.001335 0.018654 0.290128 0.020484 0.003753 0.000693 0.000111 0.000213 0.000101 0.000646 0.002971 
