0.002547 0.005949 0.010117 0.368283 0.014166 0.010019 0.005379 0.002677 0.001133 0.000368 0.000117 0.000145 0.000553 0.002092 0.005815 0.009810 0.327258 0.053103 0.049708 0.054037 0.433133 0.005182 0.003737 0.001546 0.000508 0.000429 0.001035 0.002145 0.003084 0.003335 0.003725 0.006156 0.007989 0.447293 0.007198 0.005366 0.003974 0.007446 0.014481 0.061996 
0.001673 0.003309 0.003794 0.676682 0.010810 0.010330 0.006195 0.003471 0.001806 0.000670 0.000251 0.000269 0.000596 0.001487 0.003226 0.003731 0.697079 0.062485 0.062110 0.983053 0.179139 0.008652 0.004520 0.001706 0.000605 0.000704 0.001710 0.003248 0.004682 0.005335 0.005861 0.011449 0.024295 0.168761 0.022821 0.009855 0.004564 0.004878 0.006519 0.335707 
0.001542 0.002902 0.005246 0.008534 0.012221 0.012943 2.127520 0.003689 0.002868 0.001209 0.000600 0.000759 0.001184 0.001707 0.002650 0.003972 0.005760 0.007734 0.186587 0.089549 0.917856 0.003752 0.002857 0.001239 0.000606 0.001008 0.002335 0.003951 0.126307 0.007961 0.006549 0.013091 0.025159 0.168541 0.023448 0.011391 0.006166 0.005471 0.007525 0.013805 
0.002753 0.003682 0.006587 0.008059 0.255130 0.358530 0.026965 0.013666 0.006051 0.002256 0.001378 0.001955 0.002643 0.002954 0.003124 0.003805 0.005260 0.006356 0.644081 0.006677 0.005460 0.003681 0.002061 0.000949 0.000649 0.001169 0.002457 0.003291 0.524891 0.312481 0.377480 0.377951 1.435594 0.355795 0.358385 0.010030 0.009428 0.008562 0.008191 0.012260 
0.006319 0.006433 0.011949 0.015055 0.231081 0.206367 0.027161 0.014203 0.006682 0.003090 0.002504 0.003607 0.004276 0.004580 0.004457 0.004451 0.005132 0.006346 0.304003 0.005793 0.004572 0.002817 0.001630 0.001122 0.001051 0.001493 0.002872 0.004649 0.137713 0.074075 0.357386 0.010591 0.008707 0.008888 0.008144 0.010443 0.013656 0.012791 0.009022 0.015319 
0.010581 0.007311 0.020056 0.021381 0.602894 0.276977 0.277279 0.888952 0.003536 0.002996 0.003181 0.004806 0.337220 0.342771 0.005384 0.006522 0.006663 0.007593 0.304586 0.004494 0.003537 0.002380 0.002099 0.002028 0.002244 0.002387 0.003800 0.008220 0.020138 0.021196 0.805167 0.008804 0.007851 0.007126 0.007537 0.567712 0.476808 0.477228 2.034495 0.363826 
0.106400 1.900882 0.150589 0.149835 0.185230 0.260721 0.017637 0.012763 0.005644 0.003162 0.003065 0.005586 0.010824 0.011699 0.747960 0.012172 0.011653 0.010825 0.015634 0.007843 0.004207 0.003137 0.003397 0.002324 0.004018 0.003955 0.004922 0.008947 0.018760 0.024030 0.317899 0.013688 0.008392 0.005203 0.004783 0.004720 0.012482 0.017907 0.028205 0.105636 
0.097632 0.018882 0.024418 0.028646 0.029293 1.389713 0.012890 0.012240 0.005985 0.003282 0.002603 0.004498 0.009234 0.012500 0.232322 0.020700 0.017764 0.011395 0.014766 0.009226 0.005562 0.004679 0.004969 0.752181 0.005247 0.004992 0.006195 0.010081 0.024490 0.029852 0.317757 0.012324 0.007028 0.003546 0.003115 0.004301 0.008252 0.013664 0.027364 0.105503 
0.307086 0.017932 0.016240 0.020554 0.028320 0.190605 0.034279 0.026921 0.006780 0.004165 0.002958 0.003603 0.007135 0.010371 0.231077 0.021144 0.019078 0.104359 0.011939 0.008953 0.005585 0.005298 0.005485 0.009322 0.147566 0.552924 0.411031 0.456315 0.225887 0.225919 0.660864 0.004231 0.003717 0.002358 0.002485 0.003314 0.004610 0.006301 0.007955 0.336712 
0.254823 0.012335 0.010531 0.015500 0.029181 0.190083 0.094060 0.094768 2.049880 0.004718 0.003928 0.003175 0.004005 0.004119 0.143589 0.021592 0.021191 0.141629 0.011374 0.010752 0.041102 0.005696 0.005707 0.009203 0.143291 0.094722 0.093449 0.066419 0.070219 0.100651 0.024331 0.008301 0.003493 0.002523 0.003012 0.003765 0.003835 0.004039 0.004662 0.004544 
0.005300 0.006176 0.006125 0.007751 0.339036 0.356356 0.057171 0.055804 0.061715 0.006308 0.005503 0.003897 0.003279 0.003869 0.004542 0.004539 0.013743 0.095998 0.011340 0.011146 0.034950 0.005803 0.005797 0.007278 0.176656 0.093812 0.093369 0.065341 0.065819 0.101273 0.023825 0.008006 0.003372 0.003208 0.003663 0.388503 0.004011 0.003556 0.003003 0.002925 
0.003369 0.003451 0.004002 0.005932 0.008498 0.010485 0.058080 0.059569 0.060993 0.585622 0.006406 0.004792 0.003276 0.003293 0.004440 0.004475 0.062164 0.057034 0.011374 0.011292 0.025371 0.005907 0.005915 0.006614 0.144345 0.100033 0.201958 0.066471 0.067227 1.023511 0.005548 0.004740 0.003405 0.004630 0.006497 0.334732 0.005837 0.003962 0.002139 0.001474 
0.002214 0.002614 0.003332 0.004869 0.006893 0.008605 0.377285 0.141167 0.140792 0.238602 0.149339 0.005001 0.003403 0.003140 0.003677 0.004239 0.004183 0.054179 0.011413 0.011377 0.074205 0.005977 0.005959 0.006496 0.009024 0.139702 0.085065 0.295479 0.174703 0.186686 0.010483 0.006190 0.004181 0.004807 0.005260 0.389048 0.003113 0.002655 0.001306 0.000695 
0.002734 0.003347 0.003791 0.005183 0.006268 0.007873 0.333744 0.082296 0.083271 0.074164 0.663729 0.005245 0.003749 0.003347 0.003437 0.003795 0.004042 0.023838 0.015570 0.013049 0.092499 0.006319 0.006529 0.009852 0.015063 0.015329 0.017353 0.013404 0.013825 0.306525 0.006462 0.006210 0.005591 0.006225 0.006081 0.004194 0.003513 0.002116 0.000963 0.000563 
0.004546 0.005007 0.438435 0.007437 0.006982 0.008857 0.014473 0.034153 0.084035 0.029999 0.009308 0.006069 0.004817 0.004112 0.003635 0.003651 0.022516 0.022864 0.016158 0.014194 0.057665 0.007597 0.008248 0.013675 0.013993 0.013923 0.013830 0.013184 0.013213 0.013261 0.010301 0.006985 0.007354 0.008174 2.187984 0.003738 0.002915 0.001658 0.001112 0.001126 
0.007780 0.010125 0.368024 0.010880 0.008542 0.008902 0.012841 0.014721 0.407030 0.009827 0.007761 0.006668 0.005676 0.005020 0.004210 0.003929 0.004061 0.004191 0.004210 0.006364 0.045711 0.029158 0.044536 0.013733 0.013722 0.013619 0.013467 0.013192 0.013228 0.013110 0.013867 2.063700 0.006912 0.006138 0.003274 0.002977 0.002095 0.001621 0.002051 0.002581 
0.008640 0.009099 0.442580 0.009240 0.008781 0.009378 0.014477 0.015421 0.338929 0.010582 0.009207 0.008233 0.007168 0.006388 0.005457 0.004674 0.004454 0.004391 0.004358 0.004693 0.039339 0.021077 0.016999 0.013686 0.013661 0.013518 0.013428 0.013367 0.079253 0.012161 0.012115 0.005100 0.005258 0.003912 0.002451 0.001815 0.001523 0.002239 0.003587 0.004198 
0.010553 0.009680 0.008724 0.009089 0.009566 0.340260 0.302484 0.406701 0.028181 0.021277 0.009613 0.008394 0.007487 0.006837 0.006122 0.005317 0.004885 0.004691 0.004584 0.004609 0.036829 0.019742 0.018898 0.020470 0.043988 0.012462 0.011799 0.009332 0.008263 0.008752 0.007337 0.004314 0.003802 0.002307 0.001308 0.000995 0.001555 0.003626 0.005303 0.335897 
0.273543 0.010166 0.008265 0.009790 0.012622 0.111999 0.101324 0.093061 0.050016 0.049843 0.098947 0.007386 0.007303 0.006978 0.006526 0.005946 0.005419 0.005049 0.004860 0.004805 0.026839 0.046595 0.031390 0.043588 0.017894 0.010971 0.009677 0.008332 0.007986 0.007834 0.006608 0.004410 0.003524 0.002059 0.000988 0.000874 0.002409 0.008171 0.022978 0.093189 
0.000000 0.000000 0.000000 0.000000 0.000000 0.000000 0.000000 0.000000 0.000000 0.000000 0.000000 0.000000 0.000000 0.000000 0.000000 0.000000 0.000000 0.000000 0.000000 0.000000 0.000000 0.000000 0.000000 0.000000 0.000000 0.000000 0.000000 0.000000 0.000000 0.000000 0.000000 0.000000 0.000000 0.000000 0.000000 0.000000 0.000000 0.000000 0.000000 0.000000 
0.005065 0.005025 0.004347 0.005352 0.005874 0.617768 0.190957 0.191347 1.403858 0.008770 0.007665 0.007761 0.035446 0.030003 0.026653 0.024257 0.022522 0.019152 0.020407 0.020630 0.043883 0.034876 0.034646 0.038926 0.045713 0.060765 0.033016 0.035065 0.042630 0.044213 0.047955 0.032555 0.003159 0.002972 0.001574 0.001404 0.002554 0.003096 0.759723 0.222670 
0.003107 0.002878 0.003166 0.004617 0.006697 0.013066 0.014421 0.011661 0.005707 0.004566 0.004263 0.004923 0.003163 0.002369 0.001918 0.001765 0.001826 0.002050 0.029109 0.033349 0.052122 0.069639 0.058612 0.057311 0.055341 0.054812 0.055698 0.058744 0.072060 0.102403 0.075343 0.217200 0.003493 0.003107 0.001960 0.002124 0.004145 0.008073 0.018160 0.023491 
0.001618 0.001725 0.002514 0.003338 2.177726 0.012552 0.011454 0.008708 0.004726 0.003711 0.003091 0.002630 0.002250 0.001917 0.001693 0.001697 0.001855 0.002153 0.041973 0.036486 0.060894 0.077832 0.068414 0.063501 0.056787 0.051792 0.047946 0.036836 0.031472 0.027101 0.011625 0.011500 0.007089 0.005276 0.003834 0.003624 0.005570 0.008864 0.017644 0.020782 
0.001530 0.001693 0.002802 0.005069 0.007553 0.365739 0.005916 0.005413 0.002935 0.001897 0.001529 0.001262 0.001106 0.001085 0.001291 0.001719 0.002074 0.002566 0.028773 0.024306 0.095937 0.052866 0.075590 0.075555 0.069060 0.112166 0.084444 0.047904 0.048898 0.092049 0.011291 0.011155 0.007606 0.011007 0.009967 0.006022 0.006813 1.781577 0.027438 0.027431 
0.002825 0.002820 0.003335 0.005445 0.007278 0.360744 0.007736 0.005912 0.003147 0.001434 0.001037 0.000904 0.000929 0.001083 0.001526 0.002121 0.002488 0.003274 0.004355 0.016186 0.084098 0.048829 0.075574 0.031387 0.025066 0.058143 0.030842 0.028943 0.049282 0.011489 0.011335 0.011840 0.724202 0.027513 0.026997 0.006888 0.012913 0.071472 0.352252 0.070155 
0.004437 0.005448 0.005216 0.007018 0.007549 0.431072 0.007418 0.006815 0.003855 0.001899 0.000927 0.000846 0.001015 0.001303 0.002048 0.002692 0.003083 0.004401 0.005963 0.032338 0.101968 0.040379 0.060904 0.035503 0.010830 0.019805 0.034104 0.028141 0.008482 0.011852 0.013769 0.016190 0.262654 0.144416 0.145149 1.948799 0.076902 0.076095 0.351784 0.073280 
0.331768 0.010990 0.009453 0.014260 0.018100 0.066807 0.065595 0.330953 0.003526 0.002603 0.001451 0.001070 0.001320 0.001713 0.002794 0.003350 0.003857 0.006592 0.008904 0.009333 0.105187 0.031814 0.070901 0.047461 0.006845 0.006859 0.057349 0.056175 0.007810 0.007973 0.010932 0.013553 0.262914 0.030993 0.027766 0.007647 0.015794 0.022388 0.029391 0.353964 
0.173056 0.013189 0.011280 0.023602 0.027745 0.067038 0.067945 0.304946 0.005803 0.004326 0.003284 0.002459 0.001973 0.002370 0.003737 0.004059 0.005975 0.012931 0.009850 0.009561 0.144716 0.024950 0.030400 0.092517 0.006793 0.006786 0.060842 0.082573 0.005287 0.005169 0.005535 0.006052 0.731224 0.011328 0.010812 0.006784 0.010440 0.017529 0.033232 0.098604 
0.183416 0.408978 0.503693 0.214660 0.214695 0.599137 0.286702 0.367657 0.007763 0.006547 0.007186 0.006227 0.003462 0.003388 0.004597 0.004842 0.122275 0.017203 0.009742 0.009233 0.172475 0.019679 0.030420 0.067348 0.006683 0.006712 0.089568 0.053962 0.006214 0.005247 0.005568 0.006591 0.007912 0.006682 0.005827 0.005218 0.007499 0.014121 0.033741 0.098130 
0.000000 0.000000 0.000000 0.000000 0.000000 0.000000 0.000000 0.000000 0.000000 0.000000 0.000000 0.000000 0.000000 0.000000 0.000000 0.000000 0.000000 0.000000 0.000000 0.000000 0.000000 0.000000 0.000000 0.000000 0.000000 0.000000 0.000000 0.000000 0.000000 0.000000 0.000000 0.000000 0.000000 0.000000 0.000000 0.000000 0.000000 0.000000 0.000000 0.000000 
0.157753 0.139038 0.021781 0.016315 0.013526 0.014430 0.656126 0.019441 0.019899 0.686094 0.370640 0.370629 0.670350 0.005817 0.005340 0.005156 0.004595 0.004559 0.006693 0.008153 0.168705 0.008142 0.005786 0.005606 0.006121 0.006301 0.008228 0.009907 0.009628 0.009360 0.018130 0.018437 0.008023 0.007663 0.008481 2.195091 0.006786 0.005966 0.004122 0.008634 
0.199829 0.979054 0.007545 0.006888 0.006128 0.006854 0.006343 0.010585 0.010183 0.005044 0.011339 0.013018 0.010154 0.006638 0.005234 0.004228 0.004044 0.004414 0.007513 0.008398 0.207985 0.008103 0.005802 0.005307 0.005258 0.005147 0.006741 0.010554 0.220814 0.694785 0.294023 0.294253 1.197051 0.007042 0.006425 0.004043 0.004418 0.003767 0.003577 0.005716 
0.176742 0.006577 0.005306 0.003985 0.003915 0.005043 0.005409 0.006058 0.005574 0.004562 0.007190 0.008859 0.009678 2.186876 0.004189 0.003369 0.003575 0.004290 0.008261 0.011542 0.012315 0.012247 0.006019 0.004876 0.004785 0.004292 0.005114 2.183281 0.013494 0.012795 0.019712 0.017536 0.005521 0.005155 0.004395 0.003221 0.002523 0.001785 0.001592 0.002155 
0.320503 0.005828 0.004251 0.003506 0.004523 0.006892 0.006095 0.004870 0.003841 0.003081 0.003502 0.004166 0.004623 0.002808 0.003057 0.002895 0.003982 0.004736 1.183469 0.012813 0.012060 0.012233 0.471414 0.005832 0.005804 0.005117 0.006144 0.009301 0.010491 0.010832 0.011406 0.009296 0.004899 0.004055 0.003635 0.003028 0.002122 0.001328 0.000912 0.000897 
0.004186 0.003986 0.003108 0.003392 0.005292 0.158490 0.007499 0.005549 0.004439 0.003470 0.002790 0.002335 0.002290 0.001985 0.001989 0.002862 0.006382 0.011182 0.256111 0.017954 0.013302 0.010985 0.010901 2.138792 0.007154 0.006352 0.006753 0.008482 0.010374 0.012540 0.008373 0.005757 0.004309 0.004529 0.004457 0.004190 0.003237 0.002474 0.001747 0.001453 
0.002589 0.002187 0.001955 0.002697 0.003373 0.336186 0.303575 0.336617 0.004977 0.004292 0.003783 0.002713 0.001755 0.001211 0.001192 0.002472 0.006281 0.011093 0.255680 0.019368 0.013818 0.010123 0.009804 0.011496 0.008696 0.007333 0.007909 0.009339 0.011514 0.453623 0.007870 0.006106 0.005684 0.006505 2.181008 0.004886 0.004061 0.004731 0.004011 0.003300 
0.001053 0.000933 0.001237 0.002486 0.004389 0.155925 0.006410 0.005154 0.005975 2.189919 0.004712 0.003889 0.002479 0.001346 0.001048 0.001937 0.003860 0.004320 0.315769 0.306721 0.393792 0.009636 0.009124 0.010698 0.177711 0.437213 0.430449 0.460615 0.222769 0.222962 0.009219 0.007775 0.007614 0.007328 0.009356 0.010177 2.180821 0.007627 0.006806 0.004936 
0.000310 0.000333 0.000675 0.001680 0.003153 0.004164 0.004733 0.004466 0.005318 0.006710 0.006397 0.004369 0.003501 0.002274 0.001776 0.002680 0.004165 0.004808 0.005067 0.005838 0.003605 0.006076 0.010428 0.021356 0.119224 0.022199 0.011637 0.006412 0.007953 0.008549 0.008787 0.008255 0.009077 2.188070 0.008534 0.007711 0.004167 0.006526 0.008131 0.341425 
0.000072 0.000102 0.000279 0.000787 0.001613 0.002236 0.002436 0.002499 0.003709 0.005890 0.006369 0.672889 0.004401 0.003921 0.003308 0.004507 0.005782 0.005436 0.004617 0.004127 0.003070 0.004139 0.008935 0.019904 0.119919 0.021211 0.010481 0.005543 0.005603 0.007098 0.007580 0.677310 0.011593 0.011115 0.007250 0.004920 0.003343 0.004080 0.005357 0.005662 
0.000000 0.000000 0.000000 0.000000 0.000000 0.000000 0.000000 0.000000 0.000000 0.000000 0.000000 0.000000 0.000000 0.000000 0.000000 0.000000 0.000000 0.000000 0.000000 0.000000 0.000000 0.000000 0.000000 0.000000 0.000000 0.000000 0.000000 0.000000 0.000000 0.000000 0.000000 0.000000 0.000000 0.000000 0.000000 0.000000 0.000000 0.000000 0.000000 0.000000 
