0.003544 0.004752 0.006350 0.191718 0.010486 0.008905 0.006300 0.003757 0.002054 0.001033 0.000626 0.000588 0.000580 0.000579 0.000578 0.000577 0.000581 0.001245 0.050896 0.050891 0.050847 0.003907 0.003921 0.004010 0.004098 0.004251 0.004406 0.004584 0.004769 0.005002 0.006119 0.008120 0.009156 0.317813 0.008940 0.007907 0.006875 0.007836 0.010702 0.037399 
0.003077 0.003875 0.004177 0.455385 0.009561 0.009264 0.006684 0.003963 0.002447 0.001415 0.000920 0.000736 0.000653 0.000628 0.000608 0.000608 0.017072 0.003433 0.050548 0.050090 0.020950 0.003886 0.003959 0.004054 0.004175 0.004415 0.004762 0.005275 0.005870 0.006417 0.008253 0.010725 0.015866 0.118523 0.015347 0.010272 0.007666 0.007379 0.008400 0.249176 
0.003298 0.004256 0.005838 0.008546 0.010461 0.010790 1.414421 0.003166 0.002776 0.001920 0.001334 0.001017 0.000815 0.000734 0.000673 0.000651 0.000689 0.000742 0.083551 0.035721 0.031152 0.004116 0.004251 0.004744 0.005790 0.008998 0.016049 0.031728 0.071961 0.007638 0.008551 0.011266 0.015982 0.118294 0.015695 0.011100 0.008660 0.008106 0.009443 0.013185 
0.004572 0.005522 0.007319 0.008251 0.181240 0.224312 0.009908 0.008841 0.005931 0.003776 0.002376 0.001598 0.001207 0.001021 0.000864 0.000766 0.000749 0.000774 0.096340 0.016664 0.010358 0.004456 0.004875 0.006064 0.008114 0.013332 0.022434 0.037160 0.102661 0.060298 0.179360 0.153562 0.243681 0.208119 0.210335 0.009917 0.009587 0.009309 0.009989 0.012205 
0.006803 0.007474 0.010163 0.011795 0.145164 0.018232 0.009540 0.008876 0.006527 0.004699 0.003454 0.002400 0.001633 0.001315 0.001167 0.001013 0.000930 0.000921 0.072539 0.009489 0.007021 0.004829 0.005549 0.007206 0.010394 0.017420 0.025788 0.036003 0.121596 0.114198 0.169368 0.012102 0.009925 0.010652 0.010419 0.010282 0.011105 0.010829 0.010331 0.013146 
0.009518 0.007994 0.012921 0.013479 0.295706 0.019442 0.018468 0.057533 0.005462 0.004718 0.003784 0.003051 0.032030 0.048761 0.012033 0.006903 0.004483 0.003961 0.079033 0.007039 0.006203 0.005287 0.006522 0.009493 0.013143 0.019551 0.026436 0.031056 0.111563 0.102100 0.097502 0.009994 0.009742 0.009915 0.010123 0.489003 0.262836 0.262983 1.107494 0.144029 
0.080955 1.634802 0.059735 0.058970 0.136161 0.022687 0.020636 0.020989 0.008210 0.005066 0.003987 0.003336 0.022036 0.031552 0.038803 0.012488 0.007570 0.006517 0.042163 0.006431 0.006095 0.006018 0.007670 0.009890 0.013426 0.020960 0.024815 0.020396 0.008984 0.009027 0.008990 0.009041 0.008282 0.007688 0.007389 0.008031 0.010119 0.012796 0.014748 0.038031 
0.076209 0.021219 0.021566 0.039654 0.038959 0.060957 0.020960 0.021105 0.014786 0.008557 0.005292 0.003959 0.016498 0.024869 0.029593 0.019864 0.011931 0.009637 0.029784 0.006238 0.006125 0.006322 0.007310 0.030189 0.016995 0.020666 0.020041 0.013864 0.008893 0.008865 0.008726 0.008163 0.007640 0.007363 0.007342 0.007703 0.008584 0.011267 0.014403 0.038298 
0.231347 0.020701 0.019879 0.024710 0.025027 0.019829 0.020525 0.021195 0.015371 0.011106 0.007775 0.005599 0.012144 0.019394 0.025484 0.021966 0.016188 0.025866 0.028883 0.006257 0.006323 0.007213 0.011699 0.033530 0.045005 0.040266 0.027994 0.035398 0.012999 0.016345 0.031605 0.007375 0.007219 0.006945 0.006854 0.006772 0.006864 0.007775 0.008776 0.248404 
0.190100 0.015663 0.014903 0.012509 0.014239 0.014634 0.017694 0.018586 0.044731 0.009832 0.008356 0.006755 0.010143 0.014437 0.036128 0.027404 0.020108 0.039477 0.031028 0.014208 0.029360 0.008410 0.011134 0.034464 0.037592 0.027128 0.020085 0.016111 0.009935 0.008723 0.007107 0.007117 0.006961 0.006794 0.006727 0.006579 0.005072 0.005273 0.005272 0.004198 
0.005398 0.007472 0.009681 0.009658 0.049252 0.068360 0.057851 0.050252 0.041070 0.030608 0.017682 0.011411 0.010701 0.012845 0.021169 0.023328 0.021317 0.027710 0.029946 0.017913 0.024182 0.008904 0.010850 0.036941 0.042874 0.018498 0.016252 0.011075 0.008856 0.007885 0.006995 0.006969 0.006846 0.006773 0.006797 0.074645 0.004409 0.004331 0.003654 0.003172 
0.004160 0.004737 0.006086 0.006890 0.017441 0.013454 0.029031 0.036552 0.038006 0.069047 0.048905 0.032932 0.021589 0.016836 0.019121 0.020504 0.044513 0.035002 0.032228 0.018746 0.021350 0.009196 0.010756 0.033092 0.028862 0.022561 0.034916 0.014162 0.016775 0.024499 0.007074 0.007120 0.007373 0.007919 0.009359 0.012307 0.003828 0.003723 0.002695 0.002207 
0.003478 0.003667 0.003926 0.004369 0.007008 0.007757 0.051103 0.050049 0.047856 0.074554 0.096670 0.077736 0.057569 0.039115 0.029908 0.024884 0.028218 0.050014 0.040782 0.024330 0.050970 0.010220 0.013225 0.035663 0.037913 0.045886 0.032101 0.031664 0.016222 0.016045 0.007963 0.009116 0.012134 0.017133 0.029380 0.045043 0.003412 0.003290 0.002134 0.001650 
0.003870 0.003983 0.003992 0.004206 0.005406 0.006216 0.056320 0.055525 0.053617 0.055778 0.085143 0.083661 0.077058 0.062726 0.050190 0.038584 0.032642 0.038249 0.038808 0.028156 0.092789 0.012264 0.018215 0.035194 0.035009 0.033311 0.028516 0.025633 0.023190 0.031834 0.010274 0.011795 0.014369 0.017775 0.018871 0.003110 0.003127 0.002705 0.001789 0.001522 
0.004463 0.004530 0.070818 0.006408 0.005678 0.005928 0.027791 0.038362 0.044997 0.048956 0.052746 0.058623 0.062483 0.062661 0.058154 0.052400 0.068831 0.053180 0.047266 0.034214 0.075757 0.015470 0.023837 0.030969 0.030041 0.027500 0.024448 0.022177 0.020593 0.019158 0.010856 0.011759 0.015010 0.019321 0.021627 0.002964 0.002934 0.002238 0.001651 0.001492 
0.004627 0.004733 0.031436 0.021448 0.013597 0.010011 0.019413 0.026814 0.058343 0.054009 0.053674 0.055375 0.057541 0.059053 0.058902 0.056611 0.059710 0.057551 0.054104 0.044141 0.068114 0.037207 0.073066 0.027329 0.026389 0.024259 0.022299 0.020775 0.019476 0.017021 0.013348 0.023217 0.002596 0.002600 0.002631 0.002722 0.002486 0.001814 0.001541 0.001459 
0.004869 0.004909 0.047532 0.032392 0.022571 0.014975 0.017011 0.022789 0.060971 0.057754 0.056409 0.056221 0.056750 0.057527 0.058046 0.057748 0.058549 0.058373 0.057112 0.052456 0.057024 0.035690 0.035074 0.025925 0.025042 0.023588 0.022991 0.023917 0.031282 0.008303 0.005065 0.002544 0.002550 0.002532 0.002518 0.002463 0.002123 0.001687 0.001518 0.001473 
0.005056 0.005042 0.006928 0.012113 0.013983 0.038332 0.028703 0.043751 0.054460 0.056378 0.056502 0.056470 0.056708 0.057144 0.057584 0.057809 0.058246 0.058522 0.058376 0.057124 0.047937 0.036142 0.036278 0.037239 0.056616 0.021245 0.019253 0.015046 0.009081 0.004868 0.003156 0.002512 0.002501 0.002468 0.002421 0.002301 0.001982 0.001653 0.001533 0.029067 
0.057786 0.016506 0.012348 0.012504 0.013081 0.018124 0.022580 0.029142 0.043700 0.048366 0.070006 0.061571 0.059055 0.058276 0.058155 0.058227 0.058477 0.058849 0.059243 0.059727 0.055522 0.209404 0.063560 0.094818 0.028482 0.016232 0.011986 0.007683 0.004858 0.003348 0.002678 0.002461 0.002418 0.002369 0.002293 0.002161 0.001968 0.001965 0.002910 0.028635 
0.000000 0.000000 0.000000 0.000000 0.000000 0.000000 0.000000 0.000000 0.000000 0.000000 0.000000 0.000000 0.000000 0.000000 0.000000 0.000000 0.000000 0.000000 0.000000 0.000000 0.000000 0.000000 0.000000 0.000000 0.000000 0.000000 0.000000 0.000000 0.000000 0.000000 0.000000 0.000000 0.000000 0.000000 0.000000 0.000000 0.000000 0.000000 0.000000 0.000000 
0.003777 0.003568 0.003518 0.003395 0.003462 0.023741 0.019976 0.018608 0.035054 0.039540 0.045797 0.049757 0.088628 0.081713 0.076980 0.072925 0.062964 0.046871 0.053911 0.058071 0.058760 0.049102 0.044646 0.044011 0.048702 0.074966 0.012486 0.013510 0.016324 0.020144 0.033090 0.038388 0.043779 0.048328 0.051999 0.053108 0.055799 0.059630 0.066172 0.046073 
0.002888 0.002886 0.002887 0.002897 0.003216 0.005510 0.008360 0.010932 0.013432 0.020687 0.026516 0.030786 0.033981 0.035043 0.034781 0.033570 0.031964 0.030597 0.064444 0.072153 0.083740 0.070326 0.084563 0.076307 0.072201 0.071615 0.070655 0.071383 0.073654 0.079334 0.059230 0.064689 0.047590 0.047617 0.047652 0.047687 0.047723 0.047749 0.047677 0.046101 
0.002905 0.002900 0.002911 0.002916 0.022226 0.020953 0.021125 0.022861 0.026306 0.030301 0.033793 0.036012 0.036671 0.036035 0.034518 0.032433 0.030386 0.029098 0.137178 0.082971 0.105341 0.373382 0.113721 0.103103 0.083011 0.078449 0.064347 0.062535 0.062385 0.059348 0.053947 0.051760 0.047590 0.047621 0.047656 0.047692 0.047732 0.047787 0.047897 0.046126 
0.002926 0.002912 0.002937 0.002929 0.003025 0.025290 0.022018 0.025818 0.030725 0.035155 0.037890 0.038601 0.037535 0.035260 0.032646 0.029849 0.027973 0.027094 0.075085 0.055891 0.157791 0.078038 0.125073 0.126859 0.087619 0.124716 0.082732 0.055387 0.071165 0.077585 0.056995 0.057936 0.058741 0.064383 0.066284 0.070583 0.070726 0.071324 0.049869 0.046210 
0.003012 0.003018 0.003026 0.003026 0.003081 0.011090 0.020051 0.028631 0.035414 0.039852 0.040958 0.039453 0.036333 0.032826 0.029762 0.026753 0.025878 0.025920 0.025302 0.041897 0.035888 0.050307 0.125069 0.066625 0.067863 0.080083 0.048058 0.038523 0.032786 0.010775 0.011233 0.018382 0.039653 0.040927 0.060678 0.069169 0.069178 0.074653 0.094096 0.046300 
0.003271 0.003159 0.003129 0.003128 0.003386 0.044992 0.037656 0.047187 0.049161 0.046358 0.042385 0.037684 0.032901 0.029106 0.026211 0.023288 0.024879 0.026036 0.024875 0.059907 0.032745 0.049656 0.081255 0.065632 0.061499 0.060123 0.053888 0.040276 0.017507 0.010278 0.006507 0.005937 0.005528 0.006662 0.022730 0.068245 0.065847 0.065689 0.111913 0.046343 
0.247656 0.051825 0.031765 0.030962 0.023689 0.031693 0.031685 0.066194 0.051403 0.043972 0.038674 0.033103 0.028325 0.025226 0.022789 0.019912 0.026722 0.027049 0.023829 0.020734 0.022980 0.043801 0.104334 0.070098 0.062964 0.065656 0.066917 0.064204 0.020287 0.013913 0.007253 0.006286 0.005077 0.003897 0.004061 0.004314 0.004932 0.005087 0.005261 0.068481 
0.134903 0.151554 0.148120 0.044643 0.019471 0.034660 0.031794 0.052922 0.043609 0.038412 0.033465 0.027510 0.023608 0.021615 0.019491 0.016575 0.033583 0.027332 0.022015 0.018933 0.024899 0.049305 0.070450 0.081630 0.061051 0.064800 0.068691 0.062838 0.026809 0.017994 0.009025 0.012230 0.023431 0.003682 0.003802 0.003992 0.004073 0.004535 0.004721 0.004459 
0.134616 0.167751 0.117185 0.010335 0.009020 0.044936 0.029389 0.070706 0.038625 0.033263 0.027473 0.021264 0.019410 0.018696 0.016342 0.013594 0.049302 0.024487 0.018651 0.015933 0.030363 0.048353 0.061898 0.062544 0.056883 0.061617 0.072853 0.055818 0.032760 0.020975 0.007788 0.005473 0.003290 0.003054 0.003320 0.003551 0.003561 0.003886 0.004719 0.004339 
0.000000 0.000000 0.000000 0.000000 0.000000 0.000000 0.000000 0.000000 0.000000 0.000000 0.000000 0.000000 0.000000 0.000000 0.000000 0.000000 0.000000 0.000000 0.000000 0.000000 0.000000 0.000000 0.000000 0.000000 0.000000 0.000000 0.000000 0.000000 0.000000 0.000000 0.000000 0.000000 0.000000 0.000000 0.000000 0.000000 0.000000 0.000000 0.000000 0.000000 
0.125892 0.057450 0.011916 0.009888 0.007590 0.007581 0.056230 0.006944 0.007040 0.031509 0.011421 0.010411 0.024508 0.017894 0.010855 0.010112 0.009953 0.009933 0.010344 0.011491 0.027558 0.044381 0.052540 0.052701 0.053681 0.055350 0.054882 0.051999 0.048231 0.033894 0.009353 0.008733 0.004324 0.002709 0.002704 0.028045 0.003291 0.003312 0.003789 0.003932 
0.154286 0.627530 0.007375 0.007005 0.006488 0.006511 0.006579 0.006798 0.007312 0.008353 0.008671 0.008710 0.008703 0.013068 0.010151 0.009870 0.009904 0.009953 0.011209 0.013224 0.043123 0.042191 0.052350 0.051960 0.052782 0.055906 0.058770 0.060462 0.061368 0.048406 0.009543 0.009323 0.027352 0.002709 0.002679 0.002702 0.003083 0.003272 0.003758 0.003910 
0.132152 0.006329 0.006132 0.005933 0.005870 0.006255 0.006506 0.007079 0.008296 0.008724 0.009045 0.008739 0.008693 0.026958 0.009617 0.009768 0.009968 0.010051 0.014468 0.016733 0.018545 0.037954 0.053501 0.050655 0.051247 0.054437 0.057907 0.064878 0.037094 0.031125 0.009686 0.009217 0.008654 0.003553 0.002668 0.002657 0.002621 0.002559 0.002609 0.002752 
0.232829 0.005898 0.004914 0.004805 0.005288 0.006729 0.007308 0.008976 0.009915 0.010431 0.010110 0.008521 0.008490 0.009148 0.009565 0.009900 0.010157 0.010240 0.025344 0.019429 0.019706 0.036553 0.060898 0.049268 0.049026 0.052595 0.058610 0.062332 0.051513 0.036998 0.009957 0.009670 0.008649 0.007694 0.002797 0.002799 0.002688 0.002423 0.002121 0.002025 
0.003447 0.003820 0.003679 0.004022 0.004984 0.110760 0.045153 0.017786 0.014752 0.013970 0.009723 0.007399 0.008543 0.009274 0.009940 0.010324 0.010479 0.010569 0.012625 0.014375 0.019964 0.036119 0.043382 0.059600 0.044976 0.046174 0.055430 0.065443 0.066082 0.059001 0.010049 0.010207 0.009934 0.009842 0.002868 0.003210 0.003154 0.003009 0.002668 0.002402 
0.002439 0.002504 0.002610 0.003056 0.003475 0.222967 0.188570 0.215498 0.008504 0.013832 0.006394 0.006454 0.009189 0.010171 0.010579 0.010709 0.010741 0.010760 0.014522 0.017661 0.028053 0.032572 0.037991 0.040043 0.040366 0.038153 0.038756 0.064151 0.075375 0.106274 0.009961 0.010324 0.010054 0.010066 0.108435 0.003665 0.003616 0.004224 0.003993 0.003531 
0.001407 0.001491 0.001818 0.002601 0.003956 0.122970 0.005073 0.004523 0.004613 0.051609 0.006326 0.006437 0.010364 0.010795 0.010867 0.010879 0.010863 0.010846 0.033344 0.032393 0.064231 0.025517 0.032739 0.039767 0.048703 0.037691 0.024029 0.054063 0.046715 0.106742 0.009454 0.010520 0.010225 0.009962 0.006223 0.006682 1.744255 0.005930 0.005470 0.004555 
0.000673 0.000789 0.001153 0.001878 0.002861 0.003812 0.004080 0.004328 0.005006 0.005749 0.005791 0.006379 0.011190 0.011161 0.011004 0.010967 0.010941 0.010903 0.010887 0.010869 0.011508 0.008200 0.008221 0.008227 0.008236 0.008245 0.008295 0.008456 0.008693 0.008910 0.008892 0.010887 0.010890 0.150972 0.006160 0.006120 0.004761 0.005551 0.006556 0.250398 
0.000280 0.000378 0.000655 0.001174 0.001843 0.002445 0.002872 0.003423 0.004490 0.005739 0.005825 0.139474 0.011340 0.011245 0.011021 0.010988 0.010964 0.010928 0.010901 0.010876 0.012410 0.008228 0.008176 0.008170 0.008154 0.008125 0.008147 0.008216 0.008284 0.008540 0.009080 0.872913 0.009990 0.009351 0.007140 0.005451 0.004300 0.004516 0.005147 0.005550 
0.000000 0.000000 0.000000 0.000000 0.000000 0.000000 0.000000 0.000000 0.000000 0.000000 0.000000 0.000000 0.000000 0.000000 0.000000 0.000000 0.000000 0.000000 0.000000 0.000000 0.000000 0.000000 0.000000 0.000000 0.000000 0.000000 0.000000 0.000000 0.000000 0.000000 0.000000 0.000000 0.000000 0.000000 0.000000 0.000000 0.000000 0.000000 0.000000 0.000000 
