0.002198 0.006252 0.011736 0.423078 0.015576 0.010115 0.005009 0.002430 0.000951 0.000272 0.000072 0.000090 0.000408 0.001862 0.006173 0.011537 0.389837 0.051695 0.046978 0.051912 0.471055 0.005387 0.003739 0.001372 0.000382 0.000315 0.000883 0.002020 0.002974 0.003063 0.003201 0.005571 0.007681 0.481815 0.006873 0.004764 0.003277 0.007325 0.016894 0.075257 
0.001378 0.003177 0.003748 0.778381 0.011113 0.010548 0.005957 0.003462 0.001697 0.000555 0.000177 0.000191 0.000462 0.001270 0.003123 0.003714 0.793034 0.061472 0.061006 1.057687 0.194838 0.009497 0.004710 0.001557 0.000468 0.000587 0.001645 0.003346 0.004732 0.005355 0.005402 0.011050 0.027141 0.175889 0.025571 0.009249 0.003711 0.004318 0.006187 0.363650 
0.001213 0.002636 0.005222 0.008468 0.012700 0.013535 2.233451 0.003673 0.002719 0.001019 0.000457 0.000637 0.001060 0.001518 0.002459 0.004003 0.005879 0.007993 0.198076 0.095121 0.995725 0.003875 0.002847 0.001089 0.000476 0.000909 0.002376 0.004148 0.136003 0.008099 0.006167 0.012930 0.028140 0.175656 0.026262 0.010924 0.005340 0.004788 0.007057 0.013876 
0.002331 0.003169 0.006254 0.007908 0.277921 0.392580 0.033333 0.015219 0.005828 0.001896 0.001147 0.001879 0.002688 0.002939 0.002934 0.003585 0.005295 0.006534 0.691269 0.007092 0.005720 0.003799 0.001945 0.000788 0.000506 0.001051 0.002497 0.003443 0.577010 0.334283 0.410793 0.411384 1.533893 0.388208 0.390565 0.010096 0.009429 0.008425 0.007563 0.012130 
0.006310 0.005953 0.012125 0.015751 0.252942 0.260855 0.033876 0.015850 0.006670 0.002810 0.002341 0.003764 0.004538 0.004782 0.004539 0.004172 0.004862 0.006203 0.325042 0.006047 0.004699 0.002680 0.001420 0.000976 0.000885 0.001303 0.002778 0.004710 0.147096 0.077733 0.386842 0.010751 0.008606 0.009060 0.008210 0.010596 0.014926 0.013918 0.008450 0.016518 
0.011145 0.006952 0.022375 0.023911 0.660308 0.347418 0.347698 1.008908 0.003521 0.002888 0.003112 0.004954 0.366036 0.371791 0.005508 0.006206 0.006093 0.007116 0.325412 0.004410 0.003359 0.002107 0.001962 0.002044 0.002173 0.002132 0.003392 0.007661 0.020157 0.021373 0.864266 0.008696 0.007615 0.007037 0.007535 0.673806 0.522214 0.522611 1.978506 0.462025 
0.114192 1.957580 0.166647 0.165799 0.203490 0.325913 0.018707 0.011665 0.005361 0.002870 0.002771 0.005506 0.011346 0.012524 0.838600 0.011803 0.011203 0.010379 0.016252 0.007716 0.003746 0.002846 0.003475 0.002999 0.004309 0.003922 0.004541 0.008138 0.018669 0.025425 0.351648 0.015192 0.008404 0.004779 0.004642 0.004541 0.013566 0.018556 0.030937 0.131008 
0.104647 0.018215 0.025631 0.030163 0.030943 1.534947 0.011810 0.011048 0.005525 0.002937 0.002168 0.004075 0.009550 0.014717 0.352083 0.029699 0.024764 0.011398 0.015279 0.011213 0.005236 0.004626 0.005578 2.275933 0.005957 0.005006 0.005930 0.009448 0.026252 0.033130 0.351521 0.013899 0.007110 0.003068 0.002779 0.004033 0.008074 0.013048 0.030039 0.130621 
0.331696 0.017119 0.015206 0.019868 0.030158 0.217599 0.035600 0.025987 0.006459 0.004085 0.002645 0.003141 0.007323 0.012469 0.351806 0.058793 0.057767 0.172288 0.016134 0.014688 0.005287 0.007090 0.009108 0.014610 0.173825 0.485803 0.428843 0.504172 0.258929 0.259036 0.762536 0.004053 0.003445 0.001999 0.002261 0.003086 0.004183 0.005648 0.007537 0.365745 
0.275870 0.011504 0.009458 0.014953 0.031271 0.217018 0.091409 0.092236 2.190913 0.004792 0.003863 0.002810 0.003761 0.004334 0.722979 0.127346 0.126971 0.862397 0.028309 0.027673 0.072867 0.010241 0.010260 0.013832 0.172984 0.110922 0.107896 0.061607 0.065787 0.102201 0.023916 0.007494 0.003010 0.002285 0.003016 0.003588 0.003725 0.003761 0.004595 0.004747 
0.005457 0.005926 0.005646 0.007491 0.368241 0.380048 0.050048 0.048485 0.056356 0.006598 0.005782 0.003733 0.003011 0.003941 0.005167 0.012499 0.111174 0.085788 0.036465 0.035973 0.013443 0.011595 0.011676 0.013348 1.352687 0.109853 0.108233 0.060320 0.059704 0.102933 0.023317 0.006950 0.002795 0.003054 0.003560 0.425033 0.003959 0.003454 0.002830 0.002913 
0.003283 0.003150 0.003642 0.005803 0.008660 0.010802 0.051212 0.053811 0.055493 0.632949 0.006795 0.004926 0.003059 0.003063 0.004594 0.004760 0.282126 0.063358 0.041815 0.041367 0.014775 0.012120 0.012180 0.012897 0.015212 0.061164 1.207098 0.063308 0.064237 1.151174 0.005201 0.004238 0.002987 0.004767 0.007101 0.395287 0.006573 0.004232 0.001971 0.001300 
0.001948 0.002379 0.003094 0.004625 0.006839 0.008750 0.400862 0.145939 0.145516 0.250736 0.166128 0.005074 0.003211 0.002420 0.004017 0.006467 0.006561 0.096700 0.044562 0.044471 0.109843 0.012312 0.012303 0.012863 0.013427 0.958689 0.186569 1.661943 0.329135 0.328774 0.012788 0.005922 0.003740 0.004671 0.005174 0.425986 0.003186 0.002678 0.001146 0.000542 
0.002493 0.003301 0.003614 0.004995 0.006036 0.007862 0.363750 0.075802 0.076112 0.068014 0.699697 0.004735 0.002986 0.002040 0.003461 0.006186 0.006437 0.042579 0.046575 0.046615 0.126525 0.012366 0.012302 0.012353 0.012000 0.011231 0.012476 0.009853 0.010979 1.080497 0.007035 0.006129 0.005358 0.006299 0.006127 0.004476 0.003795 0.002068 0.000804 0.000432 
0.004302 0.004824 0.487960 0.007066 0.006551 0.008517 0.014575 0.032431 0.077042 0.028300 0.008765 0.004957 0.002411 0.001828 0.003274 0.003496 0.031903 0.056533 0.048589 0.048444 0.083580 0.012276 0.012212 0.011738 0.011277 0.010590 0.010317 0.008797 0.010828 0.013647 0.010930 0.007083 0.007597 0.008550 2.292517 0.003970 0.003015 0.001504 0.000938 0.001014 
0.007779 0.010787 0.435837 0.011378 0.008374 0.008352 0.012731 0.014819 0.429450 0.009102 0.006988 0.003706 0.002194 0.001946 0.002707 0.003010 0.002902 0.002870 0.018858 0.033658 0.060854 0.038782 0.057468 0.010902 0.010701 0.010194 0.009833 0.009058 0.010950 0.012756 0.013705 2.297641 0.007434 0.006481 0.003359 0.003143 0.002004 0.001412 0.001957 0.002645 
0.008434 0.008953 0.491980 0.009113 0.008593 0.008874 0.014601 0.015609 0.370563 0.008481 0.006611 0.003849 0.002844 0.002451 0.002530 0.002738 0.002771 0.002778 0.004750 0.015146 0.040464 0.021244 0.011627 0.010711 0.010630 0.010017 0.009798 0.009792 0.249129 0.009219 0.009095 0.006340 0.005477 0.003819 0.002403 0.001729 0.001315 0.002066 0.003711 0.004478 
0.010599 0.009742 0.008465 0.008956 0.009481 0.367994 0.330901 0.436707 0.024668 0.017569 0.006808 0.004126 0.003179 0.002751 0.002619 0.002670 0.002707 0.002723 0.003228 0.006071 0.032300 0.014932 0.011122 0.010768 0.063190 0.009217 0.008795 0.006803 0.005886 0.006236 0.005898 0.005386 0.003786 0.002041 0.001120 0.000806 0.001275 0.003300 0.005212 0.365017 
0.296281 0.010100 0.007947 0.009885 0.014248 0.160089 0.120234 0.109197 0.046955 0.047042 0.334143 0.003463 0.003290 0.003044 0.002864 0.002779 0.002749 0.002739 0.002940 0.003521 0.032568 0.043116 0.025469 0.042274 0.007938 0.007886 0.006777 0.005814 0.005724 0.005758 0.005753 0.005965 0.003764 0.001932 0.000807 0.000637 0.001918 0.007429 0.025605 0.115286 
0.293118 0.008407 0.006259 0.008455 0.012843 0.160285 0.119917 0.108998 0.047519 0.021760 0.008569 0.008422 0.004479 0.003336 0.002959 0.002819 0.017644 0.021027 0.007007 0.005008 0.032507 0.031434 0.025020 0.024545 0.007579 0.007171 0.006576 0.006594 0.006805 0.006993 0.007490 0.375553 0.002929 0.002331 0.001040 0.000882 0.002496 0.008022 0.026211 0.115129 
0.005314 0.004977 0.003969 0.005108 0.005691 0.673537 0.257290 0.257494 0.918046 0.008967 0.008311 0.008321 0.039517 0.037248 0.036327 0.036142 0.034484 0.030143 0.032466 0.032940 0.034331 0.026651 0.024969 0.024886 0.025119 0.037868 0.006906 0.006998 0.007402 0.007839 0.009883 0.221514 0.004699 0.003239 0.001415 0.001192 0.002421 0.003033 0.835454 0.305438 
0.003099 0.002679 0.002947 0.004672 0.006648 0.014125 0.016637 0.013355 0.004681 0.005063 0.004748 0.004993 0.002060 0.001384 0.001011 0.000819 0.000762 0.000995 0.041396 0.043700 0.048842 0.088459 0.077518 0.070836 0.054812 0.045999 0.048763 0.083331 0.144652 0.283428 0.216581 0.289704 0.003489 0.002963 0.001616 0.001793 0.003932 0.007947 0.017499 0.023940 
0.001426 0.001497 0.002412 0.003369 2.282198 0.013552 0.012261 0.009016 0.004025 0.002436 0.001918 0.001732 0.001495 0.001190 0.000899 0.000759 0.000735 0.001046 0.052764 0.044814 0.050584 0.122285 0.111798 0.107103 0.093486 0.077212 0.039348 0.025724 0.024571 0.013850 0.012665 0.012035 0.007257 0.004774 0.003136 0.003255 0.005496 0.008860 0.016913 0.019806 
0.001335 0.001425 0.002623 0.005309 0.007848 0.399898 0.005722 0.005163 0.002522 0.001091 0.000593 0.000507 0.000379 0.000299 0.000364 0.000535 0.000705 0.001357 0.034268 0.028633 0.056847 0.087044 0.117507 0.117297 0.096072 0.134216 0.066139 0.026867 0.024904 0.097064 0.011683 0.011541 0.007850 0.010186 0.008873 0.005649 0.006563 1.886541 0.028651 0.028726 
0.002810 0.002564 0.002950 0.005380 0.007493 0.394787 0.008151 0.006048 0.002957 0.001087 0.000351 0.000196 0.000161 0.000205 0.000435 0.000711 0.000906 0.002067 0.003242 0.019541 0.015649 0.078120 0.116612 0.089446 0.090197 0.110707 0.029469 0.026464 0.086710 0.010654 0.011155 0.011742 0.814508 0.029111 0.028517 0.006630 0.014541 0.083602 0.382034 0.081091 
0.004638 0.005295 0.004648 0.006421 0.007017 0.474318 0.007727 0.007047 0.003896 0.001765 0.000599 0.000202 0.000142 0.000271 0.000703 0.001015 0.001232 0.003048 0.004469 0.038441 0.014077 0.058329 0.097760 0.086125 0.081037 0.069779 0.030360 0.011337 0.007158 0.008794 0.010887 0.015659 0.344974 0.151228 0.152019 1.998481 0.090263 0.089336 0.381467 0.084767 
0.361063 0.010676 0.008927 0.014420 0.019329 0.076317 0.074963 0.356857 0.003545 0.002525 0.001214 0.000582 0.000336 0.000480 0.001150 0.001454 0.001634 0.004479 0.006690 0.006870 0.007001 0.035754 0.129820 0.090162 0.088290 0.092390 0.103056 0.092034 0.006926 0.006692 0.008737 0.013529 0.345388 0.034384 0.029706 0.006902 0.017000 0.023081 0.030786 0.383698 
0.172951 0.013110 0.011024 0.026164 0.031458 0.076572 0.077683 0.333973 0.005896 0.004218 0.002965 0.002115 0.001218 0.001154 0.001904 0.002179 0.002599 0.007326 0.006878 0.006909 0.007147 0.041267 0.050915 0.180907 0.077657 0.077500 0.089010 0.235923 0.005013 0.004765 0.004997 0.005589 0.814323 0.010277 0.009686 0.005923 0.009765 0.016253 0.034928 0.119491 
0.181785 0.434876 0.538138 0.224648 0.224687 0.634705 0.310188 0.398370 0.007887 0.006523 0.007419 0.006490 0.003229 0.002706 0.003559 0.004216 0.330912 0.007317 0.006811 0.006946 0.129409 0.035456 0.050839 0.149433 0.060185 0.060605 0.574984 0.057522 0.005795 0.004718 0.004923 0.006149 0.007616 0.006133 0.005134 0.004588 0.006632 0.012884 0.035507 0.119218 
0.152716 0.182856 0.027116 0.028447 0.025006 0.017101 0.252747 0.227341 0.008900 0.007087 0.012889 0.011964 0.003798 0.004407 0.004886 0.005641 0.144708 0.006845 0.006746 0.007113 0.331141 0.013478 0.013203 0.248302 0.015563 0.015195 0.008691 0.010903 0.008439 0.006957 0.009513 0.010048 0.007032 0.005959 0.005935 0.005541 0.006938 0.007549 0.844051 0.294110 
0.153368 0.183216 0.024327 0.016222 0.012870 0.013893 0.710473 0.021148 0.021691 0.789773 0.425426 0.425414 0.771522 0.005912 0.005350 0.005406 0.004693 0.005816 0.006639 0.007804 0.301290 0.013357 0.012138 0.007363 0.010233 0.009956 0.007879 0.009986 0.009863 0.009224 0.020164 0.020508 0.007785 0.007803 0.008754 2.299772 0.007210 0.006258 0.004070 0.010556 
0.201047 1.086305 0.006820 0.006056 0.005267 0.006307 0.006218 0.011166 0.010793 0.004787 0.012788 0.014616 0.010655 0.006867 0.005342 0.004088 0.003922 0.004693 0.006110 0.006557 0.310532 0.013260 0.012868 0.006938 0.004936 0.004754 0.006498 0.010736 0.251594 0.718701 0.303044 0.303362 1.378554 0.007452 0.006704 0.004037 0.004530 0.003667 0.003454 0.006128 
0.179239 0.006817 0.005251 0.003527 0.003415 0.004682 0.005161 0.005741 0.005249 0.004217 0.007328 0.009142 0.010094 2.292535 0.004144 0.003190 0.003346 0.004674 0.006812 0.009577 0.012086 0.012557 0.013808 0.007509 0.004523 0.003878 0.004833 2.288162 0.013369 0.012543 0.021646 0.019503 0.005189 0.005138 0.004269 0.003082 0.002332 0.001517 0.001329 0.001906 
0.348654 0.005960 0.004172 0.003232 0.004369 0.006707 0.006126 0.004598 0.003499 0.002687 0.003059 0.003793 0.004592 0.002922 0.003147 0.002673 0.003774 0.004482 1.055794 0.012377 0.011678 0.012620 2.277303 0.007603 0.005801 0.004831 0.005950 0.009198 0.010238 0.010295 0.011081 0.009029 0.004435 0.003799 0.003450 0.002887 0.001905 0.001079 0.000681 0.000674 
0.004456 0.004106 0.002948 0.003264 0.005330 0.167928 0.007642 0.005345 0.004489 0.003403 0.002540 0.001990 0.002093 0.001966 0.001847 0.002536 0.006595 0.012774 0.293712 0.019141 0.013134 0.010544 0.010971 2.293296 0.007201 0.006248 0.006511 0.008246 0.010206 0.012234 0.007849 0.005078 0.003844 0.004410 0.004405 0.004403 0.003267 0.002321 0.001502 0.001255 
0.002649 0.002088 0.001765 0.002658 0.003400 0.362148 0.330023 0.362535 0.005110 0.004358 0.003905 0.002589 0.001533 0.001035 0.000949 0.002144 0.006514 0.012710 0.293338 0.020783 0.013701 0.009623 0.009505 0.011295 0.008889 0.007345 0.007812 0.009207 0.011645 0.484203 0.007766 0.005765 0.005459 0.006413 2.285122 0.005182 0.004224 0.004860 0.003921 0.003253 
0.000965 0.000793 0.001096 0.002493 0.004566 0.165681 0.006811 0.005252 0.006206 2.294360 0.005048 0.004092 0.002401 0.001140 0.000798 0.001642 0.003694 0.004207 0.346707 0.337072 0.425813 0.009159 0.008595 0.010346 0.190838 0.473132 0.466232 0.500761 0.244641 0.244770 0.009411 0.007778 0.007762 0.007369 0.010207 0.011160 2.284902 0.008130 0.007176 0.005108 
0.000246 0.000250 0.000569 0.001627 0.003284 0.004315 0.005004 0.004497 0.005429 0.006792 0.006886 0.004657 0.003607 0.002091 0.001496 0.002468 0.004110 0.004849 0.005080 0.006158 0.003488 0.005637 0.009929 0.023329 0.128843 0.024560 0.011565 0.006012 0.008015 0.008585 0.009016 0.008344 0.009299 2.291964 0.009251 0.008295 0.004110 0.006851 0.008671 0.370628 
0.000048 0.000067 0.000212 0.000689 0.001557 0.002214 0.002331 0.002235 0.003444 0.005839 0.006405 0.775322 0.004283 0.003715 0.003027 0.004489 0.005942 0.005566 0.004579 0.004196 0.002900 0.003619 0.008488 0.021972 0.129635 0.023455 0.010262 0.005037 0.005312 0.006944 0.007513 0.779283 0.011899 0.011335 0.007150 0.004730 0.003151 0.003934 0.005444 0.005782 
0.000009 0.000017 0.000067 0.000237 0.000580 0.000880 0.000868 0.001055 0.002713 0.007350 0.012849 0.424448 0.012888 0.007426 0.004897 0.006711 0.369495 0.005799 0.003961 0.002538 0.001653 0.002049 0.004384 0.006337 0.442423 0.007369 0.005421 0.003082 0.003770 0.007876 0.013361 0.422812 0.015868 0.010383 0.004853 0.002292 0.001504 0.001796 0.002941 0.003945 
