0.000915 0.006126 0.023473 0.552128 0.026157 0.008873 0.003702 0.001667 0.000441 0.000074 0.000010 0.000011 0.000092 0.000840 0.006115 0.023527 0.540796 0.052682 0.036770 0.044728 0.630774 0.006246 0.003568 0.000794 0.000118 0.000083 0.000419 0.001511 0.002728 0.002159 0.001769 0.004046 0.007392 0.602959 0.006806 0.003452 0.001397 0.005093 0.026112 0.145674 
0.000667 0.002713 0.003965 1.488899 0.012477 0.011231 0.005399 0.003978 0.001358 0.000261 0.000042 0.000047 0.000168 0.000663 0.002688 0.003954 1.475844 0.061025 0.059865 1.379213 0.260365 0.013798 0.005086 0.000922 0.000144 0.000268 0.001330 0.003881 0.005202 0.006006 0.004123 0.007590 0.028419 0.173675 0.027296 0.005258 0.001496 0.003021 0.006014 0.483603 
0.000439 0.001875 0.005835 0.008713 0.014980 0.016425 2.652555 0.004169 0.002463 0.000575 0.000148 0.000292 0.000676 0.000912 0.001740 0.004500 0.006881 0.009695 0.250476 0.120119 1.324974 0.004484 0.002757 0.000632 0.000174 0.000600 0.002529 0.005002 0.176520 0.008944 0.005196 0.010577 0.030111 0.173467 0.028279 0.007444 0.002684 0.002628 0.005894 0.013035 
0.000987 0.001661 0.004906 0.007479 0.381669 0.552019 0.064054 0.016110 0.003911 0.000811 0.000499 0.001498 0.002876 0.002966 0.002105 0.002605 0.005632 0.007529 0.873723 0.009048 0.006952 0.004390 0.001469 0.000351 0.000173 0.000689 0.002700 0.004169 0.788575 0.371701 0.535814 0.537230 1.893788 0.531657 0.531818 0.009500 0.008551 0.007177 0.005222 0.010322 
0.005936 0.004039 0.010551 0.017631 0.362979 0.355003 0.067539 0.017507 0.005964 0.001841 0.001708 0.004509 0.005791 0.005873 0.005151 0.003088 0.004120 0.005975 0.405267 0.007097 0.005236 0.002041 0.000712 0.000583 0.000412 0.000748 0.002641 0.005205 0.182847 0.086249 0.488588 0.011568 0.008295 0.010402 0.009161 0.010700 0.025898 0.024477 0.006877 0.027165 
0.020650 0.005658 0.031701 0.034571 0.958870 0.446238 0.446457 1.855757 0.004182 0.002784 0.003028 0.005931 0.487241 0.493951 0.006681 0.005772 0.004508 0.005892 0.404535 0.004346 0.002940 0.001201 0.001480 0.002226 0.001797 0.001268 0.002173 0.005746 0.016918 0.018918 1.040690 0.008211 0.006608 0.006979 0.008174 1.428945 0.604969 0.605412 2.579214 0.664227 
0.211093 2.201490 0.212779 0.211482 0.291523 0.413485 0.034255 0.009332 0.005219 0.001951 0.001821 0.005231 0.011877 0.015131 1.508954 0.008606 0.007346 0.008790 0.014739 0.005832 0.002324 0.001912 0.004061 0.003936 0.005579 0.003887 0.003668 0.005257 0.015105 0.033846 0.426453 0.025998 0.007087 0.002975 0.004693 0.004478 0.024089 0.026202 0.021293 0.118507 
0.197110 0.015354 0.032224 0.034991 0.036724 2.385948 0.009523 0.007931 0.004523 0.001926 0.000936 0.002363 0.009085 0.026514 0.529442 0.039916 0.023820 0.011652 0.013485 0.008557 0.003762 0.003940 0.005646 2.682736 0.007266 0.005526 0.005772 0.007192 0.035030 0.054058 0.426611 0.025142 0.006237 0.001352 0.001780 0.003264 0.006797 0.008897 0.019640 0.117620 
0.458666 0.013452 0.010231 0.013380 0.036962 0.259711 0.037468 0.016959 0.006222 0.004359 0.001720 0.001429 0.006761 0.024077 0.529230 0.100955 0.099903 0.459145 0.034566 0.031599 0.005215 0.006694 0.008980 0.015291 0.222433 0.649062 0.561568 0.627487 0.319356 0.319950 1.400995 0.004006 0.002726 0.001011 0.001633 0.002730 0.002662 0.003773 0.006709 0.489952 
0.365292 0.009398 0.006157 0.011390 0.039432 0.258584 0.062785 0.064297 2.665496 0.005404 0.003706 0.001627 0.002917 0.004135 1.349521 0.208583 0.207601 0.574647 0.267500 0.268338 1.839391 0.010272 0.008832 0.013846 0.221312 0.193002 0.188203 0.051009 0.051492 0.076344 0.016512 0.005624 0.001824 0.001624 0.003669 0.003583 0.003980 0.002851 0.004801 0.005868 
0.006538 0.005721 0.004485 0.007384 0.489698 0.492537 0.029606 0.027042 0.043580 0.008319 0.006999 0.002894 0.002017 0.004399 0.006282 0.032442 0.209006 0.085915 0.078234 0.095310 0.286093 0.032574 0.009604 0.011407 1.185993 0.190722 0.189227 0.048930 0.035760 0.077534 0.015253 0.003763 0.001330 0.002753 0.003617 0.678844 0.003920 0.003058 0.002094 0.002961 
0.003180 0.002121 0.002462 0.005646 0.009535 0.012576 0.031963 0.039085 0.041970 0.815023 0.008697 0.005573 0.002163 0.002264 0.005058 0.006664 2.242102 0.084062 0.079357 0.096610 0.285176 0.031601 0.007961 0.007057 0.007940 0.096045 2.348106 0.053995 0.054877 1.476438 0.004747 0.003180 0.001665 0.005361 0.012314 0.779948 0.012084 0.005127 0.001178 0.000754 
0.001115 0.001668 0.002634 0.003588 0.006654 0.009574 0.508979 0.154108 0.153364 0.307917 0.241301 0.006097 0.003090 0.001356 0.003177 0.009162 0.014002 2.167192 0.297021 0.295931 0.507339 0.007682 0.005071 0.004513 0.005957 1.973590 0.321957 1.871902 0.128786 0.126705 0.010192 0.005597 0.002174 0.004108 0.004968 0.681080 0.003544 0.002678 0.000649 0.000192 
0.001728 0.003799 0.003612 0.004866 0.005225 0.008116 0.486841 0.051435 0.049591 0.045473 0.864518 0.005863 0.002995 0.001123 0.002741 0.009174 0.015706 0.019416 0.035720 0.039855 1.340301 0.009523 0.005937 0.003700 0.004704 0.004760 0.029040 0.007724 0.009420 1.450568 0.007432 0.005902 0.004114 0.006786 0.006672 0.005858 0.005153 0.001729 0.000355 0.000142 
0.003514 0.004500 0.850339 0.006012 0.005034 0.007384 0.015078 0.021979 0.051400 0.019942 0.009792 0.005327 0.001692 0.000819 0.002349 0.004054 2.660735 0.018043 0.016512 0.019680 0.036911 0.007683 0.006013 0.005160 0.003401 0.003298 0.006389 0.005963 0.010933 0.014831 0.011715 0.007607 0.008373 0.010074 2.691765 0.005000 0.003294 0.000928 0.000417 0.000658 
0.007276 0.016042 0.736757 0.016491 0.007709 0.006177 0.012235 0.015275 0.525412 0.010007 0.006921 0.002559 0.000620 0.000347 0.001347 0.003855 0.004465 0.007726 0.011597 0.013598 0.028299 0.021042 0.096684 0.005044 0.004954 0.002788 0.002811 0.006340 0.012630 0.013322 0.015015 2.698395 0.009363 0.007661 0.004107 0.003987 0.001561 0.000701 0.001525 0.002868 
0.007550 0.008532 0.853443 0.009300 0.008318 0.006946 0.015819 0.016599 0.492427 0.009498 0.006592 0.002505 0.000646 0.000194 0.000452 0.001583 0.002759 0.004849 0.008191 0.010942 0.020890 0.020927 0.005467 0.005153 0.005184 0.004904 0.003905 0.005607 2.695945 0.011036 0.009337 0.007052 0.005743 0.003079 0.002398 0.001391 0.000659 0.001515 0.004452 0.005774 
0.010960 0.010533 0.007822 0.008618 0.009404 0.511335 0.513792 0.579788 0.017463 0.013741 0.008295 0.005185 0.002051 0.000612 0.000532 0.001415 0.001730 0.002571 0.004237 0.006784 0.018657 0.020731 0.005533 0.005522 0.271450 0.004087 0.003845 0.004620 0.004547 0.005731 0.004646 0.005348 0.002996 0.001057 0.000628 0.000349 0.000659 0.002743 0.005715 0.489341 
0.391529 0.010251 0.006846 0.008585 0.025860 0.371413 0.130894 0.110379 0.026612 0.028235 2.695194 0.006666 0.004961 0.002196 0.001772 0.003193 0.002923 0.002787 0.003547 0.004170 0.013890 0.087179 0.037597 0.056457 0.003826 0.003460 0.002940 0.002136 0.002843 0.003418 0.005100 0.006310 0.004158 0.001451 0.000352 0.000171 0.000738 0.003884 0.018245 0.109595 
0.388654 0.008118 0.004716 0.007271 0.024614 0.371861 0.130792 0.110306 0.027845 0.015107 0.010792 0.010308 0.006517 0.004664 0.003525 0.004002 0.078229 0.149557 0.021689 0.014279 0.013935 0.063399 0.033111 0.029096 0.003813 0.003590 0.004043 0.002276 0.002685 0.004751 0.005729 0.580173 0.003415 0.002435 0.000618 0.000362 0.001566 0.005803 0.019482 0.109920 
0.006615 0.005184 0.002624 0.004149 0.005266 1.152615 0.506000 0.506283 1.531410 0.010352 0.009088 0.010636 2.432365 0.008644 0.007132 0.006677 0.017226 0.011506 0.017330 0.017712 0.041865 0.058213 0.057654 0.060823 0.062711 0.065571 0.004553 0.004479 0.005468 0.005603 0.010471 0.454507 0.007141 0.003841 0.000866 0.000658 0.002357 0.003601 1.488151 0.543892 
0.003148 0.001903 0.002139 0.005511 0.006978 0.017138 0.030641 0.025441 0.004376 0.005229 0.003686 0.005239 0.003711 0.003691 0.003000 0.002387 0.002029 0.002344 0.076682 0.101195 0.109708 0.097153 0.027449 0.026853 0.026105 0.023990 0.016029 0.010740 0.011558 0.450889 0.464947 0.452264 0.003530 0.002671 0.000778 0.000843 0.003076 0.008054 0.014438 0.029894 
0.000844 0.000841 0.002339 0.004050 2.681349 0.016039 0.013517 0.008384 0.003093 0.001618 0.000889 0.001529 0.002155 0.001342 0.000664 0.000631 0.001462 0.002343 0.136564 0.130993 0.110540 0.137691 0.027687 0.027034 0.026514 0.024746 0.019213 0.020545 0.023679 0.453953 0.018006 0.013193 0.007883 0.003278 0.001322 0.002228 0.005638 0.009672 0.013215 0.013621 
0.000777 0.000642 0.001930 0.006554 0.009814 0.553198 0.004781 0.003962 0.001425 0.000427 0.000159 0.000277 0.000493 0.000262 0.000163 0.000532 0.001608 0.002752 0.077458 0.093902 0.099900 0.055127 0.400638 0.326218 0.349157 0.447633 0.479189 0.028753 0.026582 0.585449 0.013335 0.012365 0.009122 0.007180 0.004655 0.005294 0.006932 2.365300 0.031844 0.032108 
0.002897 0.001737 0.001637 0.005442 0.009177 0.555786 0.010395 0.006678 0.002154 0.000486 0.000087 0.000043 0.000071 0.000038 0.000058 0.000357 0.001575 0.003863 0.003920 0.012511 0.010974 0.011448 0.437602 0.024039 0.024311 0.464498 0.027446 0.029166 2.641059 0.011341 0.010547 0.011789 1.490375 0.020026 0.018789 0.006950 0.033867 0.170349 0.506632 0.142727 
0.005787 0.005274 0.002913 0.004182 0.005140 0.699187 0.009252 0.008105 0.004176 0.001347 0.000263 0.000043 0.000019 0.000018 0.000082 0.000400 0.001391 0.003296 0.003430 0.111743 0.010342 0.011061 0.469147 0.022223 0.018777 0.014631 0.021606 0.030971 0.008652 0.008022 0.009369 0.026459 0.547517 0.110600 0.111819 2.339267 0.186045 0.184424 0.502612 0.148825 
0.484069 0.009878 0.007060 0.011555 0.027823 0.156361 0.154377 0.466745 0.003885 0.002432 0.000641 0.000163 0.000094 0.000101 0.000404 0.001467 0.002771 0.002945 0.004278 0.004458 0.008305 0.009682 0.582135 0.019313 0.015163 0.012508 0.014322 0.159165 0.006934 0.005031 0.007450 0.024610 0.547599 0.037428 0.021087 0.005571 0.027692 0.031151 0.029750 0.501291 
0.182861 0.013659 0.010421 0.034694 0.051279 0.156651 0.159810 0.468024 0.006668 0.003932 0.001565 0.000933 0.000617 0.000543 0.001556 0.004490 0.005674 0.005125 0.003309 0.004342 0.007706 0.019259 0.030180 0.578812 0.035457 0.034638 0.028983 1.490776 0.005987 0.003950 0.003643 0.004894 1.488937 0.006730 0.005481 0.003921 0.006537 0.009555 0.022905 0.110534 
0.186819 0.569658 0.655094 0.234943 0.235068 0.760993 0.423834 0.528731 0.008275 0.006198 0.006913 0.006233 0.002743 0.002033 0.003327 0.006230 0.490309 0.007836 0.004963 0.005838 0.008493 0.034172 0.038682 0.503215 0.206791 0.208231 1.368070 0.090330 0.005631 0.003704 0.002816 0.005203 0.007237 0.005262 0.003321 0.003378 0.003974 0.008139 0.024119 0.110798 
0.105365 0.267137 0.037307 0.035209 0.032290 0.015798 0.338979 0.300305 0.010167 0.007442 0.024223 0.023547 0.003995 0.004769 0.004623 0.007498 0.490830 0.009551 0.006699 0.007473 0.515706 0.318224 0.318205 0.518317 0.030356 0.029566 0.009068 0.011855 0.008756 0.005345 0.006604 0.007416 0.006007 0.004599 0.005655 0.005083 0.007701 0.008938 1.491094 0.542402 
0.109638 0.267886 0.033056 0.011561 0.008587 0.010192 0.937316 0.029660 0.030884 1.513288 0.554341 0.554322 1.480103 0.006273 0.005040 0.005585 0.006181 0.006192 0.006904 0.010599 0.528958 0.032685 0.029264 0.005932 0.007282 0.005840 0.006124 0.010209 0.011245 0.008955 0.031094 0.031312 0.007563 0.008433 0.010131 2.699548 0.009194 0.007492 0.004136 0.023391 
0.241947 1.627830 0.005020 0.003610 0.002789 0.005089 0.006002 0.013139 0.013211 0.004366 0.024021 0.026045 0.011646 0.007980 0.006042 0.003251 0.003283 0.003586 0.005863 0.006692 0.568844 0.012962 0.012142 0.005116 0.002579 0.002552 0.006166 0.011617 0.392009 0.794171 0.300655 0.301523 2.173101 0.009286 0.007747 0.004447 0.005047 0.002982 0.002879 0.006137 
0.224486 0.008290 0.005877 0.002262 0.002050 0.003828 0.004345 0.004080 0.003665 0.003113 0.006731 0.008718 0.010411 2.692201 0.004486 0.002780 0.002468 0.004780 0.007230 0.010261 0.011159 0.011735 0.013830 0.006736 0.003097 0.002980 0.004687 2.687672 0.013544 0.011992 0.032046 0.030397 0.004676 0.005307 0.003469 0.002741 0.001651 0.000712 0.000647 0.000849 
0.465779 0.006744 0.003936 0.002272 0.004278 0.006562 0.006779 0.003792 0.002331 0.001520 0.001405 0.002240 0.004569 0.003871 0.003904 0.001928 0.003008 0.004392 1.699131 0.011727 0.010354 0.012051 2.696213 0.007975 0.005809 0.003718 0.005623 0.009117 0.009574 0.008404 0.007845 0.006283 0.003118 0.002897 0.002938 0.002271 0.001142 0.000427 0.000197 0.000185 
0.005684 0.004698 0.002212 0.002918 0.005669 0.203562 0.009160 0.004845 0.005249 0.003380 0.001719 0.000921 0.001478 0.002164 0.001394 0.001194 0.006113 0.024011 0.412508 0.028978 0.011386 0.008854 0.010646 2.692827 0.007775 0.006071 0.005592 0.007417 0.009769 0.011484 0.006341 0.002758 0.002457 0.004505 0.004645 0.005547 0.003373 0.001696 0.000722 0.000721 
0.002859 0.001604 0.001075 0.002690 0.003725 0.475157 0.529127 0.475592 0.006145 0.005086 0.004558 0.002021 0.000783 0.000596 0.000352 0.000915 0.006092 0.024009 0.411804 0.032221 0.012200 0.007982 0.009038 0.011359 0.010159 0.007708 0.007600 0.008860 0.012629 0.606191 0.007853 0.004698 0.004733 0.006437 2.683425 0.006796 0.005082 0.005272 0.003151 0.003136 
0.000649 0.000369 0.000661 0.002570 0.005332 0.202128 0.008931 0.005467 0.007170 2.693277 0.006575 0.004868 0.001958 0.000543 0.000246 0.000836 0.003043 0.003833 0.501322 0.516252 0.570179 0.007961 0.007152 0.009659 0.244387 0.623442 0.620664 0.668833 0.340653 0.340026 0.010157 0.007613 0.008604 0.008148 0.013840 0.015545 2.682975 0.009970 0.008268 0.006065 
0.000094 0.000070 0.000266 0.001327 0.003873 0.005028 0.006196 0.004410 0.006113 0.007277 0.008959 0.006107 0.004318 0.001501 0.000697 0.001742 0.003923 0.005156 0.004971 0.008344 0.003463 0.004796 0.006474 0.026785 0.150604 0.029968 0.009836 0.005070 0.009223 0.008877 0.010099 0.008851 0.010557 2.688901 0.012132 0.010427 0.004441 0.007930 0.010798 0.493109 
0.000010 0.000011 0.000063 0.000358 0.001271 0.002218 0.001832 0.001312 0.002459 0.005573 0.006824 1.487746 0.004222 0.002971 0.002092 0.004771 0.006812 0.006021 0.004211 0.004670 0.002629 0.002051 0.005280 0.026146 0.151821 0.028331 0.007822 0.003606 0.004635 0.006299 0.007551 1.488726 0.012337 0.011098 0.006521 0.003705 0.002728 0.003101 0.005730 0.006557 
0.000001 0.000002 0.000011 0.000068 0.000269 0.000548 0.000362 0.000308 0.001216 0.006848 0.024223 0.551805 0.024113 0.006843 0.003812 0.006686 0.491104 0.006521 0.003618 0.001602 0.000858 0.001016 0.003380 0.006544 0.579253 0.007231 0.004072 0.001562 0.001844 0.007018 0.024384 0.550945 0.026783 0.009403 0.002730 0.000944 0.000732 0.000797 0.001974 0.003655 
