0.002819 0.005654 0.008974 0.321811 0.013149 0.009848 0.005666 0.002903 0.001305 0.000470 0.000173 0.000211 0.000692 0.002249 0.005454 0.008559 0.274767 0.054585 0.052056 0.055958 0.405463 0.005016 0.003715 0.001692 0.000637 0.000547 0.001170 0.002249 0.003195 0.003587 0.004214 0.006666 0.008293 0.419423 0.007556 0.005930 0.004604 0.007463 0.012954 0.053638 
0.001955 0.003420 0.003851 0.612531 0.010556 0.010131 0.006390 0.003534 0.001919 0.000787 0.000335 0.000355 0.000731 0.001676 0.003292 0.003745 0.637604 0.063626 0.063310 0.929699 0.167602 0.008019 0.004348 0.001822 0.000737 0.000815 0.001763 0.003187 0.004679 0.005382 0.006246 0.011523 0.021970 0.160276 0.020651 0.010140 0.005315 0.005402 0.006882 0.315529 
0.001868 0.003160 0.005328 0.008594 0.011843 0.012487 2.050250 0.003730 0.003002 0.001395 0.000746 0.000874 0.001297 0.001872 0.002808 0.003983 0.005701 0.007571 0.178898 0.085551 0.861188 0.003661 0.002860 0.001372 0.000736 0.001100 0.002306 0.003809 0.119320 0.007908 0.006878 0.012996 0.022740 0.160077 0.021230 0.011539 0.006837 0.006069 0.007954 0.013711 
0.003131 0.004126 0.006831 0.008172 0.238719 0.335065 0.022412 0.012189 0.006076 0.002551 0.001586 0.002018 0.002615 0.002978 0.003272 0.003977 0.005252 0.005867 0.369258 0.005980 0.005254 0.003601 0.002157 0.001098 0.000791 0.001279 0.002439 0.003192 0.486935 0.295469 0.352993 0.353396 1.363492 0.332477 0.335182 0.009979 0.009423 0.008684 0.008687 0.012309 
0.006367 0.006781 0.011659 0.014416 0.215959 0.163478 0.022414 0.012671 0.006576 0.003314 0.002645 0.003503 0.004094 0.004449 0.004422 0.004675 0.005356 0.006028 0.320355 0.005137 0.004458 0.002923 0.001805 0.001258 0.001203 0.001669 0.002980 0.004639 0.130692 0.071110 0.335469 0.010469 0.008777 0.008809 0.008144 0.010336 0.012866 0.012130 0.009446 0.014719 
0.010235 0.007570 0.018342 0.019531 0.566754 0.220119 0.220408 0.819045 0.003611 0.003127 0.003266 0.004737 0.316276 0.321498 0.005141 0.006313 0.006699 0.007234 0.349481 0.004291 0.003709 0.002608 0.002179 0.001983 0.002284 0.002602 0.004164 0.008637 0.019880 0.020820 0.756306 0.008870 0.008015 0.007229 0.007585 0.499681 0.439494 0.439906 2.028092 0.309269 
0.100662 1.859404 0.136888 0.136206 0.172003 0.207853 0.017241 0.013697 0.005991 0.003443 0.003326 0.005630 0.010097 0.010408 0.471258 0.007614 0.007334 0.007506 0.012654 0.003864 0.003634 0.002877 0.002586 0.002005 0.003643 0.003950 0.005304 0.009560 0.018586 0.022867 0.287362 0.012617 0.008314 0.005523 0.004959 0.004915 0.011817 0.017157 0.024669 0.083852 
0.092472 0.019344 0.023656 0.027430 0.027989 1.300301 0.013810 0.013229 0.006467 0.003617 0.002993 0.004799 0.008635 0.008845 0.017488 0.008395 0.008088 0.008094 0.011494 0.003640 0.003353 0.002980 0.002983 0.054855 0.004222 0.004295 0.006390 0.010519 0.022987 0.027340 0.287218 0.011224 0.006919 0.003930 0.003425 0.004551 0.008370 0.013698 0.023903 0.083835 
0.289113 0.018499 0.016963 0.020789 0.026814 0.164126 0.032470 0.026696 0.007163 0.004308 0.003246 0.003954 0.006712 0.006899 0.017173 0.008473 0.008329 0.068914 0.010912 0.003553 0.003370 0.003094 0.003078 0.003690 0.202902 0.415754 0.360122 0.398851 0.191109 0.191196 0.594922 0.004426 0.003972 0.002690 0.002714 0.003557 0.004978 0.006825 0.008310 0.315951 
0.239529 0.013052 0.011419 0.015806 0.027516 0.163642 0.092671 0.093297 1.936945 0.004696 0.004004 0.003478 0.004213 0.004271 0.046719 0.041424 0.062279 0.102521 0.009321 0.006677 0.036500 0.003139 0.003126 0.003840 0.111808 0.075812 0.075535 0.072435 0.075779 0.093361 0.023447 0.008896 0.003958 0.002768 0.003087 0.003974 0.003992 0.004296 0.004768 0.004417 
0.005230 0.006465 0.006597 0.008064 0.317599 0.340349 0.063209 0.061986 0.066786 0.006131 0.005289 0.004025 0.003695 0.003739 0.003875 0.003932 0.034112 0.079271 0.008979 0.007878 0.032017 0.003160 0.003146 0.003355 0.121049 0.075539 0.075405 0.071268 0.072972 0.093724 0.023000 0.008777 0.003913 0.003385 0.003806 0.363943 0.004064 0.003643 0.003143 0.002950 
0.003473 0.003726 0.004333 0.006082 0.008399 0.010279 0.063921 0.064922 0.066164 0.549461 0.005932 0.004476 0.004007 0.003916 0.003882 0.003906 0.055007 0.057954 0.009015 0.008461 0.028587 0.003173 0.003159 0.003339 0.098379 0.076282 0.130726 0.071745 0.072159 0.721173 0.005767 0.005209 0.003793 0.004576 0.006165 0.297128 0.005363 0.003765 0.002265 0.001626 
0.002456 0.002841 0.003574 0.005080 0.006949 0.008518 0.360926 0.136685 0.136364 0.237917 0.126420 0.004962 0.004329 0.004155 0.004042 0.003936 0.004000 0.048348 0.009029 0.008725 0.071292 0.003199 0.003171 0.003334 0.083540 0.098421 0.079597 0.100186 0.056001 0.043177 0.006608 0.006017 0.004525 0.004924 0.005343 0.364117 0.003055 0.002632 0.001445 0.000846 
0.002958 0.003456 0.003994 0.005393 0.006476 0.007922 0.311447 0.087364 0.088947 0.089513 0.389229 0.005684 0.004760 0.004450 0.004315 0.004104 0.004046 0.021848 0.013586 0.010657 0.107902 0.003233 0.003184 0.003349 0.040952 0.032081 0.038781 0.021442 0.050412 0.061737 0.006239 0.006190 0.005744 0.006177 0.006070 0.003986 0.003310 0.002148 0.001107 0.000697 
0.004755 0.005176 0.406136 0.007762 0.007347 0.009145 0.014391 0.034273 0.087371 0.088158 0.086848 0.059534 0.031035 0.018281 0.009808 0.008910 0.024194 0.023205 0.015036 0.012126 0.094463 0.003257 0.003208 0.007424 0.009052 0.008964 0.008853 0.008709 0.008527 0.008056 0.006253 0.006249 0.007061 0.007788 2.111162 0.003564 0.002834 0.001782 0.001266 0.001228 
0.007766 0.009711 0.322783 0.010654 0.008719 0.009336 0.012915 0.014142 0.267013 0.088039 0.086389 0.071501 0.049321 0.034628 0.020595 0.014666 0.014775 0.015749 0.015601 0.014249 0.088281 0.013986 0.032576 0.009133 0.009052 0.008964 0.008876 0.008768 0.008679 0.008961 0.008683 0.156393 0.005878 0.005816 0.003220 0.002868 0.002166 0.001794 0.002128 0.002533 
0.008789 0.009209 0.410324 0.009395 0.008977 0.009778 0.014419 0.014773 0.142148 0.124488 0.097168 0.084433 0.067636 0.053301 0.037968 0.025630 0.021388 0.019871 0.018967 0.017807 0.077243 0.014668 0.015152 0.009168 0.009104 0.009038 0.008984 0.008961 0.040791 0.004557 0.004041 0.002515 0.003839 0.003505 0.002490 0.001897 0.001710 0.002405 0.003525 0.003998 
0.010522 0.009679 0.008927 0.009200 0.009642 0.319816 0.289321 0.482589 0.054877 0.054506 0.086745 0.084598 0.073387 0.062288 0.050145 0.036836 0.029145 0.025363 0.023152 0.021989 0.064020 0.016534 0.017728 0.019424 0.034055 0.006331 0.005231 0.003145 0.003095 0.003171 0.002441 0.002259 0.002238 0.002087 0.001471 0.001187 0.001838 0.003923 0.005429 0.315022 
0.257022 0.010230 0.008508 0.009644 0.011537 0.075309 0.088470 0.082920 0.054133 0.054125 0.084344 0.082042 0.071941 0.065171 0.057059 0.047213 0.037965 0.031635 0.027843 0.026623 0.048088 0.046743 0.028162 0.034720 0.007074 0.004587 0.003616 0.003041 0.002952 0.002792 0.002377 0.002194 0.001902 0.001750 0.001154 0.001121 0.002838 0.008403 0.019643 0.073031 
0.253753 0.008700 0.006983 0.008271 0.010186 0.075315 0.087884 0.082493 0.054574 0.054234 0.037284 0.024937 0.045296 0.056909 0.056748 0.050151 0.059015 0.057585 0.037086 0.032257 0.043894 0.027720 0.023110 0.021868 0.019992 0.024103 0.030835 0.032897 0.041191 0.052327 0.066813 0.078959 0.002323 0.002193 0.001330 0.001344 0.003223 0.008592 0.020136 0.072566 
0.004909 0.005103 0.004660 0.005535 0.005853 0.378683 0.112250 0.112182 0.153239 0.020763 0.007184 0.007006 0.030357 0.022463 0.018694 0.016296 0.014341 0.012639 0.016823 0.017642 0.061235 0.059062 0.067099 0.069768 0.073926 0.081685 0.060550 0.065542 0.069112 0.067121 0.053279 0.021128 0.002816 0.002676 0.001712 0.001618 0.002720 0.003219 0.715282 0.170730 
0.003132 0.003049 0.003361 0.004629 0.006582 0.011844 0.011507 0.010295 0.008944 0.008007 0.007236 0.006462 0.005581 0.005059 0.004720 0.004571 0.004954 0.006333 0.032069 0.038165 0.062730 0.062563 0.054438 0.051470 0.046831 0.045586 0.048796 0.055402 0.074067 0.111469 0.094467 0.208806 0.003607 0.003278 0.002298 0.002437 0.004345 0.008226 0.018591 0.023296 
0.001794 0.001936 0.002635 0.003364 2.096444 0.011537 0.010614 0.009328 0.008748 0.007790 0.006752 0.005760 0.005152 0.004748 0.004526 0.004497 0.005187 0.007095 0.046112 0.042688 0.075322 0.080374 0.063699 0.059120 0.048820 0.039766 0.038120 0.030075 0.026229 0.021829 0.007291 0.006787 0.005231 0.005285 0.004434 0.003994 0.005705 0.008933 0.018117 0.021384 
0.001713 0.001938 0.002965 0.004932 0.007391 0.341111 0.006245 0.005791 0.005292 0.004748 0.004266 0.003934 0.003826 0.003928 0.004149 0.004479 0.006119 0.009783 0.037227 0.036759 0.105508 0.059139 0.078574 0.092203 0.083926 0.096101 0.066373 0.037749 0.043699 0.097671 0.006919 0.006616 0.005810 0.011153 0.010473 0.006418 0.007124 1.705929 0.026677 0.026631 
0.002865 0.003055 0.003670 0.005540 0.007177 0.336241 0.007521 0.005905 0.004485 0.003890 0.003542 0.003485 0.003724 0.004078 0.004434 0.004831 0.007888 0.014335 0.020537 0.036074 0.083460 0.049634 0.064368 0.034023 0.040158 0.081486 0.043893 0.042090 0.044282 0.008707 0.007635 0.007813 0.223806 0.024300 0.024134 0.007203 0.012229 0.064530 0.330764 0.063275 
0.004323 0.005629 0.005707 0.007460 0.007945 0.400435 0.007277 0.006733 0.004099 0.003329 0.003187 0.003485 0.004066 0.004556 0.004947 0.005262 0.011796 0.021454 0.027781 0.055074 0.091001 0.042482 0.048248 0.029313 0.021360 0.036226 0.052269 0.040505 0.015542 0.059112 0.065514 0.072725 0.091414 0.127331 0.128066 1.925156 0.069232 0.068503 0.329574 0.066018 
0.310278 0.011228 0.009843 0.013948 0.017179 0.060577 0.059480 0.312579 0.003833 0.003009 0.003236 0.003969 0.004783 0.005238 0.005481 0.005580 0.019771 0.032295 0.037262 0.036069 0.091474 0.039178 0.062077 0.033945 0.015162 0.024573 0.071528 0.067436 0.010197 0.011160 0.018856 0.034309 0.084672 0.025756 0.024746 0.008370 0.015384 0.022029 0.027610 0.331534 
0.170729 0.013242 0.011468 0.021673 0.025150 0.060790 0.061579 0.283866 0.005790 0.004462 0.004165 0.005090 0.005774 0.005987 0.005805 0.005674 0.039941 0.048458 0.040075 0.035563 0.111360 0.033475 0.035795 0.057636 0.013429 0.019787 0.075953 0.072038 0.008515 0.008331 0.008761 0.009102 0.487442 0.011781 0.011445 0.007587 0.011022 0.018115 0.030330 0.079198 
0.182289 0.389209 0.475479 0.204064 0.204100 0.571003 0.269920 0.345313 0.007639 0.006529 0.006984 0.006998 0.006808 0.006500 0.005695 0.005505 0.098631 0.053453 0.036356 0.030829 0.128434 0.031714 0.029124 0.032781 0.008108 0.008732 0.076126 0.051287 0.008888 0.008394 0.008998 0.009319 0.008051 0.007213 0.006475 0.005880 0.008238 0.014741 0.030798 0.078620 
0.156430 0.104508 0.021858 0.024070 0.021798 0.016990 0.221722 0.197164 0.008441 0.006953 0.010259 0.010142 0.007276 0.006204 0.005319 0.005028 0.071696 0.037049 0.022937 0.025185 0.150876 0.034141 0.023428 0.054709 0.007978 0.008695 0.009631 0.009958 0.009026 0.008739 0.010389 0.010454 0.007718 0.006618 0.006420 0.006606 0.006974 0.007474 0.727374 0.154617 
0.156846 0.104773 0.019797 0.016065 0.013862 0.014681 0.616425 0.018209 0.018615 0.620336 0.322691 0.322594 0.601018 0.005419 0.004980 0.004441 0.004385 0.004335 0.004375 0.027960 0.134108 0.038663 0.005921 0.005948 0.006303 0.008145 0.009448 0.009886 0.009997 0.010441 0.016995 0.017082 0.008250 0.007581 0.008306 2.118095 0.006492 0.005765 0.004151 0.007387 
0.195561 0.904974 0.008151 0.007566 0.006868 0.007349 0.006480 0.010132 0.009729 0.005272 0.010332 0.011841 0.009551 0.005993 0.004654 0.004132 0.004081 0.004070 0.004219 0.012394 0.134634 0.021656 0.005826 0.005764 0.005794 0.006181 0.007672 0.010400 0.200573 0.656702 0.283373 0.283552 1.066250 0.006743 0.006213 0.004076 0.004344 0.003829 0.003649 0.005314 
0.171706 0.006440 0.005443 0.004420 0.004393 0.005406 0.005635 0.006277 0.005808 0.004845 0.007036 0.008537 0.009096 1.609227 0.004126 0.003567 0.003949 0.004019 0.004510 0.012827 0.012802 0.012759 0.005978 0.005755 0.005736 0.005601 0.006213 1.778182 0.013467 0.012964 0.018378 0.016194 0.005831 0.005197 0.004481 0.003348 0.002687 0.002021 0.001829 0.002334 
0.299883 0.005766 0.004340 0.003755 0.004711 0.007126 0.006141 0.005113 0.004137 0.003429 0.003848 0.004435 0.004638 0.002597 0.003017 0.003094 0.004492 0.004728 0.281657 0.012937 0.012675 0.012669 0.076774 0.006162 0.006131 0.005748 0.006476 0.009302 0.010726 0.011256 0.011563 0.009428 0.005298 0.004288 0.003800 0.003148 0.002305 0.001560 0.001144 0.001116 
0.003988 0.003906 0.003233 0.003513 0.005290 0.151664 0.007457 0.005743 0.004464 0.003569 0.003012 0.002628 0.002467 0.002035 0.002124 0.003100 0.006151 0.009725 0.210194 0.017138 0.013503 0.011052 0.010810 1.148598 0.006885 0.006472 0.006966 0.008685 0.010542 0.012799 0.008812 0.006311 0.004730 0.004687 0.004529 0.004058 0.003224 0.002600 0.001957 0.001640 
0.002542 0.002263 0.002111 0.002748 0.003377 0.317316 0.284124 0.317811 0.004933 0.004297 0.003715 0.002813 0.001943 0.001384 0.001423 0.002726 0.006028 0.009603 0.210201 0.018311 0.013965 0.010507 0.010076 0.011430 0.008346 0.007367 0.008017 0.009466 0.011458 0.431511 0.008001 0.006407 0.005896 0.006624 2.104451 0.004686 0.003954 0.004616 0.004047 0.003345 
0.001129 0.001056 0.001363 0.002490 0.004267 0.148781 0.006113 0.005073 0.005801 2.113100 0.004463 0.003734 0.002541 0.001537 0.001296 0.002203 0.003980 0.004397 0.289147 0.277536 0.367948 0.010058 0.009587 0.011029 0.168174 0.411178 0.404510 0.431355 0.206902 0.207105 0.009082 0.007772 0.007533 0.007354 0.008716 0.009444 2.104267 0.007214 0.006485 0.004825 
0.000374 0.000416 0.000771 0.001720 0.003057 0.004062 0.004534 0.004434 0.005248 0.006639 0.006034 0.004160 0.003449 0.002442 0.002033 0.002872 0.004216 0.004785 0.005041 0.005608 0.003753 0.006478 0.010672 0.019769 0.110287 0.020331 0.011558 0.006777 0.007990 0.008530 0.008628 0.008198 0.008927 2.111639 0.007987 0.007257 0.004258 0.006261 0.007712 0.320175 
0.000100 0.000141 0.000346 0.000870 0.001658 0.002264 0.002523 0.002720 0.003924 0.005911 0.006336 0.608155 0.004506 0.004080 0.003549 0.004558 0.005680 0.005337 0.004633 0.004104 0.003260 0.004585 0.009141 0.018262 0.110907 0.019428 0.010507 0.005984 0.005890 0.007216 0.007643 0.612894 0.011300 0.010876 0.007294 0.005056 0.003527 0.004184 0.005287 0.005599 
0.000026 0.000048 0.000143 0.000391 0.000790 0.001120 0.001259 0.001673 0.003417 0.006909 0.010243 0.323964 0.010344 0.007037 0.005369 0.006818 0.319499 0.005624 0.004157 0.002983 0.002250 0.002891 0.005192 0.006703 0.379036 0.007863 0.006357 0.004235 0.004780 0.007719 0.011036 0.322243 0.013464 0.010149 0.005838 0.003220 0.002170 0.002452 0.003416 0.004135 
