0.069404
0.139113
0.208627
0.277946
0.347072
0.416004
0.484744
0.553291
0.621647
0.689811
0.757785
0.825569
0.893164
0.960569
1.027786
1.094815
1.161656
1.228311
1.294779
1.361062
1.427159
1.493071
1.558799
1.624343
1.689704
1.754883
1.819879
1.884693
1.949327
2.013779
2.078050
2.142143
2.206056
2.269791
2.333349
2.396727
2.459929
2.522954
2.585803
2.648476
2.710975
2.773299
2.835448
2.897424
2.959227
3.020857
3.082315
3.143602
3.204718
3.265662
3.326437
3.387042
3.447478
3.507745
3.567845
3.627777
3.687543
3.747141
3.806574
3.865841
3.924944
3.983882
4.042657
4.101268
4.159718
4.218002
4.276130
4.334091
4.391896
4.449540
4.507023
4.564352
4.621517
4.678528
4.735385
4.792080
4.848623
4.905014
4.961245
5.017325
5.073255
5.129031
5.184654
5.240129
5.295455
5.350632
5.405658
5.460538
5.515273
5.569863
5.624309
5.678608
5.732764
5.786779
5.840654
5.894388
5.947984
6.001442
6.054763
6.107948
6.160997
6.213913
6.266695
6.319345
6.371864
6.424253
6.476514
6.528647
6.580654
6.632536
6.684294
6.735929
6.787437
6.838826
6.890095
6.941247
6.992280
7.043192
7.093990
7.144676
7.195244
7.245697
7.296042
7.346275
7.396393
7.446406
7.496307
7.546099
7.595790
7.645365
7.694840
7.744208
7.793470
7.842632
7.891685
7.940642
7.989487
8.038234
8.086873
8.135421
8.183878
8.232210
8.280444
8.328588
8.376641
8.424573
8.472403
8.520143
8.567792
8.615323
8.662747
8.710079
8.757318
8.804449
8.851460
8.898376
8.945193
8.991912
9.038508
9.084993
9.131375
9.177652
9.223822
9.269882
9.315811
9.361627
9.407328
9.452912
9.498378
9.543722
9.588943
9.634036
9.679001
9.723834
9.768534
9.813097
9.857522
9.901806
9.945947
9.989943
10.033791
10.077489
10.121036
10.164408
10.207621
10.250674
10.293567
10.336269
10.378801
10.421165
10.463326
10.505311
10.547099
10.588691
10.630082
10.671269
10.712241
10.753011
10.793545
10.833861
10.873955
10.913809
10.953420
10.992789
11.031911
11.070778
11.109384
11.147724
11.185793
11.223584
11.261094
11.298318
11.335249
11.371872
11.408194
11.444210
11.479897
11.515269
11.550307
11.585014
11.619374
11.653394
11.687051
11.720350
11.753288
11.785855
11.818039
11.849838
11.881248
11.912263
11.942876
11.973082
12.002873
12.032243
12.061185
12.089699
12.117779
12.145412
12.172598
12.199336
12.225608
12.251423
12.276763
12.301639
12.326028
12.349938
12.373363
12.396292
12.418728
12.440666
12.462098
12.483022
12.503436
12.523336
12.542722
12.561585
12.579927
12.597744
12.615033
12.631792
12.648020
12.663715
12.678877
12.693502
12.707592
12.721145
12.734159
12.746635
12.758574
12.769977
12.780843
12.791172
12.800966
12.810228
12.818959
12.827160
12.834833
12.841979
12.848601
12.854705
12.860291
12.865365
12.869930
12.873991
12.877543
12.880601
12.883169
12.885245
12.886839
12.887959
12.888600
12.888782
12.888497
12.887761
12.886579
12.884948
12.882885
12.880397
12.877488
12.874165
12.870435
12.866305
12.861784
12.856879
12.851601
12.845959
12.839954
12.833600
12.826909
12.819878
12.812527
12.804861
12.796883
12.788609
12.780047
12.771206
12.762093
12.752716
12.743087
12.733216
12.723117
12.712779
12.702231
12.691479
12.680523
12.669378
12.658065
12.646564
12.634903
12.623092
12.611136
12.599045
12.586826
12.574491
12.562052
12.549501
12.536844
12.524128
12.511311
12.498440
12.485489
12.472535
12.459451
12.446366
12.433282
12.420197
12.407003
12.393785
12.380568
12.367350
12.354208
12.341124
12.328039
12.314955
12.301870
12.288857
12.275907
12.262956
12.250111
12.237293
12.224557
12.211873
12.199285
12.186735
12.174318
12.161959
12.149675
12.137519
12.125442
12.113452
12.101569
12.089807
12.078144
12.066586
12.055135
12.043795
12.032579
12.021486
12.010509
11.999651
11.988913
11.978295
11.967801
11.957431
11.947185
11.937063
11.927068
11.917197
11.907454
11.897840
11.888356
11.878998
11.869764
11.860657
11.851673
11.842813
11.834078
11.825464
11.816973
11.808601
11.800349
11.792214
11.784204
11.776319
11.768548
11.760891
11.753345
11.745907
11.738575
11.731365
11.724271
11.717278
11.710384
11.703586
11.696910
11.690337
11.683853
11.677454
11.671179
11.664993
11.658885
11.652877
11.646974
11.641137
11.635396
11.629754
11.624167
11.618693
11.613290
11.607949
11.602722
11.597530
11.592457
11.587426
11.582486
11.577609
11.572803
11.568069
11.563396
11.558798
11.554258
11.549784
11.545378
11.541016
11.536743
11.532482
11.528343
11.524204
11.520165
11.516160
11.512196
11.508324
11.504452
11.500680
11.496942
11.493213
11.489608
11.486003
11.482433
11.478962
11.475491
11.472061
11.468723
11.465385
11.462075
11.458871
11.455667
11.452462
11.449383
11.446312
11.443241
11.440235
11.437298
11.434361
11.431423
11.428598
11.425795
11.422991
11.420188
11.417518
11.414847
11.412177
11.409507
11.406964
11.404428
11.401891
11.399354
11.396908
11.394505
11.392101
11.389698
11.387321
11.385051
11.382781
11.380511
11.378242
11.376035
11.373899
11.371762
11.369626
11.367490
11.365423
11.363420
11.361418
11.359415
11.357412
11.355453
11.353584
11.351715
11.349846
11.347977
11.346107
11.344358
11.342623
11.340887
11.339151
11.337416
11.335708
11.334105
11.332503
11.330901
11.329299
11.327697
11.326128
11.324659
11.323191
11.321722
11.320253
11.318785
11.317316
11.315980
11.314645
11.313310
11.311975
11.310639
11.309304
11.308022
11.306820
11.305618
11.304417
11.303215
11.302013
11.300812
11.299662
11.298594
11.297525
11.296457
11.295389
11.294321
11.293253
11.292185
11.291242
11.290307
11.289372
11.288438
11.287503
11.286569
11.285634
11.284699
11.283891
11.283090
11.282289
11.281487
11.280686
11.279885
11.279084
11.278283
11.277528
11.276860
11.276193
11.275525
11.274858
11.274190
11.273522
11.272855
11.272187
11.271528
11.270994
11.270460
11.269926
11.269392
11.268858
11.268324
11.267790
11.267256
11.266722
11.266188
11.265784
11.265384
11.264983
11.264583
11.264182
11.263782
11.263381
11.262980
11.262580
11.262179
11.261779
11.261509
11.261242
11.260975
11.260708
11.260441
11.260174
11.259907
11.259640
11.259373
11.259106
11.258839
11.258572
11.258410
11.258276
11.258142
11.258009
11.257875
11.257742
11.257608
11.257475
11.257341
11.257208
11.257074
11.256941
11.256807
11.256679
11.256674
11.256674
11.256674
11.256674
11.256674
11.256674
11.256674
11.256674
11.256674
11.256674
11.256674
11.256674
11.256674
11.256674
11.256674
11.256730
11.256857
11.256989
11.257123
11.257257
11.257390
11.257524
11.257657
11.257791
11.257924
11.258058
11.258191
11.258325
11.258458
11.258592
11.258725
11.258859
11.259022
11.259274
11.259533
11.259798
11.260065
11.260332
11.260599
11.260866
11.261133
11.261400
11.261667
11.261934
11.262201
11.262468
11.262735
11.263002
11.263269
11.263536
11.263803
11.264071
11.264432
11.264812
11.265198
11.265590
11.265987
11.266387
11.266788
11.267188
11.267589
11.267989
11.268390
11.268790
11.269191
11.269591
11.269992
11.270392
11.270793
11.271194
11.271594
11.271995
11.272395
11.272796
11.273196
11.273597
11.274040
11.274534
11.275031
11.275530
11.276034
11.276541
11.277050
11.277563
11.278078
11.278597
11.279119
11.279641
11.280167
11.280695
11.281225
11.281757
11.282290
11.282825
11.283359
11.283893
11.284427
11.284961
11.285495
11.286029
11.286563
11.287097
11.287631
11.288165
11.288699
11.289233
11.289767
11.290301
11.290835
11.291369
11.291903
11.292438
11.292972
11.293506
11.294040
11.294574
11.295108
11.295642
11.296176
11.296710
11.297244
11.297778
11.298312
11.298846
11.299380
11.299914
11.300448
11.300982
11.301517
11.302051
11.302585
11.303119
11.303653
11.304187
11.304721
11.305255
11.305765
11.306259
11.306748
11.307237
11.307721
11.308201
11.308677
11.309151
11.309620
11.310086
11.310549
11.311007
11.311461
11.311912
11.312360
11.312802
11.313241
11.313677
11.314107
11.314534
11.314958
11.315376
11.315791
11.316202
11.316608
11.317011
11.317411
11.317812
11.318213
11.318613
11.319014
11.319414
11.319815
11.320215
11.320616
11.321016
11.321417
11.321817
11.322218
11.322618
11.323019
11.323420
11.323820
11.324221
11.324621
11.325022
11.325422
11.325823
11.326223
11.326564
11.326866
11.327166
11.327462
11.327754
11.328041
11.328326
11.328607
11.328884
11.329157
11.329427
11.329695
11.329962
11.330229
11.330496
11.330763
11.331030
11.331297
11.331564
11.331831
11.332098
11.332365
11.332632
11.332899
11.333166
11.333433
11.333700
11.333967
11.334234
11.334501
11.334768
11.335035
11.335302
11.335569
11.335836
11.336103
11.336370
11.336637
11.336867
11.337054
11.337237
11.337418
11.337598
11.337773
11.337948
11.338120
11.338289
11.338456
11.338622
11.338784
11.338946
11.339106
11.339263
11.339417
11.339569
11.339722
11.339869
11.340017
11.340163
11.340306
11.340447
11.340589
11.340727
11.340863
11.340998
11.341132
11.341266
11.341399
11.341533
11.341666
11.341800
11.341933
11.342067
11.342200
11.342334
11.342467
11.342601
11.342734
11.342868
11.343001
11.343135
11.343268
11.343402
11.343535
11.343669
11.343802
11.343936
11.344069
11.344203
11.344337
11.344470
11.344604
11.344737
11.344871
11.345004
11.345138
11.345271
11.345405
11.345538
11.345672
11.345805
11.345939
11.346072
11.346206
11.346339
11.346473
11.346606
11.346710
11.346792
11.346874
11.346953
11.347032
11.347111
11.347186
11.347263
11.347339
11.347412
11.347486
11.347558
11.347631
11.347701
11.347772
11.347840
11.347909
11.347977
11.348043
11.348110
11.348176
11.348240
11.348304
11.348367
11.348431
11.348492
11.348553
11.348613
11.348674
11.348732
11.348790
11.348848
11.348906
11.348962
11.349019
11.349074
11.349130
11.349184
11.349238
11.349292
11.349345
11.349397
11.349448
11.349500
11.349551
11.349601
11.349650
11.349700
11.349750
11.349797
11.349846
11.349894
11.349940
11.349988
11.350035
11.350080
11.350125
11.350171
11.350216
11.350261
11.350305
11.350348
11.350392
11.350435
11.350479
11.350521
11.350564
11.350605
11.350647
11.350688
11.350730
11.350770
11.350811
11.350852
11.350891
11.350931
11.350971
11.351010
11.351049
11.351088
11.351127
11.351165
11.351203
11.351240
