0.000000
0.000000
0.000000
0.000000
0.000000
0.000000
0.000000
0.000000
0.000000
0.000000
0.000000
0.000000
0.000000
0.000000
0.000000
0.000000
0.000000
0.000000
0.000000
0.000000
0.000000
0.000000
0.000000
0.000000
0.000000
0.000000
0.000000
0.000000
0.000000
0.000000
0.000000
0.000000
0.000000
0.000000
0.000000
0.000000
0.000000
0.000000
0.000000
0.000000
0.000000
0.000000
0.000000
0.000000
0.000000
0.000000
0.000000
0.000000
0.000000
0.000000
0.000000
0.000000
0.000000
0.000000
0.000000
0.000000
0.000000
0.000000
0.000000
0.000000
0.000000
0.000000
0.000000
0.000000
0.000000
0.000000
0.000000
0.000000
0.000000
0.000000
0.000000
0.000000
0.000000
0.000000
0.000000
0.000000
0.000000
0.000000
0.000000
0.000000
0.000000
0.000000
0.000000
0.000000
0.000000
0.000000
0.000000
0.000000
0.000000
0.000000
0.000000
0.000000
0.000000
0.000000
0.000000
0.000001
0.000001
0.000001
0.000001
0.000001
0.000001
0.000001
0.000001
0.000001
0.000001
0.000001
0.000001
0.000001
0.000001
0.000001
0.000001
0.000001
0.000001
0.000002
0.000002
0.000002
0.000002
0.000002
0.000002
0.000002
0.000002
0.000002
0.000002
0.000002
0.000003
0.000003
0.000003
0.000003
0.000003
0.000003
0.000003
0.000004
0.000004
0.000004
0.000004
0.000004
0.000004
0.000005
0.000005
0.000005
0.000005
0.000005
0.000006
0.000006
0.000006
0.000006
0.000007
0.000007
0.000007
0.000007
0.000008
0.000008
0.000008
0.000008
0.000009
0.000009
0.000009
0.000010
0.000010
0.000010
0.000011
0.000011
0.000011
0.000012
0.000012
0.000013
0.000013
0.000013
0.000014
0.000014
0.000015
0.000015
0.000015
0.000016
0.000016
0.000017
0.000017
0.000018
0.000018
0.000019
0.000019
0.000020
0.000020
0.000021
0.000021
0.000022
0.000022
0.000023
0.000023
0.000024
0.000024
0.000025
0.000026
0.000026
0.000027
0.000027
0.000028
0.000029
0.000029
0.000030
0.000031
0.000031
0.000032
0.000033
0.000033
0.000034
0.000035
0.000035
0.000036
0.000037
0.000038
0.000038
0.000039
0.000040
0.000041
0.000041
0.000042
0.000043
0.000044
0.000045
0.000046
0.000046
0.000047
0.000048
0.000049
0.000050
0.000051
0.000052
0.000053
0.000053
0.000054
0.000055
0.000056
0.000057
0.000058
0.000059
0.000060
0.000061
0.000062
0.000063
0.000064
0.000065
0.000066
0.000067
0.000068
0.000069
0.000070
0.000071
0.000072
0.000073
0.000075
0.000076
0.000077
0.000078
0.000079
0.000080
0.000081
0.000083
0.000084
0.000085
0.000086
0.000087
0.000088
0.000090
0.000091
0.000092
0.000093
0.000095
0.000096
0.000097
0.000098
0.000100
0.000101
0.000102
0.000104
0.000105
0.000106
0.000108
0.000109
0.000110
0.000112
0.000113
0.000115
0.000116
0.000117
0.000119
0.000120
0.000122
0.000123
0.000125
0.000126
0.000127
0.000129
0.000130
0.000132
0.000133
0.000135
0.000137
0.000138
0.000140
0.000141
0.000143
0.000144
0.000146
0.000147
0.000149
0.000151
0.000152
0.000154
0.000156
0.000157
0.000159
0.000161
0.000162
0.000164
0.000166
0.000167
0.000169
0.000171
0.000172
0.000174
0.000176
0.000178
0.000179
0.000181
0.000183
0.000185
0.000187
0.000188
0.000190
0.000192
0.000194
0.000196
0.000198
0.000199
0.000201
0.000203
0.000205
0.000207
0.000209
0.000211
0.000213
0.000215
0.000217
0.000219
0.000220
0.000222
0.000224
0.000226
0.000228
0.000230
0.000232
0.000234
0.000236
0.000238
0.000241
0.000243
0.000245
0.000247
0.000249
0.000251
0.000253
0.000255
0.000257
0.000259
0.000261
0.000264
0.000266
0.000268
0.000270
0.000272
0.000274
0.000277
0.000279
0.000281
0.000283
0.000285
0.000288
0.000290
0.000292
0.000294
0.000297
0.000299
0.000301
0.000303
0.000306
0.000308
0.000310
0.000313
0.000315
0.000317
0.000320
0.000322
0.000324
0.000327
0.000329
0.000331
0.000334
0.000336
0.000339
0.000341
0.000343
0.000346
0.000348
0.000351
0.000353
0.000356
0.000358
0.000361
0.000363
0.000366
0.000368
0.000371
0.000373
0.000376
0.000378
0.000381
0.000383
0.000386
0.000389
0.000391
0.000394
0.000396
0.000399
0.000402
0.000404
0.000407
0.000409
0.000412
0.000415
0.000417
0.000420
0.000423
0.000426
0.000428
0.000431
0.000434
0.000436
0.000439
0.000442
0.000445
0.000448
0.000450
0.000453
0.000456
0.000459
0.000462
0.000464
0.000467
0.000470
0.000473
0.000476
0.000479
0.000482
0.000484
0.000487
0.000490
0.000493
0.000496
0.000499
0.000502
0.000505
0.000508
0.000511
0.000514
0.000517
0.000520
0.000523
0.000526
0.000529
0.000532
0.000535
0.000538
0.000541
0.000544
0.000547
0.000550
0.000553
0.000556
0.000559
0.000563
0.000566
0.000569
0.000572
0.000575
0.000578
0.000581
0.000584
0.000588
0.000591
0.000594
0.000597
0.000600
0.000604
0.000607
0.000610
0.000613
0.000617
0.000620
0.000623
0.000626
0.000630
0.000633
0.000636
0.000640
0.000643
0.000647
0.000650
0.000653
0.000657
0.000660
0.000664
0.000667
0.000671
0.000675
0.000678
0.000682
0.000685
0.000689
0.000693
0.000696
0.000700
0.000704
0.000708
0.000711
0.000715
0.000719
0.000723
0.000727
0.000731
0.000735
0.000739
0.000743
0.000747
0.000752
0.000756
0.000760
0.000765
0.000769
0.000773
0.000778
0.000782
0.000787
0.000792
0.000796
0.000801
0.000806
0.000811
0.000816
0.000821
0.000826
0.000831
0.000836
0.000841
0.000847
0.000852
0.000858
0.000863
0.000869
0.000875
0.000880
0.000886
0.000892
0.000898
0.000904
0.000911
0.000917
0.000923
0.000930
0.000936
0.000943
0.000950
0.000957
0.000964
0.000971
0.000978
0.000985
0.000993
0.001000
0.001008
0.001015
0.001023
0.001031
0.001039
0.001047
0.001055
0.001063
0.001071
0.001079
0.001088
0.001096
0.001105
0.001114
0.001122
0.001131
0.001140
0.001149
0.001158
0.001168
0.001177
0.001186
0.001196
0.001205
0.001215
0.001225
0.001235
0.001245
0.001255
0.001265
0.001275
0.001285
0.001295
0.001306
0.001316
0.001327
0.001338
0.001349
0.001359
0.001370
0.001381
0.001393
0.001404
0.001415
0.001426
0.001438
0.001450
0.001461
0.001473
0.001485
0.001497
0.001509
0.001521
0.001533
0.001545
0.001558
0.001570
0.001583
0.001595
0.001608
0.001621
0.001634
0.001647
0.001660
0.001673
0.001687
0.001700
0.001714
0.001727
0.001741
0.001755
0.001769
0.001783
0.001797
0.001811
0.001826
0.001840
0.001855
0.001870
0.001885
0.001900
0.001915
0.001930
0.001945
0.001961
0.001976
0.001992
0.002008
0.002024
0.002040
0.002056
0.002072
0.002089
0.002105
0.002122
0.002139
0.002156
0.002173
0.002190
0.002208
0.002225
0.002243
0.002261
0.002279
0.002297
0.002315
0.002334
0.002352
0.002371
0.002390
0.002409
0.002428
0.002448
0.002467
0.002487
0.002507
0.002527
0.002547
0.002567
0.002588
0.002608
0.002629
0.002650
0.002671
0.002693
0.002714
0.002736
0.002758
0.002780
0.002802
0.002824
0.002847
0.002870
0.002893
0.002916
0.002939
0.002963
0.002986
0.003010
0.003034
0.003058
0.003083
0.003108
0.003132
0.003157
0.003183
0.003208
0.003233
0.003259
0.003285
0.003311
0.003338
0.003364
0.003391
0.003418
0.003445
0.003473
0.003500
0.003528
0.003556
0.003584
0.003613
0.003641
0.003670
0.003699
0.003729
0.003758
0.003788
0.003818
0.003848
0.003879
0.003909
0.003940
0.003971
0.004003
0.004034
0.004066
0.004098
0.004130
0.004163
0.004196
0.004229
0.004262
0.004295
0.004329
0.004363
0.004397
0.004432
0.004467
0.004502
0.004537
0.004573
0.004609
0.004645
0.004681
0.004718
0.004755
0.004792
0.004830
0.004868
0.004906
0.004944
0.004983
0.005022
0.005061
0.005101
0.005140
0.005181
0.005221
0.005262
0.005303
0.005345
0.005386
0.005428
0.005471
0.005514
0.005557
0.005600
0.005644
0.005688
0.005732
0.005777
0.005822
0.005868
0.005914
0.005960
0.006007
0.006054
0.006101
0.006149
0.006197
0.006246
0.006295
0.006344
0.006394
0.006444
0.006494
0.006545
0.006597
0.006648
0.006701
0.006753
0.006806
0.006860
0.006914
0.006968
0.007023
0.007078
0.007134
0.007190
0.007247
0.007304
0.007361
0.007419
0.007478
0.007537
0.007597
0.007656
0.007717
0.007778
0.007839
0.007901
0.007964
0.008027
0.008090
0.008155
0.008219
0.008284
0.008350
0.008416
0.008483
0.008550
0.008618
0.008686
0.008755
0.008825
0.008895
0.008965
0.009037
0.009108
0.009181
0.009254
0.009327
0.009402
0.009476
0.009552
0.009628
0.009705
0.009782
0.009860
0.009939
0.010018
0.010098
0.010178
0.010260
0.010342
0.010424
0.010508
0.010592
0.010676
0.010762
0.010848
0.010935
0.011022
0.011111
0.011200
0.011290
0.011380
0.011472
0.011564
0.011657
0.011751
0.011845
0.011941
0.012037
0.012134
0.012232
0.012330
0.012430
0.012530
0.012631
0.012733
0.012836
0.012940
0.013044
0.013150
0.013256
0.013364
0.013472
0.013581
0.013691
0.013802
0.013914
0.014027
0.014140
0.014255
0.014371
0.014487
0.014605
0.014724
0.014843
0.014964
0.015085
0.015208
0.015332
0.015456
0.015582
0.015708
0.015836
0.015965
0.016094
0.016225
0.016357
0.016490
0.016623
0.016758
0.016894
0.017031
0.017170
0.017309
0.017449
0.017590
0.017733
0.017876
0.018021
0.018167
0.018313
0.018461
0.018610
0.018760
0.018912
0.019064
0.019217
0.019372
0.019527
0.019684
0.019842
0.020001
0.020161
0.020323
0.020485
0.020649
0.020813
0.020979
0.021146
0.021314
0.021483
0.021654
0.021825
0.021998
0.022172
0.022347
0.022523
0.022700
0.022878
0.023058
0.023239
0.023420
0.023603
0.023788
0.023973
0.024159
0.024347
0.024536
0.024725
0.024917
0.025109
0.025302
0.025497
0.025692
0.025889
0.026087
0.026286
0.026487
0.026688
0.026891
0.027094
0.027299
0.027505
0.027713
0.027921
