0.108042
0.210688
0.307510
0.398857
0.485055
0.566412
0.643215
0.715732
0.784216
0.848904
0.910019
0.967769
1.022349
1.073944
1.122725
1.168855
1.212485
1.253759
1.292809
1.329761
1.364735
1.397841
1.429184
1.458861
1.486964
1.513580
1.538791
1.562673
1.585298
1.606732
1.627042
1.646285
1.664519
1.681795
1.698166
1.713677
1.728372
1.742295
1.755485
1.767979
1.779813
1.791020
1.801632
1.811680
1.821192
1.830195
1.838716
1.846778
1.854405
1.861619
1.868442
1.874893
1.880992
1.886756
1.892204
1.897352
1.902215
1.906809
1.911147
1.915243
1.919111
1.922762
1.926207
1.929459
1.932527
1.935421
1.938151
1.940725
1.943153
1.945442
1.947599
1.949632
1.951547
1.953351
1.955050
1.956650
1.958156
1.959572
1.960905
1.962157
1.963335
1.964441
1.965479
1.966454
1.967367
1.968223
1.969025
1.969775
1.970476
1.971130
1.971741
1.972310
1.972840
1.973331
1.973787
1.974210
1.974600
1.974960
1.975290
1.975595
1.975872
1.976126
1.976355
1.976563
1.976751
1.976918
1.977066
1.977196
1.977310
1.977408
1.977491
1.977559
1.977613
1.977656
1.977690
1.977706
1.977716
1.977716
1.977704
1.977687
1.977657
1.977624
1.977580
1.977530
1.977476
1.977409
1.977342
1.977260
1.977176
1.977082
1.976981
1.976875
1.976758
1.976641
1.976508
1.976375
1.976234
1.976084
1.975934
1.975774
1.975607
1.975440
1.975268
1.975085
1.974901
1.974718
1.974534
1.974337
1.974137
1.973936
1.973736
1.973536
1.973336
1.973135
1.972935
1.972735
1.972534
1.972334
1.972134
1.971934
1.971733
1.971533
1.971333
1.971133
1.970932
1.970732
1.970534
1.970350
1.970167
1.969983
1.969799
1.969616
1.969432
1.969249
1.969069
1.968902
1.968735
1.968568
1.968401
1.968234
1.968067
1.967900
1.967746
1.967596
1.967446
1.967296
1.967146
1.966995
1.966845
1.966695
1.966554
1.966420
1.966287
1.966153
1.966020
1.965886
1.965753
1.965619
1.965486
1.965352
1.965228
1.965111
1.964994
1.964877
1.964761
1.964644
1.964527
1.964410
1.964293
1.964177
1.964060
1.963943
1.963826
1.963709
1.963608
1.963508
1.963408
1.963307
1.963207
1.963107
1.963007
1.962907
1.962807
1.962707
1.962606
1.962506
1.962406
1.962306
1.962206
1.962106
1.962006
1.961905
1.961805
1.961705
1.961605
1.961507
1.961423
1.961340
1.961257
1.961173
1.961090
1.961006
1.960923
1.960839
1.960756
1.960672
1.960589
1.960505
1.960422
1.960339
1.960255
1.960172
1.960088
1.960005
1.959921
1.959838
1.959754
1.959671
1.959588
1.959504
1.959421
1.959337
1.959254
1.959170
1.959087
1.959003
1.958920
1.958837
1.958753
1.958670
1.958586
1.958503
1.958419
1.958336
1.958252
1.958169
1.958086
1.958002
1.957919
1.957835
1.957752
1.957668
1.957585
1.957501
1.957418
1.957335
1.957255
1.957177
1.957098
1.957019
1.956939
1.956859
1.956778
1.956697
1.956614
1.956532
1.956449
1.956365
1.956282
1.956198
1.956115
1.956032
1.955948
1.955865
1.955781
1.955698
1.955614
1.955531
1.955447
1.955364
1.955281
1.955197
1.955114
1.955030
1.954947
1.954863
1.954780
1.954696
1.954613
1.954530
1.954446
1.954363
1.954279
1.954196
1.954112
1.954029
1.953960
1.953894
1.953827
1.953760
1.953693
1.953627
1.953560
1.953493
1.953426
1.953360
1.953293
1.953226
1.953168
1.953118
1.953068
1.953018
1.952968
1.952918
1.952868
1.952816
1.952750
1.952683
1.952616
1.952549
1.952478
1.952395
1.952311
1.952228
1.952145
1.952061
1.951978
1.951892
1.951792
1.951697
1.951606
1.951520
1.951437
1.951353
1.951270
1.951186
1.951103
1.951019
1.950936
1.950853
1.950769
1.950686
1.950602
1.950519
1.950435
1.950352
1.950268
1.950185
1.950101
1.950018
1.949935
1.949860
1.949793
1.949727
1.949660
1.949593
1.949524
1.949455
1.949384
1.949312
1.949239
1.949165
1.949090
1.949013
1.948935
1.948856
1.948775
1.948693
1.948610
1.948527
1.948443
1.948360
1.948276
1.948193
1.948109
1.948026
1.947942
1.947859
1.947775
1.947692
1.947609
1.947525
1.947442
1.947358
1.947275
1.947191
1.947108
1.947015
1.946914
1.946814
1.946714
1.946614
1.946514
1.946420
1.946328
1.946238
1.946151
1.946066
1.945983
1.945899
1.945816
1.945732
1.945649
1.945565
1.945482
1.945399
1.945315
1.945232
1.945148
1.945065
1.944981
1.944898
1.944814
1.944731
1.944648
1.944564
1.944481
1.944397
1.944314
1.944230
1.944147
1.944063
1.943980
1.943897
1.943813
1.943730
1.943646
1.943573
1.943506
1.943439
1.943372
1.943305
1.943239
1.943172
1.943105
1.943038
1.942972
1.942905
1.942838
1.942771
1.942705
1.942638
1.942571
1.942504
1.942438
1.942371
1.942304
1.942237
1.942171
1.942104
1.942037
1.941970
1.941904
1.941837
1.941770
1.941703
1.941637
1.941570
1.941503
1.941436
1.941370
1.941303
1.941236
1.941169
1.941103
1.941036
1.940969
1.940918
1.940868
1.940818
1.940768
1.940718
1.940668
1.940618
1.940568
1.940518
1.940468
1.940418
1.940381
1.940348
1.940315
1.940281
1.940248
1.940199
1.940149
1.940099
1.940049
1.939999
1.939934
1.939867
1.939801
1.939734
1.939667
1.939600
1.939523
1.939442
1.939370
1.939303
1.939236
1.939169
1.939103
1.939036
1.938969
1.938902
1.938836
1.938769
1.938702
1.938635
1.938569
1.938502
1.938435
1.938379
1.938329
1.938279
1.938228
1.938178
1.938128
1.938078
1.938028
1.937978
1.937928
1.937878
1.937828
1.937778
1.937728
1.937678
1.937639
1.937606
1.937572
1.937539
1.937506
1.937472
1.937439
1.937406
1.937372
1.937339
1.937305
1.937272
1.937233
1.937193
1.937151
1.937108
1.937064
1.937018
1.936972
1.936924
1.936874
1.936824
1.936774
1.936724
1.936674
1.936624
1.936574
1.936524
1.936474
1.936424
1.936374
1.936324
1.936273
1.936223
1.936173
1.936123
1.936073
1.936023
1.935967
1.935900
1.935833
1.935767
1.935700
1.935633
1.935566
1.935487
1.935404
1.935320
1.935237
1.935154
1.935068
1.934968
1.934868
1.934768
1.934668
1.934567
1.934467
1.934367
1.934267
1.934167
1.934059
1.933947
1.933839
1.933735
1.933634
1.933534
1.933434
1.933334
1.933234
1.933134
1.933033
1.932933
1.932833
1.932733
1.932633
1.932533
1.932433
1.932333
1.932247
1.932164
1.932081
1.931997
1.931914
1.931830
1.931747
1.931676
1.931609
1.931543
1.931476
1.931409
1.931342
1.931276
1.931209
1.931142
1.931075
1.931009
1.930942
1.930875
1.930808
1.930742
1.930675
1.930608
1.930534
1.930451
1.930367
1.930284
1.930200
1.930117
1.930034
1.929950
1.929867
1.929783
1.929700
1.929616
1.929533
1.929460
1.929394
1.929327
1.929260
1.929193
1.929127
1.929064
1.929014
1.928964
1.928913
1.928863
1.928813
1.928763
1.928713
1.928663
1.928613
1.928563
1.928529
1.928496
1.928462
1.928429
1.928396
1.928362
1.928329
1.928295
1.928262
1.928229
1.928195
1.928162
1.928128
1.928095
1.928062
1.928028
1.927989
1.927939
1.927889
1.927839
1.927789
1.927739
1.927689
1.927639
1.927588
1.927537
1.927470
1.927403
1.927337
1.927270
1.927203
1.927136
1.927070
1.927003
1.926936
1.926869
1.926803
1.926736
1.926669
1.926602
1.926535
1.926469
1.926402
1.926335
1.926271
1.926221
1.926171
1.926121
1.926071
1.926021
1.925971
1.925921
1.925871
1.925821
1.925771
1.925721
1.925671
1.925621
1.925570
1.925520
1.925470
1.925420
1.925370
1.925320
1.925270
1.925220
1.925170
1.925120
1.925070
1.925020
1.924970
1.924920
1.924870
1.924819
1.924769
1.924719
1.924652
1.924585
1.924518
1.924452
1.924385
1.924318
1.924251
1.924185
1.924118
1.924051
1.923984
1.923909
1.923828
1.923748
1.923669
1.923591
1.923508
1.923425
1.923342
1.923258
1.923175
1.923091
1.923008
1.922924
1.922850
1.922778
1.922708
1.922641
1.922575
1.922508
1.922441
1.922374
1.922307
1.922241
1.922174
1.922107
1.922040
1.921974
1.921907
1.921840
1.921776
1.921726
1.921676
1.921626
1.921576
1.921526
1.921476
1.921432
1.921398
1.921365
1.921331
1.921298
1.921265
1.921231
1.921198
1.921165
1.921127
1.921077
1.921027
1.920977
1.920927
1.920877
1.920817
1.920750
1.920683
1.920616
1.920550
1.920483
1.920416
1.920349
1.920283
1.920210
1.920126
1.920043
1.919959
1.919876
1.919792
1.919709
1.919626
1.919542
1.919459
1.919375
1.919292
1.919208
1.919114
1.919014
1.918913
1.918813
1.918713
1.918613
1.918513
1.918413
1.918313
1.918212
1.918112
1.918012
1.917912
1.917812
1.917712
1.917612
1.917511
1.917404
1.917296
1.917188
1.917078
1.916963
1.916847
1.916730
1.916613
1.916507
1.916407
1.916306
1.916206
1.916106
1.915999
1.915882
1.915766
1.915649
1.915532
1.915415
1.915298
1.915181
1.915065
1.914948
1.914831
1.914714
1.914597
1.914480
1.914364
1.914247
1.914130
1.914013
1.913904
1.913804
1.913704
1.913604
1.913504
1.913404
1.913303
1.913203
1.913103
1.913003
1.912907
1.912824
1.912740
1.912657
1.912573
1.912490
1.912407
1.912323
1.912253
1.912187
1.912120
1.912053
1.911986
1.911920
1.911853
1.911786
1.911719
1.911653
1.911586
1.911519
1.911468
1.911418
1.911368
1.911317
1.911268
1.911234
1.911201
1.911167
1.911145
1.911128
1.911111
1.911109
1.911109
1.911109
1.911109
1.911092
1.911076
1.911059
1.911027
1.910993
1.910960
1.910927
1.910893
1.910860
1.910826
1.910793
1.910760
1.910726
1.910693
1.910660
1.910626
1.910593
1.910559
1.910526
1.910509
1.910493
1.910476
1.910459
1.910442
1.910426
1.910409
1.910392
1.910376
1.910359
1.910342
1.910338
1.910338
1.910338
1.910338
1.910338
1.910338
1.910338
1.910353
1.910369
1.910386
1.910413
1.910447
1.910480
1.910514
1.910547
1.910565
1.910582
1.910599
1.910616
1.910632
1.910649
1.910666
1.910682
1.910699
1.910716
1.910732
1.910749
1.910766
1.910782
