0.069404
0.139113
0.208627
0.277946
0.347072
0.416004
0.484744
0.553291
0.621647
0.689811
0.757785
0.825569
0.893164
0.960569
1.027786
1.094815
1.161656
1.228311
1.294779
1.361061
1.427158
1.493071
1.558799
1.624343
1.689704
1.754882
1.819878
1.884692
1.949325
2.013777
2.078049
2.142141
2.206054
2.269789
2.333345
2.396723
2.459924
2.522949
2.585797
2.648470
2.710967
2.773290
2.835438
2.897413
2.959214
3.020843
3.082299
3.143584
3.204697
3.265639
3.326410
3.387012
3.447444
3.507708
3.567802
3.627729
3.687489
3.747082
3.806507
3.865767
3.924860
3.983788
4.042552
4.101154
4.159587
4.217860
4.275969
4.333915
4.391701
4.449322
4.506786
4.564085
4.621227
4.678209
4.735030
4.791695
4.848197
4.904544
4.960736
5.016765
5.072640
5.128362
5.183922
5.239330
5.294586
5.349682
5.404626
5.459419
5.514055
5.568539
5.622872
5.677055
5.731081
5.784959
5.838688
5.892267
5.945692
5.998970
6.052099
6.105082
6.157912
6.210595
6.263133
6.315524
6.367770
6.419866
6.471817
6.523623
6.575285
6.626804
6.678180
6.729408
6.780493
6.831437
6.882238
6.932898
6.983417
7.033795
7.084031
7.134124
7.184078
7.233893
7.283568
7.333106
7.382504
7.431765
7.480887
7.529873
7.578722
7.627434
7.676010
7.724451
7.772756
7.820925
7.868960
7.916860
7.964627
8.012246
8.059746
8.107113
8.154347
8.201450
8.248422
8.295261
8.341970
8.388549
8.434998
8.481317
8.527507
8.573568
8.619497
8.665297
8.710968
8.756512
8.801929
8.847219
8.892382
8.937419
8.982330
9.027117
9.071778
9.116316
9.160729
9.205020
9.249187
9.293233
9.337155
9.380948
9.424616
9.468163
9.511588
9.554893
9.598079
9.641145
9.684092
9.726920
9.769630
9.812222
9.854681
9.897023
9.939249
9.981359
10.023353
10.065231
10.106996
10.148645
10.190168
10.231571
10.272861
10.314037
10.355103
10.396055
10.436897
10.477619
10.518217
10.558704
10.599082
10.639351
10.679511
10.719563
10.759484
10.799295
10.839000
10.878597
10.918089
10.957475
10.996728
11.035875
11.074919
11.113858
11.152695
11.191414
11.230015
11.268514
11.306911
11.345206
11.383391
11.421453
11.459416
11.497280
11.535045
11.572696
11.610229
11.647666
11.685005
11.722248
11.759365
11.796379
11.833299
11.870124
11.906840
11.943439
11.979943
12.016356
12.052671
12.088859
12.124955
12.160961
12.196877
12.232659
12.268353
12.303958
12.339473
12.374856
12.410152
12.445363
12.480477
12.515469
12.550374
12.585196
12.619909
12.654513
12.689034
12.723474
12.757787
12.792011
12.826155
12.860201
12.894131
12.927981
12.961754
12.995399
13.028960
13.062444
13.095822
13.129096
13.162294
13.195406
13.228396
13.261312
13.294155
13.326866
13.359503
13.392068
13.424512
13.456873
13.489164
13.521341
13.553430
13.585449
13.617359
13.649179
13.680931
13.712574
13.744127
13.775616
13.806992
13.838282
13.869509
13.900618
13.931649
13.962619
13.993461
14.024237
14.054945
14.085527
14.116051
14.146492
14.176825
14.207100
14.237274
14.267360
14.297390
14.327297
14.357141
14.386914
14.416571
14.446175
14.475681
14.505100
14.534470
14.563709
14.592896
14.622002
14.651006
14.679963
14.708802
14.737579
14.766285
14.794884
14.823438
14.851876
14.880254
14.908559
14.936761
14.964922
14.992960
15.020947
15.048852
15.076667
15.104438
15.132082
15.159689
15.187193
15.214631
15.242002
15.269272
15.296509
15.323612
15.350683
15.377653
15.404560
15.431396
15.458139
15.484842
15.511423
15.537977
15.564413
15.590807
15.617109
15.643345
15.669514
15.695592
15.721627
15.747549
15.773450
15.799218
15.824965
15.850600
15.876196
15.901697
15.927141
15.952509
15.977804
16.003023
16.028124
16.053225
16.078325
16.103210
16.128044
16.152878
16.177711
16.202288
16.226854
16.251421
16.275965
16.300264
16.324564
16.348864
16.373121
16.397154
16.421186
16.445219
16.469200
16.492966
16.516731
16.540497
16.564215
16.587713
16.611212
16.634710
16.658176
16.681408
16.704639
16.727871
16.751099
16.774063
16.797028
16.819992
16.842957
16.865692
16.888390
16.911087
16.933784
16.956306
16.978737
17.001167
17.023598
17.045919
17.068083
17.090246
17.112410
17.134544
17.156441
17.178337
17.200233
17.222130
17.243826
17.265455
17.287085
17.308714
17.330252
17.351614
17.372976
17.394339
17.415701
17.436829
17.457924
17.479019
17.500114
17.521114
17.541943
17.562771
17.583599
17.604427
17.625048
17.645609
17.666170
17.686731
17.707256
17.727551
17.747845
17.768139
17.788433
17.808611
17.828638
17.848665
17.868692
17.888720
17.908566
17.928326
17.948086
17.967846
17.987606
18.007139
18.026632
18.046125
18.065619
18.085112
18.104349
18.123575
18.142801
18.162027
18.181253
18.200212
18.219172
18.238131
18.257090
18.276049
18.294750
18.313442
18.332134
18.350826
18.369518
18.387980
18.406404
18.424829
18.443254
18.461679
18.479919
18.498077
18.516235
18.534393
18.552551
18.570593
18.588484
18.606375
18.624266
18.642157
18.660019
18.677643
18.695267
18.712891
18.730515
18.748138
18.765577
18.782934
18.800291
18.817648
18.835005
18.852308
18.869398
18.886488
18.903578
18.920668
18.937757
18.954681
18.971504
18.987225
18.998978
19.006641
19.010250
19.009842
19.005461
18.997152
18.984968
18.968967
18.949209
18.925764
18.898691
18.868069
18.833963
18.796455
18.755623
18.711546
18.664305
18.613987
18.560678
18.504471
18.445444
18.383688
18.319298
18.252363
18.182974
18.111227
18.037210
17.961018
17.882744
17.802483
17.720325
17.636370
17.550701
17.463423
17.374624
17.284401
17.192841
17.100040
17.006088
16.911085
16.815107
16.718262
16.620626
16.522308
16.423386
16.323929
16.224058
16.123838
16.023394
15.922729
15.822059
15.721389
15.620758
15.520292
15.420079
15.320197
15.220717
15.121719
15.023285
14.925478
14.828374
14.732047
14.636565
14.541991
14.448393
14.355832
14.264370
14.174067
14.084974
13.997149
13.910643
13.825500
13.741772
13.659494
13.578712
13.499461
13.421776
13.345688
13.271224
13.198412
13.127270
13.057825
12.990084
12.924062
12.859770
12.797214
12.736397
12.677321
12.619983
12.564376
12.510494
12.458324
12.407853
12.359067
12.311943
12.266463
12.222603
12.180339
12.139640
12.100480
12.062828
12.026651
11.991919
11.958588
11.926628
11.896001
11.866671
11.838597
11.811741
11.786063
11.761524
11.738084
11.715706
11.694344
11.673964
11.654526
11.635987
11.618320
11.601478
11.585426
11.570132
11.555556
11.541670
11.528440
11.515829
11.503810
11.492350
11.481422
11.470998
11.461052
11.451605
11.442939
11.435040
11.427840
11.421277
11.415286
11.409815
11.404816
11.400246
11.396067
11.392234
11.388731
11.385515
11.382562
11.379843
11.377358
11.375052
11.372949
11.371002
11.369204
11.367542
11.366006
11.364578
11.363243
11.362041
11.360906
11.359838
11.358873
11.357939
11.357107
11.356306
11.355554
11.354886
11.354218
11.353602
11.353068
11.352534
11.352000
11.351540
11.351139
11.350739
11.350338
11.349937
11.349576
11.349309
11.349042
11.348775
11.348508
11.348241
11.347974
11.347707
11.347494
11.347361
11.347227
11.347094
11.346960
11.346827
11.346693
11.346560
11.346426
11.346292
11.346159
11.346025
11.345892
11.345758
11.345690
11.345678
11.345668
11.345663
11.345661
11.345661
11.345661
11.345661
11.345661
11.345661
11.345661
11.345661
11.345661
11.345661
11.345661
11.345661
11.345661
11.345661
11.345661
11.345661
11.345661
11.345661
11.345661
11.345661
11.345661
11.345661
11.345661
11.345661
11.345661
11.345661
11.345661
11.345661
11.345661
11.345661
11.345661
11.345661
11.345661
11.345661
11.345661
11.345691
11.345745
11.345798
11.345852
11.345905
11.345960
11.346015
11.346070
11.346125
11.346181
11.346236
11.346292
11.346349
11.346404
11.346460
11.346517
11.346574
11.346629
11.346685
11.346743
11.346798
11.346854
11.346911
11.346968
11.347023
11.347080
11.347136
11.347192
11.347247
11.347303
11.347358
11.347413
11.347468
11.347524
11.347578
11.347632
11.347687
11.347740
11.347795
11.347848
11.347901
11.347954
11.348007
11.348061
11.348113
11.348165
11.348217
11.348268
11.348320
11.348372
11.348422
11.348473
11.348523
11.348574
11.348623
11.348673
11.348723
11.348772
11.348821
11.348868
11.348919
11.348967
11.349014
11.349062
11.349110
11.349156
11.349204
11.349250
11.349298
11.349343
11.349388
11.349435
11.349480
11.349525
11.349570
11.349616
11.349658
11.349703
11.349748
11.349791
11.349833
11.349876
11.349919
11.349962
11.350004
11.350046
11.350087
11.350129
11.350170
11.350210
11.350251
11.350292
11.350331
11.350372
11.350411
11.350451
11.350490
11.350529
11.350567
11.350605
11.350644
11.350682
11.350718
11.350757
11.350793
11.350830
11.350867
11.350904
11.350941
11.350976
11.351011
11.351048
11.351083
11.351117
11.351153
11.351188
11.351222
11.351257
11.351291
11.351325
11.351358
11.351393
11.351426
11.351459
11.351492
11.351524
11.351558
11.351589
11.351622
11.351652
11.351686
11.351716
11.351748
11.351777
11.351810
11.351839
11.351870
11.351900
11.351930
11.351959
11.351990
11.352018
11.352048
11.352077
11.352106
11.352135
11.352163
11.352191
11.352219
11.352246
11.352274
11.352301
11.352328
11.352355
11.352382
11.352408
11.352436
11.352462
11.352488
11.352513
11.352538
11.352565
11.352590
11.352615
11.352640
11.352666
11.352690
11.352714
11.352738
11.352763
11.352787
11.352811
11.352835
11.352858
11.352881
11.352904
11.352928
11.352951
11.352972
11.352996
11.353018
11.353041
11.353063
11.353085
11.353106
11.353128
11.353150
11.353170
11.353191
11.353213
11.353233
11.353253
11.353273
11.353294
11.353314
11.353333
11.353354
11.353374
11.353393
11.353412
11.353430
11.353448
11.353467
11.353485
11.353504
11.353522
11.353539
11.353557
11.353575
11.353592
11.353608
11.353625
11.353642
11.353658
11.353675
11.353691
11.353706
11.353722
11.353738
11.353753
11.353768
11.353783
11.353798
11.353813
11.353827
11.353842
11.353855
11.353870
11.353884
11.353897
11.353910
11.353925
11.353937
11.353951
11.353965
11.353978
11.353991
11.354004
11.354016
11.354029
11.354041
11.354053
11.354067
11.354079
11.354091
11.354103
11.354115
11.354126
11.354139
11.354151
11.354163
11.354174
11.354185
11.354198
11.354208
11.354220
11.354232
