0.000000
0.000000
0.000000
0.000000
0.000000
0.000000
0.000000
0.000000
0.000000
0.000000
0.000000
0.000000
0.000000
0.000000
0.000000
0.000000
0.000000
0.000000
0.000000
0.000000
0.000000
0.000000
0.000000
0.000000
0.000000
0.000000
0.000000
0.000000
0.000000
0.000000
0.000000
0.000000
0.000000
0.000000
0.000000
0.000000
0.000000
0.000000
0.000000
0.000000
0.000000
0.000000
0.000000
0.000000
0.000000
0.000000
0.000000
0.000000
0.000000
0.000000
0.000000
0.000000
0.000000
0.000000
0.000000
0.000000
0.000000
0.000000
0.000000
0.000000
0.000000
0.000000
0.000000
0.000000
0.000000
0.000000
0.000000
0.000000
0.000000
0.000000
0.000000
0.000000
0.000000
0.000000
0.000000
0.000000
0.000000
0.000000
0.000000
0.000000
0.000000
0.000000
0.000000
0.000000
0.000000
0.000000
0.000000
0.000000
0.000000
0.000000
0.000000
0.000000
0.000000
0.000000
0.000000
0.000000
0.000000
0.000000
0.000000
0.000000
0.000000
0.000000
0.000000
0.000000
0.000000
0.000000
0.000000
0.000000
0.000000
0.000000
0.000000
0.000000
0.000000
0.000000
0.000000
0.000000
0.000000
0.000000
0.000000
0.000000
0.000000
0.000000
0.000000
0.000000
0.000000
0.000000
0.000000
0.000000
0.000000
0.000000
0.000000
0.000000
0.000000
0.000000
0.000000
0.000000
0.000000
0.000000
0.000000
0.000000
0.000000
0.000000
0.000000
0.000000
0.000000
0.000000
0.000000
0.000000
0.000000
0.000000
0.000000
0.000000
0.000000
0.000000
0.000000
0.000000
0.000000
0.000000
0.000000
0.000000
0.000000
0.000000
0.000000
0.000000
0.000000
0.000000
0.000000
0.000000
0.000000
0.000000
0.000000
0.000000
0.000000
0.000000
0.000000
0.000000
0.000000
0.000000
0.000000
0.000000
0.000000
0.000000
0.000000
0.000000
0.000000
0.000000
0.000000
0.000000
0.000000
0.000000
0.000000
0.000000
0.000000
0.000000
0.000000
0.000000
0.000000
0.000000
0.000000
0.000000
0.000000
0.000000
0.000000
0.000000
0.000000
0.000000
0.000000
0.000000
0.000000
0.000000
0.000000
0.000000
0.000000
0.000000
0.000000
0.000000
0.000000
0.000000
0.000000
0.000000
0.000000
0.000000
0.000000
0.000000
0.000000
0.000000
0.000000
0.000000
0.000000
0.000000
0.000000
0.000000
0.000000
0.000000
0.000000
0.000000
0.000000
0.000000
0.000000
0.000000
0.000000
0.000000
0.000000
0.000000
0.000000
0.000000
0.000000
0.000000
0.000000
0.000000
0.000179
0.000359
0.000541
0.000725
0.000910
0.001096
0.001284
0.001474
0.001665
0.001858
0.002052
0.002248
0.002446
0.002645
0.002845
0.003048
0.003251
0.003457
0.003664
0.003872
0.004083
0.004294
0.004508
0.004723
0.004939
0.005158
0.005377
0.005599
0.005822
0.006046
0.006273
0.006501
0.006730
0.006961
0.007194
0.007428
0.007664
0.007902
0.008141
0.008382
0.008625
0.008869
0.009114
0.009362
0.009611
0.009861
0.010114
0.010368
0.010623
0.010880
0.011139
0.011399
0.011661
0.011925
0.012190
0.012457
0.012726
0.012996
0.013267
0.013541
0.013816
0.014092
0.014371
0.014651
0.014932
0.015215
0.015500
0.015786
0.016074
0.016364
0.016655
0.016948
0.017243
0.017539
0.017836
0.018136
0.018437
0.018739
0.019044
0.019350
0.019657
0.019966
0.020277
0.020589
0.020903
0.021219
0.021536
0.021855
0.022176
0.022498
0.022822
0.023147
0.023474
0.023803
0.024133
0.024465
0.024799
0.025134
0.025471
0.025809
0.026149
0.026491
0.026835
0.027180
0.027526
0.027874
0.028224
0.028576
0.028929
0.029284
0.029640
0.029998
0.030357
0.030719
0.031081
0.031446
0.031812
0.032179
0.032549
0.032920
0.033292
0.033666
0.034042
0.034419
0.034798
0.035178
0.035560
0.035944
0.036329
0.036716
0.037104
0.037494
0.037886
0.038279
0.038673
0.039070
0.039467
0.039867
0.040268
0.040670
0.041074
0.041480
0.041887
0.042295
0.042706
0.043117
0.043531
0.043946
0.044362
0.044780
0.045200
0.045621
0.046043
0.046468
0.046893
0.047321
0.047750
0.048180
0.048612
0.049045
0.049481
0.049917
0.050355
0.050795
0.051237
0.051680
0.052124
0.052570
0.053018
0.053467
0.053918
0.054370
0.054825
0.055280
0.055737
0.056196
0.056657
0.057119
0.057583
0.058048
0.058515
0.058984
0.059454
0.059926
0.060399
0.060874
0.061351
0.061830
0.062310
0.062792
0.063275
0.063761
0.064248
0.064736
0.065227
0.065719
0.066212
0.066708
0.067205
0.067704
0.068205
0.068707
0.069211
0.069717
0.070225
0.070735
0.071246
0.071759
0.072274
0.072790
0.073309
0.073829
0.074351
0.074875
0.075401
0.075929
0.076458
0.076990
0.077523
0.078058
0.078595
0.079134
0.079675
0.080217
0.080762
0.081309
0.081857
0.082408
0.082960
0.083514
0.084071
0.084629
0.085189
0.085751
0.086316
0.086882
0.087450
0.088020
0.088592
0.089166
0.089742
0.090321
0.090901
0.091483
0.092067
0.092653
0.093241
0.093832
0.094424
0.095018
0.095614
0.096212
0.096813
0.097415
0.098019
0.098626
0.099234
0.099844
0.100457
0.101071
0.101688
0.102306
0.102927
0.103549
0.104174
0.104800
0.105429
0.106059
0.106692
0.107327
0.107963
0.108602
0.109243
0.109886
0.110531
0.111178
0.111827
0.112478
0.113131
0.113786
0.114443
0.115103
0.115764
0.116428
0.117093
0.117761
0.118431
0.119102
0.119776
0.120452
0.121131
0.121811
0.122493
0.123178
0.123865
0.124554
0.125245
0.125938
0.126633
0.127331
0.128031
0.128733
0.129437
0.130143
0.130852
0.131563
0.132276
0.132991
0.133708
0.134428
0.135150
0.135875
0.136602
0.137331
0.138062
0.138796
0.139531
0.140270
0.141010
0.141754
0.142499
0.143247
0.143997
0.144750
0.145505
0.146262
0.147022
0.147785
0.148549
0.149317
0.150086
0.150859
0.151634
0.152411
0.153191
0.153973
0.154758
0.155546
0.156336
0.157128
0.157924
0.158722
0.159522
0.160325
0.161131
0.161940
0.162751
0.163565
0.164381
0.165201
0.166023
0.166848
0.167675
0.168506
0.169339
0.170175
0.171014
0.171856
0.172700
0.173548
0.174399
0.175252
0.176109
0.176968
0.177831
0.178696
0.179565
0.180437
0.181311
0.182189
0.183070
0.183954
0.184842
0.185732
0.186626
0.187523
0.188424
0.189328
0.190234
0.191145
0.192059
0.192976
0.193896
0.194820
0.195748
0.196679
0.197613
0.198551
0.199493
0.200438
0.201387
0.202340
0.203296
0.204256
0.205219
0.206186
0.207158
0.208132
0.209111
0.210094
0.211080
0.212070
0.213065
0.214063
0.215065
0.216071
0.217081
0.218095
0.219113
0.220136
0.221162
0.222193
0.223227
0.224266
0.225309
0.226357
0.227408
0.228464
0.229524
0.230588
0.231657
0.232730
0.233808
0.234890
0.235977
0.237067
0.238163
0.239263
0.240367
0.241476
0.242590
0.243708
0.244831
0.245959
0.247091
0.248228
0.249370
0.250516
0.251667
0.252824
0.253985
0.255151
0.256322
0.257497
0.258677
0.259863
0.261054
0.262249
0.263450
0.264655
0.265866
0.267082
0.268303
0.269528
0.270759
0.271996
0.273237
0.274484
0.275736
0.276993
0.278255
0.279523
0.280796
0.282074
0.283358
0.284646
0.285941
0.287241
0.288545
0.289856
0.291172
0.292493
0.293820
0.295153
0.296490
0.297833
0.299183
0.300537
0.301897
0.303263
0.304634
0.306011
0.307393
0.308781
0.310175
0.311575
0.312980
0.314392
0.315808
0.317231
0.318659
0.320093
0.321534
0.322979
0.324431
0.325889
0.327352
0.328822
0.330297
0.331778
0.333266
0.334759
0.336258
0.337763
0.339275
0.340792
0.342316
0.343845
0.345381
0.346923
0.348471
0.350025
0.351586
0.353152
0.354725
0.356304
0.357890
0.359481
0.361079
0.362684
0.364294
0.365911
0.367535
0.369164
0.370801
0.372443
0.374093
0.375748
0.377411
0.379079
0.380755
0.382437
0.384125
0.385820
0.387522
0.389230
0.390945
0.392666
0.394395
0.396130
0.397872
0.399621
0.401376
0.403138
0.404907
0.406683
0.408466
0.410255
0.412051
0.413855
0.415665
0.417482
0.419306
0.421137
0.422975
0.424820
0.426672
0.428531
0.430397
0.432270
0.434151
0.436038
0.437933
0.439834
0.441743
0.443660
0.445583
0.447514
0.449452
0.451397
0.453349
0.455309
0.457276
0.459251
0.461233
0.463223
0.465220
0.467224
0.469236
0.471256
0.473283
0.475317
0.477360
0.479410
0.481467
0.483532
0.485605
0.487685
0.489774
0.491870
0.493974
0.496085
0.498205
0.500331
0.502467
0.504610
0.506761
0.508920
0.511086
0.513261
0.515444
0.517634
0.519833
0.522040
0.524254
0.526477
0.528708
0.530947
0.533194
0.535449
0.537713
0.539984
0.542264
0.544552
0.546849
0.549154
0.551467
0.553788
0.556118
0.558456
0.560803
0.563158
0.565521
0.567893
0.570274
0.572663
0.575061
0.577467
0.579882
0.582306
0.584738
0.587179
0.589629
0.592087
0.594555
0.597031
0.599516
0.602010
0.604512
0.607025
0.609546
0.612076
0.614615
0.617163
0.619721
0.622287
0.624863
0.627447
0.630041
0.632644
0.635257
0.637879
0.640510
0.643151
0.645800
0.648460
0.651128
0.653806
0.656494
0.659192
0.661899
0.664615
0.667341
0.670076
0.672822
0.675577
0.678342
0.681117
0.683901
0.686695
0.689499
0.692314
0.695138
0.697972
0.700815
0.703669
0.706534
0.709408
0.712293
0.715187
0.718093
0.721008
0.723934
0.726869
0.729817
0.732774
0.735742
0.738720
0.741710
0.744710
0.747720
0.750742
0.753774
0.756817
0.759872
0.762938
0.766015
0.769103
0.772202
0.775313
0.778435
0.781569
0.784714
0.787871
0.791039
0.794220
0.797412
0.800616
0.803833
0.807060
0.810301
0.813553
0.816818
0.820095
0.823384
0.826686
0.830001
0.833327
0.836667
0.840019
0.843384
0.846761
0.850153
0.853556
0.856973
0.860403
0.863845
0.867302
0.870770
0.874253
0.877749
0.881259
0.884782
0.888318
0.891868
0.895432
0.899009
0.902601
0.906206
0.909824
0.913457
0.917104
0.920765
0.924440
0.928129
0.931832
0.935549
0.939281
0.943027
0.946787
