0.000624 0.006882 0.062819 0.379730 0.063457 0.014138 0.034643 0.007208 0.000886 0.000080 0.000006 0.000003 0.000040 0.000572 0.006757 0.061590 0.371334 0.066284 0.050002 0.246553 0.290343 0.036727 0.003720 0.000308 0.000022 0.000007 0.000051 0.000338 0.001262 0.000721 0.001337 0.002635 0.019570 0.158802 0.018319 0.001927 0.000208 0.000332 0.002613 0.014523 
0.002232 0.027575 0.308174 2.787066 0.311437 0.091097 0.380522 0.062433 0.006643 0.000547 0.000038 0.000012 0.000137 0.002028 0.027036 0.301830 2.727258 0.318161 0.238215 1.816006 0.411832 0.056595 0.005808 0.000480 0.000037 0.000047 0.000442 0.003176 0.013418 0.007156 0.013095 0.011529 0.030586 0.027601 0.015619 0.003477 0.000583 0.001190 0.011265 0.093095 
0.000586 0.006143 0.054402 0.311776 0.095585 0.397915 3.768139 0.375436 0.031951 0.002323 0.000151 0.000038 0.000149 0.000642 0.006040 0.053213 0.303942 0.077607 0.167614 0.398013 1.724225 0.188855 0.017317 0.001341 0.000112 0.000289 0.003027 0.024549 0.127920 0.060110 0.122578 0.103649 0.307209 0.099402 0.117821 0.025281 0.003547 0.001180 0.004571 0.012695 
0.000682 0.003016 0.007577 0.037933 0.086580 0.180055 0.392376 0.092103 0.012877 0.001322 0.000146 0.000296 0.001333 0.001844 0.003092 0.007135 0.036129 0.099044 0.775104 0.141482 0.199792 0.034581 0.003934 0.000483 0.000133 0.001012 0.012006 0.119192 0.967623 0.358512 0.901570 0.670509 2.811365 0.610175 0.848323 0.136446 0.018502 0.008697 0.032764 0.008992 
0.007184 0.029972 0.008191 0.015948 0.086960 0.050509 0.094575 0.340725 0.057722 0.006288 0.000797 0.002326 0.012807 0.018116 0.029413 0.007218 0.009279 0.059945 0.402436 0.064254 0.023910 0.004491 0.001085 0.002332 0.000584 0.000403 0.003114 0.025081 0.133850 0.111523 0.472683 0.153542 0.312553 0.103381 0.170441 0.327462 0.065965 0.072819 0.384768 0.073440 
0.065722 0.345946 0.063058 0.061527 0.526346 0.135774 0.367428 3.128578 0.329356 0.028923 0.003249 0.011713 0.099124 0.147614 0.313675 0.054741 0.010795 0.040207 0.258483 0.039416 0.006143 0.001617 0.006743 0.031912 0.006817 0.001483 0.001275 0.005044 0.029797 0.176941 1.493563 0.178240 0.045615 0.039121 0.316450 2.737116 0.382195 0.461542 3.807163 0.467770 
0.385936 3.329291 0.345685 0.053237 0.155865 0.404102 0.122547 0.341002 0.059710 0.006802 0.000992 0.004310 0.039519 0.319590 2.788889 0.303502 0.028546 0.011011 0.035298 0.008493 0.003814 0.007301 0.062788 0.380120 0.064261 0.013967 0.008788 0.007311 0.007191 0.039551 0.220311 0.039361 0.007077 0.007236 0.054629 0.304660 0.063103 0.072584 0.385011 0.074750 
0.082365 0.347922 0.061084 0.040350 0.384291 3.659229 0.376125 0.067138 0.040380 0.007576 0.000972 0.000937 0.008086 0.063487 0.374691 0.062267 0.009244 0.012187 0.006835 0.007552 0.030707 0.037961 0.380838 3.792377 0.390794 0.101562 0.083359 0.065150 0.018486 0.058294 0.326725 0.055672 0.006403 0.001396 0.006447 0.028873 0.007328 0.007987 0.034676 0.020122 
0.084673 0.038134 0.007719 0.008047 0.064919 0.380579 0.069754 0.071555 0.381094 0.062753 0.006738 0.001142 0.006750 0.059853 0.356566 0.061567 0.020885 0.088992 0.018341 0.057192 0.323121 0.061912 0.069929 0.392172 0.154741 0.526880 0.636135 0.537179 0.095085 0.304064 2.550199 0.280900 0.025524 0.002594 0.005151 0.021376 0.005179 0.002340 0.013634 0.095393 
0.038996 0.007276 0.001416 0.003222 0.019340 0.050738 0.041230 0.381367 3.786743 0.378293 0.032454 0.004331 0.026245 0.288143 2.565689 0.295295 0.075242 0.142708 0.049419 0.329348 3.018574 0.319165 0.037986 0.063814 0.177929 0.110560 0.119962 0.074504 0.024031 0.075115 0.289605 0.050835 0.006068 0.005043 0.038177 0.195985 0.037925 0.004838 0.002801 0.012307 
0.004884 0.001190 0.001375 0.011305 0.094709 0.096835 0.019400 0.064953 0.386738 0.100142 0.013646 0.001882 0.005861 0.051622 0.294003 0.111380 0.368211 0.103952 0.021891 0.058405 0.330902 0.057142 0.020404 0.151612 1.332810 0.246709 0.404982 0.098661 0.058202 0.251997 0.069480 0.010698 0.002758 0.020061 0.199982 1.557841 0.196777 0.019723 0.001886 0.001391 
0.000571 0.000573 0.001948 0.002697 0.012546 0.014709 0.015271 0.012764 0.070293 0.360660 0.043042 0.004583 0.001266 0.007954 0.056610 0.362466 3.444249 0.690834 0.090081 0.019477 0.057808 0.010788 0.005131 0.035535 0.237065 0.741621 3.701600 0.660752 0.328779 2.228862 0.247281 0.023280 0.002774 0.010691 0.093774 0.595461 0.091070 0.009964 0.000881 0.000174 
0.000737 0.004851 0.021149 0.005212 0.003231 0.014235 0.102067 0.015216 0.014161 0.064544 0.058230 0.009183 0.001122 0.001308 0.011308 0.096086 0.730009 3.377632 0.359601 0.061817 0.229083 0.025452 0.006739 0.033927 0.362669 3.317055 0.970871 2.653741 0.384370 0.532188 0.091270 0.012619 0.003851 0.026819 0.232719 1.572188 0.198439 0.019833 0.001606 0.000124 
0.005295 0.041639 0.220534 0.041488 0.006227 0.012695 0.093078 0.012822 0.007350 0.046239 0.385809 0.039955 0.003577 0.000951 0.008086 0.075124 0.465173 0.418926 0.069066 0.044549 0.554281 0.042021 0.025937 0.012391 0.061197 0.352894 0.137789 0.308199 0.300876 2.215453 0.251733 0.055300 0.015505 0.068409 0.419681 0.259278 0.044649 0.005084 0.000445 0.000042 
0.023408 0.224468 1.825729 0.221079 0.022071 0.005297 0.012240 0.006036 0.013374 0.009827 0.040697 0.006978 0.000918 0.002352 0.031878 0.377486 3.671037 0.403503 0.041434 0.051934 1.268119 0.096533 0.211672 0.046598 0.014105 0.031858 0.015131 0.037230 0.082189 0.258707 0.107852 0.389990 0.095241 0.388650 3.811646 0.395507 0.036146 0.002869 0.000226 0.000123 
0.011192 0.093223 0.583446 0.093152 0.014043 0.017224 0.011776 0.030079 0.107333 0.014538 0.007171 0.001434 0.000225 0.000564 0.006644 0.062494 0.377797 0.067966 0.019550 0.052419 0.710779 0.367688 1.224936 0.215248 0.050006 0.010700 0.008768 0.065847 0.390076 0.117181 0.394340 3.822140 0.384337 0.094711 0.384016 0.064231 0.007046 0.000643 0.000335 0.001279 
0.023922 0.224793 1.828317 0.224904 0.051722 0.153027 0.085701 0.176342 0.129806 0.022951 0.033992 0.006912 0.000981 0.000186 0.000827 0.006699 0.033167 0.018198 0.060142 0.133730 0.888529 0.560513 0.649950 0.146568 0.272579 0.054454 0.038193 0.383093 3.817780 0.385663 0.095569 0.386192 0.064023 0.013388 0.032574 0.006798 0.000874 0.000386 0.002389 0.012268 
0.010096 0.042673 0.222120 0.056783 0.152270 1.107030 0.544247 1.236037 0.177069 0.081996 0.384163 0.063393 0.008947 0.001104 0.000226 0.001147 0.009214 0.058212 0.159802 0.541613 1.398629 1.344714 0.699480 0.499729 1.903421 0.263493 0.033264 0.065200 0.382642 0.064178 0.016728 0.046127 0.010104 0.001829 0.002409 0.000575 0.000237 0.001621 0.013298 0.095261 
0.038695 0.009669 0.022040 0.009462 0.038220 0.199238 0.092781 0.173370 0.092809 0.392621 3.818810 0.384044 0.063591 0.008968 0.001293 0.004299 0.032421 0.163893 0.354196 0.932276 2.934557 3.103181 1.840078 0.996331 0.424762 0.093493 0.013155 0.008017 0.032779 0.011114 0.028247 0.131600 0.026970 0.003451 0.000469 0.000133 0.000783 0.006237 0.029726 0.019200 
0.037694 0.005281 0.002762 0.007152 0.056581 0.309692 0.068394 0.079833 0.319391 0.117819 0.395029 0.125862 0.379367 0.064095 0.009346 0.017402 0.135167 0.898226 1.004437 2.698540 8.279097 4.929732 1.930588 0.724570 0.255349 0.184520 0.037987 0.005816 0.006822 0.026015 0.136329 0.990763 0.130929 0.013893 0.001233 0.000595 0.005997 0.053991 0.307459 0.063584 
0.004848 0.001148 0.002941 0.031618 0.301995 2.351536 0.333019 0.373029 2.805552 0.312722 0.091088 0.381375 3.422521 0.442481 0.107833 0.116368 0.349464 0.753822 2.262639 7.541919 34.168056 11.464246 5.556934 2.676963 1.516595 0.881946 0.155099 0.021348 0.025001 0.113186 0.099744 0.463134 0.071846 0.008092 0.000853 0.002172 0.027929 0.308853 2.779240 0.372078 
0.000547 0.000700 0.007195 0.068659 0.432033 0.348043 0.067466 0.063192 0.308793 0.054739 0.014894 0.063694 0.372787 0.063542 0.009689 0.020788 0.108373 0.369912 0.783760 2.588007 7.755199 4.564137 1.990961 0.700544 0.267320 0.187061 0.040592 0.017771 0.112429 0.774279 0.286146 0.769088 0.109340 0.012338 0.001252 0.001515 0.012440 0.084408 0.313659 0.063074 
0.000203 0.002322 0.032274 0.384058 3.823018 0.552309 0.069195 0.013013 0.028056 0.006091 0.001708 0.006786 0.031876 0.006685 0.001101 0.004263 0.037012 0.092943 0.393692 0.979039 2.455341 2.403496 1.988561 0.546081 0.155219 0.065158 0.028454 0.019352 0.104087 0.468901 0.100942 0.118418 0.050278 0.008978 0.002093 0.008796 0.061397 0.365041 0.088376 0.014092 
0.000157 0.000673 0.008068 0.079452 0.540429 1.258992 0.165217 0.018129 0.003613 0.000632 0.000158 0.000558 0.002289 0.000549 0.000096 0.000499 0.005493 0.030850 0.140159 0.884658 0.815283 1.014361 2.726490 0.779027 0.241578 0.330968 0.151544 0.094929 0.510330 1.058422 0.147009 0.079629 0.311067 0.054958 0.014565 0.061353 0.365540 3.505071 0.367805 0.035770 
0.001258 0.000423 0.001725 0.016749 0.124351 0.612435 0.094179 0.015076 0.002287 0.000290 0.000035 0.000040 0.000143 0.000038 0.000010 0.000078 0.001168 0.014870 0.097347 0.879710 0.348384 0.442530 1.616985 0.301809 0.067912 0.136450 0.068531 0.384997 3.756436 0.499566 0.085267 0.314049 2.782774 0.309584 0.087174 0.362960 0.120993 0.379950 0.161862 0.023254 
0.011922 0.002445 0.002059 0.019852 0.195372 1.541395 0.200244 0.063903 0.011312 0.001431 0.000141 0.000016 0.000016 0.000005 0.000012 0.000144 0.001793 0.019853 0.171331 0.969043 0.209316 0.145906 0.564658 0.119319 0.021090 0.020948 0.016335 0.079692 0.381707 0.075995 0.016782 0.063855 0.380431 0.092702 0.361427 3.455585 0.360093 0.076292 0.111485 0.028518 
0.091646 0.012600 0.003464 0.005266 0.039512 0.206233 0.092161 0.337504 0.047428 0.005468 0.000526 0.000077 0.000133 0.000039 0.000046 0.000306 0.001554 0.005104 0.037987 0.170124 0.062781 0.196418 1.373479 0.334779 0.051115 0.012254 0.039381 0.184369 0.061664 0.011645 0.008269 0.062802 0.378544 0.068690 0.066324 0.355195 0.060389 0.012729 0.026342 0.101888 
0.017249 0.021067 0.022247 0.006181 0.020117 0.103274 0.081245 0.314424 0.042591 0.006515 0.000965 0.000606 0.002048 0.000535 0.000356 0.002265 0.011325 0.002949 0.005633 0.023526 0.026173 0.057127 0.339631 1.254425 0.166030 0.045900 0.256723 1.603168 0.169477 0.017470 0.028692 0.307403 2.779821 0.303857 0.034106 0.034652 0.007910 0.007529 0.031023 0.019798 
0.022321 0.167693 0.210473 0.031123 0.080261 0.648234 0.250654 0.257000 0.040011 0.031649 0.007260 0.006880 0.027424 0.006168 0.002055 0.012313 0.094899 0.012513 0.005500 0.032063 0.149052 0.045010 0.107520 0.553317 0.093274 0.101195 0.948457 0.253458 0.035975 0.004433 0.006384 0.054394 0.308986 0.054932 0.013249 0.035301 0.013202 0.054792 0.307743 0.063642 
0.010762 0.050569 0.028032 0.006561 0.018495 0.106458 0.220788 0.097059 0.067800 0.315625 0.063518 0.062624 0.306559 0.055698 0.007713 0.012818 0.095050 0.013481 0.017374 0.151585 1.122613 0.182260 0.184207 1.095739 0.148506 0.029993 0.092342 0.031363 0.006532 0.002975 0.002067 0.012432 0.057946 0.018979 0.064814 0.385047 0.090205 0.313434 2.781226 0.371994 
0.060012 0.306008 0.054339 0.007436 0.014746 0.135213 1.078879 0.160441 0.327502 2.849473 0.380905 0.378865 2.772135 0.332866 0.033903 0.005090 0.011591 0.003568 0.011726 0.085854 0.561179 0.090508 0.042905 0.146535 0.030067 0.006048 0.014583 0.036612 0.019039 0.027640 0.011048 0.060465 0.353345 0.091212 0.389180 3.822514 0.383617 0.085573 0.309537 0.062338 
0.337721 2.738439 0.294502 0.026615 0.005069 0.025049 0.127869 0.030861 0.058028 0.314486 0.063949 0.069220 0.368914 0.434689 0.068492 0.007479 0.002542 0.007735 0.044765 0.168645 1.220914 0.167345 0.053049 0.025489 0.005720 0.007532 0.064347 0.390676 0.146582 0.283928 0.061972 0.357941 3.356303 0.350958 0.092920 0.384995 0.063656 0.012620 0.028018 0.006872 
0.079435 0.301721 0.052252 0.005859 0.001173 0.004006 0.013107 0.004576 0.006749 0.028388 0.009277 0.038856 0.408782 3.813040 0.377130 0.032241 0.008401 0.055195 0.318858 0.087015 0.171219 0.096228 0.392696 0.096021 0.015916 0.033408 0.380977 3.800152 0.387293 0.058434 0.013183 0.059974 0.349175 0.059976 0.015299 0.033215 0.006994 0.001364 0.002128 0.000584 
0.095148 0.036968 0.006853 0.001207 0.002810 0.011299 0.008674 0.010034 0.003427 0.004745 0.001716 0.007339 0.064964 0.381891 0.062755 0.008708 0.028432 0.315309 2.910281 0.317481 0.077748 0.394735 3.874903 0.753271 0.094615 0.016156 0.064293 0.381721 0.064251 0.010329 0.002138 0.006605 0.030865 0.013214 0.033322 0.009547 0.003647 0.000727 0.000218 0.000057 
0.012186 0.004149 0.000998 0.002628 0.019571 0.096908 0.070507 0.087542 0.024296 0.034421 0.007025 0.001816 0.006916 0.032044 0.006700 0.001375 0.006710 0.060290 0.357475 0.066541 0.033299 0.099795 0.763858 3.870975 0.384881 0.040055 0.018607 0.042346 0.012084 0.016137 0.003038 0.001620 0.009451 0.065578 0.381352 0.069161 0.038529 0.007186 0.000882 0.000193 
0.001271 0.000464 0.000903 0.009401 0.086064 0.630088 0.510044 0.612641 0.143178 0.390350 0.063856 0.008808 0.001604 0.002396 0.000587 0.000497 0.004617 0.037929 0.204354 0.092192 0.164971 0.045381 0.099094 0.390550 0.077891 0.072478 0.095081 0.096790 0.036671 0.136102 0.016128 0.006654 0.039341 0.412493 3.804179 0.437650 0.411388 0.064621 0.007040 0.001870 
0.000115 0.000054 0.000253 0.002537 0.019563 0.096982 0.072627 0.118712 0.399170 3.811530 0.382582 0.059065 0.008237 0.001033 0.000208 0.001328 0.015405 0.146279 1.093308 0.546121 1.221803 0.157476 0.025841 0.042299 0.081669 0.471755 0.714920 0.688858 0.119319 0.064034 0.015142 0.035501 0.075580 0.446232 0.474228 0.448760 3.797335 0.375665 0.033836 0.014724 
0.000075 0.000010 0.000041 0.000389 0.002699 0.011059 0.008208 0.016335 0.065757 0.387788 0.116435 0.313359 0.054061 0.005967 0.000569 0.000656 0.004860 0.030368 0.150046 0.084236 0.162671 0.032038 0.004881 0.005141 0.017456 0.066169 0.093945 0.093232 0.022740 0.015331 0.057690 0.338271 0.434767 3.811444 0.414103 0.100895 0.382990 0.063653 0.017966 0.096240 
0.000005 0.000001 0.000005 0.000043 0.000278 0.001025 0.000758 0.001804 0.008956 0.059523 0.313925 2.779489 0.303021 0.027189 0.002318 0.002435 0.011795 0.006022 0.016170 0.009343 0.016913 0.004013 0.000978 0.003535 0.019059 0.010091 0.009979 0.010117 0.004806 0.028519 0.307364 2.779750 0.364465 0.408330 0.067544 0.013954 0.032534 0.006954 0.003083 0.012411 
0.000000 0.000000 0.000000 0.000004 0.000025 0.000085 0.000064 0.000186 0.001182 0.009291 0.063220 0.378666 0.062315 0.006927 0.001851 0.012295 0.095038 0.012486 0.002703 0.000973 0.001531 0.000531 0.001737 0.017582 0.155663 0.017977 0.002509 0.001101 0.000868 0.006958 0.062601 0.378594 0.069330 0.041051 0.007986 0.001546 0.002513 0.000631 0.000393 0.001401 
