129.726608 130.581635 130.865875 130.684967 130.081177 130.613800 130.831879 130.873215 131.044891 131.154572 131.203125 131.219818 131.220947 131.209656 131.172928 131.058380 130.729614 130.029251 130.349777 129.968613 128.651840 125.740540 129.733063 130.811996 131.110504 131.187866 131.189987 131.141479 131.029083 130.882538 130.966278 130.979736 130.802246 129.936569 126.398651 129.962921 130.873138 131.123566 131.195129 131.213806 
126.391060 130.077515 130.723267 130.202530 127.046776 129.906097 130.345062 130.147430 130.793884 131.083160 131.182373 131.210220 131.209991 131.192993 131.148117 130.981354 130.269135 127.024811 129.594727 128.820724 125.997948 128.292526 130.176468 130.896301 131.126343 131.185028 131.165970 131.050873 130.723801 130.071823 130.593826 130.749954 130.777847 130.472748 129.942535 130.524734 130.937210 131.118484 131.181580 131.196564 
130.001770 130.710297 130.904846 130.656311 129.815399 129.432907 129.030777 126.788834 130.174347 130.951782 131.146194 131.187683 131.174332 131.134644 131.101669 131.031815 130.751495 129.984329 129.485443 125.750824 128.147781 126.416420 130.042816 130.912842 131.134277 131.177170 131.123795 130.868637 129.901917 126.173790 129.532104 129.849915 130.333740 129.979736 130.248123 130.087616 130.742126 131.039215 131.127350 131.129776 
130.875717 130.993591 130.985703 130.749878 129.790405 126.015289 125.931068 129.154648 130.418533 130.937332 131.116592 131.141800 131.064819 130.904083 130.872208 130.957733 130.924683 130.618073 129.733978 126.023415 129.348877 129.860748 130.704666 131.047592 131.154572 131.169846 131.099762 130.794617 129.648346 125.428558 128.710022 126.505524 129.244522 126.799469 129.359055 126.948196 130.093323 130.846161 130.980942 130.891403 
131.040253 131.004837 130.883606 130.768311 130.204544 128.859146 129.323853 130.058945 130.064713 130.772446 131.045868 131.044388 130.758652 129.999924 129.928070 130.545486 130.860168 130.813751 130.339645 129.227203 130.261505 130.712662 130.994781 131.109436 131.133621 131.140030 131.087540 130.836548 129.858246 126.073494 129.221252 129.056732 130.065445 129.985336 130.354965 129.892731 129.958984 130.631088 130.640350 129.997711 
130.919067 130.722473 130.196777 130.466629 129.704758 125.985474 129.302917 129.757965 127.084045 130.280731 130.938385 130.917145 130.141418 126.377388 126.145065 129.301422 130.539459 130.743347 130.110291 126.982094 130.155762 130.873932 131.056610 131.054550 130.963013 131.012161 131.030441 130.949554 130.609665 129.843704 129.732697 126.852287 130.051224 130.665863 130.734848 130.100998 127.120071 130.085098 129.973038 126.426331 
130.473877 129.925278 127.006264 129.932068 129.645035 125.973618 128.966675 130.156235 130.118423 130.758392 131.021362 131.020874 130.713257 129.830475 129.160721 126.795715 130.108307 130.700348 130.525604 130.136200 130.730164 130.976089 131.009064 130.791565 130.203644 130.547867 130.735229 130.851212 130.757874 130.670349 130.542252 130.034912 130.674118 130.955383 130.994263 130.790741 130.286087 130.724777 130.664429 130.004471 
129.324631 129.343719 129.715576 130.466843 130.354141 129.174316 126.703384 130.007111 130.638306 130.828613 131.015701 131.078796 131.001404 130.760208 130.459991 129.976440 130.544296 130.543961 129.988068 130.499313 130.821579 130.864563 130.839539 130.168884 126.815414 129.109711 129.688736 130.330109 130.114700 130.608154 130.590973 130.097000 130.731918 131.026779 131.099472 131.050385 130.947891 131.023865 131.016449 130.898727 
125.014107 125.298645 129.546112 130.601318 130.680756 130.276688 129.862411 130.510635 130.617035 130.232941 130.772598 131.019531 131.068298 130.967331 130.667236 130.035507 130.411713 129.805771 126.332184 129.840790 130.511520 130.210907 130.664337 130.474884 129.178925 125.891434 126.036545 129.176865 126.919647 130.024918 130.056580 127.158318 130.301910 130.977325 131.102997 131.059174 130.958527 131.058517 131.118683 131.121490 
128.560669 125.947090 129.791031 130.668472 130.578369 129.812332 129.701065 130.363876 130.069077 127.065071 130.061035 130.803223 131.009872 130.932419 130.271439 127.113373 129.906464 129.584030 126.219765 129.726837 129.982132 127.118408 130.192596 130.636398 130.152161 128.968857 129.380066 130.036041 129.950226 130.524643 130.513351 130.197784 130.805298 131.053345 131.058380 130.835052 130.313446 130.842209 131.086258 131.159256 
130.322510 129.967163 130.627167 130.770462 130.071045 126.352844 126.242462 129.741241 130.312042 129.748352 129.672195 130.411652 130.864441 130.982452 130.787201 130.178513 130.331268 129.688309 129.558334 130.383911 130.510559 130.035538 130.636261 130.740509 130.042786 126.724709 129.427811 129.664505 130.207092 130.441055 130.086914 130.608047 130.960953 131.073090 130.951050 130.250961 127.102310 130.264297 130.979767 131.144775 
130.938232 130.886230 130.979431 130.950073 130.667328 129.848221 129.537994 129.589447 130.170746 129.498672 125.897232 128.952026 130.443542 130.929504 130.979050 130.744034 130.064697 126.735413 129.183533 130.339432 130.448318 129.903748 130.590836 130.832291 130.592178 129.694733 128.969482 126.403709 129.081406 129.639114 126.896667 130.154984 130.906128 131.060150 130.954163 130.496536 129.499557 130.536591 131.003723 131.146576 
131.116852 131.085587 131.032867 130.913406 130.865326 130.553329 129.680450 126.200989 129.531708 129.322174 125.205048 125.301193 129.725998 130.809784 131.033600 130.945526 130.522583 129.259918 126.726929 129.868332 129.744858 126.350441 129.930756 130.742294 130.740723 129.958893 126.625519 128.554337 126.533722 129.512222 129.252380 130.432648 130.906982 131.019028 130.846466 130.066544 127.009079 130.230148 130.971527 131.145660 
131.131454 131.059677 130.819580 130.275436 130.718201 130.697205 129.872116 126.290558 129.631180 129.906891 128.786606 125.982956 129.867569 130.850021 131.067947 131.004852 130.647629 129.806152 129.835480 130.413940 129.860992 126.381088 129.893997 130.654144 130.855591 130.675018 130.075333 130.245697 129.877029 129.790039 126.907410 130.096252 130.730148 130.906738 130.706589 129.991974 129.990540 130.751083 131.073212 131.171936 
131.046509 130.912735 130.226181 127.071777 130.183975 130.759598 130.578018 129.908157 130.157379 129.702637 130.024719 129.870636 130.662216 131.020996 131.107758 130.978943 130.290009 127.131226 130.092834 130.739792 130.643631 130.033066 130.404129 130.168610 130.727524 130.888321 130.847260 130.848328 130.704773 130.486496 130.057129 130.441711 130.179840 130.630737 130.211609 127.159897 130.163605 130.914566 131.132172 131.193237 
130.784348 130.787552 130.440643 129.464737 130.457153 130.796326 130.690689 130.423935 129.614471 126.200951 129.748001 130.568573 130.947159 131.111359 131.153137 131.091248 130.847290 130.306763 130.785980 130.993500 130.967255 130.726181 130.153595 127.134331 130.162094 130.732391 130.938461 130.958694 130.734375 130.162323 130.455322 130.128433 127.181152 130.230530 130.665573 130.295578 130.827606 131.084412 131.178452 131.206833 
129.776917 130.275604 129.976822 126.977699 130.103516 130.555359 130.068268 130.147552 129.009842 126.027000 129.751923 130.611893 130.972504 131.120132 131.166885 131.148499 131.062820 130.935577 131.011673 131.082932 131.064392 130.913055 130.570480 130.029388 130.289078 130.113312 130.726883 130.858261 130.287506 127.208458 130.190536 130.615036 130.247253 130.792511 130.987732 130.984329 131.096710 131.169189 131.197205 131.202225 
125.872398 128.982529 130.143402 130.058762 130.562393 130.134613 126.959999 129.298859 126.590485 129.119049 130.181458 130.129242 130.778549 131.040283 131.133118 131.130051 131.036057 130.867950 130.874146 131.011185 131.012863 130.760712 130.092133 130.140350 129.295135 126.859657 130.161011 130.839478 130.789886 130.304047 130.765213 130.873718 130.775711 130.976471 131.101547 131.144836 131.178101 131.189880 131.176376 131.148193 
128.551865 125.934227 129.759583 130.616531 130.845612 130.650101 129.999207 130.312744 129.926910 130.197342 129.992401 127.126251 130.220978 130.808578 131.027130 131.029251 130.755508 130.021698 130.011658 130.705902 130.848877 130.243866 127.016739 129.343704 126.700714 129.348831 130.451294 130.897369 130.995651 130.921112 130.919250 130.744095 130.249634 130.810547 131.077316 131.166779 131.187088 131.161301 131.073212 130.922180 
129.436172 126.248917 129.917358 130.784210 130.912018 130.658096 130.040985 130.508484 130.455261 130.043854 130.420349 130.124435 130.502655 130.244171 130.795227 130.865295 130.145752 126.455963 126.432648 130.080994 130.796967 130.718262 130.150818 130.406097 130.007248 130.281509 130.108414 130.746979 130.979691 130.948425 130.726456 130.125763 127.047447 130.240387 130.970718 131.145370 131.162964 131.073349 130.766342 130.030045 
130.548798 130.082993 130.709351 130.948700 130.828003 130.079636 127.033913 130.029358 130.058685 127.143143 130.180344 130.621765 130.216232 127.240555 130.320602 130.882233 130.714203 129.973206 129.889511 130.490158 130.818420 130.830582 130.678452 130.758560 130.620880 130.092636 127.100533 130.199051 130.806900 130.694244 130.075211 130.160126 129.393585 130.497025 130.984787 131.133240 131.127167 130.936356 130.117401 126.419800 
130.997879 130.929855 131.023102 131.001526 130.701370 129.897675 129.780487 130.533051 130.671707 130.282227 130.801407 130.957062 130.823975 130.350174 130.860413 131.048126 130.998444 130.757660 130.448853 129.946060 130.469894 130.441071 130.057556 130.544189 130.614105 130.488022 129.917236 130.437439 130.649628 130.056183 126.812057 129.277634 126.841385 130.155365 130.926239 131.107758 131.098221 130.935715 130.508560 129.796387 
131.124161 131.112793 131.102295 130.948029 130.199738 126.829315 129.264923 130.495605 130.885864 130.945465 131.072510 131.123611 131.096039 131.020554 131.106400 131.143539 131.084061 130.824356 129.908508 126.255035 129.414871 129.099640 126.629425 129.609390 129.781158 130.098633 129.475113 129.671310 130.334274 130.129288 129.232651 130.077530 129.985748 130.581055 130.948761 131.063461 130.996582 130.706802 129.989410 130.094604 
131.078690 131.093079 131.106110 131.015656 130.616821 129.379700 126.714310 130.082092 130.855957 131.064651 131.151901 131.185349 131.187180 131.176712 131.189270 131.184692 131.120941 130.871017 129.923477 126.136803 128.841095 126.400940 128.814133 128.808716 126.410843 128.780441 125.318466 125.866257 129.404663 129.074799 126.618446 129.909943 130.388123 130.158295 130.752884 130.917877 130.724945 130.036072 126.598831 128.622070 
130.761002 130.840515 131.000549 131.029953 130.854614 130.306763 129.347473 130.366196 130.767441 131.024750 131.148163 131.196869 131.211761 131.213806 131.213776 131.201874 131.155807 131.015869 130.619904 129.699814 129.474518 129.498642 129.435867 126.409882 128.940613 129.256683 125.844063 128.753433 129.332626 126.593704 129.299713 130.375992 130.104996 127.139931 130.193054 130.607910 130.109589 130.141205 128.755646 124.875748 
129.583572 129.857956 130.639221 130.910889 130.838409 130.117920 126.898430 129.838547 130.053497 130.772583 131.076111 131.179382 131.210876 131.217972 131.215073 131.198303 131.153717 131.055511 130.828003 130.042709 126.962723 129.827057 130.061310 129.120178 129.911346 130.207489 129.690262 129.889420 129.449524 129.666107 130.427750 130.775772 130.656799 130.089951 130.557419 130.179077 127.112961 129.863876 129.329056 125.141220 
125.415611 126.103516 129.806976 130.602020 130.817093 130.590103 129.839630 129.739243 126.892258 130.175247 130.942841 131.142029 131.194641 131.203979 131.197266 131.161774 131.071030 130.928558 130.923615 130.718674 130.172470 130.469421 129.930954 126.619713 129.199448 130.280823 130.278839 129.450684 125.973083 129.612747 130.641022 130.886337 130.704727 130.122055 130.652527 130.700714 130.237015 130.616745 130.420456 129.590546 
129.427658 129.445694 129.534286 129.831421 130.549683 130.524261 129.835480 129.926086 129.139938 130.350433 130.897308 131.098206 131.155182 131.154831 131.145905 131.059662 130.769852 130.159485 130.706238 130.885818 130.790970 130.687164 130.427841 129.273651 126.637848 129.867264 130.119980 128.726242 125.255463 129.502441 130.659485 130.849487 130.280792 127.210236 130.271271 130.854767 130.875793 130.927979 130.804977 130.504852 
130.448959 129.774277 126.255768 126.330978 129.898102 129.952057 126.749779 128.836578 125.945633 129.734238 130.642090 130.973114 131.041595 130.982147 131.024994 130.872238 130.023651 126.464203 129.985703 130.752182 130.687195 130.158386 130.491089 130.182983 129.289246 130.180252 129.772827 125.952606 125.398384 129.632416 130.697693 130.936371 130.788544 130.280640 130.782181 130.945206 130.891846 130.908585 130.658508 129.917389 
130.851349 130.543686 129.770798 129.862137 130.560547 130.525406 129.655792 128.780258 125.898598 129.530640 129.988373 130.679596 130.737549 130.291031 130.753876 130.783432 129.995499 126.452637 129.965271 130.655167 130.145355 126.996819 129.970734 129.946884 126.955574 130.056122 130.432938 129.751801 129.589890 130.295181 130.678085 130.917725 130.921326 130.771637 130.886246 130.774673 130.272736 130.618347 130.054169 126.421532 
130.929474 130.640472 130.013138 130.528046 130.846558 130.765381 129.970078 126.692886 129.079559 129.698364 127.050858 130.105621 130.119507 127.138023 130.124451 130.768860 130.683243 130.129349 130.679108 130.803436 130.449356 129.440399 130.368271 130.558975 130.182983 130.716248 130.830902 130.591949 130.208221 129.734009 129.885086 130.612427 130.690704 130.235596 130.642212 130.236771 127.223206 130.223114 130.575714 129.980576 
130.793121 130.096954 127.103317 130.227051 130.892654 130.946289 130.685211 130.119720 130.483704 130.604889 130.236877 130.714966 130.661804 130.000595 130.010574 130.717239 130.931259 130.883759 130.903534 130.719452 130.115311 126.995453 130.076752 130.624985 130.770309 130.940872 130.916809 130.518295 129.227615 126.078537 126.295380 129.931625 130.097519 127.193810 130.234680 130.664642 130.297638 130.810791 130.960297 130.881393 
130.625214 129.978546 129.996582 130.726135 130.987000 130.966324 130.799805 130.782547 130.894592 130.963821 130.935150 130.999924 130.868988 130.161804 127.186363 130.306396 130.940720 130.992584 130.785934 130.206818 130.454758 130.074524 130.412842 130.089783 130.567245 130.875366 130.852707 130.157074 126.803596 129.123901 129.745453 130.577209 130.702576 130.291626 130.792664 130.950974 130.950150 131.064148 131.121078 131.121429 
130.100311 127.128738 130.141388 130.856506 130.954361 130.689621 130.048767 130.571396 130.787888 130.974167 131.046463 131.093552 131.049957 130.825821 130.337723 130.854050 131.048187 130.960617 130.301559 127.175697 130.138428 130.525970 130.057388 126.870049 129.434509 130.548157 130.831741 130.680038 130.083893 130.395996 130.535324 130.846695 130.967651 130.925690 130.965332 130.928818 131.018982 131.093216 131.150742 131.174759 
130.680206 130.261292 130.785095 130.981155 130.822174 129.891495 126.183189 129.574615 129.975677 130.669113 130.872543 131.044876 131.106812 131.080566 131.009033 131.097153 131.129684 131.048233 130.748123 130.107330 130.593384 130.666687 130.483200 129.396835 126.791290 129.920578 130.581879 130.733719 130.562164 130.460297 130.001785 130.667252 130.955231 130.968811 130.770050 130.275940 130.748077 130.905457 131.074982 131.152771 
130.766205 130.849792 131.016388 131.042847 130.782120 129.660965 125.474380 128.837555 126.799988 129.923157 130.133408 130.793671 131.040771 131.126373 131.148865 131.168839 131.151520 131.046738 130.733978 130.057129 130.405167 130.128754 130.574600 130.419296 129.769165 129.598801 129.766541 130.285431 129.863327 129.606308 126.315720 129.930954 130.756363 130.785782 130.104858 127.079285 129.990860 130.163269 130.827484 131.073029 
129.997635 130.721802 131.028122 131.075378 130.857132 129.906769 126.190430 129.558472 129.835693 129.932648 127.132668 130.229767 130.816711 131.056503 131.149384 131.168716 131.123047 130.942993 130.259308 127.044586 129.476044 127.048744 130.180222 130.594254 129.855988 126.247589 126.184570 129.215698 126.742943 129.106750 126.219795 129.839508 130.565613 130.573532 129.925064 129.822601 129.926575 127.166695 130.328156 130.972031 
126.470757 130.168015 130.958801 131.110718 131.042419 130.733765 130.091827 130.613083 130.750397 130.696884 130.208862 130.522934 130.251816 130.839935 131.082474 131.124298 131.044449 130.862030 130.710419 130.200073 130.512573 130.231689 130.768066 130.866867 130.544250 129.723419 129.767059 130.328552 130.054413 130.357483 129.939697 130.346344 129.991516 129.929108 127.044662 130.036438 130.573883 130.284149 130.854889 131.081833 
130.024597 130.766922 131.074524 131.161926 131.151260 131.069473 130.950150 131.028671 131.058640 131.010345 130.795380 130.230103 127.210907 130.319183 130.965286 131.019196 130.754593 130.136459 130.656982 130.830399 130.953796 130.946960 131.024780 130.954514 130.593842 129.848343 130.417099 130.785492 130.846558 130.885208 130.704437 130.152481 127.079544 129.958466 130.102463 130.733292 130.960663 130.977173 131.099701 131.165619 
130.846802 131.031540 131.147110 131.191345 131.193619 131.170441 131.142181 131.153351 131.154877 131.120743 131.008850 130.738159 130.158173 130.754654 130.996567 130.877380 130.027786 126.465530 129.999664 130.844803 131.062195 131.103210 131.083038 130.870346 129.972885 126.378067 129.921692 130.809662 131.021484 131.056198 130.966965 130.698547 130.093140 130.623062 130.810654 131.008087 131.106659 131.139694 131.178040 131.200500 
