0.000001 0.000030 0.000855 0.015649 0.000856 0.000060 0.000424 0.000029 0.000001 0.000000 0.000000 0.000000 0.000000 0.000001 0.000029 0.000849 0.015506 0.000880 0.000868 0.014718 0.052465 0.002222 0.000074 0.000002 0.000000 0.000000 0.000000 0.000003 0.000028 0.000004 0.000011 0.000051 0.001355 0.028276 0.001347 0.000050 0.000002 0.000004 0.000097 0.001386 
0.000010 0.000413 0.015082 0.442932 0.015091 0.001286 0.015183 0.000824 0.000028 0.000001 0.000000 0.000000 0.000000 0.000009 0.000410 0.014942 0.437699 0.015321 0.013642 0.332983 0.027322 0.001212 0.000040 0.000001 0.000000 0.000000 0.000003 0.000063 0.000755 0.000095 0.000372 0.000065 0.000510 0.001360 0.000484 0.000032 0.000003 0.000046 0.001276 0.027139 
0.000001 0.000029 0.000828 0.015182 0.002515 0.016552 0.449159 0.015115 0.000413 0.000010 0.000000 0.000000 0.000001 0.000002 0.000029 0.000819 0.014989 0.002050 0.021552 0.025552 0.324391 0.011876 0.000344 0.000008 0.000000 0.000001 0.000046 0.001130 0.017735 0.002156 0.012668 0.001993 0.015087 0.001863 0.013605 0.000785 0.000028 0.000006 0.000102 0.001320 
0.000001 0.000012 0.000074 0.001651 0.025585 0.028974 0.016432 0.001281 0.000058 0.000002 0.000000 0.000004 0.000048 0.000050 0.000015 0.000033 0.000576 0.006372 0.184324 0.007365 0.012091 0.000690 0.000025 0.000001 0.000000 0.000009 0.000380 0.012590 0.314755 0.038544 0.324511 0.055247 0.435176 0.043738 0.356821 0.013926 0.000417 0.000039 0.000421 0.000078 
0.000030 0.000415 0.000039 0.000253 0.004677 0.001615 0.001339 0.015132 0.000823 0.000028 0.000005 0.000092 0.001311 0.001365 0.000504 0.000035 0.000087 0.003103 0.100623 0.003134 0.000421 0.000026 0.000002 0.000010 0.000001 0.000002 0.000046 0.001131 0.017779 0.004261 0.040199 0.002997 0.015114 0.001845 0.014422 0.015797 0.000878 0.000864 0.015309 0.000863 
0.000860 0.015187 0.000892 0.002092 0.056310 0.002979 0.015266 0.444781 0.015033 0.000412 0.000055 0.001266 0.026947 0.028333 0.016245 0.000871 0.000284 0.007239 0.136558 0.007197 0.000262 0.000009 0.000029 0.000414 0.000030 0.000005 0.000005 0.000080 0.001151 0.014000 0.372667 0.013877 0.000819 0.000479 0.015410 0.440877 0.015525 0.015874 0.453961 0.015812 
0.015785 0.447916 0.015202 0.001716 0.024412 0.016473 0.001699 0.015130 0.000832 0.000029 0.000005 0.000102 0.001722 0.016365 0.441210 0.014965 0.000434 0.000559 0.007189 0.000504 0.000031 0.000030 0.000826 0.015188 0.000868 0.000192 0.000079 0.000267 0.000077 0.000824 0.014442 0.000819 0.000039 0.000031 0.000830 0.015021 0.000851 0.000863 0.015313 0.000911 
0.001595 0.015233 0.000842 0.000534 0.016423 0.451574 0.015207 0.000855 0.000453 0.000030 0.000001 0.000005 0.000078 0.000902 0.015595 0.000855 0.000122 0.001266 0.000345 0.000053 0.000421 0.000442 0.015189 0.449706 0.016198 0.006531 0.003253 0.007676 0.000554 0.000870 0.015404 0.000845 0.000030 0.000002 0.000029 0.000420 0.000030 0.000034 0.000510 0.001353 
0.013520 0.001038 0.000053 0.000038 0.000922 0.015334 0.000862 0.000866 0.015221 0.000828 0.000029 0.000002 0.000031 0.000850 0.015476 0.000897 0.001333 0.026203 0.001321 0.000869 0.014988 0.000847 0.000892 0.016134 0.018724 0.169798 0.110383 0.152720 0.008093 0.015240 0.433049 0.014794 0.000407 0.000011 0.000029 0.000409 0.000030 0.000048 0.001288 0.027247 
0.010751 0.000563 0.000026 0.000095 0.001350 0.001782 0.000538 0.015225 0.450684 0.015227 0.000420 0.000019 0.000409 0.014909 0.435531 0.014967 0.002301 0.030568 0.001878 0.015079 0.439731 0.014921 0.000469 0.001283 0.015102 0.006969 0.003704 0.007715 0.000582 0.001236 0.014888 0.000815 0.000029 0.000029 0.000798 0.014377 0.000796 0.000032 0.000094 0.001323 
0.000555 0.000043 0.000048 0.001275 0.027137 0.027221 0.001347 0.000884 0.015373 0.003201 0.000195 0.000009 0.000029 0.000818 0.014937 0.001647 0.015320 0.002636 0.000185 0.000832 0.015078 0.000831 0.000345 0.010511 0.271254 0.011860 0.015584 0.001525 0.000873 0.014344 0.001201 0.000056 0.000011 0.000400 0.014396 0.410440 0.014331 0.000399 0.000013 0.000049 
0.000022 0.000003 0.000013 0.000094 0.001323 0.001418 0.001418 0.000204 0.002808 0.059968 0.002792 0.000111 0.000005 0.000038 0.000823 0.015176 0.446524 0.030199 0.001246 0.000170 0.001913 0.000131 0.000030 0.000667 0.011721 0.030751 0.449251 0.030050 0.015576 0.409101 0.014277 0.000398 0.000011 0.000057 0.001635 0.030309 0.001622 0.000056 0.000002 0.000001 
0.000002 0.000028 0.000400 0.000033 0.000099 0.001414 0.028387 0.001390 0.000606 0.009384 0.008749 0.000511 0.000021 0.000002 0.000049 0.001267 0.030698 0.448100 0.015221 0.001960 0.033835 0.001501 0.000073 0.000435 0.015319 0.443240 0.044529 0.421920 0.017354 0.030330 0.001623 0.000066 0.000013 0.000430 0.014852 0.411806 0.014373 0.000400 0.000009 0.000000 
0.000029 0.000799 0.014430 0.000799 0.000077 0.001311 0.026791 0.001310 0.000206 0.002817 0.059973 0.002359 0.000075 0.000003 0.000031 0.000883 0.016411 0.016018 0.000903 0.001317 0.025796 0.001308 0.000464 0.000059 0.000827 0.015023 0.002041 0.015091 0.015227 0.410988 0.014349 0.000814 0.000067 0.000857 0.016024 0.015245 0.000827 0.000029 0.000001 0.000000 
0.000410 0.014449 0.413835 0.014384 0.000404 0.000111 0.001269 0.000194 0.001286 0.000259 0.002361 0.000149 0.000006 0.000010 0.000414 0.015169 0.448828 0.015514 0.000445 0.000103 0.001268 0.000920 0.015251 0.000830 0.000066 0.000412 0.000068 0.000463 0.001241 0.014424 0.001626 0.015290 0.001243 0.015253 0.450916 0.015555 0.000441 0.000011 0.000000 0.000001 
0.000058 0.001621 0.030025 0.001619 0.000084 0.000403 0.000150 0.001722 0.027228 0.001319 0.000132 0.000008 0.000000 0.000001 0.000028 0.000826 0.015169 0.000834 0.000030 0.000022 0.000505 0.015259 0.451587 0.015217 0.000829 0.000048 0.000032 0.000840 0.015286 0.001642 0.015309 0.451923 0.015213 0.001242 0.015234 0.000836 0.000029 0.000001 0.000004 0.000049 
0.000432 0.014453 0.413912 0.014413 0.001190 0.014177 0.001672 0.015691 0.028596 0.001396 0.000467 0.000030 0.000001 0.000000 0.000001 0.000029 0.000415 0.000033 0.000018 0.000167 0.000997 0.000994 0.015320 0.002058 0.015260 0.000837 0.000444 0.015249 0.451748 0.015218 0.001244 0.015271 0.000830 0.000057 0.000415 0.000029 0.000001 0.000004 0.000093 0.001323 
0.000586 0.000841 0.014443 0.001193 0.014175 0.397850 0.030722 0.406147 0.015592 0.001321 0.015263 0.000829 0.000038 0.000002 0.000000 0.000004 0.000050 0.000167 0.000291 0.002726 0.016805 0.002708 0.001899 0.029774 0.451060 0.015174 0.000443 0.000839 0.015248 0.000830 0.000085 0.000811 0.000056 0.000003 0.000010 0.000001 0.000001 0.000047 0.001288 0.027247 
0.010938 0.000585 0.000423 0.000057 0.000823 0.014727 0.001655 0.014385 0.001669 0.015310 0.451813 0.015211 0.000829 0.000038 0.000004 0.000068 0.000975 0.005134 0.003991 0.033303 0.230865 0.031781 0.017948 0.418931 0.029637 0.001635 0.000067 0.000031 0.000417 0.000065 0.000791 0.013982 0.000787 0.000028 0.000001 0.000000 0.000001 0.000032 0.000505 0.001352 
0.010896 0.000557 0.000032 0.000032 0.000860 0.015498 0.000909 0.001254 0.015104 0.001652 0.015306 0.001657 0.015277 0.000829 0.000061 0.000825 0.016032 0.134693 0.042376 0.281523 1.494939 0.250098 0.033959 0.017451 0.002204 0.015008 0.000819 0.000030 0.000046 0.000777 0.014019 0.380880 0.013928 0.000394 0.000009 0.000001 0.000028 0.000822 0.015051 0.000901 
0.000559 0.000042 0.000013 0.000439 0.015364 0.435749 0.015450 0.015619 0.441755 0.015016 0.001241 0.015287 0.451796 0.015182 0.000419 0.000122 0.001936 0.021936 0.235920 1.508995 15.130603 1.603336 0.280133 0.019477 0.016126 0.437225 0.014881 0.000435 0.000771 0.013325 0.002444 0.035325 0.001660 0.000056 0.000002 0.000010 0.000412 0.015055 0.441776 0.015544 
0.000022 0.000003 0.000029 0.000855 0.016025 0.016178 0.000906 0.000855 0.015046 0.000822 0.000066 0.000831 0.015249 0.000828 0.000029 0.000013 0.000235 0.003700 0.050818 0.371654 1.501040 0.241621 0.032673 0.003081 0.001021 0.015014 0.000898 0.000416 0.013307 0.352511 0.027608 0.351978 0.013245 0.000381 0.000009 0.000002 0.000057 0.001235 0.015076 0.000853 
0.000001 0.000010 0.000414 0.015206 0.450071 0.029882 0.001240 0.000067 0.000413 0.000028 0.000002 0.000029 0.000415 0.000028 0.000001 0.000004 0.000113 0.003093 0.067920 0.051985 0.232982 0.031023 0.004378 0.010319 0.000991 0.001403 0.002172 0.000227 0.002076 0.034976 0.002439 0.013353 0.001172 0.000055 0.000003 0.000038 0.000826 0.015155 0.001280 0.000063 
0.000001 0.000001 0.000038 0.001228 0.029623 0.410499 0.014409 0.000409 0.000019 0.000001 0.000000 0.000001 0.000010 0.000001 0.000000 0.000001 0.000042 0.001044 0.018591 0.004839 0.016975 0.003722 0.024775 0.247672 0.019972 0.022039 0.049156 0.003328 0.029190 0.381257 0.013983 0.001597 0.015086 0.000823 0.000066 0.000826 0.015155 0.446690 0.016353 0.000521 
0.000048 0.000004 0.000003 0.000085 0.002059 0.031490 0.001664 0.000320 0.000022 0.000001 0.000000 0.000000 0.000000 0.000000 0.000000 0.000000 0.000004 0.000103 0.001766 0.015216 0.002191 0.014722 0.418218 0.024478 0.003307 0.045505 0.004495 0.015420 0.448689 0.028975 0.001608 0.015096 0.441914 0.015012 0.001235 0.015158 0.001698 0.016516 0.028457 0.001477 
0.001314 0.000094 0.000015 0.000406 0.014647 0.419913 0.015100 0.008231 0.000535 0.000021 0.000001 0.000000 0.000000 0.000000 0.000000 0.000000 0.000011 0.000412 0.014933 0.435906 0.014932 0.002042 0.030328 0.002331 0.000248 0.002002 0.000298 0.001611 0.015245 0.001220 0.000086 0.000856 0.015626 0.001265 0.015149 0.445832 0.015170 0.002199 0.027631 0.002723 
0.026980 0.001314 0.000098 0.000035 0.000839 0.015281 0.008827 0.163443 0.007818 0.000264 0.000007 0.000000 0.000000 0.000000 0.000000 0.000004 0.000047 0.000032 0.000817 0.014907 0.001227 0.014514 0.414482 0.028656 0.001202 0.000154 0.001150 0.017066 0.001454 0.000080 0.000033 0.000854 0.015614 0.000880 0.000854 0.015120 0.000830 0.000179 0.002581 0.027387 
0.001435 0.001518 0.001461 0.000123 0.000588 0.009045 0.003592 0.055414 0.001986 0.000065 0.000002 0.000001 0.000009 0.000001 0.000004 0.000093 0.001278 0.000094 0.000033 0.000437 0.000461 0.001228 0.028780 0.405992 0.014317 0.000870 0.012690 0.255323 0.009508 0.000294 0.000419 0.015047 0.441815 0.014982 0.000439 0.000432 0.000031 0.000038 0.000552 0.001361 
0.001494 0.030527 0.031844 0.001709 0.008531 0.188572 0.041526 0.079275 0.003334 0.000518 0.000032 0.000030 0.000411 0.000030 0.000050 0.001323 0.027246 0.001316 0.000077 0.000801 0.014161 0.000876 0.002059 0.031100 0.001719 0.003228 0.089277 0.014663 0.000809 0.000033 0.000029 0.000823 0.015056 0.000822 0.000058 0.000426 0.000058 0.000823 0.015052 0.000901 
0.000135 0.001872 0.001486 0.000123 0.000588 0.009478 0.023904 0.020338 0.001979 0.015227 0.000859 0.000853 0.015021 0.000830 0.000078 0.001323 0.027247 0.001324 0.000445 0.014179 0.398097 0.014655 0.014695 0.396278 0.014085 0.000581 0.003189 0.000637 0.000093 0.000054 0.000007 0.000057 0.000825 0.000085 0.000832 0.015262 0.001239 0.015075 0.441794 0.015544 
0.000857 0.015033 0.000870 0.000042 0.000367 0.011751 0.289654 0.012861 0.015617 0.446932 0.015678 0.015589 0.440876 0.015366 0.000442 0.000104 0.001279 0.000095 0.000070 0.001627 0.030944 0.001655 0.000858 0.014125 0.000788 0.000036 0.000127 0.000528 0.001337 0.001492 0.000130 0.000831 0.015140 0.001239 0.015281 0.451936 0.015214 0.001236 0.015056 0.000852 
0.015561 0.436516 0.014875 0.000409 0.000035 0.000695 0.011470 0.000754 0.000857 0.015182 0.000858 0.000881 0.015849 0.016043 0.000855 0.000033 0.000048 0.000042 0.000812 0.014391 0.406651 0.014327 0.000841 0.000442 0.000030 0.000031 0.000874 0.016450 0.027032 0.033467 0.001888 0.015212 0.445885 0.015082 0.001241 0.015262 0.000829 0.000057 0.000413 0.000030 
0.002289 0.015036 0.000821 0.000029 0.000004 0.000052 0.000348 0.000036 0.000030 0.000415 0.000039 0.000444 0.015634 0.450909 0.015157 0.000414 0.000039 0.000823 0.015074 0.001618 0.014400 0.001625 0.015270 0.001249 0.000067 0.000416 0.015195 0.450006 0.016423 0.001905 0.000139 0.000830 0.015121 0.000825 0.000066 0.000417 0.000029 0.000002 0.000010 0.000001 
0.027067 0.001675 0.000074 0.000006 0.000063 0.000752 0.000104 0.000352 0.000027 0.000020 0.000002 0.000029 0.000837 0.015224 0.000827 0.000038 0.000413 0.015047 0.441822 0.015018 0.001234 0.015280 0.451552 0.030304 0.001240 0.000070 0.000829 0.015204 0.000878 0.000128 0.000010 0.000029 0.000414 0.000057 0.000416 0.000039 0.000011 0.000001 0.000000 0.000000 
0.001319 0.000102 0.000006 0.000046 0.001122 0.017471 0.002241 0.011592 0.000723 0.000440 0.000029 0.000002 0.000029 0.000415 0.000028 0.000002 0.000030 0.000853 0.015594 0.000881 0.000476 0.001271 0.030440 0.451789 0.015230 0.000579 0.000129 0.000768 0.000157 0.001332 0.000095 0.000006 0.000039 0.000837 0.015196 0.000854 0.000443 0.000029 0.000001 0.000001 
0.000049 0.000004 0.000009 0.000375 0.012292 0.297836 0.044774 0.283562 0.012317 0.015571 0.000836 0.000038 0.000002 0.000010 0.000001 0.000001 0.000029 0.000822 0.014739 0.001654 0.014364 0.000853 0.001274 0.015333 0.001941 0.006059 0.003800 0.011203 0.002312 0.029359 0.001361 0.000069 0.000445 0.015609 0.449868 0.015952 0.015609 0.000835 0.000033 0.000049 
0.000001 0.000000 0.000001 0.000045 0.001122 0.017468 0.002250 0.012006 0.015920 0.450971 0.015187 0.000825 0.000038 0.000002 0.000000 0.000009 0.000397 0.014158 0.398076 0.030792 0.406629 0.014280 0.000473 0.001378 0.018151 0.161512 0.127400 0.252763 0.019042 0.020440 0.001128 0.000483 0.000885 0.016040 0.016434 0.016053 0.449898 0.015134 0.000506 0.001336 
0.000000 0.000000 0.000000 0.000003 0.000063 0.000751 0.000097 0.000379 0.000854 0.015254 0.001648 0.015075 0.000821 0.000028 0.000001 0.000005 0.000074 0.000794 0.014176 0.001623 0.014361 0.000796 0.000032 0.000093 0.001175 0.006035 0.003798 0.011148 0.001026 0.001112 0.000913 0.015441 0.016024 0.450192 0.015577 0.001268 0.015209 0.000872 0.001310 0.027346 
0.000000 0.000000 0.000000 0.000000 0.000003 0.000027 0.000004 0.000010 0.000039 0.000827 0.015075 0.441794 0.014980 0.000410 0.000014 0.000093 0.001280 0.000120 0.000401 0.000056 0.000400 0.000028 0.000006 0.000102 0.001431 0.000262 0.000095 0.000350 0.000046 0.000453 0.015028 0.441004 0.015781 0.015613 0.000846 0.000058 0.000415 0.000032 0.000094 0.001326 
0.000000 0.000000 0.000000 0.000000 0.000000 0.000001 0.000000 0.000000 0.000002 0.000039 0.000854 0.015613 0.000852 0.000031 0.000049 0.001323 0.027252 0.001316 0.000058 0.000003 0.000010 0.000002 0.000051 0.001419 0.030329 0.001415 0.000053 0.000010 0.000002 0.000031 0.000853 0.015590 0.000880 0.000453 0.000030 0.000002 0.000010 0.000001 0.000004 0.000050 
