0.096863 0.395938 1.579531 4.877282 1.767381 1.115821 1.677061 0.737050 0.213065 0.047665 0.009120 0.003685 0.014663 0.080724 0.388286 1.556164 4.805147 1.780628 1.357353 2.862029 2.430228 0.650716 0.151404 0.030260 0.005518 0.002043 0.004929 0.014583 0.030400 0.036002 0.064384 0.166776 0.534220 1.911559 0.410176 0.086070 0.020377 0.015537 0.042354 0.115958 
0.137216 0.618968 3.100254 15.121928 3.614491 3.141030 7.496798 2.529638 0.618909 0.124647 0.021985 0.006383 0.019781 0.112726 0.610986 3.115577 15.986310 3.480339 2.873813 10.633096 4.067317 1.101794 0.246737 0.048091 0.009121 0.005259 0.016884 0.056404 0.133500 0.139377 0.224471 0.454912 0.950444 0.810539 0.315221 0.105549 0.040151 0.041725 0.112567 0.415457 
0.090519 0.311673 1.131578 3.279765 2.535379 7.778185 37.908558 7.308139 1.412334 0.254472 0.042608 0.010202 0.017773 0.070249 0.292429 1.095427 3.196130 1.524226 1.855359 4.075373 9.872580 2.016217 0.389557 0.073314 0.015887 0.013909 0.053690 0.211248 0.632097 0.555903 0.901044 1.777382 4.402899 1.846994 0.852269 0.325058 0.145328 0.148172 0.245150 0.232126 
0.150117 0.285487 0.432182 0.915795 1.442290 3.435906 7.723563 3.347470 0.990220 0.233309 0.048845 0.020091 0.040815 0.092681 0.196067 0.355301 0.807552 0.992739 2.608598 1.813033 2.344206 0.727005 0.193610 0.070849 0.029755 0.028843 0.114599 0.575576 2.864129 1.879583 3.197231 5.480651 22.011877 5.296053 2.980557 1.072942 0.547868 0.675158 1.230938 0.736262 
0.627763 1.152448 0.687997 0.893938 2.173307 2.063136 3.294505 5.273231 1.762217 0.432887 0.097127 0.061172 0.166985 0.358593 0.624398 0.380785 0.468889 0.981444 3.918299 1.250964 0.733289 0.250874 0.177725 0.238404 0.125135 0.055082 0.071139 0.241661 0.766463 1.100435 2.889272 2.325258 4.538899 1.977257 1.730492 2.988850 1.846177 2.727866 6.354262 2.900329 
2.470616 5.938380 2.309526 2.265481 9.002528 4.036882 6.012483 23.679731 4.589698 0.890656 0.183453 0.156282 0.612483 1.433929 2.921004 1.172509 0.746760 1.445248 7.566584 1.616980 0.726092 0.361204 0.677199 1.279682 0.607932 0.213899 0.095597 0.134888 0.407054 1.476841 6.719980 1.737628 1.177328 0.980234 2.848320 13.206171 5.539556 8.531371 31.544594 8.572860 
6.928083 30.017265 5.933484 2.153068 3.923305 6.929949 3.855661 5.256878 1.914878 0.530784 0.145013 0.166765 0.791505 3.172604 13.238616 3.600049 1.603399 2.183568 11.007433 2.209965 1.228255 0.993766 2.460479 5.956316 2.462016 0.872985 0.308947 0.212236 0.300737 0.895255 2.555975 0.929469 0.406864 0.372284 1.011611 2.797902 1.805498 2.722109 6.360190 2.922916 
2.570946 5.942441 2.201959 1.705736 6.198284 29.681740 6.222843 2.547748 1.941223 0.750864 0.220043 0.135829 0.493496 1.674723 4.571221 3.234328 2.900950 3.544466 14.545367 3.759625 2.972447 2.616698 6.967275 25.087681 6.464607 2.466625 1.018509 0.726303 0.606263 1.535241 4.314446 1.434069 0.390165 0.166743 0.289484 0.605877 0.473766 0.670154 1.252288 0.813755 
0.964676 1.172435 0.600369 0.666971 2.129923 6.069259 2.682401 3.141800 7.514886 2.541212 0.635696 0.209232 0.476023 1.538243 4.030542 4.113243 4.563317 5.644621 13.372897 5.633949 6.091517 4.199142 5.741020 16.786167 6.681894 6.955822 2.966688 2.352181 1.407008 3.856801 17.313354 3.416982 0.676920 0.168447 0.169014 0.305805 0.191208 0.175741 0.299575 0.538538 
0.305817 0.241601 0.146936 0.216501 0.655597 1.555392 1.926613 7.530907 37.664284 7.340765 1.447810 0.384808 0.744658 2.517630 10.576392 10.556229 10.258286 11.144377 16.212751 14.033427 22.506008 8.373570 6.867191 13.835167 6.961972 4.704538 3.156917 1.775259 1.137473 1.946668 3.738659 1.281658 0.341914 0.171970 0.397310 1.012221 0.385967 0.128632 0.084373 0.116591 
0.063173 0.052765 0.051956 0.128945 0.550763 0.906506 0.832558 2.640846 7.682495 3.458873 1.012986 0.356373 0.651884 1.573195 5.150125 7.407983 14.214908 18.312809 20.638857 19.867172 26.005119 11.508258 9.327571 12.277779 14.469006 6.492391 6.269138 3.356952 2.219372 3.469562 1.759385 0.585593 0.199480 0.286013 1.136948 4.913746 1.078469 0.236676 0.057849 0.030902 
0.023711 0.038534 0.064811 0.067944 0.137255 0.222615 0.368064 0.853707 2.367325 5.065135 1.601701 0.690276 0.973914 1.633680 4.624335 9.601267 33.121208 26.715919 25.569931 24.952850 28.015673 15.418634 13.415848 15.135034 16.693546 13.597110 21.429703 9.711633 6.273704 13.724980 3.223579 0.743633 0.240277 0.384369 1.225374 3.646149 1.015225 0.240932 0.051646 0.014116 
0.054506 0.139647 0.288091 0.147767 0.088392 0.168769 0.684600 0.419708 0.790953 1.963335 2.008451 1.309832 1.675521 2.385689 5.075373 8.748544 18.075075 38.426620 32.037464 30.764433 31.748735 19.966249 18.325445 19.986303 22.363045 29.441843 23.479063 26.360916 8.060052 6.569414 2.276823 0.819375 0.445677 0.899170 2.476152 5.506040 1.239853 0.267550 0.052696 0.011194 
0.173504 0.539652 1.444992 0.533075 0.165748 0.134445 0.410168 0.462586 0.740705 1.767249 6.426638 3.811551 3.518806 4.137912 6.545169 11.911342 17.977448 31.492077 34.737411 36.003727 38.463284 27.079937 25.356195 25.276703 25.345842 24.978674 19.000364 15.609136 9.730257 10.660380 3.138613 1.986431 1.326251 2.799934 7.757264 3.478369 0.967177 0.217792 0.042562 0.008903 
0.392971 1.576275 7.157907 1.532752 0.343728 0.122230 0.135298 0.148497 0.419901 0.905926 2.595374 3.516967 4.925641 6.468220 9.438129 15.066230 39.755779 42.123089 42.801720 41.892979 41.997341 32.921951 31.108543 31.179424 27.027002 22.819256 17.087420 12.518620 8.570956 6.360292 4.268387 6.694559 3.734959 7.987263 37.323368 7.366426 1.433968 0.260106 0.044914 0.010968 
0.370410 1.275265 4.243515 1.268344 0.364773 0.215324 0.206477 0.329986 0.888047 1.164149 2.383510 4.109033 6.348062 8.664406 12.062798 15.562027 26.168510 32.228649 38.324780 43.398727 48.000072 43.189205 44.288670 33.873047 29.521744 23.402517 18.278763 14.769170 13.830296 13.093327 13.326833 26.579214 6.628836 3.837358 7.625924 2.553625 0.625248 0.129723 0.031945 0.023820 
0.400935 1.584726 7.193517 1.587633 0.547804 0.717336 0.669980 0.978452 1.202746 2.636958 4.956746 6.853714 9.347053 11.973404 15.593532 18.557188 24.747118 30.984316 38.283680 44.850948 52.542389 49.245998 46.862103 37.890965 34.472549 31.894844 28.054291 29.655905 37.523762 12.502094 8.244696 8.061412 2.919756 1.451137 1.533300 0.635780 0.183758 0.056652 0.053823 0.102159 
0.211390 0.557216 1.476650 0.661357 0.760685 2.843301 2.047755 3.852016 3.111145 6.087214 10.374619 10.159415 12.115519 15.054562 18.984991 22.494452 27.500162 33.514595 40.437496 47.510464 55.801022 54.867798 51.742123 45.613293 43.848293 29.210762 24.314825 19.805157 17.385185 9.362681 5.473660 3.337783 1.433962 0.548452 0.327169 0.139058 0.061885 0.082587 0.192329 0.472049 
0.217385 0.183304 0.327733 0.284140 0.543433 1.253364 1.254258 2.291162 4.759702 9.871149 35.035927 21.632750 19.816172 21.572857 24.949253 28.500700 33.334911 38.081451 44.233768 50.946819 58.773685 60.525723 53.752831 46.999062 37.837246 30.527262 23.968594 17.832098 13.139839 8.266903 4.802177 2.499439 1.024977 0.355007 0.100757 0.050896 0.094772 0.293900 0.659990 0.477819 
0.177754 0.087694 0.148997 0.389244 1.154987 2.516298 1.977284 3.019406 7.025129 8.136337 16.915012 18.310284 23.460846 27.258358 30.711973 33.850220 37.967503 44.199848 49.472763 56.800560 64.373985 62.897068 55.106091 47.190830 39.006096 32.302582 25.028084 18.718950 13.818739 9.548637 6.255641 3.562671 0.960531 0.381442 0.070616 0.076860 0.298936 1.145986 3.244008 1.536149 
0.048157 0.070345 0.271042 1.069132 3.453314 8.186376 7.055680 8.816311 21.775473 14.241038 14.887240 18.953543 41.454807 45.025883 47.559189 47.471275 47.436733 48.260551 53.374065 60.816116 72.181076 65.819763 58.631294 51.003613 44.200848 36.567802 23.333508 18.116343 12.361465 8.288995 5.050920 2.717830 1.026976 0.370651 0.089914 0.159877 0.718626 3.371531 16.095060 4.399550 
0.032494 0.133350 0.658728 2.729560 8.046979 5.484563 4.088112 5.300926 8.782090 8.460469 9.784099 13.030926 19.007914 23.161457 27.179178 31.178432 35.654972 40.980652 46.914238 54.026604 62.027042 61.075123 53.419636 45.325157 38.281757 31.013073 23.349743 17.878696 12.547897 8.739204 4.453223 3.485148 0.959321 0.395656 0.127027 0.260954 0.851094 2.361607 3.776052 1.697301 
0.044201 0.240923 1.390530 7.260994 32.371651 11.292874 5.639730 4.893893 5.869435 6.708614 8.054587 10.241357 13.590009 17.164503 21.277435 25.847538 30.772448 36.250191 42.201366 47.923187 55.527363 56.751743 50.337299 42.443935 35.690006 29.194857 21.789642 16.766211 11.567009 7.588782 4.002645 2.446326 1.304778 0.576826 0.345397 0.812706 2.479223 7.006167 2.922127 1.047387 
0.027968 0.128561 0.642468 2.666513 7.888506 5.390218 3.322266 3.316905 4.241143 5.147638 6.228861 7.781909 10.057972 12.898107 16.641832 21.010725 25.707584 31.635075 36.844601 43.632751 50.248379 50.696327 48.774727 40.055355 32.965321 27.909536 20.202112 16.120255 15.638513 10.029902 4.250021 3.279651 3.476053 1.508953 1.132904 2.590275 7.310432 34.396210 6.774162 1.552306 
0.027491 0.053910 0.215274 0.791544 2.113913 2.940854 1.765042 1.862045 2.774416 3.607097 4.474500 5.673675 7.496827 9.903958 13.406422 17.365988 21.835842 27.472692 32.251644 40.844841 44.653996 44.931427 42.325977 33.373329 29.085890 24.833889 20.194485 22.352509 36.498913 12.355577 7.281022 8.179292 12.860408 3.551142 3.176195 7.309571 4.593580 7.359244 2.868766 0.822527 
0.093640 0.055185 0.098672 0.336372 1.194104 3.838756 1.645860 1.699025 2.242433 2.540037 3.065743 3.949248 5.436135 7.475870 10.752429 14.183296 18.458721 23.308420 28.102486 36.613098 37.542397 38.110836 34.863121 29.109695 24.177006 19.523504 14.458268 12.062422 11.860722 10.291723 5.192377 3.889544 4.663285 4.141874 8.534277 31.899237 7.024665 2.598769 1.280859 0.465601 
0.418406 0.154856 0.128017 0.166844 0.455294 1.103908 0.733722 1.658546 1.408600 1.452587 1.884803 2.621192 3.882569 5.669258 8.723310 11.585880 15.574400 19.254341 24.131372 25.797092 31.577234 32.843700 31.888317 24.689594 20.837873 18.666285 14.715814 11.860671 6.836088 4.533485 2.955217 3.140676 4.401969 2.128654 2.793757 6.763766 2.436442 0.879358 0.513607 0.643315 
0.292140 0.419698 0.488322 0.261227 0.421750 1.051603 0.799660 1.563771 0.886669 0.917378 1.262573 1.856948 2.964445 4.568670 7.302214 9.421844 13.071951 14.982553 17.756470 20.852055 28.736275 27.100290 24.906061 21.679932 16.708097 16.536095 18.110966 19.162346 5.626004 2.776981 1.825119 3.817941 12.590210 3.083171 1.289594 1.619904 0.795569 0.527657 0.741243 0.517120 
0.546134 1.875493 2.361420 0.736783 1.038636 4.109591 1.739152 1.564504 0.782059 1.156626 1.241526 1.656222 2.887182 4.250358 6.145671 7.284706 10.178576 10.056024 13.242491 16.306240 25.036983 21.520651 20.461267 15.208167 12.870900 13.742061 20.277321 8.867233 3.989201 1.504901 0.777797 1.315937 3.125287 1.366237 1.032490 1.707161 1.006745 1.328991 3.282441 1.543866 
0.660040 1.263966 0.841760 0.349281 0.430037 1.176948 1.716308 0.960248 1.275348 3.474752 2.103649 2.334883 5.012380 4.963187 4.622549 4.631871 5.666615 6.217254 9.526140 12.867272 19.777386 16.797470 19.711882 13.228592 9.194445 8.212946 8.156088 5.281973 2.505277 1.161122 0.591496 0.884469 1.805381 1.374423 2.772769 7.576464 3.117529 3.769517 16.080406 4.373224 
1.942465 4.467161 1.564338 0.444734 0.330160 1.122010 4.806964 1.559723 3.173141 13.576987 4.350536 4.504898 13.046025 6.404995 3.245685 2.462636 2.998565 3.805747 7.198268 10.500702 11.380158 11.406431 14.537840 7.469535 7.304116 5.689874 5.737191 4.780276 2.335757 1.497242 0.974682 2.264568 6.137059 3.400412 7.907660 38.167545 7.487604 2.454957 3.452051 1.544498 
5.249389 21.779804 4.176172 0.812785 0.236223 0.387813 1.017855 0.611202 1.169939 3.090580 1.662004 2.143303 5.519683 9.758401 3.569022 1.530859 1.697821 2.443373 6.796702 7.434744 9.796521 8.592465 14.890263 5.535570 3.781789 3.421411 5.088699 9.707209 3.806703 2.876957 1.947111 6.151946 29.327000 6.249441 3.620670 7.613286 2.607796 0.889392 0.749394 0.406527 
2.045166 4.360158 1.468956 0.367664 0.107117 0.119508 0.225613 0.189440 0.333501 0.694022 0.645710 1.740729 7.506125 31.061064 7.019455 1.656334 1.151959 2.510674 9.281789 5.859258 4.985240 6.963433 18.811529 6.674859 3.248195 2.716410 7.749119 29.398199 6.899352 1.980153 0.976557 2.151190 5.874953 2.269005 1.334345 1.612046 0.713773 0.261916 0.160600 0.090590 
0.834905 0.881684 0.375861 0.118326 0.065731 0.113375 0.154774 0.159764 0.219521 0.378009 0.324980 0.726437 2.582707 6.956026 2.489545 0.791305 1.109568 4.398866 19.369970 6.604184 4.435840 8.606832 28.105577 13.924149 4.526380 1.799211 2.722008 6.862043 2.514399 0.795702 0.350753 0.587826 1.302312 1.176973 1.685774 0.994498 0.535483 0.206580 0.073049 0.028787 
0.177063 0.169903 0.085805 0.057292 0.137322 0.415506 0.539276 0.564206 0.735664 1.426789 0.672105 0.377717 0.670809 1.365801 0.623252 0.267218 0.492777 1.736203 5.293121 3.136826 2.081125 4.002232 13.118428 35.676193 7.855960 2.048229 1.028497 1.512216 0.758199 0.508486 0.218919 0.309180 0.941010 2.890129 7.713645 3.158369 1.994554 0.731479 0.198888 0.053866 
0.033826 0.031591 0.026584 0.070273 0.335085 1.664552 2.234031 2.211063 2.775820 7.455861 2.558677 0.745319 0.296823 0.273922 0.134754 0.079069 0.196252 0.709678 2.328223 1.741484 1.636913 1.536883 3.832096 7.691013 2.866857 1.749881 0.914873 0.798609 0.588967 1.587712 0.441383 0.587746 2.090942 8.899509 39.169037 9.801474 8.738732 2.716935 0.645625 0.162244 
0.006867 0.006183 0.009285 0.033665 0.134433 0.439683 0.725203 1.757157 7.517317 38.108761 7.459367 1.924967 0.516402 0.152590 0.049010 0.039391 0.138528 0.580265 2.138634 1.723683 2.588565 0.884847 0.970118 1.568610 1.049231 1.625380 2.567430 2.056653 0.601847 0.532602 0.527911 1.341122 3.429290 10.200121 11.230701 10.445758 38.669353 7.322714 1.392418 0.355920 
0.008443 0.002081 0.002942 0.010943 0.038825 0.109428 0.229459 0.703552 2.603191 7.661645 3.549178 3.591621 1.173154 0.293647 0.066384 0.031006 0.074067 0.221196 0.581435 0.589745 0.679972 0.294284 0.228280 0.320725 0.331780 0.448208 0.635783 0.509930 0.254880 0.413206 1.340783 4.410257 8.619719 38.969391 9.168387 4.453512 7.774739 2.567275 0.690710 0.536199 
0.001142 0.000444 0.000761 0.002796 0.009269 0.025167 0.062527 0.210108 0.729455 1.983591 3.676068 15.135308 3.027335 0.602191 0.118186 0.050694 0.097870 0.087677 0.142303 0.149962 0.154136 0.079186 0.068227 0.146611 0.353961 0.188151 0.157995 0.131336 0.163808 0.651479 3.200806 15.589084 5.501759 8.151972 3.009701 1.351653 1.534010 0.642247 0.206961 0.133848 
0.000162 0.000090 0.000191 0.000691 0.002207 0.006076 0.017388 0.063046 0.223178 0.661756 1.707949 4.870100 1.564023 0.391623 0.098571 0.102920 0.403067 0.107479 0.050572 0.040033 0.037529 0.028195 0.065558 0.309111 1.489914 0.319078 0.086424 0.048243 0.096014 0.405289 1.616379 5.032651 2.278893 2.018712 0.887121 0.386766 0.327067 0.152945 0.055637 0.034375 
