0.009823 0.080997 0.570189 2.780470 0.584672 0.196896 0.449981 0.116340 0.018000 0.002074 0.000199 0.000081 0.000822 0.008870 0.079801 0.561849 2.730328 0.601848 0.382268 1.401740 1.308253 0.207254 0.026564 0.002822 0.000263 0.000084 0.000442 0.002213 0.006540 0.004887 0.007759 0.021729 0.135415 0.940396 0.115662 0.013444 0.001707 0.001979 0.012153 0.056574 
0.024930 0.227631 1.905085 13.147380 1.977292 1.020181 3.836346 0.787102 0.105175 0.010954 0.000965 0.000235 0.001993 0.022560 0.224885 1.886789 13.057341 1.990584 1.402539 8.417274 2.280397 0.385508 0.049657 0.005250 0.000516 0.000428 0.002885 0.015754 0.052540 0.036431 0.053113 0.090157 0.268749 0.205652 0.073099 0.018924 0.004258 0.006365 0.044559 0.303523 
0.008918 0.067198 0.441937 1.937434 0.874640 3.946456 29.734110 3.775741 0.407679 0.037629 0.003074 0.000468 0.001411 0.008456 0.065837 0.434627 1.891473 0.555674 0.788066 2.203063 8.016075 1.072628 0.122630 0.012177 0.001283 0.002004 0.015330 0.094960 0.390777 0.243736 0.373137 0.636044 2.264780 0.650432 0.367174 0.104465 0.022989 0.015329 0.044424 0.058449 
0.012233 0.041664 0.080104 0.281002 0.414259 1.344987 3.900815 1.082817 0.185611 0.023882 0.002750 0.001905 0.007147 0.014303 0.034880 0.075273 0.266841 0.423108 2.556840 0.693960 1.127566 0.240726 0.035073 0.006713 0.001806 0.005566 0.048235 0.369560 2.415349 1.254217 2.105688 3.177499 17.224184 3.066506 2.048008 0.512899 0.124688 0.120425 0.370635 0.127394 
0.100533 0.331290 0.114801 0.207392 0.912856 0.561154 1.058321 2.752488 0.592142 0.082979 0.010512 0.011892 0.056254 0.110380 0.235905 0.075391 0.058330 0.187991 0.980700 0.222311 0.148868 0.038632 0.016763 0.037379 0.011241 0.004092 0.016246 0.098885 0.423930 0.477864 1.700115 0.871263 2.299247 0.687091 0.771497 1.860680 0.613624 0.865100 3.337384 0.910119 
0.726342 3.043570 0.713751 0.885450 6.437696 1.690894 3.100756 19.366867 2.601154 0.295987 0.033837 0.050877 0.364497 0.741064 1.933568 0.442748 0.081021 0.107701 0.554640 0.103373 0.030454 0.022462 0.106343 0.406319 0.106007 0.019814 0.009381 0.027035 0.131810 0.703407 4.903028 0.743411 0.345881 0.307921 1.816016 11.955421 2.995052 4.436376 24.939058 4.610868 
3.392765 23.420847 3.026459 0.593904 1.546725 3.582590 1.321097 2.750303 0.622259 0.092956 0.014067 0.033676 0.275289 1.983357 13.502968 1.904259 0.231966 0.049318 0.086618 0.032553 0.044654 0.115050 0.792498 3.828039 0.794156 0.134694 0.049222 0.038204 0.049186 0.245801 1.167253 0.247945 0.064626 0.075278 0.421738 1.781515 0.600954 0.863744 3.338850 0.918845 
0.789266 3.050228 0.669755 0.458881 3.270693 23.854856 3.222512 0.749482 0.518882 0.120824 0.018987 0.012432 0.086067 0.568865 2.704631 0.562190 0.092212 0.051299 0.034168 0.091087 0.344550 0.488741 3.841219 29.869160 3.826301 0.633446 0.342656 0.281911 0.135828 0.531039 2.422067 0.509121 0.075022 0.019924 0.066932 0.227077 0.088379 0.117735 0.379025 0.171511 
0.364035 0.360580 0.100528 0.111936 0.701941 3.250364 0.796881 0.911466 3.835618 0.790261 0.106670 0.019756 0.077973 0.534659 2.560737 0.548025 0.156017 0.298613 0.134227 0.609477 2.772990 0.698386 0.880939 3.895526 1.129712 1.568590 2.071170 2.027933 0.588963 2.226162 14.882959 2.038274 0.236848 0.029826 0.038581 0.115118 0.039229 0.022513 0.077214 0.318399 
0.131954 0.049479 0.014881 0.027520 0.149521 0.489225 0.515449 3.837370 29.757383 3.802300 0.414240 0.059501 0.215813 1.778437 12.281285 1.862275 0.677644 0.834050 0.463803 2.834221 20.438423 2.734068 0.442070 0.682409 1.295175 0.590255 0.635250 0.393846 0.200581 0.669531 2.122532 0.468245 0.070654 0.037633 0.183293 0.697858 0.181218 0.032285 0.016450 0.047766 
0.018567 0.007349 0.007850 0.045306 0.324256 0.355055 0.162007 0.809872 3.914202 1.275536 0.206467 0.031518 0.063710 0.418972 1.863540 1.134208 3.576788 1.141141 0.295288 0.648215 2.912822 0.619251 0.217695 1.169348 8.569179 1.893417 2.687695 0.941615 0.539114 1.742993 0.600902 0.118746 0.028010 0.102632 0.732655 4.357544 0.715250 0.098571 0.012850 0.007009 
0.003221 0.005550 0.015184 0.015041 0.050428 0.061515 0.078069 0.168314 0.900788 4.102866 0.554916 0.066425 0.019386 0.095167 0.586317 3.555786 26.886351 6.404178 1.055332 0.269978 0.638521 0.134807 0.063930 0.335306 1.852667 4.780051 18.404488 5.628537 2.586248 12.492419 1.692177 0.201691 0.031171 0.086151 0.543236 2.651969 0.505070 0.073000 0.008668 0.001506 
0.007994 0.038790 0.126598 0.040602 0.018945 0.058062 0.359288 0.082512 0.164737 0.642150 0.650936 0.120352 0.017509 0.022709 0.164787 1.163815 6.886132 23.061947 3.273878 0.678838 1.781740 0.237499 0.077487 0.295503 2.318396 15.919180 7.514235 25.620970 3.947623 3.682198 0.759263 0.143800 0.049852 0.208501 1.138697 4.475435 0.732962 0.100298 0.011337 0.001224 
0.043860 0.247012 0.984887 0.245308 0.045291 0.051083 0.296571 0.055299 0.083912 0.609394 4.536528 0.546310 0.056432 0.018796 0.131055 0.962348 4.683734 4.721432 1.135269 0.813222 4.102686 0.503398 0.271484 0.144780 0.515941 2.255553 1.378384 3.433792 2.348148 12.208524 1.749051 0.607238 0.232951 0.839806 4.016329 1.484323 0.285309 0.040668 0.004684 0.000545 
0.147993 1.021594 6.371508 1.001078 0.135349 0.031286 0.049729 0.030154 0.069455 0.125991 0.558327 0.109363 0.016812 0.038110 0.401008 3.644266 25.843491 4.746454 1.357173 1.176405 3.496715 0.854023 1.589511 0.441276 0.166822 0.282180 0.198818 0.496372 0.861512 1.851803 1.169627 3.925951 1.200551 3.943304 29.938368 3.861386 0.430435 0.041723 0.003773 0.000913 
0.097283 0.600418 2.990074 0.598749 0.105213 0.072642 0.064441 0.121830 0.418004 0.081826 0.099239 0.025483 0.005078 0.011424 0.105121 0.781092 3.723798 1.268800 1.417776 1.906698 4.442714 3.659062 8.524883 1.638444 0.491770 0.138383 0.140031 0.835924 3.930314 1.379344 3.993371 29.956282 3.879381 1.194369 3.872117 0.799436 0.108508 0.011871 0.002713 0.005933 
0.150225 1.023371 6.382450 1.019310 0.239739 0.441399 0.362523 0.524178 0.454874 0.172790 0.420331 0.108375 0.019475 0.004718 0.017916 0.116905 0.499474 0.529869 1.445646 2.440001 5.236761 4.627676 4.844800 1.484532 2.175541 0.557969 0.488027 3.848118 29.876207 3.893117 1.201995 3.880780 0.808354 0.210958 0.417973 0.107013 0.016852 0.004051 0.012089 0.047117 
0.061136 0.251656 0.992889 0.300886 0.444009 2.481732 1.838324 2.863040 0.607953 0.869428 3.846134 0.798875 0.140873 0.022703 0.011717 0.052978 0.224323 0.712972 1.676655 3.527702 6.328854 7.059380 6.157298 4.265342 12.895084 2.072287 0.382526 0.823681 3.839784 0.808169 0.226171 0.464723 0.122975 0.029994 0.038999 0.011398 0.003713 0.012447 0.064917 0.314843 
0.127230 0.056391 0.132258 0.068377 0.187826 0.754387 0.446375 0.595293 0.764582 3.923086 29.921251 3.875121 0.789237 0.152947 0.060463 0.159975 0.560998 1.410270 2.409858 4.347021 8.666147 10.457738 10.627354 6.100019 3.132468 0.912093 0.201522 0.133417 0.413431 0.127058 0.119931 0.384478 0.101339 0.018067 0.005221 0.002520 0.011174 0.066218 0.238669 0.128934 
0.119603 0.023159 0.024274 0.074196 0.429238 1.740633 0.542260 0.635376 2.126142 1.256409 4.003345 1.546743 3.488960 0.957272 0.351220 0.405343 1.122018 5.129762 5.330391 8.133197 15.625304 13.493793 7.944419 4.205012 1.932454 1.354678 0.367794 0.077135 0.061816 0.098912 0.385035 2.215804 0.359793 0.050203 0.006735 0.008069 0.065401 0.442601 1.928541 0.564422 
0.018004 0.007844 0.036842 0.290557 1.928882 10.548225 2.162508 2.608721 14.129715 2.094725 1.023536 3.504694 21.467930 7.687042 4.801992 3.533558 3.225677 3.633212 6.312490 13.264827 39.703045 20.233215 13.283994 9.460074 8.581985 5.777289 1.008925 0.178027 0.101263 0.305658 0.382397 1.367134 0.264692 0.039921 0.007053 0.024974 0.236902 1.950259 13.459793 2.597488 
0.003251 0.012156 0.112115 0.847490 4.200706 2.368687 0.590157 0.569256 2.003260 0.471000 0.205333 0.770685 3.385810 0.947332 0.366329 0.421568 0.937564 1.992475 3.465167 7.091493 14.329074 11.311503 7.252649 3.952297 2.505292 1.712110 0.457621 0.211279 0.403325 1.750477 0.965608 1.554241 0.292439 0.047338 0.009425 0.025731 0.163215 0.814413 2.024026 0.572781 
0.003398 0.037110 0.409651 3.854753 30.022352 4.366782 0.581739 0.135144 0.240638 0.068933 0.029856 0.105594 0.387786 0.117082 0.066673 0.162931 0.465794 0.938221 2.275238 4.413496 7.344231 7.677968 7.181464 3.401204 1.765004 1.028491 0.503609 0.651249 0.913015 1.328994 0.402885 0.358660 0.300273 0.079375 0.032822 0.134529 0.750115 3.571017 0.958306 0.188917 
0.001699 0.011855 0.113079 0.856681 4.293455 3.506034 0.563906 0.085216 0.032304 0.008594 0.003460 0.011077 0.036045 0.011961 0.010884 0.045370 0.153549 0.492458 1.037737 3.721502 4.186522 4.673044 8.250768 3.227351 1.464613 2.101039 0.995453 1.031417 4.373724 2.747592 0.535757 0.535233 1.927456 0.455786 0.195655 0.755210 3.604230 27.205114 3.516853 0.424967 
0.005889 0.004099 0.023406 0.163835 0.806334 2.180939 0.418936 0.074798 0.013595 0.002296 0.000504 0.000984 0.002877 0.001011 0.001370 0.010650 0.051886 0.242166 0.739354 3.974607 2.606320 3.023912 6.345943 1.382287 0.418999 0.609469 0.587786 3.840272 28.662132 4.067164 0.716650 1.973926 13.355386 1.980585 0.961541 3.624168 1.460004 3.658390 1.076167 0.173474 
0.045183 0.011780 0.013817 0.093880 0.656731 3.917932 0.639351 0.190248 0.037804 0.005932 0.000800 0.000211 0.000353 0.000140 0.000249 0.002899 0.029394 0.185364 1.117578 5.847983 1.866271 1.468773 2.591681 0.665374 0.163030 0.123571 0.200096 0.992517 3.838176 0.840760 0.200378 0.580638 2.720360 0.940046 3.591803 27.325573 3.557899 0.803724 0.479722 0.128645 
0.297978 0.051980 0.023487 0.031756 0.167167 0.659483 0.301308 0.757328 0.126551 0.019358 0.002847 0.001030 0.001976 0.000723 0.000441 0.002131 0.012956 0.056135 0.309490 1.089294 0.595084 1.096576 4.783554 1.162507 0.230892 0.131043 0.561781 2.042892 0.777727 0.167072 0.103478 0.567410 2.695505 0.658073 0.807899 3.517081 0.737582 0.154838 0.133267 0.358210 
0.080241 0.114082 0.156149 0.047314 0.109027 0.460303 0.336078 1.175195 0.183459 0.045019 0.011394 0.009194 0.022718 0.007586 0.002921 0.010360 0.046323 0.019866 0.055301 0.183501 0.290887 0.723720 1.372530 2.868212 0.543472 0.574800 3.532513 15.590477 1.938641 0.229529 0.247280 1.919551 13.338526 1.899452 0.332936 0.433883 0.121881 0.087356 0.247282 0.134098 
0.127173 0.803848 1.313410 0.232435 0.414616 2.767980 0.856696 0.722300 0.176546 0.245006 0.083036 0.081006 0.226993 0.067228 0.017379 0.048954 0.350135 0.050831 0.031048 0.137517 0.624515 0.299058 0.574987 1.838876 0.555679 1.767334 14.191600 3.471372 0.528032 0.071538 0.072769 0.448989 1.940481 0.462714 0.182004 0.455781 0.180602 0.458496 1.932091 0.564977 
0.114535 0.417334 0.230068 0.056515 0.104179 0.503293 0.891240 0.364154 0.487800 1.938025 0.572661 0.570104 1.903784 0.468193 0.079988 0.055565 0.307959 0.054130 0.071344 0.487014 3.763677 0.596425 0.561102 2.480448 0.461115 0.379929 1.694037 0.536775 0.104457 0.039477 0.032884 0.159270 0.584839 0.261941 0.820945 3.865041 1.015267 2.022927 13.478093 2.594255 
0.602086 2.434458 0.530225 0.083701 0.084236 0.592294 3.979889 0.785794 1.989681 13.345526 2.762312 2.786190 13.159166 2.248676 0.326805 0.048404 0.048080 0.024661 0.081306 0.383597 2.063868 0.411928 0.208878 0.421530 0.117571 0.073681 0.271515 0.470627 0.176436 0.277341 0.151611 0.703253 3.246522 1.086199 3.931018 29.946991 3.838019 0.841566 1.963971 0.558811 
2.691719 17.665054 2.327295 0.262935 0.044841 0.131976 0.557710 0.191645 0.462692 1.935074 0.582915 0.673724 2.684826 4.263186 0.850052 0.114734 0.029225 0.084600 0.338078 0.534015 2.598298 0.560487 0.500635 0.204744 0.057105 0.116672 0.809672 3.872599 1.123632 2.346391 0.725124 3.340967 24.132090 3.238168 1.139002 3.870921 0.801037 0.169623 0.239430 0.080912 
0.675458 2.385494 0.511065 0.072047 0.012505 0.024093 0.070429 0.033838 0.070983 0.236843 0.119136 0.487627 4.058702 29.962997 3.780306 0.410683 0.111803 0.535537 2.440564 0.653185 0.611942 0.932048 3.961425 1.199497 0.248275 0.434455 3.834946 29.887550 3.826646 0.661559 0.184750 0.696328 3.191343 0.698960 0.234115 0.428913 0.112108 0.024636 0.024825 0.009133 
0.365893 0.300384 0.076086 0.014009 0.012616 0.038706 0.044814 0.039442 0.028759 0.062621 0.031179 0.116492 0.814905 3.839708 0.789841 0.130976 0.284477 2.425421 17.818674 2.441293 0.753391 3.986925 30.704206 7.540848 1.193952 0.249009 0.809943 3.836324 0.798387 0.144556 0.035449 0.097571 0.365526 0.202255 0.434177 0.154348 0.063929 0.015239 0.004206 0.001165 
0.051998 0.034289 0.010414 0.011724 0.061370 0.253301 0.278622 0.254128 0.162983 0.418512 0.109670 0.035206 0.109970 0.407739 0.106027 0.024902 0.082175 0.574626 2.730725 0.620226 0.290391 1.229455 7.670926 30.682602 3.880883 0.454829 0.186451 0.449708 0.145079 0.161000 0.034113 0.028405 0.149673 0.839333 3.856561 0.894520 0.511566 0.115962 0.017386 0.002764 
0.006251 0.003842 0.004441 0.030185 0.219456 1.384372 1.696542 1.456459 0.990453 3.861958 0.797199 0.129348 0.029129 0.039033 0.011533 0.005789 0.032404 0.206466 0.936610 0.455519 0.508554 0.328799 1.219167 3.946972 0.848750 0.305703 0.362985 0.322978 0.221136 1.155936 0.153277 0.090785 0.523540 4.246873 30.073097 4.559359 4.228076 0.821642 0.108929 0.017782 
0.000687 0.000468 0.001412 0.010219 0.061315 0.255661 0.312461 0.644488 3.891225 29.923010 3.834061 0.626293 0.101100 0.016457 0.003116 0.006944 0.055913 0.396565 2.382963 1.833097 2.781979 0.458927 0.203569 0.448845 0.298940 1.174223 2.194399 1.635959 0.324223 0.233018 0.114333 0.346333 0.963963 4.667465 5.019452 4.715878 29.976074 3.776549 0.411634 0.085856 
0.000589 0.000090 0.000293 0.002032 0.010855 0.037279 0.048802 0.140275 0.809356 3.898943 1.223158 1.995113 0.443979 0.064898 0.007824 0.004466 0.022963 0.107683 0.415875 0.352688 0.467081 0.118756 0.034389 0.050643 0.075244 0.202317 0.340677 0.272629 0.081732 0.100434 0.480130 2.298813 4.279009 30.060396 4.277612 1.296408 3.879462 0.794728 0.147413 0.321577 
0.000038 0.000010 0.000044 0.000295 0.001463 0.004532 0.006342 0.022224 0.129619 0.634150 2.006747 13.135071 1.868504 0.223837 0.024007 0.012401 0.045944 0.028291 0.061157 0.052242 0.065286 0.020306 0.007546 0.023781 0.106931 0.045916 0.046201 0.039044 0.034577 0.232178 1.912597 13.221900 2.648653 4.067349 0.861217 0.222819 0.419213 0.107593 0.026262 0.048808 
0.000002 0.000001 0.000006 0.000037 0.000175 0.000510 0.000776 0.003291 0.020988 0.120422 0.581138 2.777815 0.565911 0.080800 0.014715 0.047442 0.309024 0.048759 0.013485 0.007414 0.008453 0.003821 0.011061 0.097649 0.785153 0.099309 0.015456 0.006349 0.010675 0.081488 0.570974 2.790883 0.680652 0.524198 0.129775 0.031598 0.041863 0.012318 0.003756 0.006717 
