0.027728 0.172067 0.947780 3.731055 0.995678 0.448177 0.849817 0.278603 0.055793 0.008356 0.001044 0.000413 0.002949 0.024388 0.169428 0.933739 3.655219 1.022647 0.698930 1.990988 1.735140 0.347301 0.057138 0.007812 0.000946 0.000322 0.001264 0.005077 0.012706 0.011490 0.018657 0.053941 0.257340 1.351534 0.209327 0.030532 0.004877 0.004627 0.021190 0.079491 
0.053795 0.368491 2.446591 14.168262 2.637374 1.789543 5.449358 1.414531 0.245203 0.033362 0.003850 0.000956 0.005488 0.047301 0.364397 2.429270 14.114088 2.617119 2.002546 9.656203 3.076060 0.645180 0.105097 0.014196 0.001798 0.001253 0.006375 0.028228 0.080018 0.066004 0.097448 0.191739 0.495400 0.396724 0.136682 0.038780 0.010828 0.013442 0.065254 0.349290 
0.025046 0.137848 0.701648 2.517766 1.478641 5.623228 34.053936 5.342730 0.749547 0.091382 0.009910 0.001722 0.004180 0.022217 0.133757 0.687819 2.435348 0.903858 1.221884 3.003189 9.137708 1.473501 0.212020 0.027244 0.003787 0.004618 0.027290 0.138716 0.490216 0.355086 0.547258 1.054968 3.202440 1.088347 0.520006 0.169060 0.050534 0.042837 0.096587 0.101527 
0.037899 0.100907 0.173102 0.481462 0.728107 2.095867 5.560887 1.907913 0.414706 0.068475 0.009911 0.004917 0.014712 0.032871 0.077655 0.155821 0.435438 0.628813 2.990071 1.052775 1.562848 0.408651 0.076488 0.019419 0.006121 0.010885 0.071738 0.457507 2.624980 1.513316 2.534538 4.201734 19.720692 4.057656 2.395719 0.714596 0.243537 0.272945 0.659634 0.292443 
0.237301 0.603901 0.267934 0.413239 1.379677 1.042581 1.856652 3.797659 1.006979 0.180279 0.028634 0.023391 0.090140 0.191884 0.381704 0.155891 0.118276 0.280603 1.177900 0.347188 0.258384 0.085693 0.048738 0.090027 0.034036 0.012378 0.030427 0.148195 0.552066 0.706523 2.172946 1.409254 3.268036 1.155357 1.129195 2.358880 1.050591 1.533793 4.635303 1.619617 
1.326470 4.299600 1.279094 1.391908 7.612887 2.615620 4.312650 21.578821 3.482192 0.503833 0.073009 0.081379 0.470706 1.031162 2.482502 0.701030 0.159249 0.157789 0.642953 0.149937 0.064144 0.065220 0.248136 0.742083 0.246223 0.056640 0.024561 0.054080 0.219077 1.002198 5.747413 1.103101 0.624565 0.531445 2.285407 12.617166 4.115295 6.252213 28.351305 6.367302 
4.890414 26.819719 4.279348 1.116148 2.464554 5.019486 2.257248 3.788886 1.073408 0.209378 0.039991 0.068045 0.436081 2.568994 14.685054 2.456743 0.378291 0.089944 0.120485 0.064958 0.107377 0.272011 1.424656 5.417927 1.423981 0.294712 0.104795 0.080825 0.111842 0.454733 1.730570 0.463004 0.151316 0.157703 0.652170 2.243207 1.029352 1.531252 4.638303 1.634123 
1.407442 4.306968 1.204721 0.860944 4.538936 26.901922 4.488709 1.352857 0.985466 0.287689 0.058382 0.035476 0.180284 0.941066 3.584800 0.931482 0.194569 0.091561 0.073868 0.198976 0.606980 0.920036 5.454878 34.119526 5.409827 1.057292 0.545834 0.454691 0.278497 0.899210 3.277856 0.851264 0.162548 0.052836 0.133775 0.362874 0.193789 0.269234 0.673067 0.351992 
0.540498 0.637043 0.232643 0.258639 1.216691 4.486711 1.440533 1.683650 5.449662 1.420509 0.249618 0.057395 0.166602 0.883972 3.376809 0.922016 0.318832 0.422019 0.266957 1.012353 3.499280 1.224231 1.615537 5.557048 1.932540 2.034688 2.562507 2.574975 0.949448 2.992193 16.299700 2.675546 0.394653 0.065936 0.075130 0.178858 0.078781 0.056367 0.138763 0.386505 
0.179840 0.099923 0.041136 0.068283 0.295276 0.855058 0.978796 5.454722 34.040794 5.377882 0.762580 0.136839 0.353262 2.273525 12.693605 2.588804 1.340415 2.138592 0.833561 3.563187 18.293337 3.452769 0.830455 1.244619 1.944854 0.999617 1.046747 0.704129 0.428635 1.126605 2.834542 0.771144 0.148850 0.073961 0.262657 0.832595 0.258264 0.059553 0.033218 0.068925 
0.029706 0.016899 0.016803 0.067512 0.393411 0.498536 0.342401 1.462952 5.580561 2.124381 0.437710 0.085464 0.132598 0.672141 2.464772 1.936407 5.079900 3.089029 0.899477 1.404114 5.297230 1.153008 0.462349 1.724769 9.466185 2.860170 3.775567 1.679072 1.023782 2.479459 1.017466 0.252059 0.067026 0.158939 0.896798 4.605260 0.868022 0.147102 0.024919 0.013127 
0.007347 0.013240 0.029229 0.028908 0.075132 0.100977 0.146734 0.364568 1.470714 4.913054 0.859635 0.140218 0.052631 0.204295 1.019903 4.923721 27.336636 9.189116 2.524933 1.382197 2.743281 0.529519 0.292560 0.748983 3.314880 6.658200 20.387398 7.918212 3.961724 14.390182 2.378326 0.368302 0.076689 0.168643 0.803414 3.128609 0.716949 0.129430 0.019704 0.004002 
0.019248 0.071277 0.188297 0.074847 0.037321 0.088618 0.457679 0.155708 0.337088 1.015170 0.998387 0.235403 0.047165 0.066724 0.380019 2.067703 9.169384 23.189806 5.996633 2.970532 4.124156 0.912907 0.552064 0.972957 3.726021 18.968452 10.474888 29.521425 5.882732 5.172669 1.313418 0.321874 0.134393 0.404924 1.632768 4.859281 0.916810 0.153384 0.021955 0.003129 
0.083514 0.362701 1.194297 0.359481 0.083245 0.077114 0.347223 0.091854 0.171905 0.927415 5.317192 0.807280 0.112416 0.056076 0.309222 1.700946 6.359449 9.175589 5.314187 4.768660 7.774887 2.227340 1.568087 1.028635 1.264225 3.290779 2.445783 5.125672 3.594666 13.829570 2.517061 1.108109 0.539100 1.526177 5.687315 2.237089 0.497658 0.085245 0.012148 0.001781 
0.233202 1.263583 6.741303 1.233412 0.209336 0.057736 0.075849 0.056552 0.125976 0.244668 0.832639 0.211327 0.044416 0.091373 0.687261 4.416941 22.420977 11.255116 8.097729 7.447303 8.715901 3.349862 3.274465 1.539307 0.697633 0.632013 0.494483 1.018405 1.583077 2.743596 2.085418 5.631539 2.169012 5.679619 34.300022 5.444215 0.780486 0.098393 0.011497 0.002539 
0.185115 0.884577 3.625093 0.881418 0.191869 0.117070 0.110194 0.186390 0.578653 0.157977 0.208899 0.069782 0.020173 0.048972 0.315511 1.440198 5.508622 4.592027 6.633382 8.989736 12.254714 9.291525 13.370233 2.847503 1.378112 0.462996 0.402513 1.542712 5.519049 2.460548 5.782934 34.330589 5.563929 2.152473 5.516290 1.434431 0.251369 0.035644 0.007699 0.010585 
0.237135 1.266975 6.758198 1.263628 0.352942 0.550182 0.494545 0.662780 0.605771 0.348741 0.767056 0.255500 0.070115 0.068120 0.276043 0.683562 2.020435 3.360756 6.539735 9.784863 15.198738 11.489427 9.273692 3.298780 3.519223 1.356787 1.138673 5.543564 31.658230 5.465112 2.165645 5.533022 1.470495 0.489750 0.776009 0.249734 0.050709 0.012699 0.022615 0.066360 
0.107953 0.370988 1.208614 0.439507 0.562542 2.672110 2.096921 3.140422 0.877921 1.533967 5.341498 1.452252 0.359512 0.190311 0.439144 0.965700 2.118088 4.191989 7.347244 11.570256 17.359159 15.384105 12.030519 8.032751 16.446001 3.444909 1.416537 1.952071 5.423397 1.466634 0.516848 0.843604 0.280614 0.087878 0.096095 0.035007 0.012859 0.028372 0.104798 0.372087 
0.158385 0.096844 0.201140 0.131102 0.307049 0.991484 0.663709 0.849611 1.299988 5.491425 32.063793 5.809034 1.730547 1.017913 1.355587 2.257993 4.095484 6.085632 9.249296 13.369728 20.204288 21.317425 18.927826 12.718336 7.044662 3.349382 1.652649 0.820777 0.883221 0.310147 0.221948 0.503270 0.162298 0.037565 0.015074 0.008971 0.029436 0.134107 0.389399 0.236636 
0.141895 0.039505 0.053573 0.159512 0.702082 2.251241 0.891973 1.051129 2.901527 2.169719 5.663103 2.575023 4.269766 3.200687 3.054855 3.749006 5.557497 11.815473 14.233167 18.973309 27.814232 24.957973 17.607679 11.538005 6.688225 4.447123 2.711002 1.056440 0.532546 0.351085 0.615395 2.072383 0.433620 0.075368 0.014175 0.021431 0.133479 0.707019 2.510039 0.928015 
0.026503 0.019553 0.091035 0.539022 2.686360 11.612933 2.851302 3.442537 15.596970 2.858218 1.701402 3.870813 16.749678 18.374453 16.618153 13.695001 12.192088 12.161899 16.457121 24.712269 48.296135 32.673748 24.996006 19.370775 16.087271 11.576383 3.169380 1.702921 0.856946 0.789948 0.847948 1.304633 0.344462 0.066558 0.016908 0.055616 0.397059 2.559824 14.753481 3.403264 
0.008127 0.036432 0.261858 1.529966 5.998705 3.441747 1.034722 0.953025 2.632924 0.782925 0.436026 1.188072 3.769295 2.836344 2.716008 3.445937 5.221017 8.131088 11.551064 17.212742 26.049994 24.679293 20.012501 14.525902 11.134562 7.855504 3.891726 2.808173 2.023927 2.235673 1.040129 1.609614 0.370961 0.078279 0.025464 0.073885 0.358165 1.377123 2.728505 0.964362 
0.010634 0.089009 0.750264 5.471595 34.435024 6.096098 1.028670 0.287157 0.402092 0.145940 0.083630 0.238228 0.690516 0.649450 1.057271 1.969773 3.492060 5.627887 8.901027 13.038527 18.104492 19.466263 18.828260 12.581769 9.461095 7.664518 4.328564 2.960075 1.896865 1.372126 0.540339 0.493702 0.469904 0.160226 0.092381 0.314453 1.355956 5.071624 1.670257 0.425090 
0.005623 0.035355 0.259500 1.518543 5.997918 4.344241 0.816276 0.154660 0.068315 0.023293 0.012718 0.036150 0.110941 0.170755 0.411857 0.920977 1.838882 3.904705 5.878562 11.080493 13.508378 14.353368 17.607395 9.873078 6.520639 5.852739 2.853295 2.599664 6.005223 2.908170 0.752030 0.845272 2.499198 0.746647 0.434536 1.377141 5.166195 31.099367 4.953462 0.793184 
0.010823 0.012431 0.064590 0.345514 1.296635 2.648295 0.608682 0.130745 0.029399 0.006449 0.002090 0.004444 0.016185 0.046176 0.162907 0.407197 0.995270 2.619825 4.141162 10.286396 9.829399 10.256719 12.417911 5.065667 3.344504 2.628450 1.594779 5.544786 27.949970 5.202534 1.187485 2.605166 14.609165 2.658245 1.695038 5.231301 2.603215 5.237030 1.720878 0.351582 
0.062635 0.022028 0.031608 0.161861 0.873294 4.300464 0.819627 0.265774 0.061479 0.011818 0.002127 0.000930 0.002392 0.009997 0.054395 0.146808 0.541835 1.666913 3.205493 9.680035 6.545157 6.422681 6.579836 3.543540 1.999764 1.226280 0.756988 1.833264 5.075101 1.449698 0.435727 0.976274 3.610206 1.619502 5.152767 31.390387 5.102532 1.432600 0.720494 0.216542 
0.343926 0.081031 0.050030 0.065250 0.262089 0.852966 0.432685 0.875835 0.173707 0.033970 0.007051 0.003492 0.005510 0.003792 0.015609 0.049464 0.306139 0.951630 2.139618 2.386874 3.379208 4.274762 7.513803 2.928043 1.228619 1.322961 1.531021 3.071255 1.408076 0.389433 0.237847 0.942050 3.556410 1.148602 1.474375 4.999329 1.334585 0.351113 0.234155 0.448285 
0.137796 0.204531 0.269878 0.105069 0.204672 0.689234 0.503854 1.370138 0.266533 0.086457 0.029983 0.025302 0.047604 0.020102 0.011393 0.041262 0.356322 0.627703 0.647060 1.030182 2.633707 2.680670 2.739089 4.249704 1.045860 1.335714 5.347984 15.718500 2.763275 0.451909 0.422047 2.493612 14.573011 2.483773 0.622518 0.819077 0.294023 0.197313 0.410900 0.248656 
0.240268 1.193328 1.771462 0.410200 0.650926 3.405980 1.143803 0.904014 0.294183 0.398467 0.176150 0.172369 0.368461 0.137803 0.043856 0.128562 1.213928 0.285639 0.250766 0.542272 3.209443 1.043566 1.244991 1.975138 0.888842 2.670420 14.732548 4.919762 0.998234 0.180407 0.158018 0.725902 2.539760 0.770865 0.412351 0.861825 0.406910 0.755878 2.519718 0.929664 
0.258366 0.711106 0.428154 0.131920 0.200884 0.763126 1.187685 0.563391 0.772880 2.491739 0.950295 0.950664 2.459357 0.763423 0.168829 0.089499 0.319032 0.101231 0.169224 0.982922 7.136034 1.180807 0.805792 2.390277 0.607100 0.735878 2.540734 1.055271 0.267295 0.104566 0.093617 0.345371 1.010624 0.580115 1.499200 5.493358 1.779846 2.726228 14.780555 3.395455 
1.066338 3.336342 0.908577 0.183898 0.155133 0.810358 4.470683 1.105672 2.564104 14.373940 3.691408 3.757832 14.282611 3.074745 0.596742 0.110786 0.073183 0.054844 0.161035 0.573669 2.451490 0.649950 0.372467 0.520023 0.187077 0.186262 0.585559 0.903891 0.393720 0.492238 0.342465 1.242882 4.517306 1.922309 5.640584 34.298100 5.446976 1.428886 2.592629 0.922218 
3.780890 19.848379 3.161690 0.455495 0.096592 0.219428 0.751436 0.334646 0.736086 2.488600 0.981349 1.188312 3.846273 6.096625 1.534327 0.268954 0.077725 0.180269 0.560477 0.698148 2.591552 0.795057 0.914564 0.424899 0.148647 0.280547 1.467677 5.502633 1.907913 3.118602 1.262635 4.672061 27.105070 4.534358 2.033544 5.508949 1.445700 0.374149 0.405356 0.172501 
1.160856 3.263040 0.867059 0.156416 0.033091 0.049364 0.120222 0.074060 0.146271 0.392055 0.264010 0.914244 5.787992 34.344799 5.339640 0.756359 0.248275 0.901430 3.290667 1.070514 0.894403 1.649633 5.718313 2.162441 0.577288 0.826149 5.438008 34.218155 5.422320 1.168911 0.416997 1.225646 4.398917 1.242792 0.538048 0.808259 0.267729 0.072458 0.056018 0.025548 
0.510265 0.505535 0.162520 0.037101 0.024867 0.060956 0.078379 0.068879 0.070994 0.143535 0.091663 0.277349 1.468605 5.441419 1.417759 0.300881 0.499792 3.267652 19.859446 3.321267 1.327253 5.759057 35.455585 10.621587 2.159019 0.579028 1.471631 5.436577 1.437108 0.328051 0.102622 0.226001 0.668037 0.467221 0.826389 0.370923 0.170054 0.049541 0.014571 0.004624 
0.085225 0.071290 0.027061 0.022529 0.087656 0.317022 0.380862 0.348141 0.327000 0.764769 0.258656 0.105437 0.259685 0.745955 0.247249 0.072736 0.179887 0.968847 3.703816 1.061378 0.604478 2.224632 10.852741 35.615082 5.567798 0.856015 0.409677 0.819790 0.320056 0.266853 0.075895 0.084192 0.356130 1.542651 5.506399 1.664349 0.987523 0.277191 0.053137 0.010032 
0.012349 0.009666 0.009204 0.043505 0.266534 1.507125 1.939924 1.713260 1.649569 5.465827 1.432824 0.296835 0.084875 0.096003 0.035389 0.017876 0.070054 0.355933 1.322870 0.692824 0.693325 0.659812 2.197778 5.683663 1.529214 0.530227 0.533425 0.478599 0.344615 1.367180 0.244219 0.213954 1.019300 6.198773 34.665924 6.744124 6.147946 1.492675 0.254530 0.047120 
0.001739 0.001401 0.003117 0.017370 0.087356 0.324127 0.458451 1.041018 5.507660 34.264530 5.439459 1.089743 0.217515 0.045434 0.010429 0.013622 0.081860 0.480665 2.541107 2.083218 2.994100 0.600131 0.421229 0.824915 0.503070 1.380449 2.496213 1.845811 0.426207 0.337810 0.230601 0.649020 1.801867 6.951647 7.564979 7.061311 34.450821 5.341981 0.749419 0.159567 
0.001845 0.000352 0.000782 0.004250 0.018897 0.058257 0.096022 0.298973 1.456259 5.555305 2.093434 2.652689 0.711939 0.131942 0.020606 0.010262 0.038921 0.151034 0.503693 0.474977 0.574153 0.174737 0.078329 0.118258 0.142876 0.288649 0.467144 0.365100 0.134211 0.193974 0.788173 3.161347 6.148773 34.602077 6.293514 2.390406 5.550488 1.429470 0.301530 0.389063 
0.000174 0.000053 0.000147 0.000774 0.003185 0.008989 0.016807 0.061699 0.295534 1.109952 2.682914 14.160201 2.391929 0.360890 0.050005 0.022981 0.065020 0.047760 0.090351 0.087234 0.097075 0.036442 0.019376 0.053306 0.186365 0.086337 0.081046 0.066374 0.070001 0.379147 2.473946 14.358761 3.788846 5.824167 1.590642 0.525762 0.782613 0.251485 0.065514 0.072325 
0.000015 0.000007 0.000025 0.000127 0.000494 0.001335 0.002844 0.012104 0.061787 0.268135 0.982278 3.727730 0.939664 0.171203 0.034345 0.067010 0.352621 0.069665 0.024366 0.016046 0.016216 0.009039 0.024134 0.167631 1.087365 0.171314 0.033300 0.014996 0.028856 0.173765 0.953635 3.771519 1.213520 1.003387 0.318344 0.099019 0.106124 0.038473 0.011795 0.012719 
