129.727020 130.581940 130.866135 130.685226 130.081497 130.614059 130.832123 130.873474 131.045166 131.154846 131.203400 131.220093 131.221222 131.209900 131.173172 131.058609 130.729858 130.029556 130.350021 129.968903 128.652283 125.741364 129.733429 130.812256 131.110733 131.188095 131.190216 131.141693 131.029297 130.882767 130.966507 130.979950 130.802475 129.936890 126.399422 129.963287 130.873398 131.123810 131.195343 131.213989 
126.391869 130.077866 130.723526 130.202835 127.047455 129.906433 130.345367 130.147781 130.794189 131.083435 131.182648 131.210495 131.210251 131.193237 131.148346 130.981583 130.269440 127.025482 129.595062 128.821152 125.998726 128.293045 130.176788 130.896545 131.126572 131.185257 131.166199 131.051086 130.724030 130.072144 130.594086 130.750198 130.778076 130.473022 129.942886 130.525024 130.937469 131.118713 131.181793 131.196747 
130.002151 130.710587 130.905090 130.656555 129.815735 129.433273 129.031204 126.789566 130.174713 130.952057 131.146469 131.187943 131.174591 131.134918 131.101913 131.032043 130.751740 129.984650 129.485794 125.751617 128.148300 126.417175 130.043167 130.913086 131.134521 131.177399 131.124008 130.868866 129.902237 126.174561 129.532486 129.850250 130.334015 129.980057 130.248428 130.087952 130.742401 131.039444 131.127563 131.129974 
130.875977 130.993820 130.985931 130.750122 129.790741 126.016068 125.931870 129.155090 130.418839 130.937592 131.116852 131.142059 131.065079 130.904358 130.872467 130.957977 130.924911 130.618317 129.734299 126.024193 129.349274 129.861099 130.704941 131.047821 131.154785 131.170074 131.099976 130.794846 129.648682 125.429413 128.710480 126.506248 129.244919 126.800171 129.359467 126.948906 130.093674 130.846420 130.981186 130.891647 
131.040482 131.005051 130.883835 130.768524 130.204819 128.859573 129.324234 130.059265 130.065063 130.772720 131.046112 131.044647 130.758926 130.000275 129.928436 130.545776 130.860413 130.813965 130.339905 129.227600 130.261810 130.712921 130.995026 131.109665 131.133835 131.140244 131.087753 130.836777 129.858566 126.074272 129.221649 129.057159 130.065765 129.985672 130.355270 129.893097 129.959351 130.631363 130.640610 129.998062 
130.919281 130.722687 130.197067 130.466873 129.705093 125.986259 129.303314 129.758301 127.084732 130.281052 130.938629 130.917389 130.141739 126.378151 126.145851 129.301849 130.539734 130.743576 130.110596 126.982773 130.156067 130.874161 131.056839 131.054764 130.963226 131.012375 131.030655 130.949783 130.609924 129.844040 129.733032 126.852997 130.051559 130.666122 130.735107 130.101334 127.120766 130.085434 129.973373 126.427101 
130.474136 129.925583 127.006927 129.932373 129.645370 125.974396 128.967102 130.156525 130.118744 130.758652 131.021591 131.021103 130.713516 129.830826 129.161133 126.796417 130.108627 130.700592 130.525864 130.136505 130.730408 130.976303 131.009277 130.791794 130.203934 130.548126 130.735474 130.851440 130.758118 130.670609 130.542511 130.035248 130.674377 130.955627 130.994507 130.791016 130.286407 130.725052 130.664703 130.004822 
129.325012 129.344101 129.715912 130.467087 130.354401 129.174713 126.704102 130.007431 130.638550 130.828842 131.015930 131.079010 131.001617 130.760452 130.460251 129.976776 130.544556 130.544220 129.988388 130.499588 130.821808 130.864777 130.839767 130.169189 126.816101 129.110123 129.689087 130.330383 130.115005 130.608414 130.591248 130.097336 130.732193 131.027039 131.099716 131.050629 130.948151 131.024109 131.016693 130.898987 
125.014999 125.299515 129.546478 130.601562 130.681000 130.276962 129.862747 130.510895 130.617279 130.233246 130.772842 131.019745 131.068497 130.967529 130.667465 130.035812 130.411972 129.806107 126.332939 129.841141 130.511780 130.211212 130.664581 130.475143 129.179321 125.892227 126.037331 129.177277 126.920334 130.025238 130.056900 127.159012 130.302246 130.977585 131.103241 131.059418 130.958801 131.058777 131.118912 131.121704 
128.561142 125.947884 129.791351 130.668701 130.578613 129.812653 129.701416 130.364151 130.069382 127.065742 130.061371 130.803467 131.010086 130.932632 130.271729 127.114037 129.906799 129.584381 126.220535 129.727203 129.982452 127.119072 130.192886 130.636642 130.152451 128.969284 129.380432 130.036346 129.950546 130.524902 130.513626 130.198105 130.805557 131.053589 131.058624 130.835327 130.313797 130.842499 131.086517 131.159485 
130.322784 129.967468 130.627380 130.770660 130.071320 126.353577 126.243217 129.741577 130.312317 129.748688 129.672546 130.411911 130.864655 130.982666 130.787430 130.178802 130.331543 129.688660 129.558701 130.384186 130.510803 130.035858 130.636505 130.740723 130.043076 126.725395 129.428177 129.664841 130.207382 130.441330 130.087250 130.608337 130.961197 131.073318 130.951294 130.251297 127.103043 130.264664 130.980042 131.145035 
130.938431 130.886444 130.979614 130.950272 130.667542 129.848541 129.538345 129.589783 130.171021 129.499023 125.898026 128.952454 130.443817 130.929733 130.979263 130.744263 130.065002 126.736122 129.183945 130.339706 130.448578 129.904083 130.591064 130.832489 130.592407 129.695068 128.969894 126.404434 129.081818 129.639481 126.897385 130.155319 130.906372 131.060379 130.954407 130.496841 129.500015 130.536926 131.004028 131.146866 
131.117050 131.085785 131.033066 130.913605 130.865524 130.553558 129.680771 126.201736 129.532059 129.322556 125.205917 125.302071 129.726349 130.810028 131.033813 130.945740 130.522827 129.260315 126.727638 129.868652 129.745193 126.351196 129.931076 130.742523 130.740936 129.959183 126.626221 128.554810 126.534447 129.512604 129.252808 130.432938 130.907242 131.019272 130.846725 130.066895 127.009827 130.230530 130.971832 131.145966 
131.131638 131.059875 130.819809 130.275726 130.718430 130.697418 129.872421 126.291298 129.631516 129.907196 128.787048 125.983749 129.867920 130.850281 131.068161 131.005066 130.647858 129.806488 129.835815 130.414185 129.861298 126.381836 129.894318 130.654388 130.855804 130.675247 130.075623 130.245972 129.877350 129.790375 126.908112 130.096573 130.730408 130.906982 130.706863 129.992340 129.990936 130.751404 131.073502 131.172241 
131.046707 130.912949 130.226471 127.072449 130.184265 130.759811 130.578247 129.908478 130.157654 129.702972 130.025040 129.871002 130.662506 131.021240 131.107986 130.979187 130.290298 127.131897 130.093140 130.740021 130.643860 130.033371 130.404388 130.168915 130.727753 130.888535 130.847473 130.848541 130.705017 130.486755 130.057434 130.441986 130.180161 130.631012 130.211929 127.160614 130.163986 130.914886 131.132462 131.193527 
130.784576 130.787781 130.440918 129.465118 130.457413 130.796539 130.690903 130.424179 129.614807 126.201721 129.748352 130.568848 130.947418 131.111588 131.153366 131.091492 130.847549 130.307083 130.786224 130.993713 130.967453 130.726410 130.153900 127.134995 130.162399 130.732635 130.938675 130.958908 130.734619 130.162628 130.455597 130.128754 127.181854 130.230865 130.665863 130.295944 130.827911 131.084686 131.178726 131.207108 
129.777252 130.275879 129.977142 126.978378 130.103821 130.555603 130.068573 130.147827 129.010254 126.027794 129.752289 130.612167 130.972748 131.120361 131.167114 131.148712 131.063049 130.935822 131.011902 131.083145 131.064606 130.913269 130.570740 130.029709 130.289352 130.113617 130.727127 130.858490 130.287796 127.209129 130.190857 130.615311 130.247589 130.792786 130.988007 130.984619 131.096985 131.169449 131.197449 131.202484 
125.873199 128.982956 130.143707 130.059067 130.562637 130.134888 126.960663 129.299225 126.591194 129.119476 130.181763 130.129578 130.778809 131.040527 131.133362 131.130280 131.036285 130.868195 130.874390 131.011414 131.013077 130.760956 130.092438 130.140640 129.295517 126.860359 130.161331 130.839691 130.790115 130.304352 130.765457 130.873962 130.775986 130.976730 131.101807 131.145096 131.178345 131.190125 131.176605 131.148422 
128.552322 125.935036 129.759949 130.616776 130.845825 130.650330 129.999512 130.313019 129.927231 130.197647 129.992737 127.126938 130.221313 130.808853 131.027390 131.029495 130.755768 130.022034 130.011993 130.706146 130.849106 130.244156 127.017403 129.344086 126.701416 129.349228 130.451569 130.897598 130.995850 130.921326 130.919464 130.744354 130.249969 130.810822 131.077576 131.167038 131.187332 131.161545 131.073456 130.922455 
129.436523 126.249680 129.917694 130.784439 130.912231 130.658340 130.041290 130.508743 130.455521 130.044189 130.420639 130.124771 130.502960 130.244507 130.795502 130.865540 130.146072 126.456711 126.433395 130.081299 130.797180 130.718475 130.151108 130.406357 130.007553 130.281784 130.108719 130.747223 130.979889 130.948639 130.726700 130.126083 127.048157 130.240738 130.970993 131.145630 131.163223 131.073593 130.766602 130.030411 
130.549057 130.083313 130.709595 130.948929 130.828232 130.079941 127.034584 130.029663 130.058990 127.143829 130.180679 130.622055 130.216568 127.241257 130.320923 130.882477 130.714462 129.973541 129.889832 130.490417 130.818619 130.830780 130.678680 130.758774 130.621109 130.092926 127.101196 130.199341 130.807114 130.694473 130.075516 130.160431 129.393997 130.497330 130.985062 131.133484 131.127411 130.936615 130.117737 126.420578 
130.998093 130.930084 131.023315 131.001740 130.701599 129.898010 129.780838 130.533310 130.671967 130.282547 130.801682 130.957336 130.824265 130.350525 130.860687 131.048370 130.998672 130.757904 130.449112 129.946381 130.470139 130.441315 130.057846 130.544403 130.614319 130.488251 129.917542 130.437683 130.649841 130.056473 126.812744 129.278030 126.842102 130.155701 130.926498 131.108002 131.098450 130.935959 130.508850 129.796738 
131.124374 131.113007 131.102509 130.948242 130.200027 126.830025 129.265350 130.495895 130.886124 130.945724 131.072754 131.123871 131.096313 131.020844 131.106659 131.143784 131.084290 130.824585 129.908813 126.255791 129.415237 129.100037 126.630112 129.609711 129.781464 130.098892 129.475464 129.671646 130.334534 130.129578 129.233047 130.077850 129.986084 130.581329 130.949005 131.063690 130.996811 130.707062 129.989746 130.094925 
131.078918 131.093292 131.106308 131.015854 130.617065 129.380096 126.715034 130.082428 130.856232 131.064911 131.152161 131.185623 131.187454 131.177002 131.189545 131.184952 131.121185 130.871246 129.923798 126.137573 128.841537 126.401657 128.814560 128.809143 126.411545 128.780853 125.319305 125.867050 129.405029 129.075195 126.619156 129.910263 130.388397 130.158600 130.753143 130.918121 130.725189 130.036377 126.599548 128.622543 
130.761261 130.840759 131.000763 131.030167 130.854843 130.307037 129.347885 130.366501 130.767715 131.025009 131.148438 131.197159 131.212067 131.214096 131.214066 131.202133 131.156052 131.016083 130.620148 129.700150 129.474869 129.498993 129.436218 126.410583 128.941010 129.257050 125.844849 128.753876 129.333008 126.594406 129.300110 130.376251 130.105301 127.140594 130.193359 130.608185 130.109909 130.141479 128.756073 124.876663 
129.583954 129.858307 130.639481 130.911102 130.838638 130.118210 126.899132 129.838913 130.053864 130.772888 131.076401 131.179672 131.211182 131.218262 131.215347 131.198547 131.153961 131.055740 130.828232 130.043015 126.963387 129.827377 130.061584 129.120544 129.911636 130.207733 129.690567 129.889709 129.449890 129.666443 130.428009 130.775986 130.657043 130.090271 130.557678 130.179382 127.113625 129.864197 129.329422 125.142105 
125.416473 126.104309 129.807327 130.602280 130.817322 130.590347 129.839966 129.739594 126.892975 130.175598 130.943130 131.142319 131.194931 131.204254 131.197525 131.162018 131.071274 130.928802 130.923828 130.718903 130.172760 130.469666 129.931244 126.620399 129.199829 130.281067 130.279068 129.451035 125.973862 129.613098 130.641251 130.886551 130.704971 130.122375 130.652786 130.700958 130.237305 130.616974 130.420715 129.590897 
129.428040 129.446075 129.534668 129.831757 130.549927 130.524506 129.835800 129.926422 129.140381 130.350739 130.897583 131.098480 131.155457 131.155106 131.146164 131.059906 130.770111 130.159821 130.706482 130.886017 130.791183 130.687378 130.428070 129.274017 126.638535 129.867554 130.120239 128.726669 125.256332 129.502823 130.659729 130.849701 130.281067 127.210907 130.271591 130.855011 130.876022 130.928192 130.805206 130.505112 
130.449219 129.774597 126.256516 126.331726 129.898422 129.952362 126.750473 128.837021 125.946449 129.734619 130.642395 130.973404 131.041870 130.982422 131.025253 130.872498 130.023987 126.464966 129.986038 130.752411 130.687424 130.158676 130.491333 130.183258 129.289627 130.180511 129.773132 125.953384 125.399246 129.632782 130.697952 130.936584 130.788788 130.280960 130.782440 130.945450 130.892090 130.908813 130.658752 129.917740 
130.851562 130.543930 129.771133 129.862473 130.560791 130.525650 129.656128 128.780701 125.899414 129.531036 129.988724 130.679901 130.737854 130.291382 130.754166 130.783707 129.995850 126.453400 129.965607 130.655396 130.145630 126.997482 129.971039 129.947174 126.956238 130.056427 130.433182 129.752136 129.590240 130.295471 130.678345 130.917938 130.921555 130.771896 130.886490 130.774933 130.273071 130.618622 130.054504 126.422310 
130.929672 130.640717 130.013458 130.528320 130.846802 130.765625 129.970383 126.693611 129.080017 129.698730 127.051567 130.105957 130.119843 127.138725 130.124802 130.769135 130.683502 130.129669 130.679367 130.803650 130.449615 129.440765 130.368530 130.559204 130.183273 130.716476 130.831116 130.592178 130.208496 129.734360 129.885437 130.612701 130.690948 130.235916 130.642487 130.237091 127.223900 130.223450 130.576004 129.980942 
130.793320 130.097260 127.103996 130.227371 130.892899 130.946518 130.685455 130.120041 130.483994 130.605164 130.237228 130.715256 130.662094 130.000961 130.010956 130.717529 130.931503 130.883987 130.903763 130.719681 130.115601 126.996124 130.077057 130.625229 130.770538 130.941071 130.916992 130.518524 129.227997 126.079323 126.296158 129.931961 130.097839 127.194496 130.235016 130.664932 130.297974 130.811081 130.960556 130.881668 
130.625458 129.978882 129.996918 130.726395 130.987228 130.966553 130.800049 130.782806 130.894836 130.964081 130.935425 131.000183 130.869263 130.162140 127.187088 130.306747 130.940979 130.992813 130.786179 130.207123 130.455017 130.074829 130.413101 130.090088 130.567505 130.875565 130.852905 130.157349 126.804283 129.124329 129.745819 130.577484 130.702850 130.291962 130.792923 130.951233 130.950424 131.064423 131.121338 131.121704 
130.100616 127.129433 130.141739 130.856766 130.954605 130.689896 130.049118 130.571686 130.788162 130.974426 131.046722 131.093811 131.050232 130.826111 130.338074 130.854340 131.048431 130.960846 130.301849 127.176376 130.138748 130.526230 130.057693 126.870743 129.434906 130.548401 130.831955 130.680252 130.084183 130.396271 130.535599 130.846954 130.967896 130.925934 130.965576 130.929077 131.019257 131.093491 131.151001 131.175034 
130.680496 130.261658 130.785400 130.981415 130.822433 129.891846 126.183990 129.575027 129.976044 130.669418 130.872833 131.045151 131.107086 131.080841 131.009308 131.097412 131.129929 131.048462 130.748383 130.107651 130.593643 130.666931 130.483459 129.397217 126.791985 129.920898 130.582138 130.733948 130.562408 130.460556 130.002121 130.667526 130.955475 130.969055 130.770309 130.276260 130.748383 130.905746 131.075256 131.153046 
130.766525 130.850113 131.016678 131.043121 130.782379 129.661331 125.475266 128.838028 126.800728 129.923523 130.133774 130.793991 131.041077 131.126663 131.149139 131.169098 131.151764 131.046982 130.734253 130.057465 130.405457 130.129059 130.574844 130.419556 129.769485 129.599152 129.766891 130.285706 129.863647 129.606659 126.316483 129.931305 130.756622 130.786026 130.105179 127.079987 129.991226 130.163635 130.827774 131.073303 
129.998093 130.722168 131.028442 131.075668 130.857422 129.907135 126.191254 129.558884 129.836090 129.933014 127.133392 130.230133 130.817032 131.056808 131.149658 131.168976 131.123306 130.943253 130.259628 127.045280 129.476440 127.049431 130.180527 130.594498 129.856308 126.248337 126.185333 129.216095 126.743637 129.107147 126.220566 129.839859 130.565887 130.573792 129.925415 129.822968 129.926941 127.167404 130.328506 130.972290 
126.471672 130.168488 130.959167 131.111023 131.042725 130.734070 130.092224 130.613403 130.750687 130.697189 130.209213 130.523270 130.252197 130.840256 131.082764 131.124573 131.044708 130.862320 130.710693 130.200409 130.512848 130.232010 130.768311 130.867081 130.544495 129.723755 129.767395 130.328812 130.054718 130.357758 129.940018 130.346619 129.991852 129.929443 127.045364 130.036804 130.574188 130.284485 130.855164 131.082062 
130.025116 130.767349 131.074905 131.162262 131.151581 131.069778 130.950470 131.028961 131.058914 131.010620 130.795654 130.230469 127.211655 130.319565 130.965591 131.019485 130.754898 130.136841 130.657272 130.830658 130.954041 130.947205 131.024994 130.954727 130.594086 129.848679 130.417374 130.785736 130.846802 130.885437 130.704681 130.152786 127.080231 129.958817 130.102814 130.733582 130.960938 130.977448 131.099960 131.165863 
130.847229 131.031952 131.147491 131.191681 131.193939 131.170746 131.142487 131.153641 131.155151 131.121002 131.009109 130.738464 130.158554 130.754974 130.996857 130.877655 130.028137 126.466324 130.000031 130.845078 131.062439 131.103424 131.083237 130.870575 129.973206 126.378822 129.922028 130.809906 131.021698 131.056412 130.967178 130.698792 130.093475 130.623352 130.810944 131.008362 131.106934 131.139954 131.178284 131.200745 
