0.001904 0.016285 0.118465 0.587943 0.120605 0.034188 0.070093 0.017904 0.002754 0.000315 0.000030 0.000014 0.000153 0.001710 0.015949 0.115914 0.573397 0.126584 0.095293 0.371768 0.389649 0.060240 0.007613 0.000794 0.000072 0.000026 0.000155 0.000821 0.002549 0.001779 0.002950 0.005899 0.034039 0.230952 0.030756 0.003931 0.000535 0.000716 0.004504 0.021125 
0.005243 0.050126 0.445346 3.293427 0.455203 0.173972 0.611832 0.122257 0.016184 0.001678 0.000148 0.000045 0.000403 0.004685 0.049076 0.436093 3.226959 0.466052 0.363724 2.275300 0.599371 0.100169 0.012761 0.001325 0.000130 0.000144 0.001062 0.006165 0.021705 0.013804 0.022395 0.024182 0.057907 0.050953 0.026292 0.006942 0.001433 0.002145 0.015869 0.111076 
0.001758 0.014042 0.097808 0.452259 0.173020 0.639828 5.050702 0.601916 0.063410 0.005807 0.000479 0.000114 0.000380 0.001787 0.013766 0.095530 0.440008 0.138016 0.255167 0.584817 2.143586 0.278180 0.031322 0.003046 0.000327 0.000713 0.005924 0.039123 0.171261 0.093414 0.168889 0.172259 0.470111 0.166821 0.155569 0.040441 0.007395 0.003193 0.009511 0.018901 
0.002138 0.007588 0.017066 0.065934 0.119513 0.269559 0.630149 0.176924 0.030547 0.003930 0.000502 0.000638 0.002419 0.003852 0.007468 0.016404 0.065100 0.147716 0.951431 0.219412 0.297013 0.061988 0.008787 0.001394 0.000410 0.002064 0.019527 0.159919 1.114595 0.462093 1.038534 0.900803 3.604150 0.823257 0.942479 0.187215 0.034290 0.021209 0.064831 0.021726 
0.017465 0.057704 0.019513 0.031070 0.130147 0.100726 0.181643 0.514822 0.107464 0.014706 0.002110 0.004065 0.019057 0.030432 0.053010 0.016536 0.018277 0.085573 0.470770 0.094567 0.042941 0.010071 0.003161 0.005816 0.001788 0.001103 0.006202 0.040469 0.183060 0.175284 0.631212 0.252868 0.481131 0.175951 0.248639 0.471875 0.125896 0.147259 0.614296 0.150077 
0.127463 0.538431 0.119988 0.102364 0.680168 0.251337 0.577160 3.826816 0.490098 0.053940 0.006959 0.017195 0.124587 0.207445 0.451518 0.098010 0.021408 0.053996 0.292601 0.052645 0.011048 0.004394 0.016472 0.063135 0.016585 0.003959 0.003139 0.010257 0.050602 0.261173 1.874064 0.266268 0.084792 0.074010 0.455154 3.196332 0.602003 0.772079 5.029638 0.789101 
0.608749 4.342920 0.538829 0.102215 0.252439 0.649728 0.234050 0.515717 0.112201 0.016246 0.002736 0.008578 0.066877 0.462453 3.313233 0.438647 0.051912 0.018362 0.045376 0.013659 0.008831 0.018025 0.123159 0.611111 0.125727 0.028682 0.016906 0.014063 0.015743 0.073536 0.345475 0.073364 0.016516 0.016914 0.097779 0.437246 0.120576 0.146715 0.614776 0.152616 
0.151509 0.541959 0.117236 0.080987 0.601510 4.721028 0.592346 0.131278 0.082919 0.018891 0.003018 0.002601 0.018254 0.119004 0.575688 0.116989 0.020387 0.018464 0.011782 0.016994 0.058630 0.077113 0.613223 5.098643 0.626233 0.159447 0.126326 0.102566 0.036789 0.107572 0.489742 0.101576 0.014824 0.004074 0.014773 0.052646 0.017610 0.019935 0.067885 0.037364 
0.114860 0.069563 0.018195 0.019642 0.124945 0.599408 0.138237 0.143824 0.612575 0.122858 0.016454 0.003425 0.015816 0.111515 0.544071 0.115150 0.038351 0.109759 0.032308 0.105727 0.482476 0.117938 0.139252 0.631745 0.247945 0.623668 0.796290 0.733208 0.159921 0.446957 3.003788 0.401206 0.045817 0.006201 0.011041 0.036120 0.011132 0.005393 0.021553 0.114997 
0.049655 0.012806 0.003385 0.006703 0.034598 0.094955 0.083942 0.613162 5.072041 0.605703 0.064248 0.010342 0.047244 0.411169 3.003623 0.427808 0.135476 0.210008 0.090494 0.495682 3.661314 0.475813 0.075386 0.120226 0.266402 0.173714 0.196626 0.124954 0.049649 0.135282 0.418433 0.090672 0.013788 0.010749 0.061671 0.254273 0.061122 0.009979 0.005252 0.017443 
0.007187 0.002306 0.002558 0.015970 0.114372 0.121465 0.035207 0.127126 0.621714 0.179251 0.029035 0.004972 0.013255 0.091908 0.424693 0.205880 0.581257 0.192402 0.050255 0.110972 0.511853 0.106634 0.040475 0.225592 1.659498 0.401927 0.646668 0.189797 0.111951 0.377118 0.124356 0.023914 0.006677 0.033539 0.263012 1.689498 0.257671 0.032656 0.003993 0.002502 
0.001116 0.001471 0.004150 0.004953 0.018036 0.021814 0.023703 0.027204 0.121652 0.470787 0.067191 0.008921 0.003436 0.018234 0.105837 0.571469 4.466165 1.024198 0.170632 0.046572 0.119628 0.024559 0.012510 0.068088 0.384484 1.151036 4.846227 1.030486 0.518226 2.789409 0.367433 0.043185 0.006934 0.023058 0.157910 0.808058 0.151532 0.020879 0.002349 0.000454 
0.001997 0.010226 0.035497 0.010937 0.006145 0.020772 0.125530 0.024086 0.027097 0.097476 0.086690 0.016414 0.002618 0.003877 0.027173 0.185133 1.096958 3.367602 0.536540 0.132712 0.364558 0.048583 0.015232 0.066051 0.559964 4.210415 1.486688 3.513236 0.609061 0.784927 0.162896 0.028662 0.010027 0.049935 0.327061 1.714259 0.261248 0.032960 0.003429 0.000344 
0.011447 0.069302 0.294573 0.068964 0.012660 0.018641 0.111809 0.018978 0.013882 0.072762 0.507287 0.061989 0.006857 0.002798 0.020204 0.147143 0.707242 0.975971 0.245820 0.222543 1.010883 0.123477 0.048532 0.027178 0.116583 0.544651 0.258595 0.488456 0.464408 2.748229 0.376739 0.106319 0.037547 0.135454 0.674980 0.377489 0.077287 0.010956 0.001218 0.000141 
0.040772 0.303304 2.020705 0.297669 0.037939 0.010211 0.018305 0.010821 0.020778 0.018216 0.063619 0.013159 0.002240 0.005784 0.060581 0.534019 3.336686 1.021509 0.429126 0.572543 2.705295 0.324227 0.240538 0.068097 0.030249 0.062278 0.036159 0.076378 0.156168 0.392217 0.204500 0.632206 0.187523 0.630934 5.128512 0.634396 0.071601 0.007160 0.000700 0.000285 
0.024496 0.159085 0.814262 0.159036 0.029323 0.028553 0.022725 0.046745 0.140317 0.023331 0.014768 0.003710 0.000756 0.001740 0.016055 0.119695 0.584183 0.455160 0.744529 1.054871 3.370298 0.747946 1.151155 0.235405 0.076844 0.023169 0.022195 0.130668 0.632229 0.226445 0.642626 5.141901 0.621904 0.186112 0.619671 0.126030 0.017210 0.001959 0.000773 0.002195 
0.041659 0.303975 2.025157 0.304967 0.083103 0.196919 0.133579 0.230623 0.169792 0.041456 0.067182 0.016879 0.002998 0.000725 0.002949 0.021688 0.121414 0.315796 1.025821 1.586658 4.167431 1.234896 0.926961 0.244440 0.325905 0.087876 0.076377 0.616547 5.107082 0.624437 0.188223 0.623539 0.126518 0.032615 0.065055 0.016614 0.002664 0.000978 0.004148 0.017306 
0.018232 0.071122 0.297701 0.092721 0.195957 1.192227 0.681362 1.358899 0.236958 0.154201 0.618382 0.124718 0.021644 0.003627 0.003713 0.023772 0.118731 0.484722 1.279045 2.636839 5.397272 2.449734 1.222142 0.682104 1.735850 0.312770 0.061705 0.128580 0.615218 0.126836 0.039042 0.086207 0.023036 0.005289 0.006088 0.001777 0.000732 0.003336 0.020324 0.114572 
0.047986 0.017084 0.037399 0.019898 0.064726 0.277388 0.151033 0.235600 0.165657 0.636635 5.130166 0.620579 0.120001 0.026841 0.022658 0.085727 0.315285 0.821878 1.904146 3.555238 7.824642 5.382905 3.127239 1.561979 0.729718 0.211945 0.047084 0.022169 0.065330 0.024954 0.045998 0.171064 0.042521 0.006880 0.001273 0.000481 0.002252 0.014072 0.053671 0.033793 
0.045785 0.008159 0.006190 0.016579 0.101593 0.444600 0.127778 0.145965 0.473130 0.223003 0.643753 0.235273 0.488276 0.208065 0.165212 0.244393 0.584064 2.002333 3.270306 6.430351 14.501619 8.325097 3.959463 1.774042 0.736691 0.339768 0.085262 0.016403 0.014734 0.041424 0.178750 1.091787 0.169084 0.022131 0.002556 0.001702 0.013639 0.096998 0.444879 0.119430 
0.006914 0.002282 0.007265 0.060034 0.439927 2.709955 0.496926 0.568484 3.353750 0.461107 0.169773 0.489571 2.532129 2.210077 3.085000 3.193410 3.295980 4.215529 6.882573 13.675952 39.412567 15.712986 8.478947 4.368675 2.334210 0.964721 0.174953 0.038122 0.040347 0.147727 0.151790 0.567365 0.107914 0.015390 0.002167 0.005161 0.051235 0.447962 3.293652 0.569288 
0.001029 0.002044 0.017724 0.136047 0.701592 0.523159 0.127601 0.119165 0.449399 0.099717 0.034695 0.114214 0.472409 0.207353 0.177333 0.282858 0.659922 1.590563 2.700230 5.801286 12.705724 9.331174 5.301207 2.575089 1.225198 0.532185 0.145036 0.088730 0.191348 0.904686 0.376114 0.826215 0.139591 0.019862 0.002833 0.004464 0.029033 0.155720 0.459693 0.119464 
0.000592 0.005770 0.064112 0.619458 5.149624 0.837444 0.125360 0.029314 0.051611 0.014028 0.005038 0.016019 0.057447 0.021784 0.028907 0.093797 0.315487 0.709328 1.532216 3.071672 5.887116 6.211606 4.926976 2.014674 1.029020 0.507773 0.195986 0.120836 0.242330 0.543252 0.154714 0.157654 0.084436 0.019381 0.006021 0.021277 0.119020 0.576512 0.166338 0.033683 
0.000410 0.002001 0.019112 0.149922 0.819009 1.428391 0.221744 0.030818 0.008043 0.001818 0.000590 0.001693 0.005458 0.002021 0.004141 0.025733 0.092923 0.344483 0.660823 2.280729 3.053668 3.401406 3.777404 1.327324 0.629093 0.955044 0.244086 0.190828 0.825942 1.125459 0.202531 0.137337 0.450976 0.099804 0.034127 0.119176 0.578446 4.582313 0.574951 0.070260 
0.002162 0.001075 0.004829 0.036547 0.209975 0.793746 0.150980 0.028015 0.004974 0.000773 0.000126 0.000154 0.000439 0.000161 0.000419 0.004761 0.026324 0.129794 0.301504 1.407450 1.616226 1.714233 1.899320 0.457276 0.149524 0.167270 0.109873 0.611187 4.699488 0.748531 0.152317 0.458469 3.295524 0.452300 0.164708 0.575829 0.231607 0.599273 0.241397 0.041429 
0.016692 0.004268 0.004523 0.034189 0.267320 1.756372 0.272210 0.088453 0.017919 0.002742 0.000341 0.000055 0.000061 0.000024 0.000056 0.000764 0.008263 0.045390 0.207639 0.919550 0.696918 0.759572 0.810476 0.231063 0.053817 0.030706 0.034085 0.153358 0.607196 0.143571 0.038647 0.121336 0.588187 0.176302 0.572522 4.532948 0.568638 0.140416 0.148457 0.043277 
0.109234 0.018464 0.006895 0.011152 0.065813 0.280691 0.134024 0.379616 0.061714 0.008764 0.001098 0.000244 0.000396 0.000143 0.000130 0.000676 0.003446 0.011874 0.061172 0.188593 0.257285 0.512663 1.492816 0.439665 0.083786 0.025569 0.074901 0.286066 0.116831 0.027361 0.020229 0.118577 0.583998 0.132477 0.130126 0.558044 0.116399 0.028248 0.040882 0.128098 
0.027525 0.034994 0.038641 0.013015 0.036430 0.155521 0.123660 0.386362 0.063064 0.012842 0.002623 0.001816 0.004738 0.001539 0.000840 0.003802 0.016301 0.005637 0.011348 0.041440 0.214693 0.206683 0.505843 1.430786 0.223391 0.084828 0.409440 2.076251 0.262168 0.034300 0.052886 0.444652 3.290183 0.439303 0.066159 0.069104 0.019711 0.017738 0.056185 0.035284 
0.038646 0.240672 0.316189 0.055803 0.121697 0.836634 0.329394 0.312036 0.062061 0.057334 0.017124 0.016295 0.049860 0.014050 0.004444 0.017611 0.120595 0.018256 0.010832 0.056608 0.408655 0.119748 0.205209 0.676346 0.150991 0.179142 1.373741 0.401540 0.067983 0.010616 0.014798 0.098210 0.448092 0.100127 0.031664 0.071724 0.031463 0.099480 0.445634 0.119594 
0.024238 0.091183 0.051945 0.014186 0.033100 0.160252 0.301907 0.138925 0.119127 0.457647 0.119828 0.118251 0.443446 0.101179 0.017140 0.018922 0.113387 0.019892 0.028672 0.214065 1.703819 0.258088 0.242707 1.169676 0.191438 0.055208 0.160917 0.062524 0.015061 0.007014 0.005909 0.028928 0.108560 0.044743 0.128694 0.621038 0.172665 0.459162 3.298123 0.568739 
0.112379 0.455193 0.099037 0.016817 0.026152 0.190070 1.280692 0.233836 0.476454 3.373244 0.588555 0.587781 3.280442 0.494999 0.065384 0.010871 0.016720 0.007296 0.024047 0.136900 0.740796 0.146342 0.073344 0.186510 0.047016 0.013636 0.033089 0.073008 0.035839 0.051368 0.025551 0.115763 0.546725 0.175569 0.630792 5.141767 0.619050 0.159170 0.450095 0.117224 
0.508173 3.344815 0.431854 0.048782 0.011006 0.042222 0.178034 0.055007 0.105048 0.455700 0.121227 0.134199 0.565028 0.708410 0.135835 0.018371 0.006075 0.017367 0.078548 0.223568 1.297287 0.223655 0.099231 0.048248 0.013259 0.018611 0.126226 0.626420 0.229969 0.449638 0.120058 0.557995 4.263380 0.543751 0.180635 0.620982 0.125456 0.029706 0.051587 0.016278 
0.139552 0.444782 0.094485 0.013345 0.003078 0.008139 0.022660 0.009958 0.015531 0.052139 0.022259 0.079523 0.662858 5.131835 0.605572 0.064204 0.019659 0.101052 0.472670 0.150741 0.231548 0.177222 0.638769 0.188828 0.038809 0.067633 0.612906 5.109441 0.620047 0.111163 0.030621 0.114369 0.536987 0.114794 0.036880 0.066901 0.017345 0.004112 0.005043 0.001762 
0.120220 0.062745 0.014903 0.003144 0.005276 0.017518 0.016376 0.016311 0.007631 0.011414 0.005210 0.018304 0.128038 0.614572 0.123057 0.020979 0.053105 0.466030 3.548512 0.472258 0.143975 0.643457 5.250664 1.207960 0.186221 0.039209 0.127024 0.614259 0.125765 0.023576 0.005940 0.015888 0.059955 0.031919 0.067448 0.023746 0.009812 0.002353 0.000732 0.000217 
0.017783 0.008144 0.002488 0.004917 0.028986 0.122134 0.105054 0.113364 0.042694 0.067931 0.017265 0.005539 0.017048 0.063466 0.016360 0.004127 0.015695 0.111771 0.542558 0.125039 0.065854 0.196894 1.228809 5.242733 0.623091 0.078689 0.039362 0.080871 0.026229 0.025627 0.005882 0.004665 0.023333 0.130328 0.615034 0.138738 0.079242 0.017825 0.002704 0.000560 
0.002224 0.001071 0.001776 0.014152 0.107104 0.687084 0.625803 0.678030 0.222284 0.626721 0.125386 0.021247 0.004811 0.006061 0.001819 0.001423 0.009805 0.064670 0.294027 0.149754 0.217662 0.082684 0.194821 0.634044 0.147487 0.107937 0.139096 0.135105 0.056725 0.174518 0.025129 0.015594 0.081513 0.675770 5.127636 0.724264 0.672721 0.127588 0.017088 0.004015 
0.000252 0.000151 0.000586 0.004616 0.028959 0.122411 0.110172 0.174119 0.639933 5.127059 0.617362 0.112102 0.019149 0.003032 0.000665 0.002665 0.023990 0.183718 1.169606 0.684314 1.337386 0.203036 0.048552 0.080175 0.112710 0.549856 0.857150 0.797035 0.154798 0.081480 0.027800 0.069068 0.153217 0.742279 0.795824 0.748352 5.112099 0.602982 0.066106 0.023338 
0.000189 0.000033 0.000117 0.000874 0.004898 0.016935 0.015891 0.031467 0.129108 0.627589 0.219021 0.458327 0.097436 0.013567 0.001636 0.001537 0.009089 0.046738 0.190832 0.130850 0.210812 0.050248 0.010391 0.011330 0.029015 0.092454 0.135718 0.127257 0.036209 0.027816 0.104835 0.505197 0.709891 5.138332 0.681520 0.201224 0.618610 0.124490 0.031875 0.116196 
0.000015 0.000004 0.000017 0.000120 0.000627 0.001946 0.001892 0.004560 0.021537 0.113334 0.460100 3.284520 0.436499 0.049280 0.005272 0.004285 0.016944 0.011059 0.025790 0.018461 0.027265 0.007957 0.002415 0.006996 0.031570 0.017858 0.018182 0.017077 0.010068 0.051927 0.445152 3.292920 0.557080 0.663040 0.134964 0.034346 0.065076 0.016866 0.006250 0.017656 
0.000001 0.000000 0.000002 0.000014 0.000071 0.000205 0.000210 0.000632 0.003609 0.022327 0.119916 0.586382 0.117394 0.016331 0.003899 0.017385 0.113683 0.017978 0.005125 0.002462 0.003211 0.001331 0.003395 0.028313 0.217710 0.029244 0.005149 0.002423 0.002454 0.016471 0.118219 0.587470 0.134851 0.085005 0.020300 0.004858 0.006435 0.001947 0.000960 0.002462 
