0.000037 0.000710 0.010961 0.107407 0.010993 0.001431 0.005568 0.000706 0.000052 0.000003 0.000000 0.000000 0.000001 0.000035 0.000701 0.010808 0.105663 0.011377 0.009339 0.080726 0.142598 0.011094 0.000674 0.000033 0.000001 0.000000 0.000004 0.000038 0.000226 0.000071 0.000185 0.000420 0.005781 0.071868 0.005675 0.000371 0.000023 0.000051 0.000650 0.005419 
0.000236 0.005113 0.098144 1.499508 0.098282 0.015952 0.104473 0.010526 0.000672 0.000033 0.000001 0.000000 0.000009 0.000219 0.005040 0.096529 1.470591 0.099948 0.075762 0.963163 0.143356 0.012030 0.000738 0.000036 0.000002 0.000003 0.000049 0.000576 0.003881 0.001210 0.003273 0.001556 0.005702 0.006743 0.004080 0.000549 0.000059 0.000296 0.004621 0.057389 
0.000036 0.000668 0.010207 0.098886 0.019780 0.110055 1.661157 0.103611 0.005302 0.000228 0.000009 0.000003 0.000018 0.000051 0.000661 0.010035 0.096927 0.016287 0.062513 0.135797 0.926422 0.064226 0.003553 0.000162 0.000008 0.000029 0.000516 0.006954 0.057652 0.017149 0.052454 0.025299 0.095036 0.023635 0.054948 0.006926 0.000526 0.000108 0.000824 0.004919 
0.000039 0.000288 0.000966 0.009298 0.048990 0.074771 0.108920 0.015956 0.001346 0.000082 0.000008 0.000047 0.000322 0.000359 0.000318 0.000775 0.006998 0.034678 0.447647 0.044292 0.066649 0.007147 0.000484 0.000033 0.000009 0.000155 0.003163 0.051605 0.638043 0.171583 0.619192 0.297968 1.408453 0.264578 0.635165 0.058669 0.004058 0.000902 0.005429 0.001055 
0.000721 0.005235 0.000859 0.002843 0.029535 0.009717 0.016428 0.101231 0.010317 0.000665 0.000078 0.000593 0.004907 0.005596 0.005656 0.000790 0.001591 0.022086 0.260750 0.022664 0.004891 0.000544 0.000072 0.000229 0.000035 0.000035 0.000521 0.007000 0.058549 0.031527 0.211771 0.038033 0.095762 0.023934 0.064968 0.104257 0.011387 0.011508 0.105743 0.011493 
0.011172 0.101411 0.011118 0.015484 0.238503 0.026916 0.103731 1.564290 0.099687 0.005163 0.000513 0.004622 0.057812 0.068279 0.101498 0.010416 0.002119 0.019871 0.192670 0.019636 0.001603 0.000155 0.000680 0.005314 0.000692 0.000135 0.000126 0.000843 0.007677 0.065514 0.841673 0.065060 0.009014 0.006674 0.100970 1.489123 0.106416 0.115093 1.687537 0.114704 
0.109476 1.580404 0.101306 0.010780 0.056367 0.110175 0.021245 0.101230 0.010526 0.000697 0.000088 0.000811 0.009949 0.102660 1.493698 0.096959 0.005330 0.003227 0.018868 0.002753 0.000487 0.000721 0.010564 0.104441 0.010881 0.002405 0.001554 0.001721 0.001047 0.008307 0.072044 0.008248 0.000829 0.000751 0.010272 0.097589 0.010902 0.011486 0.105786 0.011800 
0.016066 0.101793 0.010660 0.006549 0.108674 1.669608 0.104737 0.011159 0.006211 0.000732 0.000058 0.000084 0.001026 0.011227 0.106803 0.010920 0.001308 0.004668 0.001978 0.000933 0.005343 0.005968 0.104486 1.665303 0.108435 0.033784 0.027146 0.024394 0.003875 0.010770 0.100413 0.010410 0.000693 0.000087 0.000692 0.005285 0.000740 0.000782 0.005972 0.005658 
0.039231 0.007973 0.000873 0.000823 0.011204 0.105797 0.011350 0.011484 0.104693 0.010580 0.000680 0.000071 0.000715 0.010710 0.103917 0.011035 0.005671 0.054344 0.005425 0.010474 0.098303 0.010775 0.011447 0.108035 0.054244 0.342408 0.354316 0.272174 0.029382 0.096918 1.406029 0.092815 0.004901 0.000262 0.000634 0.004656 0.000642 0.000374 0.004876 0.058065 
0.022332 0.002172 0.000213 0.000657 0.005615 0.010996 0.006631 0.104740 1.668033 0.104441 0.005394 0.000451 0.004989 0.094751 1.427429 0.095556 0.016394 0.070419 0.011286 0.099223 1.517683 0.097511 0.006208 0.012360 0.063165 0.036442 0.033319 0.025350 0.004497 0.014631 0.094189 0.009811 0.000669 0.000626 0.008829 0.079972 0.008798 0.000639 0.000635 0.004921 
0.001925 0.000270 0.000321 0.004625 0.057673 0.057813 0.005594 0.011017 0.105995 0.022719 0.002111 0.000175 0.000653 0.009923 0.095389 0.020363 0.103981 0.020966 0.002679 0.010368 0.099327 0.010312 0.003643 0.052368 0.727993 0.069528 0.110088 0.017582 0.010592 0.084035 0.013885 0.001242 0.000279 0.004480 0.080415 1.096490 0.079691 0.004447 0.000248 0.000330 
0.000132 0.000053 0.000250 0.000627 0.004945 0.005527 0.005538 0.002030 0.017626 0.177526 0.013688 0.000903 0.000106 0.000871 0.010222 0.102749 1.600943 0.201899 0.015686 0.002382 0.012589 0.001484 0.000564 0.006749 0.067592 0.211308 1.668617 0.194863 0.098793 1.206262 0.083236 0.004563 0.000270 0.001275 0.019372 0.201077 0.019083 0.001229 0.000064 0.000020 
0.000055 0.000604 0.004558 0.000666 0.000700 0.005455 0.061143 0.005407 0.003181 0.025427 0.023160 0.002347 0.000169 0.000084 0.001156 0.016290 0.208512 1.607248 0.102781 0.012989 0.100395 0.007078 0.000897 0.005682 0.104764 1.596835 0.290253 1.307382 0.116268 0.182151 0.018694 0.001460 0.000346 0.005171 0.086036 1.101768 0.080039 0.004461 0.000202 0.000009 
0.000635 0.009063 0.083560 0.009049 0.000938 0.004896 0.056770 0.004908 0.001552 0.014253 0.184332 0.012423 0.000690 0.000070 0.000763 0.011866 0.119703 0.112982 0.011416 0.005371 0.053050 0.005271 0.005625 0.001376 0.010573 0.102255 0.025013 0.093402 0.094193 1.210381 0.084050 0.009916 0.001584 0.011243 0.113606 0.090819 0.009498 0.000627 0.000032 0.000002 
0.004798 0.083999 1.184962 0.083262 0.004636 0.000985 0.004670 0.001385 0.004870 0.002069 0.012518 0.001365 0.000103 0.000232 0.005305 0.104176 1.659764 0.108470 0.005978 0.000875 0.005007 0.011066 0.102034 0.010555 0.001570 0.005330 0.001582 0.006048 0.015034 0.085054 0.019666 0.105870 0.015941 0.105467 1.671518 0.108309 0.005884 0.000271 0.000014 0.000017 
0.001304 0.019038 0.192355 0.019013 0.001796 0.004216 0.001856 0.009231 0.059760 0.005092 0.001237 0.000144 0.000012 0.000034 0.000673 0.010536 0.104134 0.010725 0.000725 0.000381 0.005915 0.102180 1.529782 0.102009 0.010603 0.001159 0.000809 0.010880 0.105843 0.020452 0.106318 1.676273 0.104860 0.015897 0.105002 0.010761 0.000703 0.000039 0.000049 0.000322 
0.004930 0.084050 1.185607 0.083843 0.012624 0.069811 0.020203 0.077703 0.067427 0.006208 0.005726 0.000700 0.000059 0.000007 0.000050 0.000675 0.005319 0.000765 0.000231 0.001659 0.008940 0.012928 0.109115 0.025586 0.104307 0.010805 0.006018 0.105029 1.675101 0.105002 0.015977 0.105450 0.010666 0.001353 0.005362 0.000683 0.000053 0.000050 0.000605 0.004919 
0.002581 0.009320 0.083798 0.013086 0.069728 0.860324 0.229522 0.917686 0.077115 0.015400 0.105246 0.010621 0.000903 0.000066 0.000010 0.000071 0.000564 0.001874 0.002776 0.033749 0.049150 0.035077 0.027918 0.184135 1.597237 0.103018 0.005995 0.010842 0.104999 0.010681 0.001879 0.009070 0.001204 0.000124 0.000232 0.000034 0.000021 0.000326 0.004865 0.058054 
0.022880 0.002551 0.004716 0.001222 0.008883 0.077775 0.020705 0.073680 0.019028 0.106276 1.675466 0.104820 0.010643 0.000904 0.000090 0.000451 0.004820 0.034945 0.024066 0.110388 0.530007 0.143081 0.141929 0.980602 0.181181 0.019841 0.001562 0.000768 0.005397 0.001368 0.007465 0.061115 0.007361 0.000528 0.000036 0.000005 0.000051 0.000701 0.005694 0.005630 
0.022678 0.001972 0.000370 0.000759 0.010713 0.100350 0.011946 0.015181 0.099151 0.020785 0.106333 0.021223 0.105680 0.010620 0.000865 0.003164 0.045850 0.573410 0.151716 0.719719 3.265647 0.822567 0.167633 0.127809 0.026683 0.092633 0.009844 0.000723 0.000924 0.007121 0.061932 0.734794 0.060827 0.003713 0.000180 0.000040 0.000657 0.010139 0.097901 0.011216 
0.001954 0.000259 0.000293 0.005609 0.098284 1.376991 0.101356 0.107008 1.496236 0.097939 0.015739 0.105900 1.675549 0.104152 0.005347 0.000893 0.008485 0.076341 0.487151 3.171565 25.700523 3.953247 0.879928 0.119436 0.146304 1.249554 0.090551 0.005388 0.006950 0.054759 0.026976 0.227685 0.019609 0.001220 0.000068 0.000226 0.005128 0.098050 1.494801 0.106202 
0.000133 0.000054 0.000709 0.011233 0.114658 0.107614 0.011805 0.010997 0.097892 0.010158 0.001557 0.010679 0.105008 0.010578 0.000681 0.000147 0.001757 0.019296 0.149754 0.868039 3.389121 0.925147 0.203237 0.050704 0.014456 0.092114 0.010490 0.004150 0.054490 0.619192 0.124340 0.615733 0.053684 0.003395 0.000172 0.000096 0.001324 0.015369 0.098534 0.010946 
0.000017 0.000229 0.005339 0.104913 1.671861 0.179299 0.014222 0.001509 0.005137 0.000659 0.000106 0.000681 0.005340 0.000676 0.000052 0.000050 0.000883 0.013668 0.169329 0.178942 0.589198 0.194823 0.175119 0.076180 0.010486 0.010933 0.009576 0.002979 0.024938 0.227265 0.026946 0.055172 0.011769 0.001143 0.000140 0.000898 0.010500 0.103038 0.015774 0.001455 
0.000019 0.000043 0.000870 0.014776 0.176489 0.908759 0.072208 0.004348 0.000432 0.000041 0.000006 0.000033 0.000228 0.000033 0.000003 0.000016 0.000281 0.003835 0.036062 0.054718 0.059125 0.061378 0.247024 0.529007 0.085789 0.072211 0.110341 0.022679 0.165674 0.748294 0.062776 0.017214 0.098541 0.010198 0.001545 0.010494 0.103052 1.614416 0.106415 0.006137 
0.000319 0.000052 0.000117 0.001975 0.026524 0.252252 0.021460 0.002910 0.000327 0.000026 0.000002 0.000001 0.000008 0.000001 0.000000 0.000004 0.000070 0.001087 0.013321 0.121930 0.026261 0.096019 1.237979 0.129421 0.020111 0.099827 0.021469 0.105836 1.655142 0.163393 0.017676 0.098818 1.495932 0.097753 0.015470 0.102592 0.021125 0.108370 0.070048 0.006519 
0.004844 0.000614 0.000271 0.004492 0.078486 1.027702 0.080793 0.027933 0.003402 0.000265 0.000015 0.000001 0.000001 0.000000 0.000001 0.000011 0.000234 0.004967 0.091966 1.273558 0.092671 0.026046 0.243092 0.027533 0.003297 0.008070 0.002738 0.014576 0.104671 0.014210 0.001902 0.011024 0.107376 0.016120 0.102403 1.598533 0.102359 0.015976 0.060845 0.010488 
0.056780 0.004901 0.000710 0.000700 0.009233 0.082707 0.034745 0.253968 0.023839 0.001653 0.000090 0.000005 0.000008 0.000002 0.000004 0.000047 0.000326 0.000690 0.009822 0.091987 0.014441 0.079570 1.027859 0.148551 0.012752 0.001865 0.007974 0.062278 0.011918 0.001343 0.000810 0.010941 0.107151 0.011562 0.011079 0.101737 0.010459 0.001840 0.009669 0.059147 
0.005841 0.006581 0.006491 0.001085 0.004611 0.037311 0.025431 0.173605 0.014044 0.001072 0.000076 0.000037 0.000220 0.000035 0.000050 0.000596 0.004647 0.000644 0.000734 0.005530 0.005476 0.013571 0.149854 0.912570 0.072160 0.009271 0.074762 0.784484 0.052882 0.003134 0.005233 0.097882 1.495255 0.097108 0.005762 0.005669 0.000762 0.000808 0.005998 0.005700 
0.006592 0.076989 0.086439 0.008416 0.031286 0.372593 0.124762 0.160289 0.014276 0.006037 0.000758 0.000709 0.005088 0.000678 0.000372 0.004921 0.058028 0.004905 0.000913 0.008289 0.069064 0.009975 0.025086 0.233896 0.021163 0.023311 0.361664 0.075836 0.007000 0.000508 0.000684 0.010162 0.098072 0.010177 0.001366 0.005630 0.001365 0.010186 0.097930 0.011221 
0.001492 0.011570 0.007112 0.001109 0.004456 0.038937 0.094021 0.044740 0.014584 0.099800 0.011054 0.010917 0.097629 0.010310 0.001006 0.004954 0.058048 0.005065 0.004418 0.069452 0.857084 0.075594 0.075778 0.845866 0.068231 0.006229 0.022242 0.005555 0.000916 0.000461 0.000157 0.001327 0.010345 0.001995 0.010724 0.105285 0.015678 0.098512 1.495108 0.106211 
0.010791 0.096261 0.010314 0.000867 0.003339 0.052754 0.662615 0.058514 0.102919 1.524877 0.107870 0.106953 1.490965 0.102045 0.005767 0.000864 0.004661 0.000688 0.001514 0.020041 0.233049 0.020651 0.009583 0.068334 0.007980 0.000749 0.001859 0.006180 0.005368 0.007125 0.001469 0.010490 0.102004 0.015705 0.105719 1.676448 0.104846 0.015432 0.098091 0.010901 
0.103212 1.442645 0.094461 0.004987 0.000662 0.006078 0.050749 0.006813 0.010734 0.099516 0.011071 0.011589 0.108187 0.114817 0.011209 0.000754 0.000384 0.000898 0.009326 0.073143 0.911735 0.072536 0.010110 0.005111 0.000679 0.000744 0.010897 0.108829 0.062145 0.101593 0.012586 0.102612 1.593265 0.101391 0.015806 0.105277 0.010638 0.001330 0.005131 0.000708 
0.017641 0.095939 0.009940 0.000651 0.000102 0.000639 0.003073 0.000626 0.000723 0.005190 0.000944 0.006035 0.109837 1.671677 0.103943 0.005329 0.000898 0.010181 0.098694 0.018454 0.073337 0.018959 0.106043 0.016070 0.001602 0.005407 0.104576 1.667892 0.108284 0.012367 0.001692 0.010458 0.101561 0.010413 0.001567 0.005409 0.000691 0.000083 0.000223 0.000035 
0.056614 0.009470 0.000934 0.000110 0.000554 0.003636 0.001435 0.002808 0.000474 0.000485 0.000103 0.000714 0.010811 0.104782 0.010565 0.000894 0.005138 0.098149 1.505459 0.098153 0.014800 0.106264 1.682440 0.207833 0.015864 0.001653 0.010693 0.104706 0.010916 0.001413 0.000188 0.000679 0.005267 0.001349 0.005399 0.000936 0.000309 0.000039 0.000011 0.000002 
0.004850 0.000804 0.000104 0.000494 0.006395 0.050889 0.020006 0.043024 0.006066 0.005740 0.000702 0.000109 0.000688 0.005329 0.000676 0.000084 0.000706 0.010829 0.105560 0.011548 0.005973 0.016553 0.209591 1.682026 0.104939 0.007044 0.002684 0.007996 0.001797 0.005472 0.000665 0.000127 0.000935 0.010824 0.104513 0.011208 0.005986 0.000706 0.000054 0.000020 
0.000320 0.000061 0.000151 0.002873 0.044424 0.498404 0.245605 0.478350 0.052379 0.107463 0.010723 0.000902 0.000099 0.000231 0.000034 0.000034 0.000613 0.008832 0.077795 0.020700 0.072637 0.009642 0.016526 0.105957 0.015336 0.027587 0.031496 0.041011 0.011837 0.072129 0.005578 0.000842 0.006048 0.109785 1.666502 0.114113 0.109704 0.010755 0.000727 0.000358 
0.000017 0.000004 0.000028 0.000488 0.006394 0.050883 0.020223 0.048302 0.110163 1.671848 0.104586 0.010389 0.000881 0.000065 0.000012 0.000191 0.004062 0.068896 0.855107 0.230620 0.911996 0.071437 0.005257 0.008726 0.040633 0.312921 0.411098 0.462024 0.058897 0.038068 0.004218 0.006042 0.011920 0.115377 0.120279 0.115626 1.665727 0.103653 0.005878 0.005176 
0.000008 0.000001 0.000003 0.000047 0.000549 0.003613 0.001324 0.003456 0.011031 0.105458 0.020685 0.098515 0.010125 0.000654 0.000037 0.000076 0.000853 0.008095 0.069362 0.019909 0.072494 0.008291 0.000652 0.000795 0.005235 0.026968 0.031420 0.040475 0.006716 0.004243 0.010797 0.102989 0.114663 1.668686 0.109663 0.016517 0.104717 0.010831 0.005339 0.058422 
0.000000 0.000000 0.000000 0.000003 0.000035 0.000207 0.000072 0.000198 0.000919 0.010429 0.098546 1.495283 0.097055 0.005066 0.000266 0.000607 0.004690 0.001155 0.004133 0.001246 0.004221 0.000577 0.000101 0.000738 0.006033 0.002353 0.001832 0.002633 0.000709 0.005342 0.097731 1.492459 0.107345 0.109633 0.011029 0.001387 0.005352 0.000720 0.000648 0.004946 
0.000000 0.000000 0.000000 0.000000 0.000002 0.000010 0.000004 0.000010 0.000070 0.000944 0.010966 0.107109 0.010896 0.000723 0.000357 0.004922 0.058071 0.004906 0.000518 0.000081 0.000204 0.000050 0.000369 0.005849 0.074422 0.005878 0.000447 0.000159 0.000064 0.000722 0.010916 0.106929 0.011579 0.006251 0.000752 0.000089 0.000238 0.000039 0.000053 0.000341 
