0.006119 0.056693 0.443061 2.378862 0.451371 0.133737 0.330402 0.077210 0.010763 0.001118 0.000096 0.000040 0.000464 0.005577 0.055860 0.436559 2.337670 0.464310 0.287340 1.176866 1.148816 0.164180 0.018977 0.001821 0.000153 0.000047 0.000278 0.001526 0.004871 0.003351 0.005396 0.014595 0.100935 0.782815 0.087969 0.009390 0.001091 0.001376 0.009415 0.047869 
0.017447 0.179744 1.668939 12.576902 1.713397 0.771555 3.181347 0.587331 0.070456 0.006594 0.000522 0.000128 0.001262 0.015959 0.177482 1.651262 12.475939 1.729790 1.173785 7.811574 1.950804 0.299964 0.035073 0.003361 0.000299 0.000267 0.002014 0.012041 0.043289 0.027785 0.041273 0.063815 0.200033 0.151195 0.056394 0.013964 0.002864 0.004689 0.037543 0.282271 
0.005591 0.047835 0.351071 1.691572 0.675455 3.269588 27.416637 3.135643 0.302184 0.024905 0.001819 0.000270 0.000886 0.005433 0.046971 0.345413 1.655325 0.437880 0.639496 1.876294 7.454312 0.911627 0.094436 0.008457 0.000799 0.001382 0.011731 0.079270 0.350338 0.203993 0.317468 0.497979 1.885035 0.506957 0.319309 0.084843 0.016416 0.009644 0.031129 0.046698 
0.007358 0.027717 0.056194 0.218842 0.324578 1.096603 3.232409 0.816302 0.126672 0.014721 0.001555 0.001291 0.005271 0.009908 0.024061 0.053353 0.210168 0.350936 2.364838 0.566553 0.954905 0.186361 0.024545 0.004168 0.001067 0.004158 0.040027 0.332766 2.315651 1.143933 1.944164 2.751856 15.896779 2.653821 1.923414 0.441342 0.092531 0.081802 0.279993 0.086035 
0.067461 0.247597 0.077132 0.148665 0.740196 0.416969 0.801130 2.336912 0.456136 0.057523 0.006680 0.008928 0.045797 0.085496 0.186252 0.053475 0.042401 0.157345 0.899979 0.182283 0.114787 0.026937 0.010331 0.024801 0.006781 0.002551 0.012276 0.081933 0.375280 0.396804 1.515362 0.691317 1.910631 0.534514 0.646023 1.642053 0.472019 0.650759 2.814087 0.682439 
0.541358 2.536305 0.534699 0.703767 5.858231 1.346513 2.617042 18.202728 2.230157 0.227982 0.023735 0.041598 0.325819 0.632076 1.693121 0.351796 0.059105 0.091864 0.519397 0.088617 0.022275 0.013897 0.071206 0.301707 0.071088 0.012342 0.006217 0.019925 0.104656 0.592543 4.508121 0.617988 0.260292 0.237848 1.605836 11.550605 2.537176 3.700439 23.205149 3.877110 
2.805807 21.621305 2.521858 0.436218 1.220233 3.003517 1.010697 2.336143 0.476689 0.063609 0.008801 0.024453 0.219933 1.731381 12.867758 1.665307 0.182753 0.037843 0.075617 0.024656 0.029912 0.076668 0.591173 3.177254 0.592988 0.093692 0.035496 0.027526 0.034122 0.184243 0.957460 0.185315 0.043831 0.053292 0.338395 1.575127 0.462036 0.649765 2.815121 0.689082 
0.596434 2.542165 0.501990 0.339586 2.756318 22.247478 2.714999 0.563437 0.379754 0.080298 0.011384 0.007789 0.060725 0.442781 2.323607 0.437471 0.065123 0.040767 0.024808 0.062822 0.259188 0.358579 3.185428 27.540810 3.178432 0.496935 0.276891 0.224831 0.097131 0.409805 2.064803 0.394770 0.052226 0.012718 0.048077 0.180402 0.061217 0.079553 0.286675 0.123702 
0.310986 0.273597 0.068041 0.075668 0.534362 2.742615 0.597293 0.673319 3.181346 0.589678 0.071373 0.012150 0.054575 0.416449 2.200584 0.425375 0.114217 0.263908 0.098347 0.466486 2.354878 0.525635 0.652327 3.226777 0.874017 1.432507 1.860918 1.784849 0.463689 1.905644 14.088952 1.762372 0.184312 0.020649 0.028418 0.093787 0.028680 0.015000 0.059884 0.292689 
0.116522 0.036293 0.009536 0.018569 0.109835 0.371811 0.377353 3.182427 27.449543 3.157521 0.306817 0.040426 0.170091 1.557527 11.723649 1.613190 0.519243 0.655530 0.354358 2.404235 19.281435 2.323453 0.325304 0.509543 1.065582 0.464805 0.503035 0.301749 0.141237 0.518841 1.824847 0.365563 0.049669 0.027697 0.153960 0.639015 0.152467 0.024353 0.012091 0.040383 
0.015235 0.005168 0.005720 0.038087 0.297864 0.312736 0.116034 0.603384 3.240388 0.984822 0.143798 0.019911 0.045268 0.332162 1.615453 0.869002 2.962048 0.858097 0.200227 0.487146 2.430580 0.471634 0.157076 0.969911 7.902946 1.542189 2.264526 0.710248 0.399173 1.463248 0.464812 0.083389 0.019010 0.084224 0.664869 4.247690 0.650803 0.081627 0.009518 0.005310 
0.002284 0.003730 0.011193 0.011231 0.042214 0.050102 0.060491 0.116676 0.702818 3.712723 0.443178 0.046598 0.012290 0.066536 0.446283 2.943925 24.791300 5.419595 0.793877 0.179436 0.456026 0.091723 0.042094 0.248914 1.510556 4.076850 17.088743 4.687490 2.096967 11.577974 1.426278 0.152380 0.020875 0.063289 0.447879 2.418134 0.421954 0.055282 0.005907 0.000977 
0.005328 0.028973 0.104090 0.030301 0.013970 0.048221 0.325908 0.063279 0.116854 0.509481 0.520168 0.086398 0.011120 0.013923 0.111075 0.868869 5.788667 22.249386 2.762012 0.490288 1.490008 0.173562 0.053567 0.224788 1.972695 14.858313 6.347764 23.337425 3.199592 3.097175 0.582935 0.099066 0.032063 0.155218 0.967144 4.331065 0.662166 0.082618 0.008420 0.000808 
0.032344 0.203937 0.890562 0.202678 0.033927 0.042436 0.274796 0.044741 0.059664 0.487943 4.123798 0.441904 0.040293 0.011388 0.086694 0.713148 3.898423 3.568514 0.712194 0.454718 3.466311 0.335844 0.209806 0.104168 0.398812 1.919298 1.045432 2.780853 1.908857 11.355520 1.463781 0.453738 0.156656 0.624901 3.335885 1.227034 0.222495 0.029311 0.003079 0.000325 
0.119258 0.917433 6.191721 0.900501 0.109895 0.023627 0.041180 0.022918 0.054117 0.090882 0.450331 0.078671 0.010704 0.025294 0.301125 3.122969 25.742376 3.605507 0.650450 0.488865 2.535614 0.586827 1.504029 0.373059 0.121065 0.214156 0.134183 0.352477 0.642247 1.534523 0.879912 3.246281 0.894382 3.255940 27.601057 3.211334 0.320766 0.027918 0.002282 0.000597 
0.071430 0.491995 2.680688 0.490740 0.078758 0.058882 0.050050 0.100783 0.367112 0.062224 0.069535 0.016021 0.002852 0.006843 0.070559 0.587659 3.141781 0.775304 0.544712 0.718151 2.394683 2.714497 8.649861 1.546787 0.406656 0.098812 0.092466 0.619507 3.249384 1.032727 3.291872 27.617687 3.208739 0.890378 3.208049 0.596879 0.072850 0.007187 0.001753 0.004584 
0.120982 0.918765 6.200853 0.914855 0.199392 0.399379 0.310578 0.470891 0.403741 0.126030 0.311803 0.072475 0.011730 0.002542 0.010028 0.072489 0.329056 0.231032 0.636700 1.035310 2.692904 3.100388 4.452087 1.194453 1.971137 0.450526 0.360532 3.192564 27.598705 3.219205 0.895546 3.214944 0.601074 0.141460 0.308885 0.071665 0.010185 0.002492 0.009186 0.040027 
0.046969 0.207508 0.896715 0.249721 0.399988 2.402307 1.716827 2.751760 0.522890 0.654510 3.192065 0.595231 0.094629 0.013285 0.003318 0.016168 0.088435 0.326210 0.793333 1.900351 3.629212 4.717406 5.333822 3.777015 12.692945 1.887042 0.289355 0.612369 3.187395 0.601148 0.153248 0.348193 0.083724 0.018404 0.025705 0.006845 0.002154 0.008675 0.052332 0.290905 
0.115316 0.043786 0.108075 0.050585 0.150031 0.661709 0.370349 0.512991 0.590181 3.247899 27.603922 3.206719 0.595125 0.095876 0.017925 0.046381 0.232317 0.844803 1.257187 2.480693 5.749245 7.122122 8.301726 5.221089 2.709205 0.687851 0.121000 0.084392 0.306314 0.087014 0.094479 0.339720 0.082865 0.013335 0.003292 0.001432 0.007164 0.047347 0.188041 0.097578 
0.109953 0.018470 0.017086 0.052134 0.338683 1.526689 0.424658 0.496980 1.824272 0.956310 3.300829 1.172632 3.084602 0.629473 0.129728 0.146388 0.697168 4.181530 3.318235 5.456196 12.169972 10.314700 5.938860 3.090694 1.347668 1.143566 0.268367 0.047885 0.042794 0.080272 0.344458 2.131718 0.324741 0.041663 0.004921 0.005174 0.046653 0.350952 1.682255 0.440521 
0.015129 0.005386 0.024554 0.218434 1.643137 10.041739 1.875025 2.252945 13.386369 1.797184 0.779676 3.099674 23.305332 4.504464 1.848656 1.350602 1.540290 2.092433 4.102709 10.352139 37.045124 16.438210 9.884234 6.621283 6.699091 5.427789 0.944500 0.136721 0.080544 0.271030 0.327765 1.281972 0.228947 0.031365 0.004801 0.017368 0.185219 1.697045 12.791952 2.249323 
0.002267 0.007384 0.075027 0.631302 3.476572 1.978572 0.451675 0.442076 1.739459 0.368504 0.141284 0.591250 3.015313 0.623592 0.135511 0.144154 0.438518 1.060556 2.046920 4.940926 11.339243 8.120000 4.675187 2.131254 1.289349 1.164138 0.283449 0.089574 0.292931 1.579919 0.881141 1.504855 0.263080 0.038345 0.006281 0.015908 0.112612 0.628681 1.746700 0.444277 
0.002043 0.024654 0.303925 3.196914 27.665833 3.660959 0.442289 0.095003 0.187982 0.048600 0.018494 0.071556 0.296670 0.072006 0.019181 0.046543 0.182996 0.409821 1.340123 2.830135 4.955870 4.980473 4.758984 1.842763 0.746570 0.394717 0.171689 0.145605 0.550842 1.330277 0.343007 0.312253 0.241901 0.057288 0.020488 0.090246 0.559793 2.965259 0.727583 0.129018 
0.001026 0.007214 0.076425 0.644809 3.598133 3.212423 0.485324 0.066652 0.022994 0.005479 0.001934 0.006701 0.024280 0.006638 0.002103 0.009562 0.047275 0.189337 0.556752 2.554580 2.363390 2.705158 5.714645 2.489115 0.933985 1.144709 0.760056 0.718950 3.513708 2.692123 0.453197 0.427702 1.684051 0.359015 0.134336 0.562065 2.984964 25.121994 2.929955 0.314087 
0.004527 0.002559 0.014793 0.115744 0.641414 1.991084 0.351563 0.058052 0.009670 0.001471 0.000275 0.000534 0.001726 0.000517 0.000184 0.001633 0.013474 0.104136 0.486616 3.089537 1.441648 1.854601 5.951677 1.174160 0.298850 0.568833 0.456746 3.202340 27.307514 3.433290 0.553018 1.715095 12.712402 1.713370 0.727313 2.992650 1.093975 3.031678 0.863988 0.126685 
0.038561 0.008993 0.009731 0.074317 0.577244 3.739754 0.568315 0.163519 0.030548 0.004421 0.000536 0.000115 0.000195 0.000069 0.000108 0.001238 0.014286 0.135511 1.040161 5.970097 1.349265 0.850820 2.235354 0.520402 0.108786 0.101295 0.137312 0.737330 3.198436 0.631204 0.138342 0.449985 2.341807 0.718593 2.971354 25.178543 2.945137 0.605420 0.407341 0.103440 
0.277187 0.042884 0.016721 0.023174 0.136384 0.584569 0.255193 0.708105 0.110032 0.015260 0.001962 0.000603 0.001250 0.000416 0.000265 0.001415 0.007936 0.038357 0.253324 1.034858 0.406734 0.788358 4.417600 1.033837 0.186475 0.089428 0.403610 1.643726 0.573687 0.111648 0.070471 0.441484 2.324626 0.502683 0.600461 2.918796 0.550297 0.105703 0.105073 0.324414 
0.063724 0.088163 0.119580 0.032771 0.081787 0.378419 0.277397 1.083877 0.153311 0.033228 0.007336 0.005782 0.016079 0.004863 0.001903 0.008041 0.037136 0.014082 0.040733 0.147854 0.156632 0.302237 1.095700 2.860024 0.475618 0.416576 2.841906 14.177952 1.571066 0.164830 0.192167 1.676426 12.700056 1.657471 0.249510 0.319076 0.080828 0.060248 0.194003 0.101101 
0.096712 0.673860 1.118220 0.175170 0.332694 2.474839 0.747052 0.652405 0.140006 0.193225 0.058168 0.056677 0.179146 0.047869 0.011886 0.040630 0.290885 0.041728 0.023065 0.107902 0.440476 0.197389 0.434079 1.735008 0.443846 1.388801 12.684040 2.797770 0.381456 0.046364 0.050953 0.354940 1.690967 0.362812 0.124074 0.334543 0.123317 0.360467 1.684560 0.440875 
0.078717 0.321449 0.170892 0.038351 0.077341 0.410862 0.774943 0.298626 0.388097 1.696959 0.445295 0.442664 1.665589 0.368422 0.056539 0.045376 0.288220 0.045159 0.057378 0.407267 2.887716 0.516244 0.515874 2.427242 0.408214 0.273409 1.333351 0.380873 0.067284 0.025398 0.020380 0.110463 0.447942 0.179624 0.609506 3.204791 0.767920 1.745932 12.806721 2.247268 
0.456165 2.060638 0.406359 0.057975 0.064075 0.506854 3.731004 0.662681 1.739789 12.765879 2.367301 2.380739 12.564580 1.922804 0.246356 0.033452 0.039775 0.017509 0.060665 0.321646 1.901546 0.343676 0.166430 0.381433 0.096942 0.048419 0.186327 0.343575 0.122289 0.209181 0.102537 0.530099 2.725922 0.817367 3.249489 27.613342 3.184074 0.648059 1.705973 0.435837 
2.260105 16.493193 1.978040 0.201083 0.031503 0.103789 0.479940 0.147042 0.366993 1.694455 0.451448 0.512371 2.250220 3.525016 0.633108 0.076723 0.018892 0.059311 0.264312 0.473004 2.620027 0.487096 0.376882 0.147416 0.037653 0.077502 0.602531 3.211814 0.867003 2.015911 0.545198 2.794585 22.496895 2.714700 0.853130 3.208298 0.596899 0.116651 0.186659 0.056618 
0.520116 2.022681 0.393175 0.050007 0.008073 0.017465 0.054914 0.023747 0.050476 0.185870 0.082005 0.358700 3.360275 27.618839 3.141248 0.304263 0.076774 0.413546 2.083388 0.512589 0.522429 0.704507 3.270382 0.894339 0.166472 0.318785 3.182062 27.559212 3.176721 0.497379 0.124959 0.525600 2.687718 0.526639 0.157836 0.315614 0.074539 0.015080 0.017216 0.005720 
0.320310 0.233451 0.053276 0.009021 0.009488 0.031796 0.034581 0.031449 0.019391 0.042623 0.019049 0.077486 0.607384 3.186232 0.589522 0.088374 0.216947 2.071131 16.727961 2.079339 0.571811 3.288109 28.176031 6.270195 0.889362 0.166993 0.602367 3.183504 0.595484 0.097943 0.021771 0.065849 0.273215 0.136191 0.318534 0.102363 0.040826 0.008958 0.002445 0.000639 
0.042327 0.024547 0.006784 0.008892 0.052121 0.228508 0.238399 0.223743 0.119514 0.310985 0.073236 0.021314 0.073369 0.302655 0.071007 0.015246 0.056883 0.442969 2.321901 0.476396 0.207700 0.915710 6.367527 28.158710 3.209576 0.335570 0.129391 0.335395 0.099839 0.126660 0.023787 0.017353 0.099670 0.621755 3.194468 0.659350 0.372205 0.077003 0.010452 0.001593 
0.004699 0.002562 0.003280 0.025566 0.200349 1.331204 1.576749 1.369830 0.775004 3.206428 0.594818 0.087453 0.017862 0.025729 0.006928 0.003566 0.023099 0.161108 0.792216 0.375029 0.448908 0.240857 0.909108 3.259210 0.634683 0.241212 0.304211 0.272099 0.178427 1.049623 0.122044 0.061195 0.379835 3.486627 27.679150 3.721743 3.474672 0.610708 0.072939 0.011683 
0.000467 0.000292 0.000998 0.008021 0.052093 0.229917 0.261173 0.515951 3.231221 27.590832 3.180772 0.476622 0.070498 0.010343 0.001837 0.005236 0.047182 0.363770 2.318694 1.713442 2.686580 0.411459 0.146824 0.333990 0.240592 1.088451 2.044008 1.541351 0.286686 0.195831 0.082846 0.258943 0.709152 3.800291 4.065616 3.832716 27.612640 3.137101 0.306318 0.065741 
0.000332 0.000048 0.000190 0.001459 0.008466 0.030770 0.036268 0.099369 0.603748 3.229290 0.935247 1.729425 0.351726 0.046346 0.005018 0.003094 0.017964 0.091799 0.380132 0.303256 0.423406 0.099841 0.024177 0.034371 0.057035 0.172035 0.290670 0.237753 0.065812 0.074096 0.377042 1.961713 3.533807 27.677582 3.503503 0.958571 3.210654 0.592996 0.106826 0.295630 
0.000018 0.000005 0.000026 0.000193 0.001040 0.003403 0.004185 0.014097 0.087806 0.481691 1.736774 12.564198 1.639308 0.177012 0.017035 0.009414 0.038908 0.022134 0.051122 0.040793 0.054357 0.015596 0.005030 0.016704 0.082695 0.034722 0.035637 0.030883 0.025017 0.182927 1.672529 12.621387 2.221918 3.364165 0.637023 0.148605 0.309385 0.072065 0.017708 0.041022 
0.000001 0.000000 0.000003 0.000022 0.000112 0.000344 0.000450 0.001860 0.012839 0.082732 0.449487 2.376413 0.439917 0.056609 0.010130 0.040250 0.287732 0.041137 0.010307 0.005188 0.006319 0.002614 0.007870 0.076136 0.667924 0.077272 0.011003 0.004408 0.006796 0.056988 0.443159 2.383560 0.516090 0.382862 0.085444 0.018822 0.027346 0.007363 0.002329 0.005109 
