0.000000 0.000000 0.000000 0.000028 0.000000 0.000000 0.000000 0.000000 0.000000 0.000000 0.000000 0.000000 0.000000 0.000000 0.000000 0.000000 0.000028 0.000000 0.000001 0.000044 0.001513 0.000017 0.000000 0.000000 0.000000 0.000000 0.000000 0.000000 0.000000 0.000000 0.000000 0.000000 0.000016 0.001437 0.000016 0.000000 0.000000 0.000000 0.000000 0.000016 
0.000000 0.000000 0.000027 0.002996 0.000027 0.000001 0.000027 0.000000 0.000000 0.000000 0.000000 0.000000 0.000000 0.000000 0.000000 0.000027 0.002995 0.000028 0.000044 0.002999 0.000073 0.000001 0.000000 0.000000 0.000000 0.000000 0.000000 0.000000 0.000015 0.000000 0.000000 0.000000 0.000001 0.000016 0.000001 0.000000 0.000000 0.000000 0.000016 0.001437 
0.000000 0.000000 0.000000 0.000028 0.000017 0.000044 0.002996 0.000027 0.000000 0.000000 0.000000 0.000000 0.000000 0.000000 0.000000 0.000000 0.000027 0.000017 0.001453 0.000073 0.002986 0.000027 0.000000 0.000000 0.000000 0.000000 0.000000 0.000015 0.001254 0.000016 0.000028 0.000001 0.000027 0.000001 0.000027 0.000000 0.000000 0.000000 0.000000 0.000016 
0.000000 0.000000 0.000000 0.000016 0.001435 0.001452 0.000043 0.000001 0.000000 0.000000 0.000000 0.000000 0.000000 0.000000 0.000000 0.000000 0.000000 0.000017 0.001514 0.000017 0.000027 0.000000 0.000000 0.000000 0.000000 0.000000 0.000000 0.000031 0.003379 0.000059 0.003002 0.000055 0.003004 0.000055 0.002994 0.000028 0.000000 0.000000 0.000000 0.000000 
0.000000 0.000000 0.000000 0.000001 0.000033 0.000017 0.000001 0.000027 0.000000 0.000000 0.000000 0.000000 0.000016 0.000016 0.000001 0.000000 0.000000 0.000001 0.000046 0.000001 0.000000 0.000000 0.000000 0.000000 0.000000 0.000000 0.000000 0.000015 0.001254 0.000016 0.000055 0.000001 0.000027 0.000001 0.000028 0.000028 0.000000 0.000000 0.000027 0.000000 
0.000000 0.000027 0.000001 0.000016 0.001471 0.000017 0.000028 0.002995 0.000027 0.000000 0.000000 0.000016 0.001434 0.001452 0.000043 0.000001 0.000000 0.000027 0.002992 0.000027 0.000000 0.000000 0.000000 0.000000 0.000000 0.000000 0.000000 0.000000 0.000015 0.000028 0.002995 0.000027 0.000000 0.000000 0.000028 0.002995 0.000028 0.000028 0.002996 0.000028 
0.000028 0.002996 0.000027 0.000017 0.001450 0.000044 0.000001 0.000027 0.000000 0.000000 0.000000 0.000000 0.000016 0.000044 0.002997 0.000027 0.000000 0.000001 0.000027 0.000000 0.000000 0.000000 0.000000 0.000027 0.000001 0.000000 0.000000 0.000000 0.000000 0.000000 0.000028 0.000000 0.000000 0.000000 0.000000 0.000027 0.000000 0.000000 0.000027 0.000001 
0.000012 0.000028 0.000000 0.000001 0.000044 0.002997 0.000027 0.000000 0.000000 0.000000 0.000000 0.000000 0.000000 0.000001 0.000028 0.000000 0.000000 0.000016 0.000001 0.000000 0.000000 0.000000 0.000027 0.002996 0.000044 0.000017 0.000001 0.000027 0.000000 0.000000 0.000028 0.000000 0.000000 0.000000 0.000000 0.000000 0.000000 0.000000 0.000001 0.000016 
0.000894 0.000012 0.000000 0.000000 0.000001 0.000028 0.000000 0.000000 0.000027 0.000000 0.000000 0.000000 0.000000 0.000000 0.000028 0.000001 0.000016 0.001436 0.000016 0.000001 0.000027 0.000000 0.000001 0.000044 0.001449 0.001511 0.000046 0.002993 0.000028 0.000028 0.002995 0.000027 0.000000 0.000000 0.000000 0.000000 0.000000 0.000000 0.000016 0.001437 
0.000892 0.000011 0.000000 0.000000 0.000016 0.000016 0.000001 0.000027 0.002995 0.000027 0.000000 0.000000 0.000000 0.000027 0.002995 0.000027 0.000017 0.001448 0.000016 0.000028 0.002995 0.000027 0.000000 0.000001 0.000046 0.000017 0.000001 0.000027 0.000000 0.000001 0.000027 0.000000 0.000000 0.000000 0.000000 0.000027 0.000000 0.000000 0.000000 0.000016 
0.000011 0.000000 0.000000 0.000016 0.001437 0.001435 0.000016 0.000001 0.000028 0.000017 0.000000 0.000000 0.000000 0.000000 0.000027 0.000001 0.000028 0.000017 0.000000 0.000000 0.000027 0.000000 0.000000 0.000027 0.002993 0.000028 0.000028 0.000001 0.000000 0.000027 0.000001 0.000000 0.000000 0.000000 0.000027 0.002994 0.000027 0.000000 0.000000 0.000000 
0.000000 0.000000 0.000000 0.000000 0.000016 0.000017 0.000016 0.000000 0.000017 0.001549 0.000028 0.000000 0.000000 0.000000 0.000000 0.000027 0.002997 0.000055 0.000001 0.000000 0.000016 0.000000 0.000000 0.000000 0.000028 0.000055 0.002999 0.000055 0.000028 0.002994 0.000027 0.000000 0.000000 0.000000 0.000001 0.000055 0.000001 0.000000 0.000000 0.000000 
0.000000 0.000000 0.000000 0.000000 0.000000 0.000016 0.001442 0.000016 0.000011 0.000858 0.000853 0.000011 0.000000 0.000000 0.000000 0.000001 0.000055 0.002998 0.000027 0.000016 0.001444 0.000016 0.000000 0.000000 0.000028 0.002993 0.000082 0.002996 0.000028 0.000055 0.000001 0.000000 0.000000 0.000000 0.000028 0.002995 0.000027 0.000000 0.000000 0.000000 
0.000000 0.000000 0.000027 0.000000 0.000000 0.000016 0.001437 0.000016 0.000001 0.000028 0.001544 0.000017 0.000000 0.000000 0.000000 0.000000 0.000028 0.000028 0.000001 0.000016 0.001436 0.000016 0.000000 0.000000 0.000000 0.000027 0.000001 0.000028 0.000028 0.002994 0.000027 0.000000 0.000000 0.000000 0.000028 0.000028 0.000000 0.000000 0.000000 0.000000 
0.000000 0.000027 0.002994 0.000027 0.000000 0.000000 0.000016 0.000001 0.000016 0.000001 0.000017 0.000000 0.000000 0.000000 0.000000 0.000027 0.002995 0.000028 0.000000 0.000000 0.000016 0.000001 0.000027 0.000000 0.000000 0.000000 0.000000 0.000000 0.000001 0.000027 0.000001 0.000027 0.000001 0.000027 0.002995 0.000028 0.000000 0.000000 0.000000 0.000000 
0.000000 0.000001 0.000055 0.000001 0.000000 0.000000 0.000000 0.000016 0.001434 0.000016 0.000000 0.000000 0.000000 0.000000 0.000000 0.000000 0.000027 0.000000 0.000000 0.000000 0.000002 0.000027 0.002995 0.000027 0.000000 0.000000 0.000000 0.000000 0.000027 0.000001 0.000027 0.002995 0.000027 0.000001 0.000027 0.000000 0.000000 0.000000 0.000000 0.000000 
0.000000 0.000027 0.002994 0.000027 0.000001 0.000027 0.000001 0.000044 0.001455 0.000016 0.000000 0.000000 0.000000 0.000000 0.000000 0.000000 0.000000 0.000000 0.000000 0.000007 0.000095 0.000007 0.000028 0.000001 0.000027 0.000000 0.000000 0.000027 0.002995 0.000027 0.000001 0.000027 0.000000 0.000000 0.000000 0.000000 0.000000 0.000000 0.000000 0.000016 
0.000011 0.000001 0.000027 0.000001 0.000027 0.002994 0.000055 0.002999 0.000044 0.000001 0.000027 0.000000 0.000000 0.000000 0.000000 0.000000 0.000000 0.000001 0.000011 0.000239 0.003569 0.000238 0.000011 0.000055 0.002996 0.000027 0.000000 0.000000 0.000027 0.000000 0.000000 0.000000 0.000000 0.000000 0.000000 0.000000 0.000000 0.000000 0.000016 0.001437 
0.000893 0.000011 0.000000 0.000000 0.000000 0.000028 0.000001 0.000027 0.000001 0.000027 0.002995 0.000027 0.000000 0.000000 0.000000 0.000000 0.000016 0.000032 0.000290 0.005632 0.094600 0.005559 0.000313 0.003011 0.000055 0.000001 0.000000 0.000000 0.000000 0.000000 0.000000 0.000027 0.000000 0.000000 0.000000 0.000000 0.000000 0.000000 0.000001 0.000016 
0.000893 0.000011 0.000000 0.000000 0.000000 0.000028 0.000000 0.000001 0.000027 0.000001 0.000027 0.000001 0.000027 0.000000 0.000000 0.000016 0.001359 0.002379 0.005763 0.066748 0.533717 0.061846 0.005567 0.000266 0.000008 0.000027 0.000000 0.000000 0.000000 0.000000 0.000027 0.002994 0.000027 0.000000 0.000000 0.000000 0.000000 0.000000 0.000027 0.000001 
0.000011 0.000000 0.000000 0.000000 0.000028 0.002997 0.000028 0.000028 0.002995 0.000027 0.000001 0.000027 0.002995 0.000027 0.000000 0.000002 0.000111 0.003596 0.095006 0.534534 3.378073 0.535379 0.095309 0.003578 0.000122 0.002997 0.000027 0.000000 0.000000 0.000027 0.000001 0.000055 0.000001 0.000000 0.000000 0.000000 0.000000 0.000027 0.002995 0.000028 
0.000000 0.000000 0.000000 0.000000 0.000028 0.000028 0.000000 0.000000 0.000027 0.000000 0.000000 0.000000 0.000027 0.000000 0.000000 0.000000 0.000007 0.000246 0.006190 0.077657 0.533108 0.061491 0.005562 0.000238 0.000007 0.000028 0.000001 0.000000 0.000027 0.002993 0.000055 0.002993 0.000027 0.000000 0.000000 0.000000 0.000000 0.000001 0.000027 0.000000 
0.000000 0.000000 0.000000 0.000027 0.002997 0.000055 0.000001 0.000000 0.000000 0.000000 0.000000 0.000000 0.000000 0.000000 0.000000 0.000000 0.000000 0.000032 0.002289 0.006182 0.094475 0.005552 0.000286 0.000038 0.000001 0.000011 0.000017 0.000000 0.000001 0.000055 0.000001 0.000027 0.000001 0.000000 0.000000 0.000000 0.000000 0.000027 0.000001 0.000000 
0.000000 0.000000 0.000000 0.000001 0.000055 0.003001 0.000027 0.000000 0.000000 0.000000 0.000000 0.000000 0.000000 0.000000 0.000000 0.000000 0.000000 0.000016 0.001375 0.000260 0.003567 0.000238 0.000065 0.002995 0.000041 0.000858 0.001553 0.000017 0.000055 0.002999 0.000027 0.000001 0.000027 0.000000 0.000000 0.000000 0.000027 0.002996 0.000043 0.000001 
0.000000 0.000000 0.000000 0.000000 0.000001 0.000055 0.000001 0.000000 0.000000 0.000000 0.000000 0.000000 0.000000 0.000000 0.000000 0.000000 0.000000 0.000000 0.000016 0.000034 0.000096 0.000034 0.003000 0.000055 0.000018 0.001547 0.000034 0.000028 0.002999 0.000055 0.000001 0.000027 0.002995 0.000027 0.000001 0.000027 0.000001 0.000044 0.001452 0.000017 
0.000016 0.000000 0.000000 0.000000 0.000027 0.002996 0.000028 0.000028 0.000000 0.000000 0.000000 0.000000 0.000000 0.000000 0.000000 0.000000 0.000000 0.000000 0.000027 0.002995 0.000029 0.000001 0.000055 0.000001 0.000000 0.000017 0.000001 0.000015 0.000028 0.000001 0.000000 0.000000 0.000028 0.000001 0.000027 0.002995 0.000027 0.000017 0.001450 0.000033 
0.001435 0.000016 0.000000 0.000000 0.000000 0.000028 0.000028 0.002992 0.000027 0.000000 0.000000 0.000000 0.000000 0.000000 0.000000 0.000000 0.000000 0.000000 0.000000 0.000027 0.000001 0.000027 0.003000 0.000055 0.000001 0.000000 0.000015 0.001266 0.000015 0.000000 0.000000 0.000000 0.000028 0.000000 0.000000 0.000027 0.000000 0.000000 0.000032 0.001450 
0.000017 0.000017 0.000016 0.000000 0.000000 0.000028 0.000001 0.000046 0.000001 0.000000 0.000000 0.000000 0.000000 0.000000 0.000000 0.000000 0.000016 0.000000 0.000000 0.000000 0.000000 0.000001 0.000055 0.003000 0.000027 0.000001 0.000047 0.003212 0.000030 0.000000 0.000000 0.000027 0.002995 0.000027 0.000000 0.000000 0.000000 0.000000 0.000001 0.000016 
0.000016 0.001443 0.001440 0.000016 0.000028 0.002994 0.000046 0.001513 0.000017 0.000000 0.000000 0.000000 0.000000 0.000000 0.000000 0.000016 0.001437 0.000016 0.000000 0.000000 0.000027 0.000000 0.000001 0.000055 0.000001 0.000017 0.001567 0.000737 0.000010 0.000000 0.000000 0.000000 0.000027 0.000000 0.000000 0.000000 0.000000 0.000000 0.000027 0.000001 
0.000000 0.000016 0.000016 0.000000 0.000000 0.000028 0.000044 0.001454 0.000017 0.000027 0.000000 0.000000 0.000027 0.000000 0.000000 0.000016 0.001437 0.000016 0.000000 0.000027 0.002994 0.000028 0.000028 0.002994 0.000027 0.000001 0.000017 0.000010 0.000000 0.000000 0.000000 0.000000 0.000000 0.000000 0.000000 0.000027 0.000001 0.000027 0.002995 0.000028 
0.000000 0.000028 0.000001 0.000000 0.000000 0.000028 0.002995 0.000044 0.000028 0.002996 0.000028 0.000028 0.002995 0.000028 0.000000 0.000000 0.000016 0.000000 0.000000 0.000001 0.000055 0.000001 0.000000 0.000027 0.000000 0.000000 0.000000 0.000001 0.000016 0.000016 0.000000 0.000000 0.000027 0.000001 0.000027 0.002995 0.000027 0.000001 0.000027 0.000000 
0.000028 0.002996 0.000027 0.000000 0.000000 0.000000 0.000027 0.000001 0.000000 0.000027 0.000000 0.000000 0.000028 0.000028 0.000000 0.000000 0.000000 0.000000 0.000000 0.000027 0.002994 0.000027 0.000000 0.000000 0.000000 0.000000 0.000001 0.000044 0.001454 0.001438 0.000016 0.000027 0.002995 0.000027 0.000001 0.000027 0.000000 0.000000 0.000000 0.000000 
0.000017 0.000028 0.000000 0.000000 0.000000 0.000000 0.000000 0.000000 0.000000 0.000000 0.000000 0.000000 0.000028 0.002995 0.000027 0.000000 0.000000 0.000000 0.000027 0.000001 0.000027 0.000001 0.000027 0.000001 0.000000 0.000000 0.000027 0.002996 0.000044 0.000016 0.000000 0.000000 0.000027 0.000000 0.000000 0.000000 0.000000 0.000000 0.000000 0.000000 
0.001437 0.000016 0.000000 0.000000 0.000000 0.000015 0.000000 0.000000 0.000000 0.000000 0.000000 0.000000 0.000000 0.000027 0.000000 0.000000 0.000000 0.000027 0.002995 0.000027 0.000001 0.000027 0.002996 0.000055 0.000001 0.000000 0.000000 0.000027 0.000001 0.000000 0.000000 0.000000 0.000000 0.000000 0.000000 0.000000 0.000000 0.000000 0.000000 0.000000 
0.000016 0.000000 0.000000 0.000000 0.000015 0.001254 0.000016 0.000027 0.000000 0.000000 0.000000 0.000000 0.000000 0.000000 0.000000 0.000000 0.000000 0.000000 0.000028 0.000000 0.000000 0.000001 0.000055 0.002997 0.000027 0.000000 0.000000 0.000000 0.000000 0.000016 0.000000 0.000000 0.000000 0.000000 0.000027 0.000000 0.000000 0.000000 0.000000 0.000000 
0.000000 0.000000 0.000000 0.000000 0.000031 0.003379 0.000059 0.002994 0.000028 0.000028 0.000000 0.000000 0.000000 0.000000 0.000000 0.000000 0.000000 0.000000 0.000028 0.000001 0.000027 0.000000 0.000001 0.000028 0.000017 0.000017 0.000001 0.000028 0.000017 0.001437 0.000016 0.000000 0.000000 0.000028 0.002995 0.000028 0.000028 0.000000 0.000000 0.000000 
0.000000 0.000000 0.000000 0.000000 0.000015 0.001254 0.000016 0.000028 0.000028 0.002995 0.000027 0.000000 0.000000 0.000000 0.000000 0.000000 0.000000 0.000027 0.002994 0.000055 0.002994 0.000027 0.000000 0.000016 0.001431 0.001515 0.000046 0.003008 0.000046 0.001437 0.000016 0.000000 0.000000 0.000028 0.000028 0.000028 0.002995 0.000027 0.000001 0.000016 
0.000000 0.000000 0.000000 0.000000 0.000000 0.000015 0.000000 0.000000 0.000000 0.000027 0.000001 0.000027 0.000000 0.000000 0.000000 0.000000 0.000000 0.000000 0.000027 0.000001 0.000027 0.000000 0.000000 0.000000 0.000016 0.000017 0.000001 0.000027 0.000001 0.000016 0.000001 0.000028 0.000028 0.002996 0.000028 0.000001 0.000027 0.000001 0.000016 0.001437 
0.000000 0.000000 0.000000 0.000000 0.000000 0.000000 0.000000 0.000000 0.000000 0.000000 0.000027 0.002995 0.000027 0.000000 0.000000 0.000000 0.000016 0.000000 0.000000 0.000000 0.000000 0.000000 0.000000 0.000000 0.000016 0.000000 0.000000 0.000000 0.000000 0.000000 0.000027 0.002995 0.000028 0.000028 0.000000 0.000000 0.000000 0.000000 0.000000 0.000016 
0.000000 0.000000 0.000000 0.000000 0.000000 0.000000 0.000000 0.000000 0.000000 0.000000 0.000000 0.000028 0.000000 0.000000 0.000000 0.000016 0.001437 0.000016 0.000000 0.000000 0.000000 0.000000 0.000000 0.000016 0.001442 0.000016 0.000000 0.000000 0.000000 0.000000 0.000000 0.000028 0.000000 0.000000 0.000000 0.000000 0.000000 0.000000 0.000000 0.000000 
