129.726425 130.581421 130.865662 130.684784 130.081009 130.613586 130.831650 130.872955 131.044586 131.154236 131.202774 131.219467 131.220612 131.209320 131.172638 131.058136 130.729416 130.029129 130.349640 129.968506 128.651810 125.740662 129.732895 130.811737 131.110214 131.187576 131.189713 131.141220 131.028839 130.882324 130.966080 130.979523 130.802063 129.936462 126.398720 129.962738 130.872894 131.123322 131.194885 131.213577 
126.391090 130.077332 130.723068 130.202377 127.046814 129.905945 130.344879 130.147232 130.793610 131.082840 131.182037 131.209885 131.209656 131.192673 131.147827 130.981125 130.268997 127.024879 129.594650 128.820694 125.998077 128.292480 130.176270 130.896042 131.126068 131.184753 131.165710 131.050629 130.723602 130.071686 130.593658 130.749771 130.777664 130.472595 129.942383 130.524521 130.936966 131.118225 131.181335 131.196350 
130.001587 130.710083 130.904633 130.656128 129.815277 129.432800 129.030685 126.788864 130.174133 130.951477 131.145874 131.187363 131.174026 131.134369 131.101410 131.031586 130.751328 129.984222 129.485382 125.750977 128.147766 126.416489 130.042633 130.912582 131.134018 131.176910 131.123550 130.868439 129.901794 126.173904 129.532013 129.849792 130.333588 129.979614 130.247971 130.087448 130.741898 131.038956 131.127090 131.129532 
130.875488 130.993378 130.985504 130.749710 129.790314 126.015427 125.931183 129.154541 130.418304 130.937042 131.116302 131.141510 131.064545 130.903839 130.871979 130.957520 130.924500 130.617920 129.733887 126.023544 129.348785 129.860596 130.704437 131.047333 131.154297 131.169586 131.099518 130.794418 129.648254 125.428734 128.709991 126.505615 129.244446 126.799545 129.358978 126.948227 130.093140 130.845932 130.980698 130.891159 
131.040039 131.004639 130.883423 130.768127 130.204422 128.859100 129.323761 130.058792 130.064529 130.772202 131.045593 131.044128 130.758423 129.999771 129.927933 130.545319 130.859985 130.813568 130.339508 129.227127 130.261353 130.712463 130.994553 131.109192 131.133362 131.139771 131.087311 130.836349 129.858139 126.073624 129.221191 129.056671 130.065308 129.985199 130.354797 129.892578 129.958817 130.630859 130.640121 129.997528 
130.918869 130.722290 130.196655 130.466492 129.704681 125.985611 129.302841 129.757843 127.084061 130.280533 130.938141 130.916916 130.141266 126.377487 126.145172 129.301331 130.539291 130.743164 130.110168 126.982140 130.155609 130.873718 131.056396 131.054321 130.962769 131.011917 131.030212 130.949356 130.609512 129.843597 129.732605 126.852356 130.051071 130.665649 130.734634 130.100830 127.120087 130.084930 129.972885 126.426376 
130.473740 129.925171 127.006340 129.931961 129.644958 125.973755 128.966614 130.156082 130.118256 130.758163 131.021118 131.020645 130.713074 129.830353 129.160645 126.795776 130.108170 130.700165 130.525436 130.136047 130.729965 130.975876 131.008850 130.791382 130.203476 130.547684 130.735046 130.851013 130.757690 130.670181 130.542084 130.034775 130.673904 130.955139 130.994019 130.790512 130.285889 130.724548 130.664215 130.004303 
129.324585 129.343658 129.715485 130.466705 130.354019 129.174271 126.703476 130.006989 130.638123 130.828384 131.015457 131.078552 131.001175 130.760025 130.459824 129.976318 130.544128 130.543808 129.987946 130.499146 130.821381 130.864349 130.839355 130.168777 126.815491 129.109634 129.688629 130.329956 130.114563 130.607971 130.590790 130.096832 130.731689 131.026520 131.099213 131.050110 130.947632 131.023605 131.016205 130.898499 
125.014328 125.298843 129.546036 130.601181 130.680618 130.276566 129.862305 130.510483 130.616867 130.232788 130.772385 131.019287 131.068054 130.967102 130.667053 130.035370 130.411575 129.805695 126.332298 129.840683 130.511353 130.210770 130.664169 130.474762 129.178894 125.891586 126.036682 129.176819 126.919708 130.024765 130.056427 127.158325 130.301697 130.977066 131.102722 131.058884 130.958252 131.058228 131.118408 131.121246 
128.560684 125.947235 129.790924 130.668320 130.578247 129.812241 129.700974 130.363739 130.068970 127.065125 130.060898 130.803024 131.009644 130.932205 130.271301 127.113434 129.906372 129.583969 126.219894 129.726746 129.982025 127.118469 130.192474 130.636261 130.152069 128.968826 129.380005 130.035919 129.950089 130.524460 130.513168 130.197586 130.805038 131.053070 131.058105 130.834793 130.313202 130.841934 131.085968 131.158966 
130.322388 129.967041 130.626999 130.770294 130.070938 126.352966 126.242599 129.741165 130.311920 129.748260 129.672089 130.411469 130.864227 130.982239 130.787018 130.178375 130.331146 129.688232 129.558258 130.383774 130.510406 130.035416 130.636108 130.740356 130.042694 126.724815 129.427750 129.664398 130.206955 130.440887 130.086761 130.607834 130.960693 131.072815 130.950790 130.250763 127.102280 130.264053 130.979462 131.144455 
130.938034 130.886047 130.979233 130.949890 130.667175 129.848129 129.537933 129.589371 130.170639 129.498611 125.897369 128.951935 130.443359 130.929291 130.978836 130.743851 130.064590 126.735512 129.183472 130.339294 130.448181 129.903641 130.590668 130.832123 130.592041 129.694672 128.969467 126.403824 129.081329 129.639008 126.896713 130.154800 130.905869 131.059875 130.953918 130.496323 129.499374 130.536301 131.003403 131.146225 
131.116638 131.085388 131.032669 130.913223 130.865158 130.553192 129.680389 126.201134 129.531647 129.322144 125.205246 125.301346 129.725861 130.809570 131.033371 130.945312 130.522430 129.259857 126.727020 129.868225 129.744781 126.350555 129.930634 130.742126 130.740570 129.958786 126.625626 128.554321 126.533821 129.512115 129.252274 130.432434 130.906738 131.018784 130.846237 130.066360 127.009048 130.229874 130.971176 131.145294 
131.131241 131.059479 130.819412 130.275299 130.718048 130.697052 129.872040 126.290695 129.631119 129.906799 128.786575 125.983063 129.867416 130.849792 131.067703 131.004639 130.647446 129.806030 129.835358 130.413788 129.860901 126.381195 129.893890 130.653992 130.855423 130.674866 130.075211 130.245560 129.876907 129.789917 126.907448 130.096069 130.729919 130.906494 130.706360 129.991776 129.990311 130.750763 131.072845 131.171570 
131.046310 130.912552 130.226059 127.071846 130.183838 130.759430 130.577881 129.908066 130.157272 129.702545 130.024597 129.870499 130.662018 131.020752 131.107513 130.978729 130.289856 127.131256 130.092682 130.739609 130.643463 130.032928 130.403976 130.168488 130.727356 130.888138 130.847076 130.848145 130.704590 130.486328 130.056961 130.441528 130.179642 130.630508 130.211395 127.159859 130.163361 130.914246 131.131805 131.192871 
130.784149 130.787369 130.440506 129.464645 130.457001 130.796143 130.690536 130.423798 129.614395 126.201065 129.747864 130.568359 130.946930 131.111099 131.152878 131.091003 130.847076 130.306595 130.785767 130.993286 130.967041 130.725998 130.153473 127.134384 130.161957 130.732224 130.938263 130.958496 130.734192 130.162170 130.455139 130.128265 127.181152 130.230316 130.665314 130.295334 130.827301 131.084076 131.178101 131.206482 
129.776794 130.275452 129.976715 126.977768 130.103394 130.555206 130.068161 130.147430 129.009796 126.027130 129.751785 130.611679 130.972260 131.119858 131.166611 131.148224 131.062576 130.935349 131.011444 131.082703 131.064194 130.912872 130.570328 130.029266 130.288940 130.113174 130.726685 130.858063 130.287369 127.208496 130.190369 130.614822 130.247055 130.792252 130.987442 130.984024 131.096390 131.168854 131.196869 131.201920 
125.872536 128.982468 130.143280 130.058640 130.562241 130.134506 126.960083 129.298798 126.590584 129.118988 130.181305 130.129059 130.778305 131.040009 131.132843 131.129776 131.035812 130.867722 130.873932 131.010971 131.012665 130.760559 130.092010 130.140228 129.295074 126.859734 130.160873 130.839279 130.789703 130.303879 130.764984 130.873474 130.775467 130.976196 131.101242 131.144516 131.177780 131.189575 131.176086 131.147949 
128.551849 125.934357 129.759476 130.616364 130.845428 130.649948 129.999084 130.312607 129.926788 130.197189 129.992264 127.126259 130.220779 130.808319 131.026871 131.029007 130.755295 130.021545 130.011505 130.705704 130.848694 130.243744 127.016815 129.343643 126.700806 129.348755 130.451141 130.897186 130.995453 130.920898 130.919022 130.743881 130.249420 130.810287 131.077011 131.166473 131.186768 131.161011 131.072952 130.921967 
129.436081 126.249008 129.917221 130.784027 130.911835 130.657944 130.040848 130.508316 130.455093 130.043701 130.420166 130.124252 130.502441 130.243958 130.794968 130.865051 130.145599 126.456055 126.432724 130.080841 130.796783 130.718094 130.150696 130.405975 130.007141 130.281372 130.108276 130.746811 130.979492 130.948227 130.726273 130.125610 127.047447 130.240173 130.970444 131.145081 131.162674 131.073074 130.766113 130.029877 
130.548615 130.082840 130.709152 130.948502 130.827820 130.079514 127.033966 130.029205 130.058533 127.143150 130.180161 130.621552 130.216034 127.240524 130.320374 130.881989 130.714005 129.973083 129.889374 130.489990 130.818237 130.830414 130.678299 130.758408 130.620743 130.092529 127.100594 130.198914 130.806732 130.694077 130.075073 130.159973 129.393448 130.496811 130.984528 131.132950 131.126892 130.936127 130.117249 126.419868 
130.997650 130.929626 131.022873 131.001312 130.701187 129.897552 129.780350 130.532852 130.671494 130.282013 130.801147 130.956802 130.823700 130.349930 130.860138 131.047852 130.998199 130.757462 130.448685 129.945938 130.469757 130.440933 130.057449 130.544037 130.613953 130.487885 129.917130 130.437302 130.649475 130.056076 126.812134 129.277542 126.841431 130.155182 130.925995 131.107483 131.097961 130.935486 130.508377 129.796234 
131.123917 131.112549 131.102051 130.947815 130.199600 126.829384 129.264816 130.495407 130.885620 130.945190 131.072205 131.123306 131.095718 131.020248 131.106094 131.143250 131.083801 130.824158 129.908386 126.255165 129.414810 129.099594 126.629532 129.609314 129.781067 130.098526 129.475052 129.671234 130.334152 130.129181 129.232574 130.077393 129.985596 130.580841 130.948517 131.063202 130.996353 130.706604 129.989273 130.094452 
131.078461 131.092834 131.105865 131.015427 130.616638 129.379608 126.714363 130.081909 130.855713 131.064362 131.151596 131.185028 131.186829 131.176376 131.188934 131.184402 131.120697 130.870819 129.923370 126.136948 128.841080 126.401070 128.814117 128.808701 126.410965 128.780426 125.318672 125.866425 129.404602 129.074753 126.618546 129.909821 130.387939 130.158112 130.752670 130.917664 130.724762 130.035950 126.598915 128.622025 
130.760803 130.840302 131.000320 131.029739 130.854431 130.306610 129.347366 130.365997 130.767181 131.024445 131.147842 131.196533 131.211411 131.213455 131.213440 131.201553 131.155533 131.015640 130.619736 129.699722 129.474457 129.498581 129.435822 126.410019 128.940598 129.256653 125.844238 128.753433 129.332581 126.593811 129.299652 130.375839 130.104858 127.139954 130.192886 130.607742 130.109467 130.141083 128.755615 124.875961 
129.583466 129.857819 130.639023 130.910675 130.838226 130.117783 126.898483 129.838409 130.053314 130.772308 131.075806 131.179031 131.210526 131.217621 131.214737 131.197983 131.153442 131.055283 130.827805 130.042603 126.962814 129.826981 130.061218 129.120148 129.911270 130.207397 129.690186 129.889343 129.449463 129.666016 130.427597 130.775589 130.656631 130.089813 130.557251 130.178955 127.113007 129.863754 129.328995 125.141418 
125.415787 126.103630 129.806854 130.601852 130.816925 130.589935 129.839508 129.739120 126.892273 130.175018 130.942551 131.141708 131.194305 131.203629 131.196930 131.161469 131.070770 130.928329 130.923401 130.718506 130.172363 130.469299 129.930878 126.619835 129.199402 130.280701 130.278717 129.450638 125.973236 129.612656 130.640839 130.886154 130.704559 130.121918 130.652344 130.700531 130.236847 130.616562 130.420319 129.590469 
129.427582 129.445618 129.534195 129.831299 130.549530 130.524109 129.835358 129.925964 129.139832 130.350204 130.897034 131.097900 131.154861 131.154510 131.145599 131.059387 130.769623 130.159302 130.706024 130.885620 130.790802 130.687012 130.427719 129.273590 126.637955 129.867172 130.119873 128.726227 125.255646 129.502350 130.659317 130.849304 130.280640 127.210266 130.271103 130.854553 130.875580 130.927765 130.804794 130.504700 
130.448837 129.774200 126.255890 126.331085 129.897995 129.951950 126.749863 128.836533 125.945740 129.734070 130.641846 130.972839 131.041306 130.981842 131.024704 130.871994 130.023483 126.464249 129.985550 130.751999 130.687027 130.158264 130.490952 130.182861 129.289200 130.180145 129.772751 125.952766 125.398567 129.632324 130.697525 130.936172 130.788361 130.280472 130.781967 130.944977 130.891632 130.908371 130.658325 129.917267 
130.851196 130.543549 129.770691 129.862015 130.560394 130.525253 129.655701 128.780212 125.898712 129.530502 129.988174 130.679352 130.737305 130.290802 130.753632 130.783203 129.995361 126.452698 129.965134 130.654999 130.145233 126.996887 129.970612 129.946777 126.955658 130.056015 130.432800 129.751724 129.589813 130.295044 130.677917 130.917526 130.921112 130.771423 130.886017 130.774460 130.272552 130.618134 130.054016 126.421600 
130.929291 130.640305 130.013000 130.527863 130.846375 130.765198 129.969940 126.692963 129.079468 129.698227 127.050858 130.105423 130.119324 127.138000 130.124237 130.768631 130.683029 130.129166 130.678909 130.803238 130.449203 129.440308 130.368118 130.558807 130.182861 130.716095 130.830734 130.591797 130.208115 129.733917 129.884979 130.612259 130.690506 130.235413 130.641998 130.236588 127.223190 130.222900 130.575485 129.980377 
130.792938 130.096817 127.103340 130.226868 130.892456 130.946091 130.685013 130.119553 130.483490 130.604660 130.236664 130.714722 130.661575 130.000412 130.010376 130.716980 130.931000 130.883514 130.903320 130.719269 130.115189 126.995514 130.076630 130.624817 130.770142 130.940704 130.916626 130.518158 129.227570 126.078682 126.295486 129.931488 130.097366 127.193817 130.234497 130.664413 130.297409 130.810532 130.960007 130.881104 
130.625031 129.978394 129.996399 130.725906 130.986771 130.966095 130.799591 130.782318 130.894333 130.963547 130.934875 130.999649 130.868729 130.161606 127.186325 130.306152 130.940445 130.992340 130.785736 130.206665 130.454605 130.074402 130.412704 130.089661 130.567078 130.875183 130.852539 130.156967 126.803680 129.123840 129.745331 130.577026 130.702377 130.291428 130.792404 130.950699 130.949860 131.063843 131.120758 131.121109 
130.100143 127.128738 130.141205 130.856262 130.954132 130.689423 130.048599 130.571182 130.787643 130.973892 131.046173 131.093246 131.049667 130.825562 130.337479 130.853760 131.047913 130.960373 130.301392 127.175728 130.138290 130.525818 130.057281 126.870132 129.434418 130.548004 130.831573 130.679871 130.083755 130.395844 130.535156 130.846497 130.967422 130.925446 130.965073 130.928528 131.018677 131.092896 131.150406 131.174438 
130.679947 130.261063 130.784836 130.980881 130.821960 129.891373 126.183266 129.574463 129.975479 130.668854 130.872253 131.044556 131.106491 131.080246 131.008713 131.096832 131.129379 131.047974 130.747910 130.107162 130.593201 130.666534 130.483063 129.396759 126.791367 129.920471 130.581741 130.733566 130.562012 130.460144 130.001648 130.667053 130.955002 130.968582 130.769821 130.275711 130.747818 130.905167 131.074677 131.152466 
130.765884 130.849472 131.016068 131.042557 130.781891 129.660843 125.474503 128.837448 126.799995 129.922943 130.133148 130.793365 131.040451 131.126038 131.148529 131.168503 131.151199 131.046463 130.733765 130.056976 130.404999 130.128616 130.574432 130.419159 129.769058 129.598709 129.766449 130.285309 129.863220 129.606216 126.315811 129.930817 130.756165 130.785583 130.104706 127.079285 129.990662 130.163055 130.827209 131.072739 
129.997314 130.721436 131.027771 131.075043 130.856873 129.906616 126.190483 129.558304 129.835510 129.932449 127.132614 130.229492 130.816391 131.056168 131.149048 131.168396 131.122742 130.942734 130.259140 127.044617 129.475937 127.048782 130.180069 130.594086 129.855881 126.247711 126.184692 129.215637 126.743027 129.106689 126.219902 129.839386 130.565430 130.573349 129.924927 129.822449 129.926422 127.166687 130.327942 130.971786 
126.470604 130.167633 130.958405 131.110336 131.042084 130.733490 130.091614 130.612823 130.750122 130.696625 130.208618 130.522675 130.251541 130.839615 131.082153 131.123993 131.044159 130.861786 130.710205 130.199890 130.512375 130.231522 130.767868 130.866669 130.544098 129.723312 129.766953 130.328400 130.054291 130.357346 129.939560 130.346191 129.991379 129.928970 127.044678 130.036255 130.573669 130.283936 130.854645 131.081604 
130.024170 130.766464 131.074081 131.161499 131.150879 131.069122 130.949829 131.028351 131.058319 131.010040 130.795090 130.229889 127.210846 130.318909 130.964981 131.018921 130.754349 130.136261 130.656754 130.830154 130.953568 130.946732 131.024551 130.954300 130.593674 129.848221 130.416931 130.785309 130.846375 130.885025 130.704254 130.152344 127.079575 129.958313 130.102280 130.733063 130.960403 130.976898 131.099426 131.165359 
130.846298 131.031052 131.146637 131.190887 131.193192 131.170044 131.141815 131.153000 131.154541 131.120407 131.008530 130.737900 130.157913 130.754349 130.996262 130.877121 130.027603 126.465569 129.999451 130.844543 131.061951 131.102966 131.082794 130.870148 129.972778 126.378159 129.921555 130.809464 131.021271 131.056000 130.966766 130.698364 130.092972 130.622864 130.810425 131.007828 131.106384 131.139404 131.177734 131.200195 
