129.727966 130.582718 130.866821 130.685913 130.082291 130.614792 130.832870 130.874268 131.045959 131.155670 131.204254 131.220947 131.222046 131.210693 131.173904 131.059280 130.730499 130.030304 130.350693 129.969604 128.653198 125.742798 129.734314 130.813034 131.111481 131.188843 131.190933 131.142395 131.029984 130.883453 130.967163 130.980591 130.803131 129.937668 126.400772 129.964127 130.874115 131.124481 131.195984 131.214600 
126.393318 130.078720 130.724228 130.203568 127.048691 129.907257 130.346146 130.148651 130.795013 131.084259 131.183487 131.211334 131.211060 131.194016 131.149078 130.982269 130.270142 127.026672 129.595840 128.822021 126.000076 128.294098 130.177612 130.897308 131.127319 131.186005 131.166901 131.051773 130.724731 130.072937 130.594788 130.750870 130.778748 130.473724 129.943695 130.525772 130.938171 131.119400 131.182434 131.197342 
130.003006 130.711304 130.905746 130.657227 129.816498 129.434128 129.032135 126.790924 130.175613 130.952881 131.147278 131.188751 131.175369 131.135666 131.102631 131.032715 130.752396 129.985382 129.486572 125.752991 128.149323 126.418526 130.044006 130.913849 131.135254 131.178116 131.124710 130.869537 129.903000 126.175919 129.533310 129.851044 130.334732 129.980835 130.249191 130.088776 130.743134 131.040131 131.128235 131.130615 
130.876678 130.994492 130.986557 130.750748 129.791473 126.017418 125.933273 129.156052 130.419662 130.938385 131.117630 131.142838 131.065826 130.905090 130.873184 130.958649 130.925537 130.618958 129.735046 126.025551 129.350143 129.861923 130.705673 131.048553 131.155518 131.170776 131.100647 130.795502 129.649475 125.430862 128.711411 126.507538 129.245773 126.801430 129.360336 126.950195 130.094498 130.847137 130.981873 130.892349 
131.041122 131.005692 130.884460 130.769150 130.205505 128.860489 129.325104 130.060059 130.065903 130.773499 131.046860 131.045364 130.759659 130.001099 129.929260 130.546494 130.861053 130.814606 130.340591 129.228485 130.262558 130.713623 130.995712 131.110367 131.134552 131.140930 131.088409 130.837418 129.859329 126.075623 129.222504 129.058060 130.066528 129.986450 130.356003 129.893921 129.960190 130.632111 130.641342 129.998901 
130.919891 130.723328 130.197784 130.467529 129.705841 125.987610 129.304169 129.759109 127.086006 130.281876 130.939362 130.918091 130.142502 126.379486 126.147232 129.302734 130.540421 130.744217 130.111313 126.984009 130.156845 130.874847 131.057510 131.055450 130.963928 131.013062 131.031311 130.950409 130.610580 129.844818 129.733826 126.854263 130.052353 130.666840 130.735809 130.102112 127.122047 130.086273 129.974197 126.428490 
130.474777 129.926300 127.008118 129.933090 129.646118 125.975739 128.968002 130.157272 130.119537 130.759369 131.022278 131.021774 130.714203 129.831619 129.162018 126.797699 130.109390 130.701233 130.526535 130.137268 130.731094 130.976974 131.009933 130.792480 130.204712 130.548843 130.736145 130.852081 130.758759 130.671265 130.543213 130.036057 130.675110 130.956329 130.995209 130.791748 130.287231 130.725800 130.665436 130.005676 
129.325806 129.344910 129.716675 130.467728 130.355042 129.175537 126.705353 130.008194 130.639252 130.829544 131.016602 131.079681 131.002274 130.761124 130.460953 129.977539 130.545227 130.544876 129.989151 130.500275 130.822464 130.865433 130.840408 130.169907 126.817337 129.111008 129.689880 130.331085 130.115753 130.609085 130.591934 130.098145 130.732941 131.027756 131.100449 131.051361 130.948914 131.024841 131.017395 130.899673 
125.016457 125.300957 129.547272 130.602188 130.681595 130.277618 129.863495 130.511566 130.617950 130.234009 130.773544 131.020416 131.069153 130.968170 130.668121 130.036560 130.412659 129.806854 126.334259 129.841919 130.512451 130.211929 130.665222 130.475800 129.180161 125.893570 126.038666 129.178131 126.921570 130.026001 130.057663 127.160278 130.303070 130.978333 131.103989 131.060165 130.959579 131.059525 131.119629 131.122375 
128.562042 125.949226 129.792114 130.669312 130.579224 129.813385 129.702179 130.364822 130.070099 127.066963 130.062164 130.804169 131.010742 130.933273 130.272430 127.115227 129.907532 129.585159 126.221863 129.727982 129.983185 127.120270 130.193604 130.637268 130.153122 128.970154 129.381241 130.037048 129.951294 130.525589 130.514343 130.198929 130.806335 131.054337 131.059372 130.836090 130.314667 130.843307 131.087280 131.160233 
130.323456 129.968216 130.628036 130.771271 130.072021 126.354828 126.244514 129.742340 130.312988 129.749466 129.673370 130.412659 130.865341 130.983322 130.788086 130.179535 130.332214 129.689423 129.559494 130.384857 130.511475 130.036591 130.637146 130.741333 130.043762 126.726616 129.428986 129.665619 130.208099 130.442017 130.088028 130.609100 130.961945 131.074066 130.952042 130.252121 127.104408 130.265594 130.980896 131.145859 
130.939041 130.887070 130.980225 130.950867 130.668167 129.849243 129.539108 129.590546 130.171707 129.499802 125.899414 128.953415 130.444565 130.930405 130.979904 130.744919 130.065704 126.737343 129.184799 130.340393 130.449234 129.904846 130.591736 130.833099 130.593033 129.695831 128.970764 126.405716 129.082703 129.640274 126.898659 130.156158 130.907135 131.061127 130.955170 130.497650 129.501022 130.537842 131.004913 131.147736 
131.117661 131.086395 131.033661 130.914215 130.866135 130.554169 129.681503 126.203018 129.532837 129.323334 125.207382 125.303574 129.727219 130.810730 131.034470 130.946381 130.523499 129.261139 126.728882 129.869415 129.745941 126.352509 129.931839 130.743149 130.741562 129.959900 126.627457 128.555740 126.535721 129.513412 129.253723 130.433731 130.907990 131.020020 130.847488 130.067749 127.011230 130.231506 130.972733 131.146866 
131.132248 131.060486 130.820435 130.276428 130.719055 130.698029 129.873123 126.292572 129.632278 129.907898 128.787949 125.985153 129.868774 130.850983 131.068832 131.005722 130.648529 129.807266 129.836594 130.414871 129.862045 126.383148 129.895096 130.655045 130.856430 130.675873 130.076355 130.246674 129.878113 129.791153 126.909393 130.097412 130.731186 130.907745 130.707642 129.993256 129.991913 130.752319 131.074402 131.173141 
131.047318 130.913559 130.227158 127.073647 130.184982 130.760422 130.578857 129.909180 130.158340 129.703751 130.025787 129.871811 130.663239 131.021942 131.108673 130.979858 130.291046 127.133133 130.093933 130.740692 130.644531 130.034134 130.405090 130.169662 130.728409 130.889160 130.848114 130.849182 130.705658 130.487457 130.058243 130.442749 130.181000 130.631805 130.212769 127.161987 130.164963 130.915771 131.133347 131.194412 
130.785202 130.788391 130.441559 129.465942 130.458084 130.797150 130.691513 130.424805 129.615570 126.203049 129.749176 130.569580 130.948120 131.112305 131.154083 131.092178 130.848251 130.307861 130.786926 130.994370 130.968094 130.727051 130.154602 127.136200 130.163132 130.733292 130.939301 130.959534 130.735275 130.163391 130.456329 130.129532 127.183151 130.231735 130.666687 130.296875 130.828796 131.085556 131.179581 131.207947 
129.778046 130.276581 129.977859 126.979584 130.104538 130.556244 130.069275 130.148499 129.011108 126.029160 129.753113 130.612915 130.973480 131.121094 131.167847 131.149429 131.063751 130.936523 131.012573 131.083801 131.065247 130.913895 130.571381 130.030441 130.290054 130.114380 130.727783 130.859131 130.288513 127.210358 130.191650 130.616058 130.248444 130.793610 130.988831 130.985474 131.097839 131.170288 131.198257 131.203247 
125.874573 128.983856 130.144409 130.059799 130.563293 130.135590 126.961868 129.300049 126.592461 129.120377 130.182526 130.130402 130.779572 131.041275 131.134094 131.130997 131.036987 130.868912 130.875092 131.012070 131.013702 130.761581 130.093140 130.141327 129.296341 126.861595 130.162079 130.840363 130.790802 130.305115 130.766174 130.874695 130.776779 130.977539 131.102631 131.145935 131.179199 131.190948 131.177368 131.149109 
128.553253 125.936401 129.760727 130.617432 130.846451 130.650970 130.000244 130.313705 129.927994 130.198380 129.993515 127.128227 130.222153 130.809631 131.028137 131.030212 130.756485 130.022858 130.012802 130.706848 130.849747 130.244843 127.018593 129.344894 126.702652 129.350082 130.452271 130.898254 130.996506 130.921997 130.920151 130.745071 130.250824 130.811646 131.078400 131.167862 131.188141 131.162323 131.074203 130.923172 
129.437317 126.251007 129.918472 130.785095 130.912857 130.658997 130.042038 130.509430 130.456223 130.044983 130.421402 130.125610 130.503754 130.245377 130.796265 130.866272 130.146851 126.458054 126.434753 130.082092 130.797836 130.719116 130.151825 130.407013 130.008286 130.282486 130.109467 130.747894 130.980530 130.949280 130.727371 130.126846 127.049469 130.241623 130.971802 131.146423 131.164001 131.074341 130.767365 130.031265 
130.549728 130.084076 130.710281 130.949570 130.828873 130.080673 127.035812 130.030441 130.059769 127.145103 130.181519 130.622849 130.217392 127.242584 130.321793 130.883240 130.715195 129.974365 129.890656 130.491119 130.819260 130.831406 130.679306 130.759369 130.621735 130.093628 127.102394 130.200073 130.807755 130.695129 130.076263 130.161194 129.394928 130.498154 130.985840 131.134247 131.128159 130.937332 130.118530 126.421967 
130.998749 130.930756 131.023956 131.002365 130.702255 129.898773 129.781647 130.534042 130.672699 130.283386 130.802475 130.958130 130.825058 130.351410 130.861511 131.049133 130.999390 130.758606 130.449814 129.947144 130.470810 130.441971 130.058563 130.545044 130.614929 130.488876 129.918274 130.438354 130.650482 130.057190 126.813980 129.278900 126.843399 130.156555 130.927261 131.108719 131.099152 130.936646 130.509567 129.797577 
131.125031 131.113678 131.103149 130.948883 130.200745 126.831276 129.266251 130.496658 130.886871 130.946518 131.073578 131.124695 131.097137 131.021683 131.107483 131.144562 131.085007 130.825272 129.909576 126.257111 129.416031 129.100861 126.631340 129.610474 129.782196 130.099564 129.476242 129.672409 130.335190 130.130249 129.233887 130.078583 129.986877 130.582077 130.949722 131.064377 130.997482 130.707748 129.990540 130.095688 
131.079590 131.093964 131.106964 131.016495 130.617722 129.380936 126.716354 130.083282 130.857010 131.065720 131.153000 131.186462 131.188293 131.177841 131.190369 131.185730 131.121902 130.871933 129.924545 126.138893 128.842392 126.402901 128.815414 128.809982 126.412766 128.781708 125.320702 125.868378 129.405792 129.076019 126.620407 129.911026 130.389114 130.159393 130.753845 130.918793 130.725861 130.037125 126.600830 128.623505 
130.761963 130.841446 131.001434 131.030792 130.855469 130.307755 129.348801 130.367310 130.768509 131.025833 131.149292 131.198013 131.212921 131.214951 131.214890 131.202911 131.156769 131.016769 130.620819 129.700912 129.475647 129.499741 129.436966 126.411804 128.941833 129.257812 125.846146 128.754730 129.333771 126.595634 129.300949 130.376938 130.106033 127.141823 130.194122 130.608871 130.110657 130.142197 128.756989 124.878189 
129.584793 129.859116 130.640182 130.911758 130.839279 130.118942 126.900391 129.839767 130.054749 130.773727 131.077255 131.180527 131.212051 131.219116 131.216187 131.199341 131.154694 131.056427 130.828888 130.043732 126.964577 129.828094 130.062241 129.121368 129.912323 130.208374 129.691269 129.890381 129.450653 129.667221 130.428680 130.776611 130.657700 130.091034 130.558380 130.180115 127.114838 129.864944 129.330231 125.143562 
125.417923 126.105667 129.808136 130.602966 130.817963 130.591003 129.840759 129.740417 126.894318 130.176514 130.943985 131.143173 131.195801 131.205109 131.198364 131.162811 131.072021 130.929535 130.924500 130.719543 130.173462 130.470306 129.931931 126.621597 129.200623 130.281693 130.279678 129.451767 125.975189 129.613892 130.641907 130.887177 130.705627 130.123138 130.653473 130.701645 130.238052 130.617645 130.421387 129.591660 
129.428864 129.446899 129.535492 129.832550 130.550613 130.525177 129.836578 129.927200 129.141357 130.351608 130.898422 131.099335 131.156311 131.155945 131.146973 131.060684 130.770874 130.160645 130.707184 130.886673 130.791809 130.687988 130.428696 129.274796 126.639748 129.868256 130.120880 128.727524 125.257774 129.503632 130.660400 130.850357 130.281799 127.212143 130.272354 130.855682 130.876694 130.928848 130.805847 130.505783 
130.449890 129.775360 126.257835 126.333061 129.899200 129.953110 126.751724 128.837952 125.947891 129.735535 130.643219 130.974213 131.042694 130.983246 131.026047 130.873245 130.024780 126.466331 129.986847 130.753082 130.688065 130.159393 130.491959 130.183914 129.290436 130.181183 129.773834 125.954681 125.400673 129.633575 130.698608 130.937241 130.789459 130.281723 130.783142 130.946121 130.892776 130.909485 130.659454 129.918533 
130.852188 130.544586 129.771927 129.863266 130.561493 130.526337 129.656937 128.781647 125.900856 129.531952 129.989624 130.680710 130.738663 130.292267 130.754974 130.784454 129.996643 126.454773 129.966431 130.656082 130.146347 126.998688 129.971756 129.947891 126.957428 130.057129 130.433807 129.752884 129.591034 130.296173 130.679016 130.918594 130.922211 130.772598 130.887177 130.775635 130.273865 130.619354 130.055298 126.423683 
130.930298 130.641373 130.014236 130.529037 130.847473 130.766281 129.971146 126.694893 129.080963 129.699615 127.052902 130.106842 130.120697 127.140076 130.125702 130.769913 130.684265 130.130508 130.680084 130.804321 130.450287 129.441605 130.369202 130.559845 130.183990 130.717102 130.831696 130.592804 130.209183 129.735138 129.886230 130.613388 130.691650 130.236694 130.643204 130.237869 127.225189 130.224289 130.576797 129.981827 
130.793976 130.098007 127.105255 130.228165 130.893600 130.947205 130.686157 130.120850 130.484772 130.605957 130.238098 130.716049 130.662872 130.001862 130.011871 130.718338 130.932266 130.884735 130.904449 130.720367 130.116333 126.997337 130.077789 130.625870 130.771164 130.941681 130.917587 130.519150 129.228821 126.080643 126.297485 129.932755 130.098602 127.195755 130.235825 130.665695 130.298843 130.811890 130.961365 130.882492 
130.626160 129.979706 129.997772 130.727158 130.987946 130.967255 130.800781 130.783554 130.895599 130.964844 130.936218 131.000977 130.870041 130.163010 127.188438 130.307632 130.941742 130.993546 130.786896 130.207886 130.455719 130.075577 130.413788 130.090820 130.568161 130.876190 130.853516 130.158035 126.805504 129.125214 129.746643 130.578186 130.703552 130.292755 130.793671 130.951981 130.951218 131.065216 131.122162 131.122528 
130.101425 127.130737 130.142609 130.857529 130.955338 130.690628 130.049973 130.572479 130.788940 130.975220 131.047531 131.094635 131.051056 130.826965 130.339005 130.855179 131.049210 130.961594 130.302628 127.177612 130.139511 130.526917 130.058411 126.871964 129.435730 130.549072 130.832581 130.680893 130.084915 130.396973 130.536301 130.847626 130.968582 130.926651 130.966309 130.929840 131.020035 131.094284 131.151825 131.175858 
130.681320 130.262573 130.786224 130.982193 130.823181 129.892685 126.185425 129.575943 129.976944 130.670258 130.873688 131.046005 131.107941 131.081696 131.010178 131.098236 131.130707 131.049210 130.749115 130.108459 130.594345 130.667603 130.484131 129.398041 126.793228 129.921661 130.582794 130.734573 130.563065 130.461243 130.002899 130.668228 130.956161 130.969742 130.771042 130.277115 130.749191 130.906555 131.076080 131.153854 
130.767456 130.851028 131.017548 131.043945 130.783173 129.662216 125.476807 128.839035 126.802109 129.924469 130.134735 130.794891 131.041946 131.127533 131.149994 131.169922 131.152542 131.047729 130.734985 130.058289 130.406189 130.129837 130.575531 130.420242 129.770264 129.599945 129.767654 130.286392 129.864395 129.607452 126.317825 129.932098 130.757309 130.786713 130.105957 127.081284 129.992126 130.164536 130.828598 131.074081 
129.999237 130.723190 131.029388 131.076538 130.858246 129.908035 126.192726 129.559845 129.837006 129.933929 127.134796 130.231110 130.817932 131.057678 131.150513 131.169815 131.124100 130.944000 130.260406 127.046555 129.477310 127.050690 130.181274 130.595154 129.857040 126.249634 126.186661 129.216949 126.744881 129.108017 126.221924 129.840668 130.566589 130.574509 129.926239 129.823837 129.927795 127.168739 130.329361 130.973038 
126.473434 130.169678 130.960190 131.111969 131.043610 130.734955 130.093185 130.614273 130.751526 130.698029 130.210159 130.524155 130.253159 130.841156 131.083618 131.125397 131.045502 130.863098 130.711456 130.201233 130.513611 130.232803 130.768982 130.867706 130.545151 129.724548 129.768188 130.329529 130.055481 130.358475 129.940811 130.347351 129.992645 129.930237 127.046646 130.037659 130.574982 130.285339 130.855911 131.082748 
130.026413 130.768494 131.075974 131.163269 131.152527 131.070679 130.951370 131.029831 131.059769 131.011459 130.796509 130.231354 127.213058 130.320526 130.966461 131.020294 130.755692 130.137711 130.658066 130.831421 130.954773 130.947922 131.025665 130.955353 130.594727 129.849457 130.418076 130.786392 130.847458 130.886093 130.705353 130.153534 127.081482 129.959656 130.103668 130.734375 130.961700 130.978210 131.100693 131.166565 
130.848434 131.033112 131.148590 131.192719 131.194931 131.171692 131.143402 131.154541 131.156036 131.121857 131.009949 130.739319 130.159515 130.755859 130.997696 130.878464 130.029007 126.467758 130.000931 130.845840 131.063171 131.104141 131.083923 130.871216 129.973938 126.380142 129.922821 130.810577 131.022354 131.057068 130.967834 130.699478 130.094269 130.624100 130.811691 131.009125 131.107697 131.140717 131.179031 131.201477 
