0.002928 0.022534 0.149580 0.686814 0.152998 0.047900 0.091928 0.025445 0.004286 0.000539 0.000057 0.000027 0.000258 0.002606 0.022048 0.146251 0.669034 0.160891 0.121965 0.434377 0.438557 0.073395 0.010142 0.001163 0.000117 0.000045 0.000239 0.001162 0.003360 0.002522 0.004043 0.008174 0.042876 0.270701 0.038137 0.005255 0.000785 0.000973 0.005556 0.024332 
0.007254 0.062353 0.506131 3.475533 0.520971 0.221916 0.732083 0.157805 0.022795 0.002595 0.000252 0.000077 0.000612 0.006427 0.061027 0.495789 3.409051 0.533678 0.426696 2.478925 0.689076 0.124116 0.017227 0.001962 0.000213 0.000223 0.001489 0.007944 0.026089 0.017698 0.027648 0.032083 0.073961 0.065238 0.032352 0.009066 0.002037 0.002739 0.018153 0.118844 
0.002685 0.019128 0.120910 0.515065 0.216031 0.765757 5.645576 0.719309 0.082423 0.008292 0.000756 0.000179 0.000561 0.002655 0.018724 0.118041 0.500701 0.170761 0.301240 0.674996 2.326454 0.321550 0.039228 0.004183 0.000500 0.001012 0.007641 0.046562 0.190871 0.110054 0.191334 0.208724 0.551705 0.203008 0.173380 0.048343 0.009857 0.004735 0.012750 0.022338 
0.003336 0.010837 0.023266 0.081343 0.138459 0.318292 0.753978 0.226149 0.042412 0.005979 0.000817 0.000873 0.003085 0.005209 0.010453 0.022422 0.080884 0.172478 1.030888 0.259338 0.344596 0.077227 0.011958 0.002104 0.000644 0.002719 0.023432 0.178089 1.172975 0.507984 1.097873 1.008445 3.960497 0.922682 0.982630 0.211228 0.043795 0.029909 0.084057 0.030663 
0.024570 0.074096 0.027208 0.040234 0.152349 0.130994 0.232004 0.597113 0.135053 0.020255 0.003095 0.005093 0.022407 0.037462 0.065771 0.022569 0.023782 0.098098 0.500519 0.109916 0.053606 0.013733 0.004787 0.008293 0.002763 0.001646 0.008080 0.048488 0.206181 0.207708 0.705027 0.305264 0.566218 0.215223 0.287297 0.535260 0.160101 0.192149 0.731345 0.196755 
0.163901 0.636470 0.153015 0.124475 0.748167 0.315587 0.680486 4.093208 0.563787 0.067859 0.009365 0.020122 0.136974 0.237195 0.512590 0.120998 0.027931 0.060864 0.307564 0.059181 0.014053 0.006535 0.023233 0.081939 0.023343 0.005837 0.004468 0.013530 0.062136 0.303575 2.043613 0.311442 0.107542 0.093751 0.515693 3.351183 0.709420 0.933466 5.574242 0.954877 
0.723496 4.812783 0.637439 0.131590 0.305868 0.774192 0.297688 0.598434 0.141655 0.022610 0.004080 0.011231 0.081399 0.526388 3.507580 0.498870 0.064649 0.022525 0.050196 0.016630 0.012271 0.025532 0.159113 0.731242 0.162239 0.038114 0.021863 0.018395 0.021452 0.093566 0.410256 0.093466 0.022962 0.023279 0.120525 0.494941 0.153425 0.191409 0.731989 0.200079 
0.191254 0.640847 0.150144 0.105554 0.708838 5.169262 0.700052 0.168937 0.109155 0.026860 0.004693 0.003897 0.024890 0.149861 0.669909 0.147458 0.027639 0.021995 0.014801 0.023135 0.074489 0.101071 0.734432 5.707353 0.748383 0.190841 0.148509 0.123216 0.048388 0.135019 0.566515 0.126731 0.020367 0.006127 0.020121 0.065518 0.024566 0.028347 0.087704 0.048521 
0.130339 0.087595 0.025330 0.027664 0.159631 0.708080 0.178947 0.187657 0.732798 0.158545 0.023199 0.005237 0.021816 0.140135 0.631731 0.145073 0.049160 0.118734 0.040782 0.132116 0.547132 0.149596 0.180981 0.756890 0.299821 0.668324 0.868783 0.826329 0.195741 0.513128 3.167867 0.454168 0.056759 0.008631 0.014674 0.043766 0.014845 0.007575 0.026126 0.123850 
0.054928 0.016191 0.004837 0.009111 0.044052 0.120958 0.110351 0.733613 5.664092 0.723085 0.083380 0.014438 0.058605 0.465361 3.162474 0.488410 0.170398 0.295714 0.114091 0.563614 3.561376 0.539346 0.097587 0.153292 0.312438 0.208045 0.238347 0.154438 0.066167 0.168229 0.476422 0.111886 0.018744 0.014255 0.073075 0.277662 0.072335 0.013039 0.006761 0.019962 
0.008406 0.003033 0.003301 0.018315 0.123331 0.134411 0.045273 0.164080 0.743497 0.224274 0.038981 0.007268 0.017991 0.113289 0.483918 0.258337 0.686942 0.255403 0.073565 0.151602 0.735050 0.137252 0.052915 0.263432 1.830237 0.484872 0.769691 0.243321 0.144141 0.439879 0.154490 0.032378 0.009387 0.040515 0.289256 1.735212 0.282800 0.039214 0.005298 0.003158 
0.001481 0.002112 0.005503 0.006309 0.020810 0.025595 0.028558 0.036619 0.150555 0.522637 0.079970 0.011629 0.005058 0.024920 0.133640 0.674868 4.810456 1.160545 0.226432 0.088567 0.299675 0.038168 0.018035 0.087588 0.463453 1.353490 5.346839 1.217690 0.617545 3.038406 0.427089 0.054830 0.009897 0.030646 0.189727 0.893203 0.180871 0.027306 0.003391 0.000668 
0.002914 0.013441 0.042705 0.014361 0.007934 0.024144 0.137016 0.029270 0.035140 0.115301 0.101601 0.020662 0.003694 0.005895 0.037848 0.234239 1.235854 3.212192 0.662154 0.254379 0.566792 0.071772 0.023931 0.085535 0.658406 4.625815 1.740905 3.921361 0.728668 0.909820 0.202791 0.039256 0.014577 0.063570 0.372016 1.766754 0.287780 0.039683 0.004560 0.000512 
0.015230 0.083007 0.324740 0.082553 0.016490 0.021727 0.120039 0.022254 0.017864 0.086708 0.563900 0.073325 0.008850 0.004257 0.028263 0.183521 0.790751 1.385292 0.569976 0.544326 1.381483 0.220222 0.091776 0.040445 0.149065 0.640306 0.327568 0.584542 0.548865 2.978541 0.439563 0.136628 0.052746 0.175650 0.806845 0.436334 0.094968 0.014636 0.001789 0.000227 
0.049979 0.336427 2.085891 0.329685 0.046242 0.013131 0.021542 0.013598 0.025002 0.023171 0.075538 0.016809 0.003180 0.008029 0.073834 0.555839 2.842567 2.063889 1.148635 1.328831 3.395069 0.522737 0.313674 0.095639 0.042992 0.080581 0.050510 0.101155 0.199544 0.460749 0.260894 0.759574 0.242727 0.758705 5.742853 0.757874 0.092791 0.010171 0.001089 0.000402 
0.032699 0.192031 0.910026 0.192017 0.038407 0.034611 0.028916 0.055358 0.157932 0.028542 0.019646 0.005400 0.001223 0.002718 0.023340 0.151652 0.686123 0.851188 1.718924 2.385974 4.601396 1.177916 1.399360 0.282172 0.110143 0.033013 0.031963 0.169636 0.753912 0.290706 0.774105 5.757732 0.746787 0.240666 0.742887 0.162782 0.024242 0.003020 0.001090 0.002708 
0.051076 0.337319 2.091412 0.338909 0.098624 0.215810 0.155850 0.254315 0.189182 0.052796 0.087155 0.023804 0.004629 0.001535 0.009796 0.050291 0.245710 0.686200 2.035311 3.241445 5.922687 1.901139 1.303090 0.341426 0.377183 0.123814 0.104301 0.737193 5.488517 0.744399 0.243515 0.747719 0.164080 0.045925 0.084849 0.023432 0.004109 0.001440 0.005159 0.019737 
0.022979 0.085280 0.328774 0.110418 0.214978 1.224670 0.734464 1.407218 0.265347 0.196139 0.738262 0.161341 0.030365 0.008243 0.023115 0.090566 0.315577 1.002558 2.417430 4.557517 7.688966 3.422973 1.753262 0.906340 1.892151 0.375399 0.109704 0.177336 0.731926 0.164256 0.054104 0.109748 0.031680 0.007992 0.008739 0.002761 0.001158 0.004484 0.024110 0.123140 
0.052413 0.021314 0.045289 0.026248 0.078866 0.312555 0.180059 0.265521 0.206008 0.762514 5.638450 0.748029 0.155629 0.066099 0.112047 0.294662 0.780608 1.644366 3.423002 5.841650 10.929447 6.923509 4.202092 2.274118 1.192216 0.416326 0.141479 0.049291 0.086527 0.034150 0.055585 0.188710 0.050440 0.008964 0.001883 0.000795 0.003369 0.019061 0.066656 0.042568 
0.049395 0.009792 0.008468 0.022757 0.125765 0.504003 0.160549 0.182434 0.545432 0.283057 0.772344 0.290067 0.506856 0.345160 0.447336 0.719068 1.323313 3.280880 5.252175 9.261471 18.069349 10.478144 5.517411 2.843880 1.396245 0.665780 0.227078 0.049530 0.022803 0.049811 0.197624 1.127880 0.185482 0.026326 0.003394 0.002546 0.018531 0.119887 0.506260 0.150478 
0.007945 0.003054 0.010313 0.076571 0.504697 2.843826 0.571726 0.658700 3.564970 0.530316 0.210353 0.497807 2.195925 2.710622 4.656948 6.439950 6.986312 8.061577 10.989504 18.141962 41.878437 18.169060 10.398189 5.778499 3.284138 1.393955 0.292788 0.097033 0.057756 0.167521 0.176407 0.606442 0.124498 0.019452 0.003088 0.007182 0.064069 0.510410 3.485299 0.660134 
0.001347 0.003117 0.025062 0.176309 0.841604 0.608832 0.161744 0.150466 0.513156 0.124251 0.047030 0.134209 0.480171 0.331530 0.448560 0.760364 1.423391 2.870204 4.500381 8.285960 15.849746 12.755095 8.022118 4.587656 2.632553 1.326370 0.525215 0.373533 0.355339 1.003731 0.415255 0.845923 0.152986 0.023896 0.003956 0.006770 0.039993 0.195164 0.526897 0.151173 
0.000908 0.008212 0.083361 0.742272 5.768700 0.980793 0.157388 0.039882 0.064648 0.019203 0.007565 0.021526 0.069151 0.048341 0.108269 0.292353 0.750994 1.518221 2.808748 4.894972 8.474429 9.256802 7.008554 3.471237 2.200764 1.544998 0.750536 0.449604 0.424655 0.530854 0.177439 0.176275 0.102195 0.025897 0.009044 0.029864 0.152896 0.684067 0.210660 0.046920 
0.000611 0.003059 0.026637 0.190978 0.959598 1.504792 0.248691 0.037938 0.010914 0.002730 0.000981 0.002561 0.007551 0.006190 0.022846 0.096931 0.278485 0.826635 1.392919 3.526523 5.035524 5.611134 4.875081 1.989734 1.080718 1.206716 0.379615 0.315555 1.093419 1.019796 0.222385 0.167408 0.513408 0.124102 0.047125 0.153350 0.687356 5.066934 0.679434 0.090983 
0.002676 0.001576 0.007169 0.049061 0.254824 0.870577 0.178794 0.035369 0.006726 0.001139 0.000211 0.000261 0.000679 0.000587 0.004244 0.025906 0.107071 0.376094 0.669905 2.093961 2.925069 3.211989 2.529645 0.711343 0.294201 0.240245 0.145641 0.703396 4.363881 0.831137 0.187851 0.524035 3.484475 0.517657 0.209106 0.685845 0.295778 0.711185 0.284775 0.052531 
0.018972 0.005329 0.006154 0.042084 0.300150 1.839502 0.304394 0.100368 0.021418 0.003533 0.000483 0.000091 0.000103 0.000060 0.000460 0.004896 0.041908 0.141700 0.362044 1.214472 1.405355 1.747500 1.253586 0.422085 0.120001 0.048299 0.051844 0.201991 0.689580 0.180614 0.053017 0.153781 0.685925 0.223905 0.681442 5.028441 0.675757 0.177360 0.168280 0.051334 
0.116907 0.021560 0.009127 0.014851 0.079536 0.314117 0.154557 0.398303 0.068439 0.010571 0.001484 0.000387 0.000602 0.000237 0.000217 0.001439 0.017164 0.047301 0.152351 0.259776 0.611468 1.094333 1.767999 0.542511 0.117363 0.042598 0.103602 0.353947 0.148419 0.037983 0.028448 0.149800 0.680260 0.169072 0.168018 0.661550 0.149275 0.038564 0.049126 0.140890 
0.033441 0.043162 0.048445 0.017572 0.046046 0.182651 0.145018 0.417739 0.073139 0.016631 0.003864 0.002768 0.006502 0.002303 0.001200 0.004983 0.034872 0.015982 0.026613 0.082163 0.587121 0.487444 0.734167 1.471666 0.250663 0.108821 0.490150 2.196152 0.307696 0.044526 0.066307 0.505820 3.477682 0.499960 0.085019 0.090011 0.028019 0.024591 0.069998 0.044710 
0.048661 0.280834 0.372550 0.070794 0.144584 0.928892 0.366981 0.337536 0.074053 0.071319 0.023672 0.022562 0.062038 0.019112 0.006113 0.021763 0.197266 0.024643 0.016642 0.092746 0.937893 0.226093 0.304540 0.703952 0.179532 0.223978 1.566258 0.476631 0.086769 0.014924 0.020320 0.121727 0.510409 0.124831 0.044152 0.094228 0.043803 0.123744 0.507400 0.150726 
0.033314 0.114228 0.066617 0.019376 0.041772 0.188306 0.340017 0.160783 0.146435 0.520862 0.151303 0.149424 0.504373 0.125762 0.023228 0.022086 0.115950 0.023187 0.035890 0.262160 2.027410 0.312056 0.268078 1.158414 0.208722 0.070100 0.199369 0.081704 0.021000 0.009990 0.008896 0.039776 0.137075 0.061940 0.167261 0.744295 0.220452 0.526207 3.491501 0.659160 
0.142105 0.525847 0.123719 0.022931 0.032684 0.216096 1.366182 0.269480 0.542971 3.561956 0.686808 0.687397 3.465405 0.570907 0.083733 0.014711 0.019295 0.009717 0.031466 0.163338 0.820875 0.175314 0.089420 0.202085 0.055396 0.018761 0.045480 0.095280 0.046893 0.066168 0.035495 0.147656 0.641292 0.224553 0.757781 5.757006 0.742015 0.200368 0.513691 0.147725 
0.590296 3.590448 0.495663 0.061106 0.014793 0.051416 0.201530 0.068545 0.130237 0.518498 0.153497 0.171789 0.660918 0.851002 0.176120 0.025974 0.008658 0.023559 0.096658 0.246203 1.291022 0.247925 0.126060 0.062129 0.018492 0.026399 0.163162 0.749167 0.278422 0.538985 0.155248 0.657202 4.638101 0.638538 0.232260 0.744262 0.162446 0.041111 0.064670 0.022537 
0.172738 0.511743 0.117474 0.018193 0.004466 0.010692 0.027938 0.013455 0.021223 0.065222 0.031047 0.104589 0.795412 5.747398 0.724339 0.083611 0.027145 0.126170 0.544132 0.184354 0.258370 0.223679 0.768672 0.244239 0.054666 0.088836 0.733677 5.719513 0.741153 0.142988 0.042540 0.145590 0.627886 0.146430 0.051648 0.087641 0.024650 0.006304 0.007020 0.002697 
0.133006 0.076695 0.020023 0.004551 0.006744 0.020781 0.020694 0.019771 0.010496 0.015982 0.008009 0.026057 0.165703 0.735744 0.158956 0.029386 0.067065 0.535848 3.800819 0.544961 0.181735 0.775084 5.899776 1.443796 0.241043 0.055151 0.164682 0.735335 0.162395 0.032607 0.008897 0.022234 0.077095 0.044749 0.088594 0.033785 0.014448 0.003730 0.001181 0.000370 
0.020763 0.010604 0.003548 0.006251 0.033520 0.133285 0.120888 0.125407 0.053581 0.088069 0.024429 0.008539 0.024149 0.082423 0.023069 0.006308 0.021631 0.140233 0.630128 0.157778 0.086033 0.254992 1.470730 5.889418 0.748376 0.102193 0.052673 0.103730 0.035512 0.031064 0.007753 0.007072 0.033064 0.169465 0.737384 0.181097 0.104620 0.025318 0.004184 0.000874 
0.002785 0.001490 0.002310 0.016464 0.116026 0.710440 0.671308 0.707517 0.265878 0.749480 0.162063 0.029781 0.007357 0.008706 0.002828 0.002150 0.013087 0.079204 0.337339 0.178483 0.241762 0.104784 0.251889 0.762420 0.188556 0.126925 0.160357 0.153851 0.067200 0.192664 0.030145 0.021786 0.107991 0.815592 5.748377 0.877671 0.811069 0.165333 0.024049 0.005530 
0.000345 0.000227 0.000808 0.005770 0.033473 0.133726 0.128061 0.203617 0.764793 5.740492 0.739962 0.142554 0.026333 0.004582 0.001053 0.003472 0.028185 0.199002 1.196697 0.737757 1.381067 0.222967 0.062371 0.102817 0.129297 0.583358 0.916010 0.841988 0.170887 0.090234 0.035607 0.088930 0.200672 0.901595 0.969966 0.910055 5.727003 0.721168 0.085421 0.028288 
0.000276 0.000053 0.000176 0.001190 0.006135 0.019968 0.020382 0.040974 0.166861 0.753181 0.277160 0.524434 0.120643 0.018434 0.002451 0.002136 0.011455 0.054512 0.207765 0.152356 0.231335 0.059171 0.013917 0.015495 0.035618 0.105062 0.155194 0.143121 0.043327 0.035334 0.130427 0.583819 0.853775 5.760406 0.824494 0.261963 0.742146 0.160693 0.040523 0.125179 
0.000024 0.000007 0.000028 0.000179 0.000857 0.002504 0.002699 0.006607 0.030134 0.144375 0.527161 3.466087 0.495399 0.061218 0.007193 0.005363 0.019520 0.013868 0.030627 0.023586 0.032517 0.010257 0.003437 0.009252 0.038809 0.022336 0.022753 0.020916 0.013360 0.064709 0.506628 3.480218 0.651147 0.796370 0.175885 0.048600 0.084969 0.023735 0.008396 0.020256 
0.000002 0.000001 0.000004 0.000024 0.000107 0.000292 0.000337 0.001030 0.005560 0.031168 0.151926 0.685048 0.148163 0.022566 0.005295 0.019856 0.121671 0.020724 0.006552 0.003485 0.004255 0.001896 0.004468 0.034417 0.250024 0.035699 0.006850 0.003319 0.003670 0.022808 0.149412 0.687240 0.172980 0.112416 0.029153 0.007597 0.009303 0.003027 0.001391 0.003073 
