124.791283 125.608719 125.926003 125.862953 125.429207 126.080368 126.431419 126.618378 126.937500 127.221382 127.468437 127.713692 127.963501 128.216248 128.425568 128.581253 128.523605 128.051193 128.520569 128.267944 126.950134 123.949135 127.794067 128.670090 128.765442 128.617432 128.410065 128.167648 127.858368 127.514481 127.403534 127.235008 126.921570 125.978493 122.419296 125.774422 126.539459 126.695190 126.716194 126.714142 
121.591476 125.151764 125.819565 125.439697 122.532761 125.472176 126.046402 125.999039 126.771973 127.213860 127.504395 127.752563 127.999237 128.234589 128.434601 128.542130 128.079956 125.062370 127.811714 127.123680 124.291878 126.524506 128.241470 128.767471 128.806808 128.643738 128.419083 128.115784 127.616165 126.792183 127.106934 127.075768 126.947487 126.532661 125.905228 126.347359 126.636055 126.729973 126.743469 126.738419 
125.092842 125.784843 126.034477 125.930573 125.300903 125.122818 124.903984 122.852570 126.297234 127.200180 127.575119 127.826721 128.055847 128.250153 128.458923 128.651154 128.607620 128.064194 127.731621 124.063133 126.480492 124.653725 128.141647 128.817062 128.858429 128.696732 128.444122 128.032074 126.917290 123.067924 126.196861 126.322227 126.626183 126.141457 126.282814 126.005089 126.529373 126.735725 126.774948 126.758141 
125.972321 126.114464 126.185944 126.100159 125.370949 121.907982 122.008141 125.313927 126.676956 127.333839 127.683502 127.922226 128.072540 128.151199 128.364090 128.678635 128.843445 128.733536 128.018188 124.368340 127.708885 128.153549 128.831055 129.000336 128.942337 128.784119 128.521057 128.070740 126.801338 122.479248 125.545296 123.185005 125.712097 123.157501 125.539398 123.056946 126.027145 126.669540 126.752464 126.650078 
126.241737 126.248009 126.216698 126.239059 125.892288 124.808853 125.449883 126.325760 126.487358 127.335648 127.786102 127.988548 127.939972 127.424171 127.573830 128.385330 128.876877 129.006363 128.677231 127.633255 128.678650 129.044800 129.186142 129.144547 129.015015 128.870758 128.643417 128.244965 127.136864 123.241783 126.189217 125.851814 126.655312 126.417480 126.636436 126.074814 126.039368 126.610542 126.574783 125.942413 
126.312416 126.165901 125.740463 126.125847 125.563599 122.138733 125.575935 126.188629 123.720490 127.042397 127.862633 128.045654 127.505508 123.986549 123.966103 127.297882 128.683426 129.046234 128.538284 125.444183 128.629547 129.295258 129.348389 129.208817 128.975723 128.874802 128.749008 128.507324 128.019836 127.110420 126.837799 123.808113 126.787926 127.215622 127.144005 126.414948 123.396507 126.225441 126.075958 122.597183 
126.135384 125.642151 122.856598 125.811882 125.692734 122.295944 125.416656 126.747246 126.891487 127.691208 128.122818 128.316437 128.253906 127.592911 127.125023 124.927055 128.408615 129.131485 129.040741 128.695679 129.286224 129.480835 129.441574 129.110031 128.394272 128.587677 128.622879 128.589905 128.336487 128.073578 127.777222 127.104393 127.543625 127.643707 127.530380 127.215881 126.626122 126.966850 126.858780 126.203560 
125.304306 125.345367 125.745613 126.542587 126.566269 125.609909 123.358795 126.793213 127.588928 127.964386 128.312592 128.570129 128.708435 128.656281 128.547424 128.263840 128.977966 129.075470 128.603088 129.161942 129.475998 129.474625 129.387253 128.642487 125.165497 127.354301 127.779778 128.234756 127.863922 128.186539 127.982239 127.314697 127.751274 127.861076 127.774910 127.595154 127.388794 127.371414 127.301865 127.161293 
121.363617 121.644417 125.812859 126.889198 127.091736 126.875175 126.667336 127.486366 127.783646 127.589706 128.313583 128.727997 128.934891 129.016190 128.911407 128.463516 128.955856 128.453018 125.055984 128.613007 129.283295 128.942230 129.335678 129.077850 127.714920 124.285950 124.291161 127.281448 124.840981 127.763687 127.616570 124.547913 127.479179 127.959602 127.925377 127.747528 127.532715 127.533058 127.523628 127.489769 
125.046318 122.477737 126.267586 127.177872 127.211632 126.639801 126.721916 127.564201 127.462433 124.657578 127.823196 128.704971 129.061707 129.158371 128.684143 125.656860 128.574631 128.358261 125.069038 128.631317 128.883698 125.973381 128.993057 129.368271 128.804474 127.535843 127.799675 128.301941 128.026688 128.402679 128.223785 127.716515 128.116150 128.168991 128.032242 127.686447 127.064171 127.473007 127.630547 127.660858 
126.924500 126.599281 127.278992 127.494957 126.939194 123.440926 123.510918 127.167274 127.915146 127.546028 127.636963 128.509201 129.114014 129.393524 129.320587 128.844727 129.124130 128.591843 128.550995 129.423187 129.553833 129.039398 129.575546 129.600906 128.813339 125.378571 127.982231 128.062759 128.415649 128.453049 127.933022 128.273483 128.404633 128.333588 128.081848 127.281113 124.057098 127.074875 127.687965 127.801605 
127.697945 127.677444 127.819405 127.876480 127.732483 127.094925 126.973801 127.201561 127.961685 127.473419 124.041466 127.246017 128.872635 129.463531 129.630707 129.526550 128.976318 125.727837 128.305908 129.506256 129.618271 129.043732 129.663498 129.816818 129.478943 128.464417 127.633293 124.900589 127.424866 127.812790 124.876556 127.949356 128.515869 128.477081 128.239151 127.687546 126.601166 127.505554 127.874947 127.970116 
128.065567 128.062943 128.065948 128.044510 128.118103 127.965202 127.275085 123.985970 127.484177 127.448395 123.482407 123.718704 128.270401 129.459259 129.795715 129.837708 129.554901 128.396088 125.879158 129.088806 128.966293 125.507561 129.101364 129.849792 129.736267 128.833282 125.356506 127.174492 124.977509 127.812065 127.375214 128.354584 128.662064 128.606506 128.308640 127.423775 124.279137 127.369873 128.007660 128.138977 
128.262817 128.222595 128.066589 127.616646 128.162842 128.281784 127.612122 124.202988 127.708580 128.156357 127.187347 124.507004 128.509689 129.597168 129.929291 129.998734 129.783066 129.010422 129.090363 129.713104 129.154297 125.633072 129.133270 129.844971 129.954254 129.641434 128.899765 128.931488 128.429794 128.216705 125.146759 128.171555 128.627991 128.661835 128.343735 127.509232 127.392380 128.033325 128.256119 128.319580 
128.366882 128.282364 127.677277 124.616928 127.809456 128.497742 128.441025 127.934998 128.337112 128.051025 128.516769 128.475433 129.379318 129.847336 130.057373 130.067383 129.483322 126.367752 129.406525 130.104111 130.018005 129.375504 129.709900 129.413910 129.907028 129.942093 129.755814 129.613525 129.338455 128.996429 128.443054 128.639771 128.225815 128.526932 127.991531 124.822929 127.708725 128.341522 128.475281 128.503021 
128.321274 128.355759 128.069565 127.166748 128.234375 128.659744 128.670547 128.545547 127.902763 124.613441 128.309204 129.241577 129.729324 130.012589 130.186188 130.262909 130.091156 129.610947 130.164261 130.415497 130.404404 130.142181 129.512024 126.416687 129.391312 129.882889 129.934952 129.810486 129.453522 128.753159 128.932159 128.476639 125.360023 128.254684 128.560974 128.073166 128.515076 128.658417 128.689453 128.687790 
127.491905 128.006012 127.753227 124.821396 128.017578 128.541199 128.184189 128.399414 127.394730 124.534454 128.384918 129.353531 129.828018 130.099899 130.284393 130.366730 130.354980 130.299500 130.440689 130.557465 130.556625 130.387207 129.996048 129.378998 129.570557 129.316925 129.823303 129.805130 129.095093 125.882256 128.748138 129.060654 128.541443 128.931427 128.988800 128.874695 128.896408 128.901230 128.886414 128.864899 
123.748863 126.870811 128.048645 128.012787 128.567169 128.243164 125.177925 127.646675 125.051743 127.730919 128.887177 128.943573 129.715988 130.105118 130.320496 130.391647 130.372238 130.276184 130.348465 130.535004 130.556778 130.284241 129.564377 129.553421 128.618423 126.094246 129.334915 129.882797 129.688446 129.065567 129.405945 129.397507 129.185654 129.228104 129.216843 129.153473 129.103897 129.056854 129.007080 128.963776 
126.539070 123.919434 127.764091 128.644516 128.939301 128.840622 128.327255 128.754761 128.470963 128.853821 128.761932 126.005646 129.236450 129.957657 130.256104 130.331497 130.130142 129.459518 129.516891 130.271484 130.438934 129.803192 126.505569 128.787064 126.058952 128.637802 129.672333 130.028244 129.978699 129.767670 129.641098 129.349640 128.742584 129.190186 129.318329 129.303253 129.246185 129.167252 129.050064 128.893723 
127.476578 124.294060 127.984932 128.878128 129.075180 128.923920 128.442368 129.001938 129.049286 128.743439 129.242676 129.068390 129.580078 129.421021 130.052994 130.198624 129.545609 125.894348 125.931107 129.667908 130.424820 130.328735 129.698807 129.903137 129.419067 129.623184 129.362427 129.931427 130.038193 129.872696 129.528748 128.814178 125.620644 128.713303 129.338257 129.406021 129.349213 129.213730 128.889206 128.164825 
128.582367 128.144913 128.785126 129.075256 129.035141 128.408905 125.432808 128.548615 128.675079 125.856667 129.019928 129.590515 129.310532 126.369537 129.581635 130.226730 130.129532 129.445526 129.430283 130.102051 130.464035 130.461716 130.259689 130.280472 130.069992 129.455978 126.366379 129.410522 129.928635 129.684738 128.939545 128.915009 128.056625 129.037354 129.435043 129.491440 129.414551 129.186218 128.365952 124.646599 
128.991989 128.943100 129.071274 129.111267 128.902832 128.227631 128.205200 129.042709 129.268097 128.974258 129.610901 129.888977 129.885269 129.516754 130.109406 130.373154 130.396790 130.226257 129.982681 129.525146 130.097412 130.058990 129.619904 130.061920 130.068497 129.869217 129.207352 129.666138 129.808716 129.084106 125.701218 128.078979 125.505997 128.722534 129.405975 129.509384 129.429642 129.234360 128.787598 128.088150 
129.033447 129.040680 129.069626 128.984970 128.340637 125.065765 127.616264 128.948700 129.418991 129.570679 129.804184 129.973541 130.075150 130.137222 130.316132 130.426788 130.440475 130.251450 129.393433 125.757065 128.978729 128.654434 126.135689 129.091232 129.202637 129.462814 128.754791 128.881775 129.485138 129.153183 128.144226 128.849915 128.636047 129.134232 129.412155 129.440598 129.305557 128.978638 128.258514 128.361740 
128.869736 128.900742 128.948624 128.920517 128.615707 127.503334 124.934639 128.431152 129.294373 129.588089 129.776459 129.926575 130.057098 130.184204 130.340286 130.413818 130.422775 130.242676 129.352798 125.585747 128.340256 125.888680 128.295792 128.246979 125.778458 128.109085 124.546844 124.998611 128.528259 128.062836 125.445168 128.615051 128.982742 128.651611 129.152252 129.208862 128.944550 128.229385 124.774673 126.810875 
128.416748 128.512299 128.693680 128.769302 128.675552 128.226151 127.404945 128.517502 129.044083 129.428726 129.652695 129.815887 129.959442 130.099686 130.243927 130.368118 130.397690 130.326965 129.991608 129.113953 128.916245 128.950226 128.861282 125.780647 128.276337 128.528763 125.014519 127.867241 128.376297 125.464577 128.060135 128.988251 128.604370 125.501472 128.456177 128.755814 128.197922 128.184616 126.791290 122.915619 
127.044243 127.326210 128.121094 128.435379 128.455688 127.836914 124.752136 127.818985 128.161591 128.996750 129.441071 129.672287 129.832108 129.978607 130.121124 130.251465 130.331787 130.304260 130.135132 129.388931 126.319366 129.206131 129.432098 128.440552 129.195038 129.432800 128.846710 128.939392 128.378998 128.429443 129.049332 129.267670 129.022583 128.317078 128.632965 128.153442 125.007477 127.709343 127.156189 122.974113 
122.661133 123.352119 127.052216 127.880890 128.167236 128.060333 127.456703 127.508888 124.807739 128.226044 129.125290 129.489914 129.691208 129.841064 129.980713 130.093094 130.147430 130.113495 130.168152 130.005096 129.483063 129.789688 129.223099 125.863655 128.404144 129.440323 129.328873 128.397888 124.756157 128.250641 129.137650 129.231750 128.878357 128.157425 128.528412 128.458801 127.890236 128.208710 127.974396 127.142601 
126.316322 126.364334 126.503693 126.852913 127.635689 127.730392 127.208542 127.473099 126.858421 128.202713 128.899475 129.264511 129.517853 129.674118 129.811646 129.873093 129.728394 129.248062 129.884903 130.108765 130.039948 129.941574 129.662872 128.458679 125.713905 128.900253 129.047409 127.552734 123.914330 128.028946 129.018097 129.004639 128.257599 125.042557 127.931129 128.366180 128.260269 128.222870 128.069427 127.762558 
126.965698 126.350883 122.959015 123.099518 126.703629 126.882759 123.889297 126.157104 123.466286 127.406837 128.474503 128.972916 129.237488 129.391037 129.578918 129.569427 128.860260 125.396980 129.052200 129.897888 129.867096 129.335999 129.655640 129.284286 128.312851 129.083527 128.563599 124.620529 123.931427 128.012360 128.872452 128.902481 128.575958 127.886116 128.202271 128.191727 128.022156 127.945061 127.651772 126.913277 
127.001060 126.751213 126.076073 126.246208 127.026009 127.137039 126.483665 125.843529 123.184982 126.990089 127.638466 128.520355 128.778137 128.547852 129.199127 129.361893 128.702911 125.271507 128.895996 129.667068 129.201813 126.008583 128.998627 128.905762 125.813820 128.815231 129.085480 128.293472 127.993492 128.507538 128.682114 128.713516 128.510376 128.150894 128.068359 127.791725 127.162560 127.400520 126.788361 123.189606 
126.743835 126.516388 125.988701 126.567680 126.979057 127.058365 126.490067 123.488815 126.075829 126.907379 124.501884 127.767754 128.012772 125.238777 128.440338 129.228409 129.261536 128.822983 129.477493 129.683807 129.381226 128.395386 129.267746 129.385071 128.912277 129.341095 129.350754 129.006851 128.465179 127.810638 127.757858 128.256241 128.084351 127.415810 127.601463 127.026161 123.902351 126.735977 127.008514 126.397758 
126.314690 125.697250 122.846779 125.969360 126.720657 126.938927 126.895218 126.579102 127.175819 127.538879 127.431755 128.160278 128.366974 127.935310 128.150269 129.024261 129.383469 129.448395 129.574570 129.478760 128.924118 125.806084 128.852188 129.329315 129.375473 129.440323 129.304291 128.758316 127.328751 123.997711 124.003777 127.388573 127.308273 124.194763 126.976379 127.193527 126.668884 127.032700 127.091110 126.976151 
125.889465 125.314583 125.388466 126.166458 126.538765 126.697823 126.755783 126.971085 127.327774 127.650551 127.889305 128.210129 128.365250 127.906754 125.142479 128.430374 129.236664 129.438477 129.341141 128.855286 129.160446 128.782059 129.084900 128.685547 129.062592 129.246124 129.064545 128.232468 124.721252 126.859573 127.258347 127.829445 127.699799 127.051872 127.300545 127.241074 127.060707 127.028923 126.987511 126.942505 
125.144409 122.305557 125.273979 126.041443 126.276611 126.221245 125.837486 126.574982 127.021057 127.458618 127.801727 128.110901 128.323135 128.385117 128.103897 128.808945 129.173309 129.262512 128.751404 125.718132 128.741119 129.138565 128.628693 125.352028 127.807617 128.765259 128.879242 128.570572 127.812660 127.931305 127.843201 127.903099 127.767151 127.473869 127.278595 127.030922 126.929893 126.852829 126.807999 126.778473 
125.474960 125.105583 125.660210 125.943031 125.951584 125.284195 121.930748 125.462547 126.080643 127.000587 127.459900 127.895821 128.205887 128.427002 128.609070 128.893692 129.106659 129.207047 129.089661 128.568848 129.111389 129.190781 128.960938 127.776291 125.032372 128.014160 128.489090 128.474808 128.118896 127.812469 127.146965 127.548355 127.575165 127.350739 126.934113 126.256012 126.524132 126.523163 126.571266 126.587730 
125.385689 125.482269 125.689178 125.817268 125.742020 124.905830 121.105103 124.603081 122.828369 126.129303 126.596451 127.502136 127.997368 128.315552 128.578674 128.841629 129.009659 129.092346 128.965286 128.445602 128.848007 128.570892 128.960449 128.682755 127.903175 127.573631 127.557907 127.877121 127.262901 126.811104 123.338951 126.663795 127.219376 127.017372 126.157829 123.013603 125.682098 125.697510 126.216606 126.388168 
124.553177 125.239914 125.563789 125.700264 125.655357 124.970398 121.619965 125.120705 125.623207 125.980263 123.503578 126.812737 127.647095 128.119629 128.449341 128.713791 128.889999 128.906418 128.404373 125.318359 127.829590 125.381737 128.470947 128.749817 127.880898 124.109741 123.854469 126.674652 124.005119 126.150856 123.075058 126.405518 126.878654 126.668503 125.846947 125.565872 125.505844 122.681313 125.638931 126.191292 
121.091537 124.625748 125.394150 125.619217 125.695251 125.601715 125.213669 125.947723 126.330612 126.556206 126.376068 126.973770 126.987259 127.816917 128.285431 128.574615 128.749527 128.767929 128.795898 128.428436 128.803589 128.516861 128.962677 128.930832 128.457886 127.466797 127.299210 127.621765 127.126045 127.202583 126.570381 126.748535 126.181084 125.913475 122.899200 125.638084 125.997849 125.596024 126.044983 126.206253 
124.410881 125.107201 125.422462 125.581596 125.701935 125.798523 125.897659 126.203354 126.490768 126.732750 126.832603 126.588516 123.907852 127.236061 128.115036 128.412933 128.432205 128.030151 128.706909 129.006851 129.193451 129.169846 129.156860 128.958252 128.444809 127.510353 127.838516 127.956467 127.767479 127.572601 127.176956 126.427383 123.209602 125.819611 125.764061 126.188004 126.260727 126.162598 126.197647 126.217789 
125.124146 125.303146 125.445633 125.564598 125.692009 125.833511 126.010445 126.250183 126.514290 126.772995 126.972649 127.025154 126.762001 127.621475 128.109406 128.261673 127.678757 124.348534 128.053650 129.003906 129.273102 129.293961 129.187347 128.852875 127.811440 124.015640 127.297714 127.913589 127.867371 127.658150 127.350021 126.877846 126.086884 126.386879 126.367760 126.382919 126.338028 126.264320 126.229774 126.215218 
