0.000000 0.000001 0.000038 0.001603 0.000038 0.000001 0.000019 0.000001 0.000000 0.000000 0.000000 0.000000 0.000000 0.000000 0.000001 0.000037 0.001599 0.000038 0.000045 0.001817 0.018254 0.000336 0.000005 0.000000 0.000000 0.000000 0.000000 0.000000 0.000003 0.000000 0.000000 0.000004 0.000259 0.012227 0.000258 0.000004 0.000000 0.000000 0.000008 0.000263 
0.000000 0.000018 0.001581 0.115179 0.001583 0.000060 0.001579 0.000037 0.000001 0.000000 0.000000 0.000000 0.000000 0.000000 0.000018 0.001577 0.114747 0.001601 0.001720 0.101494 0.003505 0.000065 0.000001 0.000000 0.000000 0.000000 0.000000 0.000006 0.000146 0.000006 0.000018 0.000001 0.000027 0.000255 0.000027 0.000001 0.000000 0.000004 0.000254 0.012179 
0.000000 0.000001 0.000037 0.001590 0.000311 0.001841 0.115057 0.001576 0.000018 0.000000 0.000000 0.000000 0.000000 0.000000 0.000001 0.000037 0.001581 0.000280 0.010320 0.003319 0.100424 0.001449 0.000017 0.000000 0.000000 0.000000 0.000003 0.000166 0.005747 0.000206 0.001539 0.000074 0.001589 0.000078 0.001567 0.000037 0.000001 0.000000 0.000008 0.000258 
0.000000 0.000000 0.000005 0.000270 0.012022 0.012407 0.001833 0.000059 0.000001 0.000000 0.000000 0.000000 0.000004 0.000004 0.000000 0.000001 0.000025 0.000491 0.036541 0.000544 0.001458 0.000035 0.000001 0.000000 0.000000 0.000000 0.000020 0.001649 0.114638 0.003751 0.109104 0.003217 0.115811 0.003206 0.113390 0.001582 0.000019 0.000001 0.000019 0.000005 
0.000001 0.000018 0.000001 0.000017 0.000563 0.000273 0.000064 0.001581 0.000037 0.000001 0.000000 0.000008 0.000256 0.000261 0.000027 0.000001 0.000001 0.000100 0.009098 0.000101 0.000019 0.000001 0.000000 0.000000 0.000000 0.000000 0.000003 0.000166 0.005750 0.000258 0.003179 0.000111 0.001589 0.000075 0.001604 0.001616 0.000038 0.000038 0.001584 0.000038 
0.000038 0.001582 0.000041 0.000287 0.014677 0.000328 0.001587 0.115094 0.001577 0.000018 0.000004 0.000252 0.012089 0.012359 0.001832 0.000041 0.000018 0.001354 0.084568 0.001351 0.000017 0.000000 0.000001 0.000018 0.000001 0.000000 0.000000 0.000006 0.000164 0.001577 0.113952 0.001569 0.000037 0.000020 0.001597 0.114947 0.001598 0.001606 0.115543 0.001603 
0.001607 0.115329 0.001585 0.000275 0.011820 0.001835 0.000078 0.001581 0.000037 0.000001 0.000000 0.000008 0.000275 0.001840 0.114969 0.001576 0.000019 0.000038 0.001353 0.000034 0.000001 0.000001 0.000037 0.001579 0.000041 0.000007 0.000001 0.000017 0.000004 0.000038 0.001593 0.000037 0.000001 0.000001 0.000037 0.001579 0.000037 0.000038 0.001584 0.000042 
0.000163 0.001587 0.000037 0.000027 0.001832 0.115333 0.001579 0.000037 0.000019 0.000001 0.000000 0.000000 0.000005 0.000042 0.001601 0.000038 0.000009 0.000252 0.000025 0.000001 0.000019 0.000019 0.001579 0.115104 0.001807 0.000510 0.000101 0.001363 0.000035 0.000038 0.001599 0.000037 0.000001 0.000000 0.000001 0.000019 0.000001 0.000001 0.000027 0.000259 
0.005348 0.000141 0.000003 0.000001 0.000045 0.001588 0.000038 0.000038 0.001581 0.000037 0.000001 0.000000 0.000001 0.000038 0.001600 0.000042 0.000257 0.012006 0.000256 0.000041 0.001578 0.000037 0.000041 0.001805 0.009374 0.036766 0.009186 0.085786 0.001382 0.001598 0.114709 0.001574 0.000018 0.000000 0.000001 0.000019 0.000001 0.000004 0.000254 0.012188 
0.005094 0.000120 0.000002 0.000008 0.000258 0.000278 0.000027 0.001581 0.115271 0.001583 0.000019 0.000000 0.000018 0.001577 0.114771 0.001581 0.000305 0.012828 0.000285 0.001584 0.114858 0.001575 0.000020 0.000078 0.003049 0.000545 0.000120 0.001364 0.000035 0.000056 0.001578 0.000037 0.000001 0.000001 0.000037 0.001568 0.000037 0.000001 0.000008 0.000258 
0.000121 0.000004 0.000004 0.000254 0.012173 0.012178 0.000258 0.000041 0.001592 0.000404 0.000013 0.000000 0.000001 0.000037 0.001578 0.000074 0.001591 0.000318 0.000010 0.000037 0.001584 0.000037 0.000018 0.001413 0.094399 0.001471 0.001595 0.000073 0.000038 0.001566 0.000055 0.000001 0.000000 0.000018 0.001569 0.113703 0.001566 0.000018 0.000000 0.000004 
0.000002 0.000000 0.000000 0.000008 0.000258 0.000266 0.000266 0.000014 0.000387 0.020787 0.000465 0.000009 0.000000 0.000001 0.000037 0.001581 0.115145 0.003160 0.000056 0.000010 0.000282 0.000009 0.000001 0.000035 0.001467 0.003182 0.114812 0.003165 0.001622 0.113427 0.001563 0.000018 0.000000 0.000001 0.000074 0.003170 0.000074 0.000001 0.000000 0.000000 
0.000000 0.000001 0.000018 0.000001 0.000008 0.000266 0.012453 0.000263 0.000111 0.004061 0.003953 0.000104 0.000002 0.000000 0.000001 0.000056 0.003180 0.115305 0.001585 0.000286 0.012920 0.000266 0.000005 0.000019 0.001588 0.114322 0.004714 0.114574 0.001671 0.003183 0.000074 0.000001 0.000000 0.000019 0.001589 0.113869 0.001567 0.000018 0.000000 0.000000 
0.000001 0.000037 0.001568 0.000037 0.000005 0.000257 0.012098 0.000257 0.000017 0.000464 0.020577 0.000364 0.000005 0.000000 0.000001 0.000038 0.001636 0.001619 0.000042 0.000257 0.012016 0.000256 0.000023 0.000001 0.000037 0.001572 0.000092 0.001595 0.001605 0.113597 0.001565 0.000037 0.000001 0.000037 0.001618 0.001607 0.000037 0.000001 0.000000 0.000000 
0.000019 0.001569 0.113729 0.001566 0.000019 0.000009 0.000253 0.000017 0.000253 0.000021 0.000364 0.000011 0.000000 0.000000 0.000018 0.001580 0.115110 0.001595 0.000019 0.000008 0.000253 0.000045 0.001582 0.000037 0.000001 0.000018 0.000001 0.000020 0.000056 0.001568 0.000074 0.001583 0.000055 0.001582 0.115277 0.001597 0.000019 0.000000 0.000000 0.000000 
0.000001 0.000074 0.003166 0.000074 0.000002 0.000019 0.000009 0.000275 0.012113 0.000256 0.000010 0.000000 0.000000 0.000000 0.000001 0.000037 0.001580 0.000037 0.000001 0.000001 0.000028 0.001583 0.115366 0.001580 0.000037 0.000001 0.000001 0.000037 0.001583 0.000074 0.001583 0.115372 0.001580 0.000055 0.001581 0.000037 0.000001 0.000000 0.000000 0.000004 
0.000021 0.001569 0.113734 0.001566 0.000055 0.001566 0.000078 0.001831 0.012414 0.000262 0.000023 0.000001 0.000000 0.000000 0.000000 0.000001 0.000018 0.000001 0.000001 0.000021 0.000217 0.000058 0.001584 0.000092 0.001581 0.000037 0.000019 0.001582 0.115360 0.001580 0.000055 0.001582 0.000037 0.000001 0.000018 0.000001 0.000000 0.000000 0.000008 0.000258 
0.000121 0.000041 0.001569 0.000055 0.001566 0.113358 0.003161 0.113690 0.001823 0.000064 0.001582 0.000037 0.000001 0.000000 0.000000 0.000000 0.000004 0.000010 0.000034 0.000562 0.006126 0.000555 0.000106 0.003149 0.115201 0.001578 0.000019 0.000037 0.001582 0.000037 0.000002 0.000037 0.000001 0.000000 0.000000 0.000000 0.000000 0.000004 0.000254 0.012188 
0.005121 0.000121 0.000021 0.000001 0.000037 0.001588 0.000074 0.001570 0.000078 0.001583 0.115366 0.001580 0.000037 0.000001 0.000000 0.000007 0.000200 0.000657 0.000735 0.010446 0.125961 0.010040 0.002246 0.113427 0.003143 0.000074 0.000001 0.000001 0.000018 0.000001 0.000037 0.001568 0.000037 0.000001 0.000000 0.000000 0.000000 0.000001 0.000027 0.000259 
0.005117 0.000120 0.000002 0.000001 0.000038 0.001602 0.000039 0.000056 0.001581 0.000074 0.001583 0.000074 0.001583 0.000037 0.000004 0.000191 0.007885 0.038295 0.012424 0.112480 0.704463 0.096372 0.010171 0.002128 0.000113 0.001580 0.000037 0.000001 0.000001 0.000037 0.001569 0.113619 0.001565 0.000018 0.000000 0.000000 0.000001 0.000037 0.001580 0.000042 
0.000121 0.000004 0.000000 0.000019 0.001599 0.115049 0.001599 0.001602 0.115034 0.001577 0.000055 0.001583 0.115363 0.001579 0.000019 0.000013 0.000415 0.006786 0.127488 0.708290 5.959031 0.719703 0.132609 0.006279 0.001799 0.114858 0.001575 0.000019 0.000037 0.001555 0.000110 0.003166 0.000074 0.000001 0.000000 0.000000 0.000018 0.001580 0.115036 0.001599 
0.000002 0.000000 0.000001 0.000037 0.001617 0.001636 0.000039 0.000038 0.001580 0.000037 0.000001 0.000037 0.001582 0.000037 0.000001 0.000001 0.000026 0.000679 0.015757 0.153618 0.703233 0.093994 0.010081 0.000574 0.000058 0.001582 0.000042 0.000019 0.001555 0.111987 0.003133 0.112024 0.001552 0.000018 0.000000 0.000000 0.000001 0.000055 0.001580 0.000037 
0.000000 0.000000 0.000018 0.001580 0.115147 0.003164 0.000056 0.000001 0.000018 0.000001 0.000000 0.000001 0.000018 0.000001 0.000000 0.000000 0.000008 0.000504 0.025902 0.016148 0.125677 0.009959 0.000725 0.001442 0.000054 0.000153 0.000365 0.000012 0.000092 0.003167 0.000110 0.001556 0.000055 0.000001 0.000000 0.000001 0.000037 0.001579 0.000059 0.000001 
0.000000 0.000000 0.000001 0.000055 0.003152 0.114049 0.001570 0.000019 0.000000 0.000000 0.000000 0.000000 0.000000 0.000000 0.000000 0.000000 0.000004 0.000214 0.009000 0.000893 0.006123 0.000604 0.003010 0.094231 0.002849 0.006324 0.019970 0.000417 0.003154 0.113549 0.001566 0.000073 0.001580 0.000037 0.000001 0.000037 0.001579 0.115007 0.001831 0.000027 
0.000004 0.000000 0.000000 0.000002 0.000092 0.003176 0.000074 0.000018 0.000001 0.000000 0.000000 0.000000 0.000000 0.000000 0.000000 0.000000 0.000000 0.000008 0.000244 0.001608 0.000271 0.001591 0.113776 0.002978 0.000424 0.019319 0.000733 0.001600 0.115164 0.003142 0.000074 0.001581 0.115044 0.001577 0.000055 0.001581 0.000078 0.001840 0.012325 0.000269 
0.000257 0.000008 0.000000 0.000018 0.001573 0.114163 0.001604 0.001377 0.000034 0.000001 0.000000 0.000000 0.000000 0.000000 0.000000 0.000000 0.000000 0.000019 0.001577 0.114291 0.001578 0.000093 0.003170 0.000109 0.000013 0.000354 0.000022 0.000194 0.001587 0.000055 0.000002 0.000038 0.001602 0.000056 0.001581 0.115114 0.001583 0.000298 0.012256 0.000524 
0.012146 0.000257 0.000008 0.000001 0.000038 0.001610 0.001400 0.085798 0.001356 0.000017 0.000000 0.000000 0.000000 0.000000 0.000000 0.000000 0.000004 0.000001 0.000037 0.001574 0.000055 0.001571 0.113836 0.003133 0.000055 0.000009 0.000177 0.006215 0.000189 0.000004 0.000001 0.000037 0.001602 0.000038 0.000037 0.001580 0.000037 0.000013 0.000511 0.012237 
0.000267 0.000272 0.000264 0.000009 0.000035 0.001393 0.000170 0.007425 0.000091 0.000001 0.000000 0.000000 0.000000 0.000000 0.000000 0.000008 0.000254 0.000008 0.000001 0.000019 0.000020 0.000056 0.003139 0.113788 0.001568 0.000046 0.001639 0.079076 0.001224 0.000016 0.000019 0.001580 0.115036 0.001577 0.000019 0.000019 0.000001 0.000001 0.000031 0.000260 
0.000268 0.012610 0.012704 0.000277 0.001375 0.087356 0.006789 0.026916 0.000426 0.000024 0.000001 0.000001 0.000018 0.000001 0.000004 0.000258 0.012188 0.000257 0.000005 0.000037 0.001566 0.000038 0.000093 0.003169 0.000079 0.000416 0.025312 0.003275 0.000092 0.000002 0.000001 0.000037 0.001580 0.000037 0.000001 0.000019 0.000001 0.000037 0.001580 0.000042 
0.000009 0.000283 0.000264 0.000009 0.000035 0.001419 0.003062 0.010477 0.000281 0.001587 0.000038 0.000037 0.001579 0.000037 0.000005 0.000258 0.012188 0.000257 0.000023 0.001566 0.113390 0.001585 0.001588 0.113348 0.001563 0.000030 0.000416 0.000083 0.000007 0.000004 0.000000 0.000001 0.000037 0.000002 0.000037 0.001582 0.000055 0.001580 0.115036 0.001599 
0.000038 0.001585 0.000041 0.000001 0.000019 0.001524 0.104317 0.001762 0.001611 0.115421 0.001602 0.001601 0.114947 0.001594 0.000019 0.000008 0.000254 0.000008 0.000001 0.000074 0.003166 0.000074 0.000038 0.001565 0.000037 0.000001 0.000007 0.000028 0.000260 0.000264 0.000009 0.000037 0.001580 0.000055 0.001583 0.115372 0.001580 0.000055 0.001580 0.000037 
0.001606 0.114912 0.001576 0.000018 0.000001 0.000036 0.001507 0.000041 0.000038 0.001583 0.000038 0.000038 0.001616 0.001618 0.000037 0.000001 0.000004 0.000001 0.000037 0.001569 0.113726 0.001566 0.000037 0.000019 0.000001 0.000001 0.000041 0.001835 0.012224 0.012786 0.000279 0.001586 0.115120 0.001578 0.000055 0.001582 0.000037 0.000001 0.000018 0.000001 
0.000298 0.001587 0.000037 0.000001 0.000000 0.000003 0.000018 0.000001 0.000001 0.000018 0.000001 0.000019 0.001600 0.115274 0.001578 0.000018 0.000001 0.000037 0.001580 0.000074 0.001570 0.000074 0.001581 0.000055 0.000001 0.000018 0.001579 0.115114 0.001835 0.000283 0.000009 0.000037 0.001580 0.000037 0.000001 0.000018 0.000001 0.000000 0.000000 0.000000 
0.012182 0.000272 0.000005 0.000000 0.000006 0.000146 0.000006 0.000018 0.000001 0.000000 0.000000 0.000001 0.000037 0.001581 0.000037 0.000001 0.000018 0.001579 0.115033 0.001577 0.000055 0.001581 0.115220 0.003155 0.000055 0.000001 0.000037 0.001580 0.000041 0.000009 0.000000 0.000001 0.000018 0.000001 0.000018 0.000001 0.000000 0.000000 0.000000 0.000000 
0.000258 0.000008 0.000000 0.000003 0.000166 0.005747 0.000206 0.001529 0.000037 0.000019 0.000001 0.000000 0.000001 0.000018 0.000001 0.000000 0.000001 0.000037 0.001602 0.000038 0.000020 0.000056 0.003161 0.115307 0.001583 0.000025 0.000002 0.000037 0.000010 0.000255 0.000008 0.000000 0.000001 0.000037 0.001580 0.000037 0.000019 0.000001 0.000000 0.000000 
0.000004 0.000000 0.000000 0.000020 0.001648 0.114460 0.003795 0.107716 0.001560 0.001599 0.000037 0.000001 0.000000 0.000000 0.000000 0.000000 0.000001 0.000037 0.001588 0.000074 0.001569 0.000038 0.000056 0.001590 0.000273 0.000498 0.000108 0.001561 0.000317 0.012368 0.000259 0.000005 0.000019 0.001599 0.115181 0.001614 0.001599 0.000037 0.000001 0.000004 
0.000000 0.000000 0.000000 0.000003 0.000166 0.005747 0.000206 0.001548 0.001618 0.115279 0.001579 0.000037 0.000001 0.000000 0.000000 0.000000 0.000018 0.001566 0.113387 0.003160 0.113719 0.001565 0.000023 0.000248 0.009811 0.037448 0.010224 0.108547 0.003656 0.010813 0.000244 0.000023 0.000038 0.001618 0.001636 0.001619 0.115200 0.001578 0.000027 0.000258 
0.000000 0.000000 0.000000 0.000000 0.000006 0.000146 0.000006 0.000019 0.000037 0.001582 0.000074 0.001580 0.000037 0.000001 0.000000 0.000000 0.000005 0.000037 0.001566 0.000074 0.001569 0.000037 0.000001 0.000008 0.000240 0.000498 0.000108 0.001557 0.000065 0.000241 0.000045 0.001597 0.001618 0.115202 0.001596 0.000056 0.001581 0.000041 0.000255 0.012199 
0.000000 0.000000 0.000000 0.000000 0.000000 0.000003 0.000000 0.000000 0.000001 0.000037 0.001580 0.115035 0.001576 0.000018 0.000000 0.000008 0.000254 0.000009 0.000019 0.000001 0.000018 0.000001 0.000000 0.000009 0.000264 0.000015 0.000001 0.000018 0.000001 0.000022 0.001579 0.114954 0.001613 0.001599 0.000037 0.000001 0.000018 0.000001 0.000008 0.000258 
0.000000 0.000000 0.000000 0.000000 0.000000 0.000000 0.000000 0.000000 0.000000 0.000001 0.000037 0.001602 0.000037 0.000001 0.000004 0.000258 0.012188 0.000257 0.000004 0.000000 0.000000 0.000000 0.000004 0.000263 0.012599 0.000262 0.000004 0.000000 0.000000 0.000001 0.000037 0.001601 0.000038 0.000019 0.000001 0.000000 0.000000 0.000000 0.000000 0.000004 
