129.728088 130.582901 130.867020 130.686081 130.082413 130.614960 130.833069 130.874466 131.046204 131.155914 131.204498 131.221191 131.222290 131.210938 131.174133 131.059494 130.730682 130.030411 130.350815 129.969711 128.653244 125.742722 129.734451 130.813232 131.111710 131.189072 131.191162 131.142609 131.030182 130.883652 130.967361 130.980774 130.803299 129.937775 126.400696 129.964264 130.874313 131.124695 131.196198 131.214813 
126.393234 130.078857 130.724411 130.203690 127.048630 129.907379 130.346298 130.148804 130.795227 131.084503 131.183731 131.211578 131.211304 131.194260 131.149307 130.982468 130.270279 127.026604 129.595917 128.822067 125.999969 128.294128 130.177765 130.897522 131.127548 131.186218 131.167130 131.051987 130.724915 130.073074 130.594955 130.751038 130.778900 130.473877 129.943817 130.525940 130.938370 131.119598 131.182648 131.197540 
130.003143 130.711487 130.905930 130.657379 129.816605 129.434204 129.032196 126.790848 130.175766 130.953110 131.147522 131.188995 131.175629 131.135895 131.102844 131.032913 130.752563 129.985489 129.486664 125.752884 128.149323 126.418449 130.044159 130.914062 131.135483 131.178345 131.124924 130.869736 129.903122 126.175827 129.533401 129.851151 130.334869 129.980957 130.249329 130.088913 130.743317 131.040344 131.128448 131.130829 
130.876862 130.994690 130.986755 130.750916 129.791580 126.017319 125.933174 129.156128 130.419830 130.938599 131.117859 131.143066 131.066055 130.905304 130.873383 130.958847 130.925735 130.619110 129.735138 126.025452 129.350220 129.862061 130.705872 131.048767 131.155731 131.170990 131.100861 130.795685 129.649582 125.430756 128.711456 126.507454 129.245850 126.801361 129.360413 126.950127 130.094635 130.847336 130.982086 130.892548 
131.041321 131.005890 130.884644 130.769302 130.205627 128.860535 129.325180 130.060181 130.066040 130.773697 131.047058 131.045578 130.759842 130.001251 129.929398 130.546661 130.861237 130.814758 130.340714 129.228561 130.262695 130.713806 130.995911 131.110580 131.134766 131.141144 131.088623 130.837601 129.859436 126.075531 129.222580 129.058121 130.066650 129.986572 130.356140 129.894043 129.960312 130.632294 130.641541 129.999054 
130.920074 130.723495 130.197906 130.467667 129.705933 125.987503 129.304245 129.759201 127.085938 130.282028 130.939545 130.918274 130.142639 126.379402 126.147156 129.302826 130.540588 130.744370 130.111420 126.983940 130.156982 130.875031 131.057709 131.055649 130.964127 131.013245 131.031509 130.950607 130.610733 129.844925 129.733917 126.854195 130.052490 130.667007 130.735977 130.102234 127.121986 130.086411 129.974335 126.428413 
130.474915 129.926407 127.008041 129.933197 129.646210 125.975639 128.968063 130.157410 130.119675 130.759552 131.022476 131.021973 130.714371 129.831726 129.162094 126.797623 130.109512 130.701385 130.526672 130.137390 130.731262 130.977158 131.010132 130.792664 130.204849 130.549011 130.736328 130.852264 130.758926 130.671417 130.543350 130.036179 130.675293 130.956543 130.995407 130.791931 130.287399 130.725998 130.665619 130.005798 
129.325897 129.344986 129.716766 130.467865 130.355179 129.175598 126.705269 130.008316 130.639420 130.829712 131.016785 131.079880 131.002472 130.761292 130.461090 129.977661 130.545380 130.545013 129.989258 130.500427 130.822647 130.865616 130.840576 130.170029 126.817276 129.111084 129.690002 130.331238 130.115875 130.609253 130.592087 130.098282 130.733124 131.027969 131.100662 131.051575 130.949112 131.025055 131.017609 130.899872 
125.016335 125.300850 129.547379 130.602341 130.681747 130.277756 129.863602 130.511719 130.618103 130.234146 130.773712 131.020599 131.069351 130.968353 130.668274 130.036682 130.412796 129.806946 126.334167 129.842026 130.512604 130.212067 130.665375 130.475937 129.180222 125.893478 126.038574 129.178192 126.921501 130.026108 130.057770 127.160210 130.303238 130.978546 131.104218 131.060394 130.959793 131.059738 131.119843 131.122574 
128.562103 125.949142 129.792236 130.669479 130.579376 129.813492 129.702271 130.364944 130.070206 127.066895 130.062286 130.804337 131.010925 130.933441 130.272552 127.115173 129.907654 129.585236 126.221771 129.728073 129.983292 127.120209 130.193741 130.637405 130.153244 128.970200 129.381332 130.037170 129.951416 130.525742 130.514496 130.199066 130.806519 131.054550 131.059586 130.836304 130.314850 130.843521 131.087494 131.160446 
130.323608 129.968353 130.628204 130.771439 130.072128 126.354736 126.244423 129.742432 130.313110 129.749573 129.673477 130.412811 130.865524 130.983490 130.788239 130.179657 130.332352 129.689514 129.559601 130.385010 130.511612 130.036713 130.637299 130.741486 130.043884 126.726540 129.429062 129.665710 130.208221 130.442169 130.088165 130.609268 130.962158 131.074295 130.952255 130.252274 127.104355 130.265762 130.981110 131.146088 
130.939240 130.887253 130.980408 130.951035 130.668320 129.849365 129.539200 129.590637 130.171814 129.499878 125.899315 128.953491 130.444733 130.930603 130.980087 130.745087 130.065826 126.737274 129.184875 130.340530 130.449387 129.904968 130.591888 130.833267 130.593185 129.695908 128.970810 126.405624 129.082748 129.640366 126.898590 130.156296 130.907333 131.061340 130.955368 130.497833 129.501129 130.538025 131.005142 131.147980 
131.117859 131.086578 131.033844 130.914398 130.866302 130.554321 129.681595 126.202934 129.532898 129.323410 125.207275 125.303474 129.727341 130.810928 131.034668 130.946564 130.523651 129.261230 126.728821 129.869522 129.746063 126.352432 129.931961 130.743317 130.741714 129.959991 126.627373 128.555756 126.535629 129.513504 129.253799 130.433899 130.908188 131.020218 130.847687 130.067902 127.011169 130.231689 130.972992 131.147125 
131.132446 131.060669 130.820602 130.276566 130.719223 130.698181 129.873230 126.292480 129.632355 129.908020 128.788010 125.985077 129.868896 130.851181 131.069046 131.005920 130.648697 129.807373 129.836716 130.415024 129.862167 126.383064 129.895218 130.655212 130.856598 130.676025 130.076477 130.246796 129.878220 129.791245 126.909317 130.097549 130.731354 130.907928 130.707825 129.993408 129.992065 130.752533 131.074661 131.173401 
131.047516 130.913742 130.227295 127.073578 130.185104 130.760590 130.579010 129.909302 130.158463 129.703857 130.025909 129.871948 130.663422 131.022156 131.108887 130.980042 130.291168 127.133072 130.094055 130.740860 130.644699 130.034256 130.405243 130.169785 130.728577 130.889328 130.848282 130.849350 130.705841 130.487610 130.058365 130.442902 130.181137 130.631989 130.212921 127.161926 130.165131 130.916016 131.133606 131.194672 
130.785385 130.788574 130.441711 129.466019 130.458221 130.797302 130.691681 130.424957 129.615662 126.202957 129.749283 130.569748 130.948334 131.112534 131.154297 131.092377 130.848434 130.308014 130.787109 130.994568 130.968292 130.727219 130.154739 127.136139 130.163269 130.733459 130.939499 130.959717 130.735443 130.163528 130.456497 130.129669 127.183090 130.231888 130.666870 130.297028 130.829010 131.085800 131.179840 131.208206 
129.778152 130.276718 129.977982 126.979523 130.104660 130.556381 130.069397 130.148621 129.011169 126.029068 129.753235 130.613083 130.973694 131.121323 131.168060 131.149643 131.063965 130.936737 131.012787 131.084000 131.065430 130.914062 130.571533 130.030563 130.290207 130.114502 130.727966 130.859314 130.288651 127.210297 130.191788 130.616226 130.248596 130.793808 130.989044 130.985687 131.098083 131.170532 131.198517 131.203491 
125.874481 128.983932 130.144562 130.059937 130.563446 130.135712 126.961800 129.300125 126.592384 129.120453 130.182663 130.130539 130.779770 131.041504 131.134308 131.131210 131.037201 130.869110 130.875290 131.012268 131.013885 130.761749 130.093262 130.141449 129.296417 126.861534 130.162216 130.840530 130.790955 130.305252 130.766357 130.874878 130.776962 130.977753 131.102859 131.146179 131.179443 131.191193 131.177612 131.149338 
128.553284 125.936310 129.760849 130.617615 130.846619 130.651123 130.000366 130.313843 129.928116 130.198517 129.993637 127.128166 130.222305 130.809830 131.028351 131.030426 130.756668 130.022995 130.012939 130.707016 130.849915 130.244980 127.018524 129.344955 126.702583 129.350174 130.452423 130.898438 130.996689 130.922180 130.920334 130.745255 130.250977 130.811859 131.078629 131.168106 131.188385 131.162567 131.074432 130.923370 
129.437408 126.250931 129.918610 130.785278 130.913040 130.659149 130.042175 130.509583 130.456375 130.045105 130.421555 130.125748 130.503922 130.245529 130.796478 130.866470 130.146988 126.457970 126.434677 130.082214 130.798004 130.719284 130.151947 130.407166 130.008392 130.282608 130.109589 130.748047 130.980728 130.949463 130.727539 130.126984 127.049408 130.241791 130.972015 131.146667 131.164230 131.074570 130.767563 130.031403 
130.549881 130.084213 130.710449 130.949753 130.829041 130.080795 127.035751 130.030579 130.059891 127.145042 130.181671 130.623016 130.217545 127.242523 130.321960 130.883438 130.715363 129.974487 129.890778 130.491272 130.819427 130.831573 130.679459 130.759537 130.621887 130.093735 127.102325 130.200195 130.807922 130.695282 130.076385 130.161316 129.395020 130.498337 130.986053 131.134476 131.128387 130.937546 130.118683 126.421883 
130.998947 130.930939 131.024155 131.002563 130.702423 129.898895 129.781769 130.534210 130.672882 130.283554 130.802689 130.958344 130.825272 130.351593 130.861725 131.049347 130.999588 130.758789 130.449966 129.947266 130.470947 130.442108 130.058685 130.545181 130.615082 130.489029 129.918381 130.438507 130.650635 130.057297 126.813911 129.278961 126.843338 130.156708 130.927460 131.108932 131.099365 130.936859 130.509750 129.797699 
131.125244 131.113876 131.103348 130.949066 130.200882 126.831207 129.266342 130.496826 130.887085 130.946732 131.073807 131.124939 131.097382 131.021927 131.107727 131.144791 131.085205 130.825455 129.909683 126.257019 129.416107 129.100906 126.631256 129.610550 129.782272 130.099670 129.476318 129.672516 130.335327 130.130371 129.233963 130.078705 129.987000 130.582245 130.949921 131.064590 130.997681 130.707916 129.990677 130.095825 
131.079788 131.094162 131.107162 131.016678 130.617889 129.381012 126.716278 130.083420 130.857224 131.065948 131.153244 131.186737 131.188568 131.178101 131.190613 131.185974 131.122131 130.872131 129.924652 126.138802 128.842438 126.402817 128.815445 128.810013 126.412674 128.781738 125.320587 125.868271 129.405869 129.076080 126.620338 129.911133 130.389236 130.159515 130.754028 130.918976 130.726044 130.037247 126.600754 128.623566 
130.762131 130.841629 131.001617 131.030991 130.855652 130.307892 129.348877 130.367462 130.768707 131.026062 131.149536 131.198288 131.213196 131.215225 131.215149 131.203171 131.157013 131.016968 130.620972 129.701019 129.475723 129.499817 129.437027 126.411713 128.941879 129.257874 125.846039 128.754776 129.333847 126.595558 129.301025 130.377075 130.106140 127.141762 130.194275 130.609024 130.110779 130.142319 128.757034 124.878067 
129.584900 129.859238 130.640350 130.911926 130.839447 130.119064 126.900330 129.839874 130.054886 130.773926 131.077484 131.180786 131.212311 131.219391 131.216446 131.199600 131.154938 131.056641 130.829056 130.043854 126.964508 129.828186 130.062347 129.121414 129.912415 130.208481 129.691360 129.890503 129.450745 129.667313 130.428833 130.776794 130.657867 130.091171 130.558548 130.180252 127.114777 129.865051 129.330307 125.143448 
125.417816 126.105576 129.808258 130.603134 130.818146 130.591156 129.840866 129.740509 126.894249 130.176682 130.944214 131.143433 131.196060 131.205383 131.198624 131.163055 131.072235 130.929718 130.924683 130.719711 130.173599 130.470428 129.932037 126.621513 129.200684 130.281799 130.279800 129.451843 125.975098 129.613998 130.642075 130.887360 130.705795 130.123276 130.653656 130.701813 130.238190 130.617798 130.421509 129.591751 
129.428940 129.446976 129.535583 129.832672 130.550781 130.525330 129.836700 129.927307 129.141434 130.351776 130.898636 131.099564 131.156555 131.156189 131.147217 131.060898 130.771057 130.160767 130.707352 130.886841 130.791977 130.688141 130.428833 129.274857 126.639656 129.868347 130.120987 128.727570 125.257668 129.503738 130.660568 130.850525 130.281921 127.212082 130.272507 130.855865 130.876877 130.929031 130.806015 130.505920 
130.450027 129.775467 126.257751 126.332977 129.899323 129.953217 126.751648 128.838013 125.947800 129.735672 130.643433 130.974442 131.042923 130.983475 131.026276 130.873444 130.024918 126.466248 129.986969 130.753250 130.688217 130.159500 130.492096 130.184021 129.290497 130.181290 129.773926 125.954590 125.400574 129.633698 130.698792 130.937424 130.789642 130.281876 130.783325 130.946320 130.892975 130.909668 130.659607 129.918655 
130.852356 130.544739 129.772034 129.863388 130.561646 130.526474 129.657028 128.781693 125.900764 129.532074 129.989777 130.680908 130.738861 130.292435 130.755173 130.784637 129.996780 126.454697 129.966568 130.656250 130.146469 126.998619 129.971863 129.947998 126.957359 130.057236 130.433945 129.752975 129.591125 130.296310 130.679184 130.918777 130.922409 130.772766 130.887375 130.775818 130.274017 130.619522 130.055435 126.423607 
130.930466 130.641525 130.014359 130.529190 130.847641 130.766449 129.971268 126.694824 129.081039 129.699722 127.052834 130.106995 130.120850 127.140015 130.125854 130.770096 130.684448 130.130646 130.680267 130.804489 130.450424 129.441681 130.369354 130.559998 130.184113 130.717255 130.831863 130.592941 130.209320 129.735245 129.886337 130.613556 130.691818 130.236847 130.643387 130.238007 127.225128 130.224442 130.576981 129.981979 
130.794128 130.098129 127.105194 130.228302 130.893784 130.947388 130.686340 130.121002 130.484940 130.606125 130.238251 130.716248 130.663071 130.001999 130.012009 130.718521 130.932465 130.884918 130.904648 130.720535 130.116455 126.997284 130.077911 130.626022 130.771332 130.941864 130.917755 130.519287 129.228882 126.080559 126.297409 129.932877 130.098740 127.195709 130.235977 130.665863 130.298981 130.812088 130.961578 130.882690 
130.626312 129.979828 129.997910 130.727341 130.988144 130.967453 130.800964 130.783737 130.895798 130.965057 130.936432 131.001190 130.870239 130.163162 127.188385 130.307800 130.941971 130.993759 130.787079 130.208038 130.455872 130.075714 130.413940 130.090942 130.568314 130.876358 130.853668 130.158157 126.805428 129.125275 129.746750 130.578354 130.703720 130.292908 130.793869 130.952194 130.951416 131.065445 131.122406 131.122757 
130.101562 127.130684 130.142761 130.857727 130.955536 130.690811 130.050110 130.572662 130.789154 130.975433 131.047760 131.094864 131.051270 130.827164 130.339172 130.855392 131.049438 130.961792 130.302765 127.177551 130.139633 130.527069 130.058533 126.871887 129.435822 130.549225 130.832733 130.681046 130.085037 130.397095 130.536453 130.847809 130.968765 130.926849 130.966522 130.930054 131.020264 131.094528 131.152069 131.176102 
130.681519 130.262741 130.786438 130.982391 130.823364 129.892792 126.185333 129.576065 129.977097 130.670456 130.873901 131.046234 131.108170 131.081940 131.010406 131.098495 131.130951 131.049423 130.749298 130.108582 130.594498 130.667770 130.484268 129.398102 126.793152 129.921783 130.582947 130.734741 130.563217 130.461380 130.003021 130.668396 130.956345 130.969940 130.771240 130.277283 130.749390 130.906784 131.076309 131.154099 
130.767685 130.851257 131.017792 131.044159 130.783371 129.662338 125.476700 128.839111 126.802048 129.924606 130.134888 130.795090 131.042175 131.127777 131.150253 131.170181 131.152786 131.047943 130.735168 130.058411 130.406342 130.129959 130.575684 130.420380 129.770355 129.600037 129.767761 130.286530 129.864502 129.607544 126.317734 129.932220 130.757492 130.786896 130.106094 127.081223 129.992249 130.164703 130.828812 131.074310 
129.999435 130.723434 131.029648 131.076782 130.858459 129.908173 126.192642 129.559967 129.837143 129.934052 127.134720 130.231262 130.818146 131.057938 131.150787 131.170059 131.124329 130.944214 130.260559 127.046494 129.477386 127.050613 130.181412 130.595306 129.857147 126.249542 126.186569 129.217010 126.744812 129.108093 126.221832 129.840790 130.566757 130.574677 129.926361 129.823944 129.927917 127.168694 130.329529 130.973251 
126.473366 130.169891 130.960464 131.112244 131.043869 130.735168 130.093353 130.614471 130.751740 130.698212 130.210312 130.524353 130.253342 130.841385 131.083878 131.125641 131.045731 130.863297 130.711639 130.201385 130.513779 130.232941 130.769165 130.867889 130.545303 129.724640 129.768295 130.329666 130.055603 130.358612 129.940918 130.347488 129.992767 129.930359 127.046585 130.037781 130.575150 130.285507 130.856110 131.082947 
130.026611 130.768768 131.076263 131.163559 131.152802 131.070953 130.951630 131.030090 131.060013 131.011688 130.796722 130.231506 127.212997 130.320709 130.966675 131.020523 130.755890 130.137878 130.658264 130.831619 130.954971 130.948105 131.025864 130.955551 130.594894 129.849564 130.418213 130.786560 130.847641 130.886261 130.705521 130.153656 127.081421 129.959778 130.103806 130.734558 130.961914 130.978424 131.100906 131.166779 
130.848709 131.033386 131.148880 131.193024 131.195221 131.171982 131.143692 131.154816 131.156296 131.122101 131.010178 130.739517 130.159668 130.756073 130.997925 130.878677 130.029144 126.467682 130.001083 130.846054 131.063385 131.104340 131.084106 130.871399 129.974060 126.380066 129.922928 130.810730 131.022537 131.057251 130.968018 130.699646 130.094406 130.624268 130.811890 131.009338 131.107910 131.140945 131.179260 131.201691 
