0.000298 0.003843 0.040485 0.278026 0.040773 0.007826 0.021637 0.003942 0.000421 0.000033 0.000002 0.000001 0.000017 0.000276 0.003779 0.039749 0.272321 0.042467 0.032472 0.186333 0.240592 0.026730 0.002355 0.000169 0.000010 0.000003 0.000025 0.000189 0.000799 0.000396 0.000800 0.001588 0.013951 0.126997 0.013297 0.001231 0.000114 0.000202 0.001820 0.011269 
0.001254 0.018141 0.234924 2.437400 0.236434 0.058584 0.275038 0.039637 0.003671 0.000262 0.000016 0.000005 0.000067 0.001149 0.017808 0.230248 2.385022 0.241154 0.178493 1.555187 0.317307 0.038300 0.003421 0.000245 0.000016 0.000023 0.000248 0.002039 0.009731 0.004575 0.009191 0.006983 0.019922 0.018752 0.011100 0.002184 0.000322 0.000822 0.008971 0.082538 
0.000282 0.003493 0.035955 0.237285 0.063772 0.287821 3.081122 0.271802 0.020163 0.001269 0.000071 0.000019 0.000083 0.000327 0.003440 0.035211 0.231624 0.052179 0.127998 0.304888 1.482530 0.144530 0.011590 0.000777 0.000055 0.000159 0.001925 0.017846 0.104641 0.044240 0.098981 0.073215 0.229412 0.069777 0.097684 0.018346 0.002182 0.000621 0.002869 0.009888 
0.000322 0.001636 0.004410 0.026201 0.072711 0.140429 0.284096 0.059017 0.007201 0.000641 0.000066 0.000181 0.000914 0.001170 0.001714 0.004050 0.023993 0.075873 0.675661 0.105261 0.152045 0.023224 0.002296 0.000241 0.000064 0.000628 0.008602 0.097005 0.874541 0.300430 0.820599 0.548835 2.371202 0.497316 0.790594 0.110279 0.012426 0.004820 0.020681 0.005067 
0.003969 0.019247 0.004580 0.010237 0.066390 0.032121 0.060608 0.253614 0.037482 0.003537 0.000425 0.001624 0.009944 0.013087 0.019492 0.004106 0.005922 0.047017 0.362078 0.049614 0.016051 0.002616 0.000535 0.001275 0.000280 0.000210 0.001965 0.018132 0.108349 0.081676 0.388408 0.109044 0.232671 0.071953 0.132679 0.249807 0.042323 0.045292 0.278542 0.045465 
0.041930 0.255217 0.040672 0.043564 0.437823 0.089371 0.268149 2.676511 0.246839 0.018769 0.001979 0.009175 0.085927 0.119018 0.239905 0.036294 0.006929 0.033333 0.238797 0.032767 0.004261 0.000854 0.003721 0.020167 0.003770 0.000786 0.000704 0.003162 0.020987 0.136808 1.284136 0.137052 0.030121 0.025160 0.241572 2.405348 0.277755 0.323850 3.126290 0.326028 
0.282326 2.777395 0.254911 0.034700 0.115501 0.291227 0.078614 0.253730 0.038594 0.003785 0.000516 0.002756 0.027636 0.243806 2.434048 0.231493 0.018800 0.007941 0.030000 0.006306 0.002210 0.004004 0.039833 0.274794 0.040829 0.008771 0.005694 0.004890 0.004328 0.026331 0.163804 0.026177 0.004052 0.004062 0.036156 0.232852 0.040471 0.045161 0.278697 0.046343 
0.054550 0.256530 0.039243 0.025255 0.280836 3.039221 0.273875 0.042529 0.024930 0.004129 0.000463 0.000487 0.004700 0.041058 0.275250 0.040201 0.005491 0.009432 0.004889 0.004389 0.019729 0.023591 0.275143 3.096362 0.283146 0.075960 0.063129 0.049272 0.011986 0.038184 0.245000 0.036646 0.003628 0.000682 0.003654 0.018938 0.004062 0.004356 0.022071 0.013952 
0.069623 0.025473 0.004370 0.004445 0.041515 0.277004 0.043867 0.044743 0.275492 0.039841 0.003719 0.000552 0.003796 0.038864 0.263365 0.039939 0.014403 0.078244 0.012998 0.037351 0.242048 0.039798 0.043970 0.283404 0.115221 0.472431 0.548392 0.440815 0.068280 0.230700 2.239227 0.216049 0.016948 0.001440 0.003047 0.014757 0.003066 0.001396 0.010298 0.084210 
0.033550 0.005160 0.000829 0.002067 0.013608 0.033661 0.025682 0.275662 3.095972 0.273957 0.020497 0.002419 0.017389 0.221613 2.262013 0.225669 0.050676 0.115881 0.033279 0.245786 2.579236 0.239369 0.023911 0.041773 0.136233 0.082591 0.086532 0.054476 0.015149 0.049961 0.221512 0.033832 0.003465 0.002993 0.026932 0.160415 0.026783 0.002924 0.001879 0.009740 
0.003816 0.000791 0.000931 0.008995 0.083582 0.084500 0.013594 0.041271 0.279434 0.068019 0.008327 0.000999 0.003356 0.034357 0.224937 0.072782 0.268644 0.068585 0.012613 0.037744 0.246638 0.037172 0.013003 0.115985 1.148760 0.177932 0.292829 0.063438 0.037635 0.191714 0.046495 0.006190 0.001530 0.013953 0.162720 1.456018 0.160484 0.013769 0.001130 0.000951 
0.000381 0.000306 0.001160 0.001826 0.009872 0.011400 0.011638 0.007811 0.048959 0.301895 0.032043 0.002980 0.000657 0.004526 0.036814 0.264727 2.863729 0.510636 0.057854 0.011213 0.038861 0.006374 0.002867 0.023087 0.171467 0.544543 3.058398 0.487053 0.242439 1.915015 0.188756 0.015395 0.001514 0.006275 0.064165 0.468018 0.062643 0.005922 0.000451 0.000095 
0.000376 0.002885 0.014583 0.003113 0.002141 0.011111 0.089493 0.011491 0.009388 0.049856 0.045178 0.006326 0.000662 0.000638 0.006279 0.061189 0.535599 2.856954 0.263848 0.040770 0.182962 0.017908 0.003988 0.021556 0.267399 2.795563 0.720951 2.211190 0.283612 0.408440 0.061443 0.007275 0.002055 0.017697 0.183568 1.466642 0.161548 0.013831 0.000955 0.000062 
0.003108 0.028819 0.176788 0.028734 0.003833 0.009896 0.082233 0.009967 0.004868 0.034165 0.320747 0.029694 0.002330 0.000473 0.004374 0.046781 0.330868 0.300965 0.043163 0.020034 0.314609 0.019242 0.018413 0.007189 0.039296 0.260369 0.089574 0.227267 0.224717 1.910668 0.191564 0.035662 0.008597 0.043131 0.302709 0.200764 0.030528 0.003006 0.000226 0.000019 
0.015856 0.179051 1.675124 0.176702 0.015064 0.003419 0.009475 0.004110 0.010184 0.006542 0.030135 0.004574 0.000514 0.001286 0.020146 0.274174 3.082217 0.289739 0.023767 0.007986 0.244359 0.041462 0.194095 0.034283 0.008211 0.020211 0.008452 0.023220 0.053355 0.195726 0.069990 0.280768 0.060309 0.279684 3.110781 0.285979 0.022754 0.001558 0.000108 0.000073 
0.006512 0.063351 0.451719 0.063288 0.008408 0.012193 0.007431 0.022324 0.091501 0.010908 0.004492 0.000776 0.000103 0.000269 0.003672 0.039690 0.273866 0.040752 0.004789 0.009105 0.173489 0.268649 1.412334 0.195899 0.035675 0.006180 0.004720 0.041525 0.280769 0.075097 0.283189 3.119622 0.277074 0.060032 0.277125 0.040717 0.003882 0.000309 0.000199 0.000895 
0.016216 0.179252 1.676941 0.179122 0.036862 0.127602 0.061540 0.145529 0.109189 0.015921 0.021516 0.003818 0.000470 0.000077 0.000396 0.003686 0.020240 0.005034 0.010283 0.035948 0.319189 0.272344 0.513932 0.097005 0.228224 0.037727 0.023844 0.276737 3.116506 0.277831 0.060500 0.278598 0.040474 0.007396 0.020497 0.003750 0.000420 0.000219 0.001667 0.009723 
0.006914 0.029534 0.177779 0.039888 0.127094 1.047803 0.455465 1.154678 0.145128 0.053571 0.277488 0.040155 0.004941 0.000529 0.000095 0.000458 0.003067 0.015742 0.042856 0.242564 0.589566 0.730503 0.455643 0.408737 1.958545 0.222669 0.022180 0.041250 0.276510 0.040562 0.009515 0.030402 0.005842 0.000908 0.001309 0.000274 0.000118 0.001039 0.010158 0.084143 
0.033732 0.006697 0.015136 0.005670 0.026634 0.157959 0.065285 0.140939 0.062430 0.282468 3.117322 0.276906 0.040336 0.004947 0.000602 0.001698 0.015300 0.094365 0.138748 0.462155 1.748069 1.671340 1.280216 0.901189 0.348806 0.062799 0.007738 0.004376 0.020642 0.006489 0.020324 0.109547 0.019663 0.002161 0.000242 0.000057 0.000386 0.003575 0.019679 0.013582 
0.033112 0.004040 0.001624 0.004038 0.037499 0.237115 0.044228 0.052632 0.241010 0.076062 0.283513 0.080070 0.279360 0.040119 0.004341 0.008719 0.094586 0.769531 0.547668 1.750058 6.296032 3.225081 1.201971 0.446745 0.145584 0.158790 0.028620 0.003543 0.004103 0.018934 0.112729 0.923647 0.109100 0.010059 0.000758 0.000295 0.003418 0.035697 0.234336 0.041075 
0.003833 0.000759 0.001615 0.020441 0.230835 2.100729 0.249237 0.274893 2.443516 0.236608 0.058419 0.280512 3.075577 0.273582 0.021515 0.012138 0.102105 0.320536 1.303113 5.691213 31.621140 8.997530 3.873794 1.787776 1.173188 0.978234 0.147054 0.016043 0.018319 0.095104 0.073459 0.396856 0.053264 0.005129 0.000452 0.001214 0.018304 0.235133 2.429549 0.273500 
0.000372 0.000351 0.003947 0.043234 0.309695 0.261632 0.043516 0.040709 0.234854 0.036003 0.008339 0.040508 0.275710 0.039823 0.003848 0.003605 0.031151 0.149854 0.431593 1.790092 6.113922 3.009443 1.098933 0.323121 0.120788 0.156730 0.030365 0.012384 0.094409 0.734947 0.234688 0.730855 0.092252 0.008958 0.000746 0.000740 0.007010 0.055146 0.237785 0.040564 
0.000103 0.001272 0.020351 0.277134 3.117664 0.416251 0.046388 0.007517 0.018367 0.003455 0.000829 0.003743 0.020264 0.003690 0.000415 0.000588 0.007977 0.036180 0.242461 0.574837 1.609258 1.403133 1.138492 0.272398 0.055482 0.033001 0.021311 0.011997 0.073632 0.399623 0.073947 0.097955 0.035061 0.005321 0.001037 0.004877 0.039181 0.266356 0.057234 0.007848 
0.000087 0.000329 0.004542 0.051784 0.407773 1.160941 0.135323 0.012717 0.002106 0.000312 0.000067 0.000267 0.001259 0.000263 0.000036 0.000087 0.001172 0.009619 0.074250 0.511427 0.416697 0.534529 2.080763 0.633743 0.155126 0.139001 0.151750 0.065613 0.383892 0.968123 0.118487 0.054419 0.236738 0.036171 0.008196 0.039138 0.266555 2.906688 0.270119 0.022741 
0.000881 0.000237 0.000865 0.009819 0.085969 0.505061 0.066822 0.009888 0.001372 0.000153 0.000016 0.000016 0.000068 0.000016 0.000004 0.000029 0.000409 0.005221 0.055415 0.597273 0.172709 0.273908 1.575585 0.248690 0.049846 0.137073 0.051048 0.278363 3.070409 0.376521 0.057341 0.238345 2.432508 0.235077 0.056366 0.264670 0.077722 0.277722 0.127114 0.016296 
0.009488 0.001702 0.001223 0.013725 0.156805 1.401298 0.161069 0.051571 0.008328 0.000929 0.000079 0.000007 0.000007 0.000002 0.000005 0.000075 0.001103 0.014784 0.158014 1.086850 0.169044 0.089030 0.488305 0.085685 0.013295 0.016622 0.010129 0.051328 0.275677 0.049488 0.009590 0.040999 0.278442 0.059595 0.263765 2.865943 0.263144 0.050746 0.094201 0.021879 
0.081357 0.009849 0.002250 0.003168 0.027696 0.165732 0.071671 0.313234 0.039839 0.004019 0.000330 0.000037 0.000065 0.000017 0.000024 0.000186 0.001021 0.003201 0.028897 0.157863 0.043309 0.156655 1.319923 0.278535 0.036624 0.007529 0.025817 0.138523 0.040216 0.006619 0.004539 0.040448 0.277344 0.043752 0.042028 0.260250 0.038685 0.007577 0.020082 0.088264 
0.012885 0.015355 0.015817 0.003859 0.013669 0.079080 0.060953 0.272611 0.032484 0.004123 0.000499 0.000292 0.001159 0.000264 0.000208 0.001606 0.009030 0.001961 0.003487 0.017226 0.017706 0.040280 0.282052 1.161455 0.136065 0.030504 0.187502 1.341995 0.126199 0.011181 0.018762 0.234298 2.430487 0.231802 0.021733 0.021794 0.004310 0.004235 0.020551 0.013915 
0.015942 0.134920 0.163634 0.021675 0.062107 0.554676 0.209577 0.227006 0.030320 0.020922 0.004065 0.003840 0.018042 0.003515 0.001275 0.009741 0.083958 0.009818 0.003493 0.023236 0.124648 0.031074 0.076714 0.462533 0.065911 0.069224 0.741715 0.186071 0.023536 0.002502 0.003609 0.035890 0.235231 0.036116 0.007382 0.021995 0.007365 0.036078 0.234487 0.041104 
0.006346 0.034221 0.019096 0.004040 0.012718 0.081665 0.178371 0.077837 0.045858 0.240117 0.040915 0.040340 0.233640 0.036636 0.004524 0.009991 0.084053 0.010446 0.012453 0.126416 1.047118 0.147146 0.148402 1.034021 0.123870 0.020061 0.063920 0.019905 0.003830 0.001761 0.001041 0.007014 0.037578 0.010644 0.040874 0.277904 0.057916 0.237664 2.430745 0.273494 
0.038999 0.230993 0.035868 0.004289 0.010080 0.107013 0.958051 0.124206 0.248670 2.488762 0.279112 0.277157 2.423476 0.250320 0.021657 0.003139 0.009152 0.002270 0.007096 0.061432 0.466177 0.064235 0.029617 0.122967 0.021916 0.003539 0.008498 0.023119 0.013140 0.018883 0.006421 0.038792 0.260062 0.058363 0.280219 3.120000 0.276795 0.055702 0.235462 0.040210 
0.253130 2.363142 0.223897 0.017511 0.003010 0.017543 0.101737 0.020939 0.038195 0.239319 0.041109 0.043996 0.273298 0.311008 0.043118 0.004118 0.001486 0.004468 0.030321 0.138214 1.142639 0.136928 0.034824 0.016841 0.003302 0.004132 0.040855 0.283171 0.112939 0.212473 0.040328 0.262646 2.816708 0.258273 0.059190 0.277869 0.040287 0.007084 0.018340 0.003835 
0.054205 0.228727 0.034577 0.003348 0.000620 0.002496 0.009066 0.002736 0.003822 0.018587 0.005151 0.024051 0.293725 3.111526 0.272870 0.020315 0.004734 0.036209 0.240261 0.059317 0.139436 0.063772 0.282217 0.060827 0.008787 0.020891 0.275329 3.102421 0.281011 0.038504 0.007614 0.038549 0.257713 0.038488 0.008494 0.020818 0.003832 0.000657 0.001192 0.000281 
0.082673 0.025918 0.004073 0.000642 0.001849 0.008448 0.005562 0.007280 0.002043 0.002638 0.000824 0.004004 0.041083 0.275942 0.039819 0.004838 0.018499 0.238002 2.506381 0.239001 0.051149 0.283373 3.151357 0.545297 0.059938 0.008953 0.040636 0.275812 0.040839 0.006054 0.001108 0.003672 0.019679 0.007328 0.020842 0.005220 0.001908 0.000337 0.000100 0.000024 
0.009577 0.002677 0.000549 0.001722 0.014876 0.082698 0.052573 0.073562 0.016929 0.021779 0.003866 0.000871 0.003799 0.020241 0.003698 0.000664 0.003773 0.039249 0.265444 0.042937 0.021320 0.063078 0.551989 3.148928 0.277394 0.025575 0.011330 0.027513 0.007289 0.012082 0.002016 0.000817 0.005186 0.041331 0.275369 0.043349 0.023826 0.003933 0.000423 0.000102 
0.000885 0.000270 0.000575 0.007056 0.073648 0.594659 0.435659 0.575022 0.108862 0.282400 0.040487 0.004890 0.000775 0.001302 0.000279 0.000249 0.002778 0.026405 0.160010 0.064981 0.135944 0.030604 0.062748 0.281031 0.050949 0.056252 0.072889 0.077607 0.027436 0.115623 0.012173 0.003827 0.024237 0.295172 3.102867 0.311259 0.294605 0.040852 0.003904 0.001177 
0.000070 0.000027 0.000144 0.001680 0.014872 0.082724 0.053749 0.093387 0.289030 3.111032 0.276056 0.038086 0.004651 0.000504 0.000098 0.000823 0.011224 0.123421 1.037447 0.456894 1.143390 0.131208 0.017146 0.027800 0.067242 0.425478 0.627939 0.623273 0.099955 0.055360 0.010451 0.022619 0.047022 0.316489 0.334484 0.317884 3.098857 0.271890 0.021584 0.011081 
0.000042 0.000005 0.000021 0.000225 0.001800 0.008317 0.005210 0.010783 0.041690 0.279355 0.075369 0.237657 0.035699 0.003402 0.000281 0.000373 0.003146 0.022224 0.125739 0.060574 0.134829 0.023227 0.002939 0.003096 0.012634 0.052789 0.072333 0.075470 0.016666 0.010603 0.037992 0.253809 0.310847 3.108271 0.295726 0.063441 0.276327 0.040479 0.012724 0.084880 
0.000002 0.000000 0.000002 0.000022 0.000162 0.000674 0.000412 0.000999 0.004978 0.038327 0.237924 2.430693 0.231409 0.017915 0.001330 0.001689 0.009290 0.003965 0.011643 0.005740 0.012096 0.002491 0.000539 0.002308 0.013917 0.006932 0.006588 0.007151 0.002933 0.018777 0.234118 2.428723 0.270351 0.293275 0.042434 0.007668 0.020463 0.003860 0.002002 0.009810 
0.000000 0.000000 0.000000 0.000002 0.000013 0.000048 0.000029 0.000085 0.000566 0.005156 0.040647 0.277234 0.040184 0.003878 0.001171 0.009737 0.084068 0.009810 0.001763 0.000516 0.000925 0.000287 0.001142 0.013051 0.126745 0.013268 0.001580 0.000662 0.000438 0.003888 0.040326 0.276985 0.044015 0.025251 0.004313 0.000730 0.001357 0.000302 0.000226 0.000969 
