129.728119 130.582932 130.867065 130.686127 130.082458 130.615005 130.833099 130.874512 131.046234 131.155975 131.204559 131.221252 131.222351 131.210983 131.174179 131.059525 130.730713 130.030441 130.350845 129.969727 128.653259 125.742722 129.734482 130.813278 131.111755 131.189117 131.191208 131.142670 131.030228 130.883698 130.967407 130.980835 130.803345 129.937805 126.400696 129.964294 130.874359 131.124756 131.196259 131.214859 
126.393234 130.078888 130.724457 130.203735 127.048630 129.907410 130.346344 130.148849 130.795258 131.084534 131.183777 131.211624 131.211365 131.194305 131.149353 130.982498 130.270309 127.026604 129.595947 128.822083 125.999969 128.294159 130.177795 130.897552 131.127594 131.186264 131.167175 131.052032 130.724960 130.073120 130.595001 130.751083 130.778946 130.473907 129.943848 130.525970 130.938416 131.119659 131.182678 131.197571 
130.003174 130.711533 130.905975 130.657410 129.816635 129.434235 129.032227 126.790848 130.175797 130.953156 131.147568 131.189041 131.175659 131.135941 131.102890 131.032944 130.752609 129.985519 129.486679 125.752884 128.149353 126.418449 130.044189 130.914093 131.135513 131.178375 131.124954 130.869766 129.903152 126.175827 129.533432 129.851181 130.334900 129.980988 130.249359 130.088943 130.743362 131.040390 131.128479 131.130859 
130.876892 130.994720 130.986786 130.750931 129.791595 126.017319 125.933174 129.156143 130.419861 130.938644 131.117905 131.143097 131.066086 130.905350 130.873428 130.958893 130.925766 130.619141 129.735168 126.025452 129.350250 129.862091 130.705902 131.048798 131.155762 131.171021 131.100891 130.795715 129.649597 125.430756 128.711472 126.507454 129.245865 126.801361 129.360428 126.950127 130.094681 130.847382 130.982117 130.892578 
131.041351 131.005920 130.884674 130.769333 130.205643 128.860550 129.325195 130.060211 130.066071 130.773743 131.047119 131.045624 130.759872 130.001282 129.929428 130.546707 130.861267 130.814804 130.340759 129.228577 130.262726 130.713852 130.995956 131.110611 131.134796 131.141174 131.088654 130.837646 129.859467 126.075531 129.222595 129.058136 130.066681 129.986618 130.356186 129.894073 129.960358 130.632324 130.641571 129.999069 
130.920105 130.723526 130.197937 130.467697 129.705948 125.987503 129.304260 129.759232 127.085938 130.282074 130.939606 130.918320 130.142670 126.379402 126.147156 129.302856 130.540619 130.744415 130.111450 126.983940 130.157013 130.875076 131.057755 131.055695 130.964172 131.013290 131.031555 130.950638 130.610779 129.844955 129.733948 126.854195 130.052521 130.667053 130.736023 130.102280 127.121986 130.086441 129.974365 126.428413 
130.474960 129.926437 127.008041 129.933228 129.646225 125.975639 128.968079 130.157440 130.119705 130.759598 131.022537 131.022018 130.714401 129.831757 129.162109 126.797623 130.109543 130.701431 130.526718 130.137421 130.731293 130.977188 131.010162 130.792694 130.204880 130.549042 130.736374 130.852295 130.758957 130.671463 130.543396 130.036224 130.675339 130.956573 130.995453 130.791962 130.287415 130.726028 130.665665 130.005844 
129.325928 129.345016 129.716797 130.467896 130.355194 129.175613 126.705269 130.008347 130.639465 130.829773 131.016846 131.079926 131.002502 130.761322 130.461136 129.977692 130.545410 130.545059 129.989304 130.500458 130.822678 130.865646 130.840622 130.170059 126.817276 129.111115 129.690033 130.331268 130.115906 130.609283 130.592133 130.098312 130.733170 131.028015 131.100708 131.051605 130.949158 131.025101 131.017654 130.899918 
125.016335 125.300850 129.547394 130.602371 130.681778 130.277771 129.863632 130.511749 130.618149 130.234192 130.773773 131.020660 131.069397 130.968399 130.668320 130.036713 130.412827 129.806976 126.334167 129.842056 130.512634 130.212097 130.665421 130.475967 129.180237 125.893478 126.038574 129.178223 126.921501 130.026138 130.057800 127.160210 130.303268 130.978592 131.104248 131.060425 130.959839 131.059784 131.119888 131.122620 
128.562103 125.949142 129.792252 130.669495 130.579407 129.813507 129.702301 130.364975 130.070236 127.066895 130.062317 130.804382 131.010986 130.933502 130.272583 127.115173 129.907669 129.585266 126.221771 129.728104 129.983307 127.120209 130.193756 130.637436 130.153259 128.970215 129.381348 130.037201 129.951447 130.525772 130.514526 130.199112 130.806564 131.054596 131.059631 130.836334 130.314880 130.843567 131.087555 131.160492 
130.323639 129.968384 130.628235 130.771454 130.072144 126.354736 126.244423 129.742462 130.313141 129.749588 129.673508 130.412857 130.865570 130.983551 130.788284 130.179688 130.332382 129.689545 129.559616 130.385040 130.511642 130.036743 130.637329 130.741516 130.043915 126.726540 129.429077 129.665741 130.208252 130.442200 130.088196 130.609314 130.962189 131.074326 130.952286 130.252304 127.104355 130.265808 130.981171 131.146149 
130.939270 130.887299 130.980453 130.951065 130.668335 129.849380 129.539215 129.590668 130.171844 129.499908 125.899315 128.953522 130.444763 130.930634 130.980133 130.745117 130.065857 126.737274 129.184891 130.340561 130.449417 129.904984 130.591919 130.833298 130.593216 129.695938 128.970825 126.405624 129.082764 129.640381 126.898590 130.156326 130.907364 131.061371 130.955414 130.497864 129.501160 130.538071 131.005188 131.148041 
131.117905 131.086639 131.033890 130.914429 130.866333 130.554352 129.681625 126.202934 129.532928 129.323425 125.207275 125.303474 129.727386 130.810959 131.034714 130.946594 130.523682 129.261246 126.728821 129.869553 129.746078 126.352432 129.931992 130.743347 130.741745 129.960022 126.627373 128.555771 126.535629 129.513535 129.253830 130.433929 130.908218 131.020264 130.847717 130.067917 127.011169 130.231720 130.973022 131.147171 
131.132492 131.060715 130.820633 130.276596 130.719254 130.698212 129.873260 126.292480 129.632385 129.908035 128.788025 125.985077 129.868942 130.851212 131.069077 131.005951 130.648727 129.807404 129.836746 130.415054 129.862183 126.383064 129.895248 130.655243 130.856628 130.676071 130.076508 130.246841 129.878250 129.791290 126.909317 130.097580 130.731400 130.907974 130.707855 129.993423 129.992096 130.752579 131.074707 131.173462 
131.047546 130.913773 130.227325 127.073578 130.185135 130.760620 130.579041 129.909332 130.158493 129.703873 130.025940 129.871979 130.663467 131.022186 131.108917 130.980087 130.291214 127.133072 130.094086 130.740906 130.644745 130.034286 130.405258 130.169815 130.728607 130.889374 130.848328 130.849396 130.705872 130.487640 130.058395 130.442947 130.181183 130.632019 130.212952 127.161926 130.165161 130.916046 131.133652 131.194733 
130.785416 130.788589 130.441742 129.466034 130.458252 130.797333 130.691696 130.424988 129.615677 126.202957 129.749313 130.569794 130.948380 131.112564 131.154327 131.092422 130.848480 130.308044 130.787155 130.994614 130.968323 130.727249 130.154755 127.136139 130.163300 130.733505 130.939529 130.959763 130.735474 130.163559 130.456528 130.129700 127.183090 130.231918 130.666916 130.297073 130.829056 131.085846 131.179886 131.208252 
129.778168 130.276733 129.977997 126.979523 130.104691 130.556412 130.069412 130.148651 129.011185 126.029068 129.753265 130.613129 130.973740 131.121368 131.168106 131.149689 131.063995 130.936768 131.012817 131.084045 131.065475 130.914108 130.571564 130.030579 130.290222 130.114532 130.727997 130.859344 130.288681 127.210297 130.191818 130.616272 130.248642 130.793854 130.989090 130.985733 131.098129 131.170578 131.198547 131.203522 
125.874481 128.983948 130.144577 130.059952 130.563461 130.135727 126.961800 129.300140 126.592384 129.120468 130.182693 130.130569 130.779816 131.041534 131.134354 131.131256 131.037231 130.869141 130.875320 131.012314 131.013947 130.761795 130.093292 130.141479 129.296448 126.861534 130.162247 130.840576 130.791000 130.305283 130.766388 130.874924 130.777008 130.977798 131.102890 131.146210 131.179474 131.191238 131.177643 131.149384 
128.553314 125.936310 129.760880 130.617645 130.846649 130.651154 130.000397 130.313873 129.928146 130.198547 129.993652 127.128166 130.222351 130.809860 131.028381 131.030457 130.756714 130.023026 130.012970 130.707062 130.849976 130.245026 127.018524 129.344986 126.702583 129.350189 130.452469 130.898483 130.996750 130.922226 130.920380 130.745300 130.251007 130.811890 131.078659 131.168152 131.188431 131.162613 131.074463 130.923416 
129.437439 126.250931 129.918640 130.785309 130.913071 130.659180 130.042191 130.509613 130.456406 130.045135 130.421585 130.125778 130.503967 130.245560 130.796509 130.866501 130.147018 126.457970 126.434677 130.082260 130.798050 130.719315 130.151978 130.407196 130.008423 130.282639 130.109619 130.748093 130.980774 130.949509 130.727585 130.127014 127.049408 130.241806 130.972046 131.146698 131.164276 131.074615 130.767593 130.031433 
130.549927 130.084259 130.710495 130.949799 130.829071 130.080826 127.035751 130.030609 130.059921 127.145042 130.181702 130.623062 130.217575 127.242523 130.321991 130.883469 130.715408 129.974518 129.890808 130.491318 130.819473 130.831604 130.679489 130.759567 130.621918 130.093765 127.102325 130.200226 130.807968 130.695328 130.076431 130.161346 129.395050 130.498367 130.986084 131.134521 131.128418 130.937576 130.118713 126.421883 
130.998993 130.930984 131.024200 131.002594 130.702454 129.898926 129.781799 130.534256 130.672928 130.283600 130.802719 130.958374 130.825302 130.351624 130.861755 131.049377 130.999634 130.758820 130.449997 129.947296 130.470978 130.442139 130.058701 130.545212 130.615112 130.489044 129.918396 130.438522 130.650665 130.057327 126.813911 129.278992 126.843338 130.156723 130.927490 131.108978 131.099411 130.936890 130.509781 129.797729 
131.125275 131.113922 131.103394 130.949112 130.200912 126.831207 129.266357 130.496857 130.887115 130.946777 131.073837 131.124985 131.097427 131.021957 131.107758 131.144821 131.085251 130.825485 129.909714 126.257019 129.416138 129.100937 126.631256 129.610580 129.782303 130.099701 129.476349 129.672531 130.335358 130.130402 129.233994 130.078735 129.987030 130.582275 130.949951 131.064621 130.997726 130.707962 129.990692 130.095856 
131.079834 131.094208 131.107208 131.016724 130.617920 129.381042 126.716278 130.083450 130.857254 131.065979 131.153290 131.186783 131.188614 131.178146 131.190659 131.186005 131.122162 130.872162 129.924683 126.138802 128.842468 126.402817 128.815460 128.810028 126.412674 128.781754 125.320587 125.868271 129.405899 129.076096 126.620338 129.911179 130.389282 130.159561 130.754074 130.919022 130.726074 130.037277 126.600754 128.623596 
130.762192 130.841690 131.001678 131.031036 130.855682 130.307922 129.348907 130.367493 130.768738 131.026093 131.149582 131.198334 131.213242 131.215271 131.215195 131.203201 131.157043 131.016998 130.621017 129.701050 129.475754 129.499847 129.437042 126.411713 128.941895 129.257889 125.846039 128.754791 129.333862 126.595558 129.301056 130.377106 130.106186 127.141762 130.194305 130.609070 130.110825 130.142349 128.757065 124.878067 
129.584946 129.859283 130.640396 130.911987 130.839493 130.119095 126.900330 129.839905 130.054916 130.773972 131.077545 131.180847 131.212357 131.219437 131.216492 131.199631 131.154968 131.056671 130.829102 130.043884 126.964508 129.828217 130.062363 129.121429 129.912430 130.208496 129.691376 129.890518 129.450760 129.667328 130.428864 130.776825 130.657913 130.091202 130.558594 130.180283 127.114777 129.865082 129.330338 125.143448 
125.417816 126.105576 129.808289 130.603180 130.818192 130.591202 129.840897 129.740540 126.894249 130.176712 130.944260 131.143478 131.196106 131.205429 131.198669 131.163101 131.072281 130.929749 130.924713 130.719742 130.173615 130.470459 129.932037 126.621513 129.200699 130.281830 130.279831 129.451874 125.975098 129.614014 130.642105 130.887390 130.705841 130.123322 130.653702 130.701874 130.238235 130.617844 130.421555 129.591782 
129.428955 129.447006 129.535614 129.832703 130.550812 130.525360 129.836731 129.927353 129.141464 130.351822 130.898682 131.099609 131.156616 131.156250 131.147278 131.060944 130.771103 130.160812 130.707397 130.886887 130.792007 130.688171 130.428848 129.274872 126.639656 129.868362 130.121017 128.727585 125.257668 129.503769 130.660599 130.850555 130.281952 127.212082 130.272537 130.855927 130.876923 130.929077 130.806061 130.505966 
130.450043 129.775482 126.257751 126.332977 129.899353 129.953247 126.751648 128.838013 125.947800 129.735703 130.643463 130.974487 131.042969 130.983521 131.026321 130.873489 130.024963 126.466248 129.987015 130.753296 130.688263 130.159531 130.492126 130.184052 129.290512 130.181305 129.773956 125.954590 125.400574 129.633728 130.698822 130.937469 130.789673 130.281921 130.783371 130.946365 130.893021 130.909714 130.659653 129.918686 
130.852386 130.544769 129.772064 129.863419 130.561676 130.526520 129.657043 128.781708 125.900764 129.532104 129.989807 130.680939 130.738892 130.292480 130.755219 130.784683 129.996811 126.454697 129.966599 130.656296 130.146515 126.998619 129.971893 129.948013 126.957359 130.057251 130.433975 129.753006 129.591156 130.296341 130.679214 130.918823 130.922455 130.772827 130.887421 130.775864 130.274048 130.619568 130.055466 126.423607 
130.930511 130.641571 130.014404 130.529236 130.847687 130.766495 129.971298 126.694824 129.081055 129.699738 127.052834 130.107025 130.120865 127.140015 130.125885 130.770142 130.684479 130.130676 130.680298 130.804535 130.450470 129.441711 130.369385 130.560028 130.184143 130.717285 130.831894 130.592987 130.209351 129.735260 129.886368 130.613586 130.691849 130.236877 130.643433 130.238052 127.225128 130.224487 130.577011 129.982010 
130.794189 130.098160 127.105194 130.228333 130.893829 130.947433 130.686386 130.121033 130.484970 130.606155 130.238281 130.716278 130.663101 130.002029 130.012039 130.718567 130.932510 130.884964 130.904694 130.720581 130.116486 126.997284 130.077942 130.626068 130.771378 130.941895 130.917786 130.519333 129.228912 126.080559 126.297409 129.932907 130.098770 127.195709 130.236023 130.665924 130.299042 130.812134 130.961624 130.882751 
130.626358 129.979858 129.997940 130.727371 130.988190 130.967499 130.801010 130.783783 130.895828 130.965088 130.936478 131.001236 130.870285 130.163193 127.188385 130.307831 130.942001 130.993805 130.787109 130.208069 130.455902 130.075745 130.413971 130.090973 130.568344 130.876389 130.853699 130.158173 126.805428 129.125290 129.746765 130.578384 130.703766 130.292938 130.793915 130.952240 130.951477 131.065491 131.122437 131.122803 
130.101593 127.130684 130.142807 130.857773 130.955582 130.690857 130.050140 130.572693 130.789185 130.975479 131.047806 131.094910 131.051315 130.827209 130.339218 130.855438 131.049484 130.961838 130.302795 127.177551 130.139664 130.527100 130.058563 126.871887 129.435837 130.549255 130.832764 130.681061 130.085052 130.397125 130.536484 130.847839 130.968811 130.926880 130.966553 130.930099 131.020309 131.094559 131.152100 131.176147 
130.681549 130.262772 130.786484 130.982452 130.823425 129.892838 126.185333 129.576080 129.977127 130.670486 130.873932 131.046280 131.108215 131.081970 131.010452 131.098526 131.130997 131.049469 130.749329 130.108612 130.594543 130.667801 130.484299 129.398132 126.793152 129.921814 130.582977 130.734772 130.563248 130.461395 130.003052 130.668442 130.956390 130.969986 130.771271 130.277298 130.749420 130.906815 131.076340 131.154144 
130.767715 130.851318 131.017838 131.044220 130.783417 129.662354 125.476700 128.839127 126.802048 129.924637 130.134918 130.795135 131.042236 131.127823 131.150299 131.170227 131.152832 131.047974 130.735199 130.058441 130.406372 130.129990 130.575714 130.420410 129.770386 129.600067 129.767792 130.286560 129.864532 129.607559 126.317734 129.932266 130.757538 130.786942 130.106140 127.081223 129.992279 130.164719 130.828842 131.074356 
129.999466 130.723480 131.029694 131.076843 130.858505 129.908203 126.192642 129.559982 129.837173 129.934082 127.134720 130.231308 130.818192 131.057983 131.150833 131.170105 131.124374 130.944244 130.260590 127.046494 129.477417 127.050613 130.181442 130.595337 129.857178 126.249542 126.186569 129.217026 126.744812 129.108109 126.221832 129.840820 130.566803 130.574707 129.926392 129.823975 129.927948 127.168694 130.329575 130.973297 
126.473366 130.169922 130.960510 131.112305 131.043915 130.735199 130.093384 130.614502 130.751770 130.698257 130.210342 130.524384 130.253372 130.841431 131.083923 131.125687 131.045776 130.863342 130.711670 130.201401 130.513809 130.232971 130.769211 130.867935 130.545349 129.724670 129.768311 130.329681 130.055634 130.358643 129.940964 130.347534 129.992798 129.930389 127.046585 130.037811 130.575180 130.285538 130.856155 131.082993 
130.026657 130.768814 131.076309 131.163605 131.152847 131.070984 130.951660 131.030121 131.060043 131.011719 130.796753 130.231537 127.212997 130.320740 130.966736 131.020569 130.755936 130.137909 130.658295 130.831650 130.955017 130.948151 131.025909 130.955597 130.594940 129.849609 130.418259 130.786591 130.847672 130.886292 130.705551 130.153687 127.081421 129.959808 130.103836 130.734589 130.961945 130.978470 131.100952 131.166824 
130.848770 131.033447 131.148926 131.193069 131.195267 131.172028 131.143738 131.154846 131.156326 131.122131 131.010208 130.739563 130.159714 130.756119 130.997971 130.878723 130.029175 126.467682 130.001099 130.846085 131.063416 131.104385 131.084167 130.871445 129.974091 126.380066 129.922974 130.810791 131.022583 131.057281 130.968048 130.699677 130.094437 130.624298 130.811920 131.009369 131.107956 131.140991 131.179306 131.201752 
