0.107806 0.422868 1.639439 4.969030 1.849139 1.198771 1.768534 0.796211 0.238184 0.055469 0.011100 0.004527 0.016903 0.089229 0.414725 1.624564 5.121210 1.866864 1.427884 2.921056 2.497473 0.686580 0.164912 0.034229 0.006516 0.002439 0.005585 0.016041 0.033000 0.040113 0.072249 0.183595 0.566481 1.960681 0.433540 0.094319 0.023306 0.017547 0.045217 0.119891 
0.149421 0.645408 3.155037 15.197501 3.708906 3.272770 7.665127 2.638619 0.665426 0.139175 0.025647 0.007631 0.022236 0.121478 0.639294 3.235704 17.171795 3.622424 2.935329 10.452295 4.089492 1.143734 0.264310 0.053432 0.010573 0.006024 0.018390 0.059835 0.139678 0.149142 0.241996 0.487525 0.999409 0.856453 0.339045 0.115924 0.045492 0.046718 0.119182 0.423326 
0.101454 0.333514 1.174504 3.348809 2.640067 7.956668 38.181709 7.468331 1.482364 0.277021 0.048462 0.012050 0.020294 0.077472 0.312339 1.149190 3.516801 1.634391 1.926842 4.182085 9.304943 2.026724 0.408444 0.080007 0.018173 0.015476 0.056874 0.218524 0.644331 0.577394 0.939926 1.847061 4.502175 1.920484 0.890993 0.345458 0.159939 0.164587 0.265532 0.251373 
0.168813 0.311616 0.466925 0.967840 1.525596 3.570579 7.905770 3.486216 1.058871 0.257979 0.056099 0.023056 0.044863 0.101489 0.216533 0.400442 1.049503 1.237500 2.746785 2.187294 2.595703 0.781229 0.217330 0.080852 0.035316 0.032763 0.119792 0.585484 2.823441 1.874681 3.242224 5.577511 22.176956 5.398500 3.039174 1.112052 0.586265 0.725050 1.293176 0.792156 
0.678746 1.213193 0.741707 0.953066 2.258941 2.177026 3.438236 5.407084 1.840296 0.464959 0.107951 0.066882 0.174297 0.376103 0.653906 0.464238 0.809032 1.524014 4.380555 1.852277 1.073151 0.336136 0.230261 0.269601 0.155066 0.076998 0.084536 0.263714 0.882958 1.197847 2.922312 2.412326 4.646242 2.057429 1.790197 3.046007 1.926520 2.843996 6.499695 3.027381 
2.588015 6.078019 2.413534 2.357461 9.128755 4.172304 6.165917 23.838127 4.684266 0.932274 0.198728 0.164666 0.608697 1.475130 2.899281 1.316183 1.216879 2.238870 8.670682 2.610945 1.378876 0.637825 0.904666 1.422429 0.713824 0.299472 0.162299 0.191160 0.478517 1.566957 6.526103 1.797429 1.236760 1.029587 2.897576 13.257799 5.655913 8.710712 31.768112 8.753317 
7.103610 30.254564 6.076474 2.263222 4.061256 7.093804 4.009397 5.391323 2.003002 0.572868 0.164831 0.191930 0.926515 3.281429 12.623955 4.160099 2.566558 3.561637 13.067986 3.780835 2.329132 1.581478 2.847284 6.000885 2.830681 1.224859 0.515127 0.329614 0.376495 0.986896 2.560111 0.979994 0.440947 0.399897 1.046394 2.846302 1.883388 2.837800 6.505919 3.050637 
2.689540 6.081457 2.303949 1.798969 6.339219 29.879986 6.377041 2.675032 2.044343 0.810220 0.252343 0.176366 0.673261 2.050833 5.448808 4.638765 4.718561 5.827723 18.205534 6.202562 4.799396 3.811305 7.902383 25.668447 6.879209 2.949599 1.274397 0.851552 0.705106 1.650556 4.322449 1.487648 0.418697 0.183564 0.308408 0.632147 0.509261 0.719877 1.315248 0.870997 
1.017642 1.230722 0.647880 0.719707 2.220979 6.203218 2.811632 3.288498 7.664392 2.653376 0.699333 0.275685 0.702014 2.057472 5.099232 5.994299 7.036952 8.690940 18.299047 8.598800 8.407440 6.206783 7.937831 19.885006 8.312745 8.145645 3.422690 2.681211 1.602589 4.081588 17.175159 3.465767 0.705714 0.182450 0.181391 0.320753 0.206952 0.193709 0.321119 0.559413 
0.323981 0.261435 0.164051 0.239284 0.700161 1.633858 2.028686 7.681545 37.191879 7.576540 1.625761 0.574337 1.197285 3.120474 12.315492 13.501115 13.712405 15.046507 21.480820 18.415367 26.322744 11.340458 9.941244 17.466492 9.035719 6.355995 4.276207 2.479173 1.508957 2.133554 3.828923 1.331281 0.365601 0.185345 0.411884 1.029014 0.399618 0.138052 0.092039 0.123408 
0.068634 0.058744 0.058140 0.138622 0.569008 1.024230 0.909023 2.766580 7.856870 3.673654 1.296819 0.722831 1.410635 2.627387 7.310262 10.495212 17.914545 22.579973 26.357128 25.251129 30.276407 15.445409 13.115400 16.434175 17.063208 8.199358 7.572970 4.201556 2.681458 3.578001 1.843100 0.628261 0.219506 0.302710 1.160547 4.938507 1.098341 0.246708 0.062499 0.033655 
0.026552 0.042387 0.069672 0.073734 0.146703 0.243838 0.409127 0.939251 2.459393 5.132586 2.265743 1.488678 2.231726 3.270049 7.186819 12.639212 36.555668 31.401623 31.597799 30.977882 32.902180 20.098789 17.893961 19.743294 19.803736 15.937020 23.669996 10.737267 7.110571 13.146338 3.221570 0.796057 0.268281 0.413537 1.267819 3.674563 1.042514 0.253359 0.056101 0.015851 
0.059540 0.147453 0.298061 0.156238 0.095651 0.179436 0.705901 0.550836 0.973944 2.571836 3.018827 2.558290 3.447144 4.611944 8.106068 12.297812 22.206038 42.684429 38.123249 37.143826 37.056091 25.102724 23.388483 25.184927 26.583477 32.588055 26.065739 28.738808 9.020276 7.124220 2.494767 0.948610 0.508552 0.966197 2.562724 5.531503 1.274979 0.281911 0.057279 0.012667 
0.184211 0.556340 1.465763 0.549418 0.175422 0.141055 0.425521 0.721587 1.376719 2.662010 7.942857 6.066190 6.161054 7.132900 10.128336 16.103813 22.662804 36.784443 40.991375 42.543221 43.882504 32.603203 30.874647 30.900478 30.201237 28.980307 22.439863 18.244404 11.638228 12.010747 3.465762 2.231919 1.449518 2.938426 7.868005 3.588095 1.020425 0.236243 0.047713 0.010371 
0.410248 1.603179 7.189574 1.558934 0.358096 0.130749 0.153180 0.205500 0.637585 1.445272 3.694300 5.399044 7.697237 9.948819 13.543050 19.654465 44.104130 47.829323 49.197769 48.315376 47.724598 38.962791 37.037220 36.843204 31.921560 27.143532 20.774157 15.495701 10.782372 7.836640 4.879809 6.891087 3.959772 8.245199 36.392464 7.457073 1.498032 0.281393 0.050544 0.012638 
0.390822 1.308259 4.285932 1.300937 0.383228 0.227113 0.228171 0.367680 1.070258 1.759830 3.570080 6.062994 9.185474 12.315160 16.467178 20.513775 31.579954 38.218338 44.515831 49.631348 53.679646 49.036709 49.448769 39.121895 34.540066 28.071964 22.357706 18.209547 16.428591 15.399642 15.059787 27.898840 6.910018 4.251988 7.822836 2.664781 0.672244 0.144382 0.036392 0.025943 
0.418795 1.613058 7.261708 1.617228 0.567377 0.729512 0.690975 1.031150 1.470744 3.332890 6.211518 8.890572 12.236188 15.669908 20.067986 23.674706 30.329412 36.953480 44.404259 51.045460 58.252453 55.172356 52.602024 43.663521 39.895405 37.724014 33.280834 34.136215 40.491856 15.432547 10.759720 9.435073 3.640172 1.943959 1.711678 0.706064 0.206956 0.064758 0.058674 0.106868 
0.224168 0.575307 1.500685 0.683277 0.777179 2.798547 2.058163 4.061753 3.757303 7.372444 11.896520 12.507676 15.257767 18.933222 23.571306 27.709442 33.169548 39.480988 46.568913 53.650169 61.541531 60.820831 57.731247 51.485455 48.872326 34.946896 29.741640 24.670927 21.322582 12.592036 7.994593 4.946540 2.357097 0.985397 0.486568 0.185786 0.074890 0.091258 0.203593 0.495969 
0.227500 0.194225 0.342262 0.305110 0.573063 1.297957 1.442051 2.780717 5.811570 11.246433 36.750717 24.771873 23.623676 25.910557 29.810043 33.831890 39.014999 44.064747 50.345890 57.081886 64.510986 66.134422 59.350441 52.899258 43.655258 36.188412 29.185608 22.542665 17.184191 11.573751 7.303573 4.132872 1.944826 0.787830 0.244790 0.095372 0.108817 0.313352 0.688413 0.506131 
0.184454 0.095524 0.163198 0.417577 1.179085 2.461688 2.299646 3.701208 8.256662 10.043962 20.414135 23.240179 27.854557 31.919165 35.839180 39.408566 43.840046 49.770714 55.152500 62.571407 69.614815 68.339851 60.947483 53.184959 44.946613 37.856678 30.056435 23.242502 17.698725 12.711408 8.675699 5.293096 1.779252 0.854210 0.206511 0.129825 0.324640 1.190605 3.316821 1.595367 
0.051707 0.079111 0.295676 1.112650 3.380625 7.616142 7.930455 10.176465 23.232922 17.502935 19.798006 24.527021 45.719158 49.365028 52.297787 52.809048 53.303848 54.621872 59.494419 66.452065 75.944878 70.778870 63.930237 56.404949 49.387272 41.506462 28.355635 22.720646 16.369205 11.633732 7.640447 4.544592 2.143137 1.023099 0.362576 0.312499 0.808930 3.509347 16.573545 4.497859 
0.037138 0.148407 0.705036 2.807511 7.881054 5.784955 5.297130 7.559931 12.413343 13.401508 15.580832 19.490395 25.511377 29.847343 33.998981 38.044182 42.472157 47.670456 53.480938 60.259010 67.561241 66.559082 59.236443 51.315960 44.089951 36.519741 28.448709 22.431324 16.496275 12.018119 6.837092 5.217581 1.780246 0.879252 0.273784 0.336302 0.917560 2.459906 3.886147 1.776173 
0.050097 0.260619 1.438162 7.070010 28.757330 14.050273 9.151656 8.252783 9.736274 11.249372 13.209002 15.880176 19.653210 23.518778 27.798742 32.453114 37.414562 42.898499 48.778343 54.129501 61.512245 62.564922 55.979576 48.516136 41.580482 34.735142 27.024389 21.462822 15.680528 10.973841 6.510374 4.175295 2.228958 1.072908 0.538219 0.933545 2.606928 7.132308 3.043122 1.124659 
0.032344 0.142998 0.686894 2.738654 7.688350 5.476040 4.183861 4.876730 6.649356 8.454334 10.364387 12.591551 15.400451 18.647854 22.699841 27.293028 32.172787 38.108700 43.416473 49.728310 56.349037 56.752895 54.502144 46.167408 38.799603 33.488525 25.491735 20.928852 19.766054 13.551871 6.846527 5.232499 4.504482 2.397491 1.639958 3.004452 7.763261 33.503090 6.889875 1.635758 
0.030467 0.061436 0.237502 0.840595 2.153274 2.854807 2.164048 2.752354 4.404775 6.136480 7.902708 9.839611 12.264798 15.163750 19.072422 23.343460 28.055449 33.697811 38.609299 46.769138 50.703499 51.353001 48.474995 39.629723 35.074814 30.396181 25.346777 27.099413 39.669487 16.960199 11.589453 11.675161 14.374600 4.286849 3.873537 7.609878 4.785935 7.505603 2.982456 0.883055 
0.097663 0.060698 0.109455 0.356484 1.189149 3.581104 1.895112 2.330499 3.504149 4.597657 5.946028 7.510216 9.615566 12.222707 15.995087 19.777033 24.295412 29.140141 34.052025 42.022663 43.342636 44.545383 41.387131 35.334663 29.969334 24.671333 19.007896 15.956792 14.994136 13.319417 7.086092 5.083102 5.144271 4.840163 9.150035 30.219652 7.035712 2.707350 1.348550 0.501745 
0.428274 0.165585 0.139249 0.181064 0.472434 1.097480 0.806702 1.824557 2.168451 2.891371 4.102840 5.450910 7.376116 9.850149 13.477583 16.646675 20.842869 24.509449 29.368479 31.331808 37.263897 38.975101 38.015564 30.710012 26.682371 23.716181 19.060211 15.449015 9.467743 6.751393 4.515194 4.102427 4.673347 2.319681 3.000403 6.761003 2.529129 0.944662 0.552341 0.670476 
0.313306 0.445839 0.512716 0.281414 0.446730 1.085527 0.843400 1.589467 1.348791 1.911610 2.897652 3.872105 5.689210 8.144480 11.428634 13.732277 17.546700 19.486637 22.520748 25.954994 33.963978 33.000046 31.038103 27.185064 22.152864 21.800018 22.621634 22.232197 7.622719 4.367178 2.902216 4.579535 12.354225 3.086554 1.389035 1.700605 0.860429 0.573550 0.780178 0.550185 
0.586107 1.942175 2.415273 0.771759 1.075817 4.145414 1.916652 1.840546 1.053571 1.862877 2.265214 2.786884 4.814717 7.206601 9.422785 10.659845 13.795794 13.787663 17.427225 20.924700 29.698002 26.969015 26.259514 20.193495 17.594992 18.088537 23.543909 11.287340 5.762648 2.558221 1.335478 1.588634 3.142912 1.439020 1.113207 1.800851 1.081682 1.392786 3.349899 1.603748 
0.712199 1.322834 0.888004 0.377986 0.457745 1.220632 1.844543 1.025975 1.362920 3.893751 2.501560 2.787817 6.219776 7.280898 6.980717 7.052546 8.457785 9.204671 13.107279 16.983021 24.040089 21.538845 25.064699 17.522781 13.036055 11.621631 10.951236 7.417366 3.800557 1.994875 1.015527 1.128399 1.929316 1.481398 2.905277 7.743781 3.247123 3.868329 16.182201 4.454428 
2.032559 4.560848 1.628026 0.477038 0.351824 1.138154 4.613055 1.584303 3.125845 12.365369 4.233876 4.381220 11.983621 7.851583 4.769673 4.013888 4.938447 6.089481 10.240578 14.192292 15.292948 15.560513 19.169268 10.892715 10.395308 8.379645 8.074964 6.252366 3.037744 1.898877 1.175436 2.467211 6.301666 3.564793 8.116776 38.191345 7.649286 2.555810 3.529735 1.605929 
5.374551 21.913288 4.257379 0.849940 0.254317 0.405213 1.029059 0.638701 1.200305 3.041574 1.704946 2.214030 5.576826 10.641037 4.439705 2.395924 2.966045 4.023871 9.367426 10.499892 13.141294 12.068734 19.116598 8.261878 5.976362 5.207603 6.730669 10.561756 4.016835 2.666877 1.948585 6.216787 29.041348 6.376869 3.774808 7.782416 2.722631 0.951548 0.789457 0.435988 
2.133194 4.449628 1.526016 0.393143 0.118249 0.129025 0.237645 0.204975 0.356344 0.722976 0.690939 1.804964 7.382591 29.120321 7.170166 2.047719 1.870024 3.468816 11.334738 8.276505 7.484618 9.629728 22.335421 8.754622 4.800839 3.753374 8.345174 27.841101 6.741417 1.991689 1.027599 2.233303 5.973624 2.374763 1.432091 1.703524 0.772635 0.291740 0.176916 0.101295 
0.873769 0.921069 0.401403 0.130280 0.072128 0.120309 0.164610 0.173462 0.241686 0.409688 0.360309 0.779854 2.645014 6.817244 2.584616 0.949394 1.468589 4.761852 19.962776 8.085186 6.262997 10.029817 29.150206 14.911919 5.468502 2.369365 2.952581 6.722806 2.568387 0.843978 0.386335 0.635028 1.374317 1.265975 1.786294 1.076519 0.588818 0.233210 0.084388 0.034078 
0.190077 0.182862 0.094569 0.062659 0.143178 0.425589 0.556494 0.591656 0.784836 1.496081 0.725192 0.418688 0.718959 1.408713 0.682651 0.348366 0.666663 1.972854 5.751157 3.743970 3.138270 4.463937 13.213140 35.041962 8.344197 2.629719 1.213452 1.593731 0.810943 0.535293 0.241530 0.344998 1.017157 3.031125 7.907573 3.314310 2.106215 0.790165 0.222017 0.062568 
0.037412 0.035144 0.029455 0.073623 0.341824 1.679186 2.262461 2.265626 2.882608 7.614807 2.668001 0.801647 0.328735 0.297809 0.152618 0.099109 0.249918 0.803030 2.732830 2.011613 2.500063 1.815082 4.066571 7.767261 3.179526 2.999925 1.099647 0.888253 0.677018 1.500955 0.463895 0.639473 2.211520 9.136318 39.516083 10.067516 8.960020 2.838899 0.694539 0.180573 
0.007912 0.007115 0.010330 0.035754 0.139649 0.452135 0.754802 1.829091 7.677805 38.376648 7.623143 2.009063 0.553930 0.169012 0.056311 0.044959 0.150732 0.582174 2.050638 1.620991 2.413047 0.925738 1.056434 1.688673 1.247435 1.619365 2.378391 1.962908 0.614697 0.550912 0.566139 1.422780 3.597695 10.484694 11.551744 10.744136 38.984829 7.486869 1.459858 0.382092 
0.010010 0.002484 0.003345 0.011942 0.041526 0.116367 0.247755 0.752403 2.714031 7.832945 3.684852 3.678985 1.220234 0.313630 0.073499 0.034441 0.078938 0.225116 0.568869 0.576204 0.664405 0.307619 0.253055 0.352019 0.384999 0.462619 0.636858 0.518783 0.269482 0.439582 1.398259 4.525761 8.829606 39.300968 9.425241 4.662670 7.966776 2.679723 0.738227 0.556314 
0.001387 0.000546 0.000892 0.003161 0.010297 0.027958 0.070455 0.232585 0.782775 2.072738 3.770323 15.213896 3.081791 0.627459 0.127199 0.054565 0.102731 0.091954 0.145715 0.154013 0.158039 0.085044 0.076582 0.160846 0.399419 0.201474 0.166576 0.139479 0.176306 0.681194 3.266265 15.696090 5.659718 8.352382 3.159765 1.455530 1.618474 0.691840 0.228357 0.143375 
0.000205 0.000115 0.000233 0.000818 0.002574 0.007128 0.020603 0.072829 0.248478 0.711646 1.782194 4.960990 1.623217 0.417900 0.107900 0.107779 0.432635 0.112661 0.053809 0.043086 0.040364 0.031329 0.071678 0.325337 1.563009 0.336466 0.093865 0.053724 0.106397 0.433785 1.682082 5.141334 2.393992 2.132718 0.964478 0.433537 0.360658 0.172175 0.064076 0.038385 
