128.179840 129.020325 129.322083 129.177856 128.616760 129.194092 129.454102 129.539917 129.759033 129.925507 130.044220 130.144363 130.242065 130.340012 130.400772 130.349838 130.086624 129.442947 129.831497 129.478546 128.199020 125.222649 129.168427 130.197083 130.439178 130.462769 130.415482 130.285919 130.089508 129.864532 129.873230 129.824615 129.602814 128.699341 125.123749 128.641739 129.512054 129.734268 129.791168 129.804001 
124.821434 128.532776 129.190414 128.702835 125.592384 128.501831 128.988922 128.836060 129.531967 129.874344 130.040756 130.151031 130.247131 130.339172 130.382629 130.278854 129.629120 126.440430 129.071182 128.322922 125.511139 127.812035 129.620590 130.286819 130.460526 130.466263 130.399323 130.216537 129.811951 129.081665 129.526978 129.616638 129.592316 129.246597 128.672729 129.212677 129.586166 129.739670 129.788132 129.797348 
128.462204 129.167374 129.387024 129.174255 128.385910 128.070953 127.735458 125.527954 128.952820 129.782013 130.040085 130.163071 130.246216 130.315979 130.351913 130.344971 130.128769 129.415405 128.973618 125.263206 127.700958 125.909218 129.493073 130.313736 130.480728 130.472443 130.373795 130.076706 129.038177 125.200684 128.514511 128.760559 129.185486 128.779037 129.004684 128.800430 129.416016 129.684418 129.757339 129.753998 
129.343658 129.469116 129.486481 129.292572 128.395111 124.692841 124.670601 127.958984 129.248016 129.817810 130.061813 130.169266 130.191284 130.120102 130.148239 130.296295 130.326981 130.080109 129.239609 125.546036 128.880966 129.366806 130.175644 130.467331 130.521240 130.487030 130.373413 130.029755 128.835327 124.503464 127.759872 125.475723 128.169739 125.651558 128.175720 125.708687 128.808167 129.530807 129.649490 129.554901 
129.542252 129.516144 129.420288 129.349213 128.847229 127.595085 128.125626 128.895370 128.953201 129.717285 130.056686 130.140656 129.952469 129.248718 129.238647 129.917984 130.294922 130.304443 129.874100 128.775375 129.825577 130.252090 130.491699 130.556183 130.529282 130.487289 130.391937 130.102493 129.078156 125.197273 128.352905 128.111542 129.026367 128.880554 129.196732 128.696808 128.724426 129.366119 129.359436 128.712845 
129.475418 129.290283 128.790817 129.102097 128.397552 124.758308 128.158401 128.651581 126.032272 129.294128 130.026215 130.096085 129.376785 125.662567 125.488205 128.706070 130.013870 130.268967 129.672333 126.555969 129.742111 130.443298 130.587021 130.538116 130.397614 130.398514 130.372040 130.251404 129.873459 129.058777 128.906296 125.906448 129.064941 129.610474 129.624542 128.950943 125.934334 128.871155 128.744431 125.197021 
129.109863 128.570038 125.680107 128.636612 128.402481 124.807457 127.882233 129.116150 129.145645 129.854630 130.194107 130.250549 129.993515 129.160110 128.551956 126.246078 129.618195 130.269547 130.134155 129.761368 130.363251 130.586960 130.583618 130.321350 129.686462 129.982452 130.122360 130.193436 130.058563 129.929871 129.759521 129.189331 129.743637 129.948578 129.929153 129.683197 129.137558 129.553589 129.478790 128.813354 
128.078339 128.101700 128.465103 129.244492 129.174805 128.084534 125.664360 129.041672 129.746643 130.011719 130.245972 130.356232 130.331711 130.148926 129.910477 129.477295 130.111618 130.160782 129.641525 130.179504 130.503250 130.524628 130.467117 129.748657 126.348770 128.598434 129.128799 129.719467 129.456207 129.905380 129.842239 129.296219 129.861832 130.075775 130.084686 129.987030 129.843903 129.889130 129.863464 129.741089 
123.847321 124.130241 128.372879 129.451477 129.574615 129.235947 128.902512 129.629486 129.810410 129.467972 130.052124 130.349258 130.451157 130.407379 130.167343 129.594528 130.030121 129.470886 125.998703 129.562943 130.244400 129.923401 130.351105 130.128464 128.776382 125.433723 125.527573 128.611710 126.302444 129.362686 129.337524 126.360039 129.489838 130.089661 130.147537 130.050598 129.906128 129.969910 130.006958 130.000671 
127.486542 124.857407 128.704803 129.602310 129.556366 128.860580 128.834381 129.562714 129.310852 126.347359 129.390060 130.191162 130.450302 130.428650 129.825806 126.719864 129.574997 129.309845 125.929970 129.511642 129.768295 126.841797 129.936356 130.351364 129.825256 128.578690 128.931198 129.536850 129.382065 129.907364 129.843124 129.466476 130.035309 130.234177 130.171478 129.893738 129.324127 129.812408 130.027634 130.088074 
129.287415 128.941711 129.616486 129.785187 129.139648 125.441284 125.396187 128.981781 129.608139 129.086914 129.068359 129.859039 130.365768 130.539139 130.401459 129.847061 130.070953 129.479568 129.385803 130.249649 130.378052 129.874512 130.451462 130.518692 129.765762 126.376595 129.039474 129.213867 129.694717 129.867828 129.454407 129.924118 130.229904 130.301910 130.138397 129.383255 126.147057 129.300385 129.983475 130.133316 
129.969574 129.930237 130.040924 130.047516 129.825378 129.050644 128.782822 128.885483 129.519104 128.899170 125.341522 128.447174 130.003281 130.547485 130.655151 130.481262 129.862350 126.507797 129.069382 130.269028 130.381073 129.809662 130.471085 130.672302 130.382355 129.415955 128.624237 125.996742 128.612488 129.103287 126.299599 129.509918 130.214035 130.327957 130.189026 129.700134 128.659790 129.646744 130.076355 130.202042 
130.223740 130.204590 130.176697 130.098877 130.087860 129.811646 128.976303 125.535217 128.920135 128.773132 124.697311 124.845749 129.334839 130.485062 130.766388 130.738937 130.377228 129.150787 126.555351 129.808167 129.681763 126.169624 129.849197 130.640320 130.586044 129.733276 126.309479 128.225662 126.107147 129.028275 128.696396 129.830200 130.256622 130.327789 130.121033 129.300491 126.168442 129.412994 130.116913 130.273193 
130.325439 130.267395 130.038055 129.510208 129.984711 130.000702 129.212158 125.665909 129.066284 129.406250 128.332550 125.576668 129.528809 130.576599 130.851151 130.849976 130.557785 129.736404 129.779343 130.381454 129.814682 126.237183 129.838440 130.599136 130.751724 130.505280 129.826767 129.932892 129.494064 129.344818 126.397614 129.538834 130.123413 130.257782 130.021027 129.269867 129.235550 129.982315 130.289703 130.375610 
130.295609 130.166382 129.485413 126.337265 129.488113 130.107315 129.963882 129.330902 129.640091 129.235458 129.614243 129.516037 130.374832 130.789886 130.935120 130.870926 130.224716 126.994888 130.051987 130.721161 130.623413 129.995331 130.373215 130.121796 130.669113 130.763840 130.651382 130.584335 130.375183 130.093872 129.595337 129.929230 129.614304 130.023468 129.557663 126.467766 129.451950 130.185745 130.388458 130.442642 
130.080490 130.089828 129.752472 128.783371 129.815750 130.187302 130.117950 129.894516 129.130951 125.759277 129.372421 130.260803 130.696335 130.917557 131.021851 131.028229 130.814911 130.271179 130.768982 130.984192 130.957916 130.710373 130.121399 127.016602 130.109894 130.652939 130.786789 130.737534 130.445465 129.807632 130.045486 129.654068 126.648964 129.662720 130.061356 129.648056 130.160507 130.396271 130.475800 130.497818 
129.112823 129.621277 129.328354 126.338219 129.494705 129.984451 129.529282 129.654327 128.561081 125.620918 129.414597 130.338791 130.756531 130.964554 131.076874 131.114532 131.046555 130.923096 131.004074 131.077911 131.059402 130.905243 130.554916 129.994965 130.252350 130.047256 130.621048 130.681442 130.033997 126.873810 129.819870 130.191177 129.760162 130.266785 130.423584 130.385880 130.471085 130.522629 130.537643 130.537109 
125.245377 128.356461 129.541580 129.469147 130.002655 129.597076 126.446228 128.831512 126.170723 128.756012 129.888947 129.885162 130.597824 130.924469 131.085144 131.110779 131.025970 130.859711 130.868530 131.007370 131.009277 130.755249 130.080734 130.118134 129.242599 126.711174 130.083786 130.708008 130.588684 130.027420 130.437332 130.490860 130.338120 130.491791 130.576660 130.586288 130.593491 130.586670 130.561996 130.528915 
127.997963 125.340668 129.183868 130.068863 130.318420 130.146652 129.522324 129.891037 129.544617 129.878113 129.725021 126.860321 130.067520 130.729309 130.996552 131.015686 130.745193 130.006165 130.002213 130.701187 130.845306 130.237900 126.997696 129.318512 126.613335 129.293091 130.403564 130.809097 130.837387 130.696579 130.634277 130.399902 129.847687 130.364182 130.591553 130.648865 130.645020 130.602829 130.504700 130.347961 
128.864014 125.671410 129.365036 130.259048 130.406708 130.177979 129.589600 130.110397 130.104355 129.737671 130.177429 129.933243 130.384460 130.173660 130.766617 130.851807 130.129303 126.398697 126.407745 130.073715 130.793304 130.714264 130.143417 130.394180 129.981659 130.252625 130.062561 130.691650 130.859467 130.763062 130.479294 129.812180 126.671455 129.828766 130.522858 130.666885 130.662170 130.557678 130.239029 129.489716 
129.998077 129.527908 130.175766 130.433182 130.331940 129.604782 126.584274 129.634399 129.713440 126.817596 129.940399 130.449875 130.103470 127.071762 130.276855 130.867477 130.704254 129.958008 129.879883 130.484711 130.814850 130.827118 130.673645 130.751312 130.606552 130.058823 126.975876 130.143417 130.717270 130.538681 129.851700 129.886581 129.046890 130.116669 130.568390 130.687271 130.660309 130.454971 129.616089 125.901184 
130.436935 130.372345 130.478378 130.474884 130.196518 129.413132 129.335678 130.140533 130.321457 129.971207 130.552261 130.768738 130.696915 130.273911 130.828888 131.034958 130.991135 130.750931 130.442368 129.938065 130.464539 130.436005 130.050644 130.536346 130.601700 130.466675 129.873749 130.395248 130.578033 129.912003 126.544502 129.004333 126.495705 129.787537 130.524902 130.677795 130.649109 130.474289 130.037354 129.310699 
130.534363 130.527115 130.527115 130.389893 129.662369 126.313858 128.788605 130.076141 130.505920 130.608139 130.787308 130.895859 130.930344 130.920929 131.065094 131.126007 131.075439 130.817764 129.898422 126.229324 129.403275 129.088654 126.609970 129.593628 129.756500 130.069611 129.419846 129.605957 130.257828 129.990906 129.007385 129.804520 129.654037 130.208496 130.538467 130.623749 130.537460 130.234406 129.501602 129.607895 
130.449844 130.467651 130.488754 130.413406 130.037018 128.826416 126.192810 129.603546 130.427078 130.679016 130.814957 130.904358 130.968323 131.024963 131.108582 131.152161 131.106583 130.861557 129.907043 126.077698 128.819366 126.376518 128.795197 128.773422 126.330559 128.719635 125.146080 125.673141 129.296997 128.891006 126.327950 129.608871 130.033508 129.745880 130.308594 130.445160 130.231049 129.517654 126.068710 128.130798 
130.083939 130.167313 130.334000 130.375275 130.220261 129.700180 128.770050 129.839966 130.282715 130.582687 130.752914 130.856110 130.932938 131.002411 131.073502 131.134323 131.128326 131.002213 130.607422 129.677673 129.448395 129.479980 129.409637 126.327042 128.893600 129.196518 125.660088 128.636719 129.179993 126.319725 129.010361 130.028687 129.693268 126.675003 129.696060 130.083282 129.556213 129.570877 128.181030 124.288216 
128.842651 129.121262 129.915985 130.199142 130.143372 129.446426 126.258820 129.239029 129.499695 130.270416 130.621277 130.777435 130.870148 130.944870 131.013458 131.069672 131.097260 131.030487 130.811813 130.017303 126.879494 129.800140 130.035049 129.068039 129.870850 130.160965 129.604065 129.761963 129.237991 129.388184 130.084518 130.371628 130.195587 129.577698 130.003189 129.581177 126.487724 129.223282 128.679398 124.487137 
124.558128 125.251923 129.009995 129.828842 130.061508 129.858948 129.143066 129.081268 126.273087 129.602402 130.426910 130.679947 130.793121 130.870102 130.935150 130.972687 130.953735 130.876266 130.897369 130.698471 130.145279 130.447296 129.889618 126.476700 129.118149 130.206696 130.151947 129.253662 125.665962 129.275253 130.237457 130.420593 130.182053 129.540054 130.032486 130.044189 129.552322 129.917252 129.712357 128.876862 
128.514984 128.542053 128.636002 128.967224 129.719772 129.729218 129.069397 129.206711 128.460541 129.728775 130.324142 130.578094 130.695618 130.762817 130.825455 130.810974 130.589661 130.035660 130.649338 130.852783 130.764969 130.659515 130.387344 129.186615 126.438309 129.728317 129.924515 128.490326 124.905243 129.102509 130.193939 130.320572 129.684967 126.563133 129.584457 130.134583 130.129120 130.164917 130.034210 129.731323 
129.380676 128.720032 125.218803 125.318359 128.938065 129.048279 125.865921 128.042770 125.202652 129.044495 130.012451 130.398270 130.526871 130.534393 130.648438 130.564758 129.779388 126.206879 129.851288 130.671143 130.630493 130.092911 130.420258 130.076294 129.124100 129.973206 129.502014 125.610870 124.994843 129.172836 130.172928 130.347961 130.140015 129.580276 130.038193 130.165451 130.078857 130.057495 129.791534 129.048004 
129.649750 129.358398 128.617844 128.739105 129.470932 129.490051 128.703033 127.898079 125.060768 128.776840 129.291336 130.048981 130.167480 129.780045 130.321838 130.418274 129.690125 126.148849 129.761917 130.505600 130.012009 126.784500 129.822479 129.760864 126.679497 129.780014 130.104126 129.364456 129.140915 129.782593 130.098633 130.274689 130.220032 130.018005 130.086273 129.907974 129.346329 129.653381 129.066559 125.411224 
129.615265 129.343643 128.743408 129.284058 129.635468 129.608521 128.892853 125.693497 128.210220 128.890137 126.276833 129.407608 129.493408 126.572372 129.628128 130.345520 130.318863 129.819199 130.422440 130.591705 130.259964 129.242050 130.162231 130.317932 129.894455 130.378418 130.441406 130.149536 129.709717 129.161774 129.243744 129.917221 129.938721 129.422134 129.748581 129.264221 126.183037 129.143387 129.472076 128.871216 
129.386414 128.704956 125.737617 128.875732 129.576813 129.683365 129.497345 129.021133 129.479065 129.696136 129.423126 129.966187 129.978195 129.381714 129.453537 130.234314 130.507263 130.515579 130.588226 130.447311 129.860901 126.701248 129.807831 130.326157 130.424911 130.544205 130.469238 130.020599 128.662186 125.449249 125.605270 129.187653 129.288193 126.256821 129.243210 129.592758 129.162247 129.628174 129.749222 129.659607 
129.141815 128.506866 128.543259 129.290619 129.584579 129.619110 129.527954 129.590088 129.788696 129.951965 130.031158 130.198242 130.131302 129.488602 126.573112 129.755661 130.458542 130.567291 130.412338 129.869919 130.155289 129.775345 130.097717 129.728455 130.166992 130.424057 130.348434 129.591995 126.184189 128.450348 129.011703 129.784729 129.820053 129.302795 129.711823 129.791733 129.727219 129.794144 129.821457 129.808884 
128.546158 125.556473 128.607452 129.346069 129.483063 129.281296 128.716187 129.315399 129.612869 129.885498 130.058167 130.216995 130.264801 130.103088 129.677719 130.256821 130.512878 130.482910 129.874390 126.781952 129.781601 130.183441 129.684982 126.452484 128.971344 130.043167 130.275604 130.068695 129.419250 129.676987 129.758453 129.991013 129.999146 129.858322 129.813278 129.702179 129.731049 129.757919 129.784210 129.793793 
129.021286 128.606232 129.152908 129.383484 129.293427 128.431885 124.808846 128.263153 128.749435 129.527344 129.823242 130.096771 130.270172 130.315918 130.304703 130.454453 130.548294 130.526398 130.281311 129.683228 130.205276 130.283600 130.077347 128.937531 126.283791 129.368439 129.978073 130.077637 129.854019 129.699066 129.176315 129.737366 129.917191 129.840103 129.566269 128.999115 129.416626 129.525543 129.660080 129.720703 
129.038895 129.125259 129.299789 129.365402 129.185654 128.152771 124.054718 127.503067 125.526184 128.730392 129.032181 129.790070 130.139618 130.327240 130.408371 130.488602 130.532928 130.488922 130.231277 129.592667 129.981812 129.696655 130.127594 129.932739 129.229752 128.999084 129.110565 129.588486 129.105362 128.799942 125.380112 128.937195 129.660202 129.608032 128.859833 125.771973 128.626007 128.747498 129.375885 129.602615 
128.243073 128.946091 129.255386 129.337448 129.191605 128.347061 124.702644 128.138000 128.497025 128.681396 125.980446 129.172195 129.863647 130.210968 130.381790 130.460220 130.476578 130.357758 129.725494 126.543983 129.000824 126.571793 129.693024 130.074478 129.278214 125.606171 125.489670 128.468246 125.907135 128.251938 125.231979 128.779373 129.417374 129.351318 128.636902 128.473862 128.523438 125.716003 128.842636 129.470734 
124.691986 128.364258 129.146683 129.327316 129.314972 129.093597 128.549332 129.139374 129.350983 129.384750 128.994995 129.417389 129.252991 129.953278 130.295502 130.396805 130.379425 130.259216 130.164444 129.691818 130.034500 129.745880 130.261536 130.321503 129.948059 129.062271 129.047806 129.556915 129.212616 129.418869 128.907776 129.230560 128.798431 128.665039 125.716423 128.641953 129.127930 128.796646 129.341568 129.551758 
128.200806 128.918610 129.230621 129.346481 129.385269 129.373184 129.342285 129.510712 129.615799 129.655212 129.541641 129.089264 126.173737 129.403992 130.163666 130.279922 130.076950 129.513367 130.103287 130.321228 130.468552 130.455017 130.504990 130.393768 129.980881 129.163681 129.680634 129.991898 129.946365 129.887268 129.621613 128.992798 125.850807 128.655975 128.730286 129.301407 129.482101 129.464401 129.558701 129.607513 
128.981384 129.158142 129.286346 129.360596 129.409958 129.451340 129.504639 129.613174 129.693100 129.746262 129.734955 129.578140 129.114548 129.827225 130.182251 130.132172 129.340790 125.833656 129.436295 130.333618 130.572723 130.606567 130.557785 130.303452 129.346588 125.681465 129.170944 129.995590 130.091614 130.028168 129.855576 129.515808 128.838501 129.296631 129.417343 129.556839 129.612320 129.612198 129.620605 129.628677 
