129.725540 130.580826 130.865189 130.684265 130.080292 130.613037 130.831146 130.872437 131.044083 131.153732 131.202271 131.218979 131.220139 131.208893 131.172241 131.057739 130.728973 130.028473 130.349106 129.967865 128.650726 125.738564 129.732071 130.811218 131.109772 131.187164 131.189316 131.140839 131.028442 130.881882 130.965668 130.979141 130.801636 129.935745 126.396805 129.961990 130.872437 131.122955 131.194565 131.213272 
126.389099 130.076584 130.722565 130.201752 127.045120 129.905197 130.344254 130.146500 130.793045 131.082336 131.181549 131.209396 131.209198 131.192245 131.147430 130.980713 130.268402 127.023232 129.593872 128.819672 125.996109 128.291229 130.175598 130.895554 131.125641 131.184357 131.165314 131.050232 130.723114 130.070984 130.593140 130.749313 130.777222 130.472046 129.941650 130.523956 130.936523 131.117859 131.181000 131.196045 
130.000824 130.709564 130.904205 130.655655 129.814529 129.431931 129.029678 126.787041 130.173401 130.950974 131.145401 131.186890 131.173584 131.133942 131.101013 131.031189 130.750885 129.983551 129.484573 125.748924 128.146515 126.414604 130.041901 130.912109 131.133606 131.176514 131.123169 130.868011 129.901093 126.171951 129.531174 129.849060 130.333008 129.978912 130.247345 130.086731 130.741394 131.038544 131.126724 131.129181 
130.875031 130.992966 130.985107 130.749268 129.789581 126.013443 125.929153 129.153519 130.417679 130.936554 131.115845 131.141068 131.064102 130.903366 130.871521 130.957108 130.924088 130.617447 129.733154 126.021568 129.347900 129.859833 130.703934 131.046906 131.153900 131.169205 131.099136 130.793991 129.647491 125.426559 128.708923 126.503784 129.243530 126.797791 129.358063 126.946487 130.092438 130.845459 130.980286 130.890717 
131.039658 131.004242 130.883011 130.767715 130.203842 128.858063 129.322845 130.058105 130.063797 130.771667 131.045135 131.043701 130.757935 129.999039 129.927185 130.544769 130.859558 130.813156 130.338959 129.226196 130.260742 130.711975 130.994141 131.108795 131.132980 131.139404 131.086945 130.835938 129.857452 126.071671 129.220276 129.055679 130.064651 129.984497 130.354218 129.891830 129.958069 130.630341 130.639603 129.996780 
130.918488 130.721848 130.196030 130.465988 129.703949 125.983627 129.301941 129.757080 127.082359 130.279861 130.937683 130.916473 130.140625 126.375595 126.143188 129.300400 130.538773 130.742737 130.109543 126.980453 130.154953 130.873276 131.056000 131.053925 130.962357 131.011536 131.029846 130.948975 130.609039 129.842880 129.731842 126.850616 130.050385 130.665161 130.734161 130.100159 127.118393 130.084213 129.972153 126.424461 
130.473236 129.924500 127.004677 129.931290 129.644211 125.971771 128.965607 130.155441 130.117569 130.757675 131.020706 131.020248 130.712585 129.829605 129.159683 126.794022 130.107513 130.699722 130.524933 130.135391 130.729492 130.975479 131.008469 130.790924 130.202835 130.547165 130.734589 130.850616 130.757263 130.669724 130.541580 130.034058 130.673401 130.954712 130.993591 130.790024 130.285217 130.724030 130.663696 130.003571 
129.323700 129.342789 129.714722 130.466202 130.353500 129.173355 126.701721 130.006287 130.637604 130.827927 131.015060 131.078186 131.000793 130.759567 130.459290 129.975616 130.543625 130.543304 129.987259 130.498627 130.820969 130.863953 130.838943 130.168152 126.813766 129.108673 129.687851 130.329391 130.113922 130.607498 130.590302 130.096130 130.731186 131.026093 131.098785 131.049667 130.947159 131.023163 131.015793 130.898071 
125.012039 125.296616 129.545227 130.600723 130.680191 130.276001 129.861603 130.509964 130.616364 130.232147 130.771912 131.018890 131.067688 130.966721 130.666580 130.034698 130.411041 129.804962 126.330414 129.839966 130.510849 130.210159 130.663727 130.474258 129.177979 125.889587 126.034714 129.175888 126.918015 130.024109 130.055756 127.156647 130.301041 130.976593 131.102280 131.058441 130.957779 131.057800 131.118027 131.120895 
128.559570 125.945221 129.790176 130.667877 130.577774 129.811523 129.700226 130.363205 130.068329 127.063461 130.060211 130.802567 131.009262 130.931824 130.270721 127.111801 129.905670 129.583176 126.217972 129.725998 129.981369 127.116837 130.191864 130.635818 130.151489 128.967850 129.379150 130.035278 129.949402 130.523956 130.512634 130.196915 130.804550 131.052643 131.057663 130.834290 130.312515 130.841400 131.085526 131.158569 
130.321823 129.966354 130.626526 130.769882 130.070328 126.351120 126.240692 129.740417 130.311371 129.747513 129.671280 130.410889 130.863785 130.981842 130.786575 130.177750 130.330597 129.687469 129.557434 130.383240 130.509918 130.034760 130.635651 130.739960 130.042084 126.723091 129.426926 129.663635 130.206360 130.440369 130.086075 130.607285 130.960236 131.072388 130.950333 130.250092 127.100525 130.263306 130.978943 131.143997 
130.937653 130.885651 130.978882 130.949539 130.666748 129.847427 129.537125 129.588593 130.170059 129.497803 125.895340 128.950897 130.442795 130.928894 130.978455 130.743423 130.063950 126.733765 129.182526 130.338745 130.447662 129.902939 130.590195 130.831741 130.591599 129.693939 128.968491 126.401993 129.080383 129.638229 126.894966 130.154099 130.905396 131.059448 130.953461 130.495728 129.498413 130.535629 131.002853 131.145721 
131.116302 131.085037 131.032318 130.912842 130.864777 130.552719 129.679626 126.199219 129.530853 129.321289 125.203003 125.299103 129.725052 130.809113 131.032990 130.944946 130.521927 129.258942 126.725258 129.867523 129.744049 126.348671 129.929932 130.741699 130.740158 129.958130 126.623856 128.553192 126.532013 129.511292 129.251312 130.431839 130.906281 131.018341 130.845764 130.065628 127.007248 130.229095 130.970596 131.144760 
131.130905 131.059128 130.819000 130.274704 130.717606 130.696625 129.871353 126.288811 129.630341 129.906128 128.785522 125.981033 129.866653 130.849335 131.067322 131.004257 130.646973 129.805283 129.834625 130.413254 129.860199 126.379318 129.893158 130.653519 130.855026 130.674408 130.074554 130.244980 129.876205 129.789185 126.905724 130.095367 130.729401 130.906036 130.705841 129.990997 129.989471 130.750137 131.072296 131.171036 
131.045959 130.912170 130.225464 127.070190 130.183228 130.759033 130.577423 129.907394 130.156677 129.701797 130.023926 129.869751 130.661499 131.020340 131.107132 130.978333 130.289261 127.129608 130.092010 130.739166 130.643005 130.032272 130.403442 130.167862 130.726898 130.887741 130.846664 130.847748 130.704147 130.485794 130.056274 130.440948 130.178955 130.629974 130.210724 127.158119 130.162552 130.913651 131.131271 131.192352 
130.783737 130.786957 130.439972 129.463791 130.456482 130.795761 130.690125 130.423309 129.613647 126.199150 129.747101 130.567841 130.946487 131.110703 131.152496 131.090607 130.846634 130.305969 130.785309 130.992905 130.966675 130.725571 130.152878 127.132767 130.161331 130.731766 130.937866 130.958130 130.733749 130.161514 130.454590 130.127609 127.179466 130.229614 130.664734 130.294586 130.826706 131.083542 131.177612 131.206024 
129.776047 130.274887 129.976044 126.976074 130.102753 130.554733 130.067535 130.146851 129.008835 126.025131 129.751007 130.611145 130.971817 131.119461 131.166214 131.147827 131.062180 130.934921 131.011032 131.082336 131.063843 130.912491 130.569855 130.028610 130.288361 130.112518 130.726227 130.857666 130.286774 127.206848 130.189697 130.614288 130.246368 130.791718 130.986938 130.983490 131.095886 131.168365 131.196442 131.201523 
125.870499 128.981461 130.142639 130.057968 130.561737 130.133881 126.958412 129.297913 126.588791 129.117996 130.180649 130.128357 130.777802 131.039581 131.132446 131.129379 131.035400 130.867279 130.873489 131.010590 131.012299 130.760132 130.091370 130.139618 129.294174 126.858002 130.160217 130.838852 130.789246 130.303253 130.764511 130.873016 130.774933 130.975708 131.100769 131.144043 131.177307 131.189117 131.175674 131.147583 
128.550735 125.932343 129.758713 130.615875 130.845016 130.649475 129.998413 130.312042 129.926086 130.196564 129.991562 127.124573 130.220093 130.807816 131.026443 131.028580 130.754822 130.020844 130.010788 130.705231 130.848297 130.243179 127.015167 129.342773 126.699059 129.347870 130.450592 130.896774 130.995056 130.920486 130.918594 130.743393 130.248734 130.809738 131.076538 131.166016 131.186325 131.160568 131.072510 130.921509 
129.435257 126.247086 129.916504 130.783585 130.911438 130.657471 130.040176 130.507812 130.454559 130.043015 130.419586 130.123550 130.501862 130.243256 130.794464 130.864594 130.144958 126.454185 126.430840 130.080170 130.796356 130.717667 130.150085 130.405457 130.006500 130.280807 130.107635 130.746368 130.979126 130.947845 130.725800 130.124954 127.045723 130.239456 130.969940 131.144638 131.162247 131.072632 130.765594 130.029144 
130.548111 130.082153 130.708679 130.948120 130.827408 130.078873 127.032288 130.028519 130.057861 127.141479 130.179474 130.621002 130.215378 127.238831 130.319702 130.881531 130.713516 129.972366 129.888641 130.489471 130.817825 130.830017 130.677856 130.757996 130.620300 130.091919 127.098969 130.198303 130.806320 130.693619 130.074402 130.159332 129.392517 130.496201 130.984055 131.132538 131.126480 130.935669 130.116562 126.417946 
130.997253 130.929199 131.022476 131.000931 130.700729 129.896820 129.779572 130.532303 130.670975 130.281342 130.800629 130.956314 130.823181 130.349243 130.859619 131.047424 130.997787 130.757004 130.448151 129.945251 130.469238 130.440430 130.056824 130.543579 130.613525 130.487411 129.916443 130.436783 130.649033 130.055435 126.810410 129.276627 126.839661 130.154480 130.925537 131.107086 131.097565 130.935074 130.507828 129.795441 
131.123535 131.112183 131.101685 130.947418 130.198990 126.827644 129.263855 130.494812 130.885132 130.944687 131.071716 131.122833 131.095230 131.019730 131.105621 131.142822 131.083405 130.823715 129.907700 126.253265 129.413986 129.098679 126.627792 129.608566 129.780365 130.097931 129.474243 129.670486 130.333618 130.128571 129.231659 130.076736 129.984879 130.580292 130.948090 131.062820 130.995956 130.706146 129.988586 130.093781 
131.078064 131.092468 131.105515 131.015060 130.616165 129.378723 126.712555 130.081177 130.855194 131.063873 131.151108 131.184540 131.186340 131.175888 131.188477 131.183960 131.120285 130.870392 129.922684 126.135017 128.840088 126.399261 128.813126 128.807709 126.409164 128.779434 125.316513 125.864433 129.403778 129.073807 126.616753 129.909103 130.387375 130.157455 130.752197 130.917252 130.724304 130.035294 126.597130 128.620895 
130.760315 130.839859 130.999939 131.029373 130.854019 130.306030 129.346451 130.365372 130.766647 131.023956 131.147354 131.196045 131.210907 131.212967 131.212982 131.201126 131.155136 131.015244 130.619263 129.698975 129.473648 129.497803 129.435028 126.408218 128.939636 129.255814 125.842255 128.752411 129.331757 126.592033 129.298737 130.375275 130.104218 127.138306 130.192245 130.607239 130.108810 130.140472 128.754562 124.873604 
129.582626 129.857056 130.638535 130.910278 130.837830 130.117157 126.896759 129.837631 130.052551 130.771744 131.075287 131.178543 131.210022 131.217133 131.214279 131.197556 131.153046 131.054901 130.827393 130.041962 126.961151 129.826294 130.060623 129.119232 129.910629 130.206848 129.689468 129.888687 129.448654 129.665253 130.427063 130.775162 130.656158 130.089142 130.556732 130.178314 127.111359 129.863052 129.328140 125.139160 
125.413597 126.101646 129.806107 130.601364 130.816513 130.589462 129.838776 129.738342 126.890495 130.174286 130.942017 131.141205 131.193817 131.203156 131.196472 131.161041 131.070343 130.927902 130.923004 130.718063 130.171753 130.468811 129.930237 126.618088 129.198517 130.280182 130.278198 129.449844 125.971252 129.611862 130.640381 130.885757 130.704102 130.121246 130.651840 130.700043 130.236221 130.616089 130.419800 129.589691 
129.426743 129.444763 129.533371 129.830566 130.549026 130.523621 129.834641 129.925262 129.138809 130.349548 130.896500 131.097412 131.154388 131.154037 131.145142 131.058929 130.769119 130.158630 130.705551 130.885223 130.790390 130.686584 130.427231 129.272751 126.636215 129.866516 130.119308 128.725204 125.253433 129.501526 130.658859 130.848892 130.280045 127.208626 130.270477 130.854111 130.875137 130.927368 130.804382 130.504196 
130.448334 129.773468 126.253990 126.329178 129.897278 129.951279 126.748123 128.835495 125.943680 129.733231 130.641266 130.972336 131.040817 130.981354 131.024231 130.871506 130.022781 126.462372 129.984833 130.751556 130.686584 130.157669 130.490479 130.182312 129.288330 130.179581 129.772064 125.950806 125.396385 129.631516 130.697067 130.935776 130.787903 130.279831 130.781494 130.944550 130.891174 130.907944 130.657837 129.916519 
130.850800 130.543045 129.769943 129.861282 130.559875 130.524750 129.654922 128.779144 125.896652 129.529617 129.987396 130.678787 130.736755 130.290100 130.753082 130.782700 129.994629 126.450806 129.964417 130.654526 130.144623 126.995239 129.969971 129.946136 126.954002 130.055389 130.432312 129.751007 129.589020 130.294464 130.677444 130.917099 130.920685 130.770935 130.885574 130.773987 130.271896 130.617599 130.053314 126.419678 
130.928925 130.639832 130.012299 130.527328 130.845947 130.764771 129.969269 126.691170 129.078476 129.697418 127.049126 130.104691 130.118607 127.136276 130.123489 130.768097 130.682495 130.128464 130.678421 130.802811 130.448685 129.439453 130.367584 130.558334 130.182251 130.715668 130.830368 130.591370 130.207535 129.733154 129.884247 130.611740 130.690018 130.234756 130.641479 130.235947 127.221512 130.222214 130.574921 129.979599 
130.792511 130.096161 127.101669 130.226227 130.892014 130.945679 130.684525 130.118866 130.482925 130.604126 130.235977 130.714172 130.661011 129.999634 130.009583 130.716446 130.930542 130.883057 130.902893 130.718811 130.114548 126.993835 130.075974 130.624344 130.769714 130.940338 130.916275 130.517685 129.226669 126.076721 126.293564 129.930771 130.096710 127.192154 130.233810 130.663879 130.296722 130.809998 130.959518 130.880569 
130.624542 129.977676 129.995667 130.725403 130.986359 130.965683 130.799118 130.781830 130.893875 130.963104 130.934387 130.999176 130.868225 130.160889 127.184601 130.305466 130.939972 130.991913 130.785278 130.206024 130.454056 130.073746 130.412155 130.089005 130.566589 130.874802 130.852142 130.156372 126.801971 129.122879 129.744553 130.576492 130.701874 130.290771 130.791901 130.950226 130.949371 131.063370 131.120285 131.120621 
130.099442 127.127029 130.140472 130.855774 130.953705 130.688919 130.047882 130.570618 130.787125 130.973419 131.045685 131.092773 131.049179 130.825012 130.336746 130.853226 131.047455 130.959930 130.300781 127.174080 130.137634 130.525330 130.056641 126.868423 129.433563 130.547501 130.831177 130.679443 130.083130 130.395294 130.534622 130.846039 130.966995 130.924988 130.964615 130.928040 131.018204 131.092422 131.149933 131.173950 
130.679321 130.260315 130.784271 130.980408 130.821472 129.890625 126.181282 129.573593 129.974701 130.668289 130.871719 131.044052 131.105988 131.079742 131.008179 131.096344 131.128937 131.047546 130.747437 130.106476 130.592697 130.666061 130.482544 129.395905 126.789642 129.919769 130.581253 130.733124 130.561523 130.459610 130.000946 130.666565 130.954575 130.968140 130.769318 130.275024 130.747269 130.904633 131.074173 131.151978 
130.764999 130.848755 131.015503 131.042068 130.781372 129.660019 125.472290 128.836349 126.798180 129.922150 130.132385 130.792786 131.039917 131.125534 131.148041 131.168030 131.150757 131.046036 130.733276 130.056274 130.404434 130.127960 130.573944 130.418625 129.768326 129.597916 129.765701 130.284729 129.862503 129.605423 126.313889 129.930069 130.755676 130.785095 130.104004 127.077560 129.989899 130.162292 130.826660 131.072266 
129.995316 130.720337 131.027069 131.074493 130.856339 129.905838 126.188477 129.557404 129.834686 129.931671 127.130859 130.228729 130.815781 131.055634 131.148544 131.167908 131.122299 130.942276 130.258499 127.042923 129.475067 127.047104 130.179443 130.593628 129.855194 126.245819 126.182770 129.214722 126.741280 129.105728 126.217957 129.838623 130.564896 130.572815 129.924164 129.821640 129.925644 127.164955 130.327271 130.971329 
126.464279 130.165756 130.957520 131.109711 131.041534 130.732895 130.090820 130.612198 130.749542 130.696045 130.207870 130.522018 130.250763 130.839020 131.081635 131.123505 131.043701 130.861298 130.709686 130.199219 130.511826 130.230881 130.767410 130.866272 130.543610 129.722565 129.766205 130.327820 130.053619 130.356766 129.938843 130.345596 129.990662 129.928238 127.042961 130.035507 130.573090 130.283234 130.854156 131.081223 
130.022018 130.765213 131.073257 131.160843 131.150299 131.068573 130.949265 131.027817 131.057800 131.009537 130.794540 130.229172 127.209091 130.318161 130.964447 131.018433 130.753815 130.135529 130.656189 130.829666 130.953125 130.946320 131.024185 130.953934 130.593185 129.847488 130.416382 130.784851 130.845932 130.884598 130.703796 130.151703 127.077904 129.957565 130.101547 130.732513 130.959915 130.976410 131.098999 131.164963 
130.845093 131.030090 131.145844 131.190216 131.192596 131.169495 131.141281 131.152481 131.154037 131.119919 131.008041 130.737320 130.157135 130.753754 130.995758 130.876617 130.026871 126.463623 129.998672 130.844055 131.061539 131.102585 131.082443 130.869751 129.972092 126.376274 129.920822 130.809006 131.020874 131.055618 130.966370 130.697891 130.092285 130.622314 130.809906 131.007355 131.105927 131.138947 131.177307 131.199799 
