129.728424 130.583130 130.867203 130.686279 130.082687 130.615173 130.833252 130.874680 131.046387 131.156097 131.204681 131.221375 131.222473 131.211105 131.174301 131.059662 130.730865 130.030670 130.351028 129.969955 128.653641 125.743446 129.734756 130.813431 131.111877 131.189224 131.191315 131.142776 131.030365 130.883835 130.967529 130.980957 130.803497 129.938065 126.401398 129.964554 130.874512 131.124863 131.196350 131.214966 
126.393951 130.079147 130.724609 130.203949 127.049255 129.907654 130.346542 130.149094 130.795441 131.084686 131.183914 131.211746 131.211487 131.194427 131.149475 130.982635 130.270523 127.027222 129.596222 128.822449 126.000671 128.294601 130.178024 130.897705 131.127716 131.186371 131.167282 131.052155 130.725113 130.073349 130.595169 130.751236 130.779099 130.474106 129.944122 130.526184 130.938568 131.119781 131.182800 131.197693 
130.003448 130.711700 130.906113 130.657578 129.816910 129.434540 129.032593 126.791534 130.176056 130.953308 131.147705 131.189163 131.175781 131.136078 131.103027 131.033081 130.752762 129.985748 129.486969 125.753593 128.149796 126.419144 130.044434 130.914246 131.135651 131.178497 131.125092 130.869919 129.903397 126.176521 129.533722 129.851440 130.335098 129.981247 130.249588 130.089188 130.743530 131.040527 131.128601 131.130981 
130.877045 130.994858 130.986923 130.751099 129.791870 126.018013 125.933891 129.156509 130.420090 130.938797 131.118042 131.143234 131.066223 130.905502 130.873581 130.959015 130.925903 130.619308 129.735443 126.026154 129.350571 129.862366 130.706085 131.048950 131.155899 131.171143 131.101013 130.795868 129.649872 125.431496 128.711853 126.508118 129.246201 126.802010 129.360764 126.950775 130.094925 130.847534 130.982269 130.892731 
131.041473 131.006042 130.884827 130.769485 130.205856 128.860916 129.325531 130.060455 130.066315 130.773895 131.047241 131.045746 130.760040 130.001526 129.929688 130.546890 130.861420 130.814941 130.340958 129.228928 130.262955 130.714020 130.996109 131.110748 131.134918 131.141296 131.088776 130.837784 129.859711 126.076218 129.222931 129.058502 130.066910 129.986862 130.356384 129.894333 129.960617 130.632507 130.641754 129.999329 
130.920227 130.723679 130.198151 130.467865 129.706207 125.988190 129.304581 129.759506 127.086586 130.282303 130.939743 130.918457 130.142899 126.380081 126.147850 129.303192 130.540802 130.744568 130.111694 126.984581 130.157257 130.875229 131.057892 131.055817 130.964294 131.013428 131.031662 130.950760 130.610947 129.845215 129.734222 126.854843 130.052765 130.667221 130.736176 130.102524 127.122635 130.086685 129.974609 126.429108 
130.475128 129.926682 127.008652 129.933456 129.646500 125.976326 128.968445 130.157654 130.119934 130.759766 131.022659 131.022156 130.714569 129.832031 129.162460 126.798271 130.109787 130.701599 130.526901 130.137665 130.731476 130.977341 131.010300 130.792831 130.205093 130.549225 130.736511 130.852432 130.759125 130.671631 130.543579 130.036469 130.675507 130.956726 130.995590 130.792130 130.287659 130.726196 130.665833 130.006088 
129.326218 129.345322 129.717072 130.468079 130.355392 129.175949 126.705910 130.008591 130.639618 130.829910 131.016968 131.080048 131.002640 130.761490 130.461319 129.977936 130.545593 130.545227 129.989532 130.500641 130.822815 130.865799 130.840759 130.170273 126.817902 129.111450 129.690308 130.331467 130.116150 130.609467 130.592316 130.098557 130.733337 131.028152 131.100830 131.051758 130.949310 131.025238 131.017792 130.900055 
125.017090 125.301590 129.547684 130.602539 130.681931 130.277985 129.863876 130.511917 130.618301 130.234406 130.773926 131.020782 131.069504 130.968536 130.668488 130.036957 130.413010 129.807236 126.334839 129.842316 130.512817 130.212326 130.665588 130.476151 129.180573 125.894165 126.039261 129.178543 126.922134 130.026382 130.058044 127.160858 130.303497 130.978745 131.104385 131.060577 130.959991 131.059921 131.120010 131.122726 
128.562500 125.949829 129.792511 130.669662 130.579575 129.813782 129.702576 130.365173 130.070465 127.067520 130.062561 130.804535 131.011093 130.933624 130.272812 127.115784 129.907928 129.585541 126.222443 129.728363 129.983566 127.120819 130.193985 130.637604 130.153488 128.970581 129.381653 130.037430 129.951691 130.525955 130.514725 130.199341 130.806732 131.054733 131.059769 130.836502 130.315109 130.843719 131.087677 131.160614 
130.323837 129.968613 130.628387 130.771606 130.072372 126.355392 126.245087 129.742722 130.313324 129.749847 129.673782 130.413040 130.865692 130.983658 130.788437 130.179916 130.332581 129.689819 129.559906 130.385223 130.511826 130.036987 130.637512 130.741684 130.044144 126.727173 129.429382 129.666016 130.208466 130.442398 130.088440 130.609497 130.962341 131.074463 130.952438 130.252548 127.105034 130.266052 130.981323 131.146271 
130.939392 130.887421 130.980560 130.951187 130.668488 129.849625 129.539505 129.590942 130.172043 129.500183 125.900017 128.953873 130.444946 130.930756 130.980255 130.745270 130.066086 126.737900 129.185226 130.340744 130.449585 129.905228 130.592087 130.833450 130.593384 129.696213 128.971191 126.406288 129.083130 129.640671 126.899239 130.156570 130.907516 131.061508 130.955551 130.498062 129.501511 130.538284 131.005341 131.148163 
131.118011 131.086746 131.034012 130.914551 130.866455 130.554520 129.681885 126.203598 129.533203 129.323730 125.208015 125.304237 129.727646 130.811096 131.034821 130.946716 130.523849 129.261566 126.729446 129.869797 129.746338 126.353088 129.932236 130.743500 130.741898 129.960266 126.628014 128.556183 126.536293 129.513824 129.254166 130.434128 130.908371 131.020386 130.847870 130.068176 127.011856 130.231979 130.973190 131.147308 
131.132599 131.060837 130.820786 130.276794 130.719391 130.698349 129.873489 126.293152 129.632660 129.908279 128.788391 125.985786 129.869202 130.851364 131.069199 131.006073 130.648895 129.807678 129.837006 130.415253 129.862442 126.383736 129.895493 130.655411 130.856766 130.676224 130.076736 130.247040 129.878510 129.791565 126.909981 130.097824 130.731567 130.908127 130.708038 129.993713 129.992386 130.752777 131.074860 131.173599 
131.047668 130.913910 130.227539 127.074188 130.185349 130.760757 130.579193 129.909561 130.158691 129.704132 130.026169 129.872238 130.663635 131.022324 131.109039 130.980225 130.291412 127.133698 130.094330 130.741058 130.644897 130.034515 130.405457 130.170044 130.728760 130.889511 130.848465 130.849533 130.706024 130.487839 130.058655 130.443146 130.181427 130.632217 130.213196 127.162613 130.165436 130.916229 131.133789 131.194855 
130.785568 130.788742 130.441925 129.466339 130.458435 130.797470 130.691849 130.425171 129.615952 126.203629 129.749588 130.569977 130.948517 131.112686 131.154449 131.092545 130.848618 130.308258 130.787308 130.994736 130.968445 130.727402 130.154984 127.136749 130.163528 130.733658 130.939667 130.959900 130.735641 130.163788 130.456726 130.129944 127.183739 130.232162 130.667114 130.297333 130.829239 131.085999 131.180023 131.208389 
129.778442 130.276947 129.978241 126.980133 130.104919 130.556580 130.069641 130.148865 129.011520 126.029755 129.753525 130.613297 130.973877 131.121490 131.168228 131.149811 131.064133 130.936905 131.012955 131.084152 131.065582 130.914246 130.571747 130.030823 130.290436 130.114777 130.728149 130.859497 130.288910 127.210922 130.192047 130.616455 130.248871 130.794022 130.989243 130.985901 131.098282 131.170715 131.198685 131.203659 
125.875183 128.984283 130.144791 130.060196 130.563644 130.135956 126.962402 129.300461 126.593025 129.120804 130.182922 130.130814 130.779984 131.041687 131.134491 131.131378 131.037369 130.869293 130.875473 131.012436 131.014053 130.761932 130.093521 130.141708 129.296768 126.862175 130.162476 130.840729 130.791153 130.305511 130.766556 130.875076 130.777176 130.977951 131.103043 131.146362 131.179626 131.191360 131.177780 131.149506 
128.553711 125.937012 129.761139 130.617813 130.846786 130.651321 130.000641 130.314072 129.928391 130.198761 129.993912 127.128815 130.222595 130.810043 131.028534 131.030594 130.756866 130.023270 130.013229 130.707214 130.850098 130.245209 127.019135 129.345306 126.703224 129.350510 130.452652 130.898621 130.996872 130.922363 130.920517 130.745453 130.251251 130.812073 131.078812 131.168274 131.188568 131.162735 131.074615 130.923569 
129.437729 126.251610 129.918884 130.785461 130.913208 130.659348 130.042435 130.509796 130.456604 130.045380 130.421783 130.126022 130.504166 130.245819 130.796692 130.866669 130.147263 126.458649 126.435364 130.082489 130.798187 130.719467 130.152191 130.407379 130.008667 130.282852 130.109863 130.748260 130.980896 130.949646 130.727737 130.127243 127.050064 130.242065 130.972214 131.146835 131.164398 131.074738 130.767761 130.031708 
130.550095 130.084488 130.710648 130.949921 130.829224 130.081055 127.036377 130.030853 130.060165 127.145676 130.181946 130.623245 130.217819 127.243195 130.322235 130.883636 130.715576 129.974762 129.891068 130.491501 130.819611 130.831741 130.679642 130.759705 130.622070 130.093994 127.102936 130.200455 130.808105 130.695480 130.076660 130.161575 129.395386 130.498566 130.986237 131.134644 131.128540 130.937714 130.118958 126.422585 
130.999115 130.931122 131.024323 131.002731 130.702606 129.899170 129.782074 130.534439 130.673096 130.283813 130.802887 130.958542 130.825485 130.351868 130.861938 131.049530 130.999771 130.758972 130.450195 129.947540 130.471161 130.442322 130.058929 130.545380 130.615265 130.489227 129.918655 130.438705 130.650818 130.057556 126.814545 129.279327 126.843994 130.156982 130.927643 131.109100 131.099533 130.937027 130.509964 129.798004 
131.125397 131.114029 131.103500 130.949234 130.201126 126.831848 129.266708 130.497055 130.887268 130.946915 131.073975 131.125122 131.097565 131.022110 131.107910 131.144974 131.085388 130.825653 129.909973 126.257698 129.416443 129.101273 126.631897 129.610855 129.782562 130.099915 129.476624 129.672791 130.335541 130.130615 129.234314 130.078964 129.987274 130.582458 130.950089 131.064743 130.997849 130.708115 129.990952 130.096100 
131.079956 131.094330 131.107315 131.016846 130.618088 129.381363 126.716949 130.083694 130.857407 131.066116 131.153412 131.186905 131.188751 131.178284 131.190796 131.186142 131.122299 130.872314 129.924942 126.139481 128.842819 126.403458 128.815826 128.810394 126.413315 128.782104 125.321304 125.868958 129.406189 129.076447 126.620979 129.911423 130.389481 130.159790 130.754227 130.919159 130.726227 130.037506 126.601410 128.623978 
130.762329 130.841827 131.001785 131.031158 130.855835 130.308136 129.349243 130.367706 130.768921 131.026245 131.149719 131.198471 131.213364 131.215393 131.215332 131.203339 131.157181 131.017136 130.621185 129.701309 129.476044 129.500122 129.437347 126.412361 128.942245 129.258194 125.846725 128.755157 129.334167 126.596199 129.301361 130.377304 130.106415 127.142395 130.194534 130.609253 130.111053 130.142578 128.757431 124.878845 
129.585220 129.859528 130.640549 130.912109 130.839630 130.119324 126.900970 129.840179 130.055176 130.774139 131.077682 131.180969 131.212494 131.219559 131.216629 131.199768 131.155106 131.056808 130.829254 130.044113 126.965118 129.828461 130.062592 129.121765 129.912674 130.208710 129.691650 129.890747 129.451050 129.667603 130.429047 130.776978 130.658066 130.091446 130.558762 130.180511 127.115395 129.865341 129.330643 125.144203 
125.418556 126.106277 129.808548 130.603348 130.818329 130.591370 129.841156 129.740829 126.894920 130.176971 130.944427 131.143616 131.196243 131.205551 131.198792 131.163223 131.072418 130.929916 130.924866 130.719910 130.173843 130.470642 129.932281 126.622139 129.201019 130.282028 130.280029 129.452148 125.975777 129.614288 130.642258 130.887543 130.705994 130.123550 130.653870 130.702026 130.238449 130.618011 130.421738 129.592056 
129.429260 129.447296 129.535889 129.832962 130.550980 130.525543 129.836990 129.927612 129.141830 130.352036 130.898849 131.099762 131.156738 131.156372 131.147400 131.061081 130.771271 130.161057 130.707565 130.887024 130.792160 130.688324 130.429031 129.275177 126.640282 129.868607 130.121216 128.727936 125.258400 129.504044 130.660751 130.850708 130.282181 127.212708 130.272766 130.856064 130.877060 130.929199 130.806198 130.506149 
130.450226 129.775742 126.258423 126.333656 129.899597 129.953491 126.752289 128.838409 125.948532 129.735992 130.643661 130.974640 131.043121 130.983673 131.026459 130.873642 130.025208 126.466957 129.987274 130.753448 130.688416 130.159744 130.492294 130.184250 129.290833 130.181519 129.774200 125.955261 125.401291 129.633987 130.698975 130.937592 130.789825 130.282135 130.783524 130.946503 130.893158 130.909851 130.659821 129.918945 
130.852524 130.544952 129.772339 129.863678 130.561859 130.526703 129.657349 128.782104 125.901489 129.532410 129.990082 130.681137 130.739075 130.292709 130.755386 130.784851 129.997070 126.455399 129.966858 130.656464 130.146729 126.999237 129.972137 129.948242 126.957962 130.057480 130.434143 129.753250 129.591431 130.296539 130.679367 130.918945 130.922577 130.772980 130.887558 130.776031 130.274277 130.619751 130.055710 126.424309 
130.930634 130.641739 130.014648 130.529419 130.847839 130.766647 129.971542 126.695488 129.081421 129.700043 127.053513 130.107285 130.121124 127.140686 130.126160 130.770325 130.684662 130.130936 130.680481 130.804688 130.450653 129.442017 130.369568 130.560181 130.184341 130.717438 130.832031 130.593140 130.209549 129.735519 129.886612 130.613754 130.692017 130.237106 130.643600 130.238281 127.225777 130.224731 130.577209 129.982285 
130.794327 130.098404 127.105835 130.228577 130.893982 130.947571 130.686539 130.121277 130.485168 130.606354 130.238525 130.716461 130.663284 130.002304 130.012329 130.718750 130.932663 130.885117 130.904831 130.720734 130.116714 126.997894 130.078171 130.626221 130.771515 130.942017 130.917908 130.519501 129.229233 126.081238 126.298080 129.933151 130.098999 127.196335 130.236252 130.666092 130.299271 130.812302 130.961761 130.882904 
130.626526 129.980118 129.998199 130.727554 130.988327 130.967636 130.801163 130.783936 130.895981 130.965240 130.936630 131.001373 130.870453 130.163452 127.189056 130.308090 130.942154 130.993927 130.787262 130.208298 130.456085 130.075958 130.414154 130.091217 130.568527 130.876526 130.853851 130.158401 126.806061 129.125626 129.747040 130.578568 130.703934 130.293182 130.794083 130.952393 130.951630 131.065628 131.122559 131.122940 
130.101837 127.131340 130.143051 130.857925 130.955719 130.691025 130.050385 130.572876 130.789352 130.975632 131.047943 131.095032 131.051453 130.827377 130.339447 130.855606 131.049622 130.961975 130.303024 127.178177 130.139893 130.527267 130.058792 126.872520 129.436157 130.549438 130.832916 130.681229 130.085297 130.397324 130.536667 130.847992 130.968948 130.927032 130.966705 130.930252 131.020447 131.094696 131.152237 131.176270 
130.681747 130.263016 130.786652 130.982590 130.823578 129.893097 126.186050 129.576385 129.977386 130.670670 130.874100 131.046417 131.108368 131.082123 131.010605 131.098663 131.131119 131.049591 130.749496 130.108856 130.594711 130.667969 130.484482 129.398438 126.793785 129.922058 130.583160 130.734924 130.563416 130.461594 130.003296 130.668610 130.956528 130.970123 130.771439 130.277542 130.749603 130.906982 131.076492 131.154266 
130.767914 130.851486 131.017975 131.044342 130.783569 129.662643 125.477470 128.839523 126.802727 129.924911 130.135193 130.795319 131.042389 131.127960 131.150421 131.170349 131.152954 131.048111 130.735367 130.058685 130.406570 130.130234 130.575882 130.420593 129.770645 129.600342 129.768051 130.286758 129.864777 129.607849 126.318420 129.932526 130.757690 130.787094 130.106384 127.081886 129.992554 130.164978 130.829025 131.074493 
129.999771 130.723694 131.029846 131.076981 130.858658 129.908463 126.193367 129.560303 129.837463 129.934357 127.135414 130.231567 130.818375 131.058121 131.150955 131.170227 131.124496 130.944397 130.260818 127.047134 129.477737 127.051262 130.181671 130.595520 129.857422 126.250214 126.187241 129.217346 126.745438 129.108444 126.222519 129.841080 130.566971 130.574890 129.926666 129.824265 129.928223 127.169342 130.329803 130.973450 
126.474190 130.170227 130.960678 131.112442 131.044052 130.735382 130.093643 130.614700 130.751953 130.698441 130.210602 130.524597 130.253632 130.841599 131.084061 131.125809 131.045914 130.863495 130.711853 130.201645 130.514008 130.233215 130.769363 130.868073 130.545502 129.724930 129.768585 130.329895 130.055878 130.358841 129.941193 130.347717 129.993042 129.930664 127.047241 130.038086 130.575378 130.285767 130.856308 131.083115 
130.026978 130.769028 131.076477 131.163757 131.153000 131.071136 130.951828 131.030273 131.060196 131.011887 130.796936 130.231796 127.213692 130.320999 130.966888 131.020706 130.756104 130.138153 130.658478 130.831818 130.955170 130.948303 131.026031 130.955719 130.595093 129.849854 130.418457 130.786743 130.847809 130.886444 130.705704 130.153900 127.082047 129.960068 130.104095 130.734772 130.962097 130.978607 131.101089 131.166962 
130.848969 131.033615 131.149078 131.193222 131.195404 131.172165 131.143860 131.154984 131.156464 131.122284 131.010376 130.739746 130.159988 130.756317 130.998123 130.878876 130.029434 126.468399 130.001373 130.846252 131.063568 131.104523 131.084290 130.871582 129.974335 126.380737 129.923218 130.810928 131.022705 131.057404 130.968170 130.699829 130.094681 130.624481 130.812088 131.009506 131.108078 131.141113 131.179428 131.201874 
