0.000000 0.000000 0.000000 0.000002 0.000000 0.000000 0.000000 0.000000 0.000000 0.000000 0.000000 0.000000 0.000000 0.000000 0.000000 0.000000 0.000002 0.000000 0.000000 0.000003 0.000224 0.000001 0.000000 0.000000 0.000000 0.000000 0.000000 0.000000 0.000000 0.000000 0.000000 0.000000 0.000001 0.000222 0.000001 0.000000 0.000000 0.000000 0.000000 0.000001 
0.000000 0.000000 0.000002 0.000290 0.000002 0.000000 0.000002 0.000000 0.000000 0.000000 0.000000 0.000000 0.000000 0.000000 0.000000 0.000002 0.000290 0.000002 0.000003 0.000291 0.000004 0.000000 0.000000 0.000000 0.000000 0.000000 0.000000 0.000000 0.000001 0.000000 0.000000 0.000000 0.000000 0.000001 0.000000 0.000000 0.000000 0.000000 0.000001 0.000222 
0.000000 0.000000 0.000000 0.000002 0.000001 0.000003 0.000290 0.000002 0.000000 0.000000 0.000000 0.000000 0.000000 0.000000 0.000000 0.000000 0.000002 0.000001 0.000223 0.000004 0.000290 0.000002 0.000000 0.000000 0.000000 0.000000 0.000000 0.000001 0.000217 0.000001 0.000002 0.000000 0.000002 0.000000 0.000002 0.000000 0.000000 0.000000 0.000000 0.000001 
0.000000 0.000000 0.000000 0.000001 0.000222 0.000223 0.000003 0.000000 0.000000 0.000000 0.000000 0.000000 0.000000 0.000000 0.000000 0.000000 0.000000 0.000001 0.000223 0.000001 0.000002 0.000000 0.000000 0.000000 0.000000 0.000000 0.000000 0.000002 0.000321 0.000003 0.000291 0.000003 0.000290 0.000003 0.000290 0.000002 0.000000 0.000000 0.000000 0.000000 
0.000000 0.000000 0.000000 0.000000 0.000003 0.000001 0.000000 0.000002 0.000000 0.000000 0.000000 0.000000 0.000001 0.000001 0.000000 0.000000 0.000000 0.000000 0.000003 0.000000 0.000000 0.000000 0.000000 0.000000 0.000000 0.000000 0.000000 0.000001 0.000217 0.000001 0.000003 0.000000 0.000002 0.000000 0.000002 0.000002 0.000000 0.000000 0.000002 0.000000 
0.000000 0.000002 0.000000 0.000001 0.000223 0.000001 0.000002 0.000290 0.000002 0.000000 0.000000 0.000001 0.000222 0.000223 0.000003 0.000000 0.000000 0.000002 0.000290 0.000002 0.000000 0.000000 0.000000 0.000000 0.000000 0.000000 0.000000 0.000000 0.000001 0.000002 0.000290 0.000002 0.000000 0.000000 0.000002 0.000290 0.000002 0.000002 0.000290 0.000002 
0.000002 0.000290 0.000002 0.000001 0.000223 0.000003 0.000000 0.000002 0.000000 0.000000 0.000000 0.000000 0.000001 0.000003 0.000290 0.000002 0.000000 0.000000 0.000002 0.000000 0.000000 0.000000 0.000000 0.000002 0.000000 0.000000 0.000000 0.000000 0.000000 0.000000 0.000002 0.000000 0.000000 0.000000 0.000000 0.000002 0.000000 0.000000 0.000002 0.000000 
0.000001 0.000002 0.000000 0.000000 0.000003 0.000290 0.000002 0.000000 0.000000 0.000000 0.000000 0.000000 0.000000 0.000000 0.000002 0.000000 0.000000 0.000001 0.000000 0.000000 0.000000 0.000000 0.000002 0.000290 0.000003 0.000001 0.000000 0.000002 0.000000 0.000000 0.000002 0.000000 0.000000 0.000000 0.000000 0.000000 0.000000 0.000000 0.000000 0.000001 
0.000178 0.000001 0.000000 0.000000 0.000000 0.000002 0.000000 0.000000 0.000002 0.000000 0.000000 0.000000 0.000000 0.000000 0.000002 0.000000 0.000001 0.000222 0.000001 0.000000 0.000002 0.000000 0.000000 0.000003 0.000223 0.000223 0.000003 0.000290 0.000002 0.000002 0.000290 0.000002 0.000000 0.000000 0.000000 0.000000 0.000000 0.000000 0.000001 0.000222 
0.000178 0.000001 0.000000 0.000000 0.000001 0.000001 0.000000 0.000002 0.000290 0.000002 0.000000 0.000000 0.000000 0.000002 0.000290 0.000002 0.000001 0.000222 0.000001 0.000002 0.000290 0.000002 0.000000 0.000000 0.000003 0.000001 0.000000 0.000002 0.000000 0.000000 0.000002 0.000000 0.000000 0.000000 0.000000 0.000002 0.000000 0.000000 0.000000 0.000001 
0.000001 0.000000 0.000000 0.000001 0.000222 0.000222 0.000001 0.000000 0.000002 0.000001 0.000000 0.000000 0.000000 0.000000 0.000002 0.000000 0.000002 0.000001 0.000000 0.000000 0.000002 0.000000 0.000000 0.000002 0.000290 0.000002 0.000002 0.000000 0.000000 0.000002 0.000000 0.000000 0.000000 0.000000 0.000002 0.000290 0.000002 0.000000 0.000000 0.000000 
0.000000 0.000000 0.000000 0.000000 0.000001 0.000001 0.000001 0.000000 0.000001 0.000225 0.000002 0.000000 0.000000 0.000000 0.000000 0.000002 0.000290 0.000003 0.000000 0.000000 0.000001 0.000000 0.000000 0.000000 0.000002 0.000003 0.000291 0.000003 0.000002 0.000290 0.000002 0.000000 0.000000 0.000000 0.000000 0.000003 0.000000 0.000000 0.000000 0.000000 
0.000000 0.000000 0.000000 0.000000 0.000000 0.000001 0.000222 0.000001 0.000001 0.000177 0.000177 0.000001 0.000000 0.000000 0.000000 0.000000 0.000003 0.000290 0.000002 0.000001 0.000222 0.000001 0.000000 0.000000 0.000002 0.000290 0.000005 0.000290 0.000002 0.000003 0.000000 0.000000 0.000000 0.000000 0.000002 0.000290 0.000002 0.000000 0.000000 0.000000 
0.000000 0.000000 0.000002 0.000000 0.000000 0.000001 0.000222 0.000001 0.000000 0.000002 0.000224 0.000001 0.000000 0.000000 0.000000 0.000000 0.000002 0.000002 0.000000 0.000001 0.000222 0.000001 0.000000 0.000000 0.000000 0.000002 0.000000 0.000002 0.000002 0.000290 0.000002 0.000000 0.000000 0.000000 0.000002 0.000002 0.000000 0.000000 0.000000 0.000000 
0.000000 0.000002 0.000290 0.000002 0.000000 0.000000 0.000001 0.000000 0.000001 0.000000 0.000001 0.000000 0.000000 0.000000 0.000000 0.000002 0.000290 0.000002 0.000000 0.000000 0.000001 0.000000 0.000002 0.000000 0.000000 0.000000 0.000000 0.000000 0.000000 0.000002 0.000000 0.000002 0.000000 0.000002 0.000290 0.000002 0.000000 0.000000 0.000000 0.000000 
0.000000 0.000000 0.000003 0.000000 0.000000 0.000000 0.000000 0.000001 0.000222 0.000001 0.000000 0.000000 0.000000 0.000000 0.000000 0.000000 0.000002 0.000000 0.000000 0.000000 0.000000 0.000002 0.000290 0.000002 0.000000 0.000000 0.000000 0.000000 0.000002 0.000000 0.000002 0.000290 0.000002 0.000000 0.000002 0.000000 0.000000 0.000000 0.000000 0.000000 
0.000000 0.000002 0.000290 0.000002 0.000000 0.000002 0.000000 0.000003 0.000223 0.000001 0.000000 0.000000 0.000000 0.000000 0.000000 0.000000 0.000000 0.000000 0.000000 0.000001 0.000028 0.000001 0.000002 0.000000 0.000002 0.000000 0.000000 0.000002 0.000290 0.000002 0.000000 0.000002 0.000000 0.000000 0.000000 0.000000 0.000000 0.000000 0.000000 0.000001 
0.000001 0.000000 0.000002 0.000000 0.000002 0.000290 0.000003 0.000291 0.000003 0.000000 0.000002 0.000000 0.000000 0.000000 0.000000 0.000000 0.000000 0.000000 0.000002 0.000068 0.001596 0.000068 0.000002 0.000003 0.000290 0.000002 0.000000 0.000000 0.000002 0.000000 0.000000 0.000000 0.000000 0.000000 0.000000 0.000000 0.000000 0.000000 0.000001 0.000222 
0.000178 0.000001 0.000000 0.000000 0.000000 0.000002 0.000000 0.000002 0.000000 0.000002 0.000290 0.000002 0.000000 0.000000 0.000000 0.000000 0.000001 0.000003 0.000081 0.002379 0.062935 0.002369 0.000082 0.000292 0.000003 0.000000 0.000000 0.000000 0.000000 0.000000 0.000000 0.000002 0.000000 0.000000 0.000000 0.000000 0.000000 0.000000 0.000000 0.000001 
0.000178 0.000001 0.000000 0.000000 0.000000 0.000002 0.000000 0.000000 0.000002 0.000000 0.000002 0.000000 0.000002 0.000000 0.000000 0.000001 0.000221 0.000331 0.002391 0.035281 0.380376 0.034121 0.002369 0.000070 0.000001 0.000002 0.000000 0.000000 0.000000 0.000000 0.000002 0.000290 0.000002 0.000000 0.000000 0.000000 0.000000 0.000000 0.000002 0.000000 
0.000001 0.000000 0.000000 0.000000 0.000002 0.000290 0.000002 0.000002 0.000290 0.000002 0.000000 0.000002 0.000290 0.000002 0.000000 0.000000 0.000029 0.001598 0.062980 0.380218 1.409765 0.380597 0.063015 0.001596 0.000029 0.000290 0.000002 0.000000 0.000000 0.000002 0.000000 0.000003 0.000000 0.000000 0.000000 0.000000 0.000000 0.000002 0.000290 0.000002 
0.000000 0.000000 0.000000 0.000000 0.000002 0.000002 0.000000 0.000000 0.000002 0.000000 0.000000 0.000000 0.000002 0.000000 0.000000 0.000000 0.000001 0.000069 0.002451 0.037795 0.379985 0.034074 0.002369 0.000068 0.000001 0.000002 0.000000 0.000000 0.000002 0.000290 0.000003 0.000290 0.000002 0.000000 0.000000 0.000000 0.000000 0.000000 0.000002 0.000000 
0.000000 0.000000 0.000000 0.000002 0.000290 0.000003 0.000000 0.000000 0.000000 0.000000 0.000000 0.000000 0.000000 0.000000 0.000000 0.000000 0.000000 0.000003 0.000342 0.002446 0.062900 0.002368 0.000081 0.000003 0.000000 0.000001 0.000001 0.000000 0.000000 0.000003 0.000000 0.000002 0.000000 0.000000 0.000000 0.000000 0.000000 0.000002 0.000000 0.000000 
0.000000 0.000000 0.000000 0.000000 0.000003 0.000291 0.000002 0.000000 0.000000 0.000000 0.000000 0.000000 0.000000 0.000000 0.000000 0.000000 0.000000 0.000001 0.000221 0.000070 0.001596 0.000068 0.000005 0.000291 0.000003 0.000176 0.000224 0.000001 0.000003 0.000291 0.000002 0.000000 0.000002 0.000000 0.000000 0.000000 0.000002 0.000290 0.000003 0.000000 
0.000000 0.000000 0.000000 0.000000 0.000000 0.000003 0.000000 0.000000 0.000000 0.000000 0.000000 0.000000 0.000000 0.000000 0.000000 0.000000 0.000000 0.000000 0.000001 0.000003 0.000028 0.000003 0.000291 0.000003 0.000001 0.000224 0.000003 0.000002 0.000290 0.000003 0.000000 0.000002 0.000290 0.000002 0.000000 0.000002 0.000000 0.000003 0.000223 0.000001 
0.000001 0.000000 0.000000 0.000000 0.000002 0.000290 0.000002 0.000002 0.000000 0.000000 0.000000 0.000000 0.000000 0.000000 0.000000 0.000000 0.000000 0.000000 0.000002 0.000290 0.000002 0.000000 0.000003 0.000000 0.000000 0.000001 0.000000 0.000001 0.000002 0.000000 0.000000 0.000000 0.000002 0.000000 0.000002 0.000290 0.000002 0.000001 0.000223 0.000003 
0.000222 0.000001 0.000000 0.000000 0.000000 0.000002 0.000002 0.000290 0.000002 0.000000 0.000000 0.000000 0.000000 0.000000 0.000000 0.000000 0.000000 0.000000 0.000000 0.000002 0.000000 0.000002 0.000291 0.000003 0.000000 0.000000 0.000001 0.000217 0.000001 0.000000 0.000000 0.000000 0.000002 0.000000 0.000000 0.000002 0.000000 0.000000 0.000003 0.000223 
0.000001 0.000001 0.000001 0.000000 0.000000 0.000002 0.000000 0.000003 0.000000 0.000000 0.000000 0.000000 0.000000 0.000000 0.000000 0.000000 0.000001 0.000000 0.000000 0.000000 0.000000 0.000000 0.000003 0.000291 0.000002 0.000000 0.000003 0.000319 0.000002 0.000000 0.000000 0.000002 0.000290 0.000002 0.000000 0.000000 0.000000 0.000000 0.000000 0.000001 
0.000001 0.000222 0.000222 0.000001 0.000002 0.000290 0.000003 0.000223 0.000001 0.000000 0.000000 0.000000 0.000000 0.000000 0.000000 0.000001 0.000222 0.000001 0.000000 0.000000 0.000002 0.000000 0.000000 0.000003 0.000000 0.000001 0.000225 0.000171 0.000001 0.000000 0.000000 0.000000 0.000002 0.000000 0.000000 0.000000 0.000000 0.000000 0.000002 0.000000 
0.000000 0.000001 0.000001 0.000000 0.000000 0.000002 0.000003 0.000223 0.000001 0.000002 0.000000 0.000000 0.000002 0.000000 0.000000 0.000001 0.000222 0.000001 0.000000 0.000002 0.000290 0.000002 0.000002 0.000290 0.000002 0.000000 0.000001 0.000001 0.000000 0.000000 0.000000 0.000000 0.000000 0.000000 0.000000 0.000002 0.000000 0.000002 0.000290 0.000002 
0.000000 0.000002 0.000000 0.000000 0.000000 0.000002 0.000290 0.000003 0.000002 0.000290 0.000002 0.000002 0.000290 0.000002 0.000000 0.000000 0.000001 0.000000 0.000000 0.000000 0.000003 0.000000 0.000000 0.000002 0.000000 0.000000 0.000000 0.000000 0.000001 0.000001 0.000000 0.000000 0.000002 0.000000 0.000002 0.000290 0.000002 0.000000 0.000002 0.000000 
0.000002 0.000290 0.000002 0.000000 0.000000 0.000000 0.000002 0.000000 0.000000 0.000002 0.000000 0.000000 0.000002 0.000002 0.000000 0.000000 0.000000 0.000000 0.000000 0.000002 0.000290 0.000002 0.000000 0.000000 0.000000 0.000000 0.000000 0.000003 0.000223 0.000222 0.000001 0.000002 0.000290 0.000002 0.000000 0.000002 0.000000 0.000000 0.000000 0.000000 
0.000001 0.000002 0.000000 0.000000 0.000000 0.000000 0.000000 0.000000 0.000000 0.000000 0.000000 0.000000 0.000002 0.000290 0.000002 0.000000 0.000000 0.000000 0.000002 0.000000 0.000002 0.000000 0.000002 0.000000 0.000000 0.000000 0.000002 0.000290 0.000003 0.000001 0.000000 0.000000 0.000002 0.000000 0.000000 0.000000 0.000000 0.000000 0.000000 0.000000 
0.000222 0.000001 0.000000 0.000000 0.000000 0.000001 0.000000 0.000000 0.000000 0.000000 0.000000 0.000000 0.000000 0.000002 0.000000 0.000000 0.000000 0.000002 0.000290 0.000002 0.000000 0.000002 0.000290 0.000003 0.000000 0.000000 0.000000 0.000002 0.000000 0.000000 0.000000 0.000000 0.000000 0.000000 0.000000 0.000000 0.000000 0.000000 0.000000 0.000000 
0.000001 0.000000 0.000000 0.000000 0.000001 0.000217 0.000001 0.000002 0.000000 0.000000 0.000000 0.000000 0.000000 0.000000 0.000000 0.000000 0.000000 0.000000 0.000002 0.000000 0.000000 0.000000 0.000003 0.000290 0.000002 0.000000 0.000000 0.000000 0.000000 0.000001 0.000000 0.000000 0.000000 0.000000 0.000002 0.000000 0.000000 0.000000 0.000000 0.000000 
0.000000 0.000000 0.000000 0.000000 0.000002 0.000321 0.000003 0.000290 0.000002 0.000002 0.000000 0.000000 0.000000 0.000000 0.000000 0.000000 0.000000 0.000000 0.000002 0.000000 0.000002 0.000000 0.000000 0.000002 0.000001 0.000001 0.000000 0.000002 0.000001 0.000222 0.000001 0.000000 0.000000 0.000002 0.000290 0.000002 0.000002 0.000000 0.000000 0.000000 
0.000000 0.000000 0.000000 0.000000 0.000001 0.000217 0.000001 0.000002 0.000002 0.000290 0.000002 0.000000 0.000000 0.000000 0.000000 0.000000 0.000000 0.000002 0.000290 0.000003 0.000290 0.000002 0.000000 0.000001 0.000222 0.000223 0.000003 0.000290 0.000003 0.000222 0.000001 0.000000 0.000000 0.000002 0.000002 0.000002 0.000290 0.000002 0.000000 0.000001 
0.000000 0.000000 0.000000 0.000000 0.000000 0.000001 0.000000 0.000000 0.000000 0.000002 0.000000 0.000002 0.000000 0.000000 0.000000 0.000000 0.000000 0.000000 0.000002 0.000000 0.000002 0.000000 0.000000 0.000000 0.000001 0.000001 0.000000 0.000002 0.000000 0.000001 0.000000 0.000002 0.000002 0.000290 0.000002 0.000000 0.000002 0.000000 0.000001 0.000222 
0.000000 0.000000 0.000000 0.000000 0.000000 0.000000 0.000000 0.000000 0.000000 0.000000 0.000002 0.000290 0.000002 0.000000 0.000000 0.000000 0.000001 0.000000 0.000000 0.000000 0.000000 0.000000 0.000000 0.000000 0.000001 0.000000 0.000000 0.000000 0.000000 0.000000 0.000002 0.000290 0.000002 0.000002 0.000000 0.000000 0.000000 0.000000 0.000000 0.000001 
0.000000 0.000000 0.000000 0.000000 0.000000 0.000000 0.000000 0.000000 0.000000 0.000000 0.000000 0.000002 0.000000 0.000000 0.000000 0.000001 0.000222 0.000001 0.000000 0.000000 0.000000 0.000000 0.000000 0.000001 0.000222 0.000001 0.000000 0.000000 0.000000 0.000000 0.000000 0.000002 0.000000 0.000000 0.000000 0.000000 0.000000 0.000000 0.000000 0.000000 
