0.000119 0.001844 0.023056 0.185204 0.023164 0.003730 0.011984 0.001858 0.000168 0.000011 0.000001 0.000000 0.000006 0.000111 0.001817 0.022679 0.181755 0.024052 0.018882 0.130167 0.191203 0.018133 0.001352 0.000082 0.000004 0.000001 0.000010 0.000093 0.000456 0.000187 0.000423 0.000870 0.009370 0.098077 0.009079 0.000719 0.000056 0.000110 0.001159 0.008189 
0.000606 0.010546 0.163030 2.007843 0.163579 0.033393 0.181455 0.022308 0.001749 0.000105 0.000005 0.000002 0.000028 0.000560 0.010371 0.159999 1.965931 0.166582 0.123457 1.270682 0.226231 0.023260 0.001757 0.000106 0.000006 0.000009 0.000121 0.001172 0.006511 0.002583 0.005889 0.003678 0.011590 0.011822 0.007220 0.001208 0.000153 0.000524 0.006732 0.070687 
0.000114 0.001705 0.020986 0.164440 0.038245 0.190273 2.371773 0.179631 0.011287 0.000598 0.000028 0.000008 0.000042 0.000143 0.001683 0.020586 0.160799 0.031467 0.092595 0.215934 1.216468 0.102269 0.006958 0.000393 0.000023 0.000075 0.001087 0.011885 0.080939 0.029656 0.075435 0.046721 0.157498 0.044162 0.076658 0.012133 0.001182 0.000285 0.001639 0.007282 
0.000127 0.000764 0.002255 0.016559 0.060351 0.105134 0.188041 0.033515 0.003468 0.000261 0.000026 0.000100 0.000577 0.000686 0.000819 0.001977 0.014150 0.054170 0.566827 0.072409 0.106904 0.013977 0.001167 0.000101 0.000027 0.000343 0.005607 0.074204 0.765219 0.238079 0.727811 0.424122 1.901894 0.381514 0.721470 0.084158 0.007619 0.002314 0.011571 0.002518 
0.001887 0.010967 0.002209 0.005869 0.047025 0.018656 0.034443 0.171866 0.021516 0.001711 0.000199 0.001044 0.007293 0.008911 0.011459 0.002009 0.003365 0.034267 0.315692 0.035626 0.009643 0.001324 0.000223 0.000601 0.000112 0.000095 0.001102 0.012015 0.082964 0.054551 0.301256 0.069963 0.159222 0.045129 0.097185 0.173368 0.024021 0.024936 0.183812 0.024947 
0.023679 0.172214 0.023248 0.027977 0.341062 0.052920 0.178566 2.150287 0.168316 0.010770 0.001083 0.006796 0.072225 0.092371 0.167305 0.021278 0.004064 0.026532 0.216955 0.026150 0.002753 0.000397 0.001771 0.011303 0.001798 0.000361 0.000334 0.001772 0.013546 0.099313 1.065481 0.099006 0.017861 0.014246 0.167760 1.988932 0.184012 0.206618 2.410740 0.206720 
0.188513 2.192167 0.171986 0.020568 0.082103 0.191542 0.044653 0.171897 0.022052 0.001811 0.000234 0.001598 0.017640 0.169611 2.002008 0.160818 0.010954 0.005337 0.024519 0.004387 0.001132 0.001892 0.022403 0.181339 0.023008 0.004962 0.003278 0.003050 0.002320 0.015913 0.113937 0.015807 0.002027 0.001955 0.021119 0.161903 0.022972 0.024874 0.183901 0.025495 
0.032255 0.172984 0.022354 0.014018 0.187042 2.367368 0.181553 0.023824 0.013608 0.001937 0.000185 0.000221 0.002399 0.023481 0.183834 0.022932 0.002900 0.006917 0.003274 0.002229 0.011225 0.012971 0.181481 2.380348 0.187420 0.053212 0.044207 0.035674 0.007186 0.022174 0.167907 0.021367 0.001769 0.000278 0.001777 0.010964 0.001935 0.002050 0.012497 0.009206 
0.054408 0.015338 0.002154 0.002122 0.023533 0.183520 0.024396 0.024770 0.181792 0.022423 0.001770 0.000224 0.001837 0.022322 0.177195 0.022944 0.009381 0.066808 0.008721 0.021612 0.165329 0.022645 0.024498 0.187128 0.081539 0.411675 0.455023 0.351177 0.046312 0.160081 1.858393 0.151756 0.009969 0.000686 0.001552 0.009065 0.001566 0.000765 0.007376 0.071818 
0.027999 0.003469 0.000444 0.001230 0.009075 0.020416 0.014214 0.181888 2.382513 0.181078 0.011480 0.001164 0.010195 0.155461 1.884082 0.157451 0.030889 0.092096 0.020548 0.167326 2.075429 0.163732 0.013322 0.024556 0.097491 0.057696 0.057402 0.038164 0.008747 0.029527 0.154768 0.019935 0.001700 0.001530 0.016882 0.121042 0.016807 0.001525 0.001159 0.007247 
0.002822 0.000488 0.000581 0.006744 0.071293 0.071623 0.009046 0.023268 0.184246 0.042032 0.004538 0.000460 0.001652 0.020220 0.157084 0.042108 0.178937 0.040776 0.006370 0.021617 0.167688 0.021407 0.007440 0.082421 0.947348 0.118105 0.192617 0.036330 0.021738 0.134933 0.027715 0.003090 0.000730 0.008644 0.122174 1.310496 0.120782 0.008558 0.000588 0.000597 
0.000237 0.000141 0.000598 0.001137 0.007309 0.008310 0.008383 0.004291 0.031259 0.240600 0.022130 0.001758 0.000293 0.002215 0.021210 0.176557 2.244073 0.343968 0.032917 0.005657 0.023664 0.003335 0.001400 0.013487 0.114236 0.363922 2.373190 0.329025 0.164788 1.575395 0.133268 0.009117 0.000712 0.003162 0.038707 0.332142 0.037968 0.003018 0.000193 0.000047 
0.000162 0.001475 0.008922 0.001604 0.001302 0.008152 0.075936 0.008217 0.005751 0.036710 0.033357 0.004043 0.000356 0.000262 0.003002 0.034506 0.358027 2.247947 0.176332 0.024558 0.144157 0.011866 0.002067 0.012109 0.179575 2.218471 0.489439 1.762434 0.193466 0.290279 0.036950 0.003629 0.000942 0.010434 0.133972 1.318179 0.121424 0.008589 0.000490 0.000026 
0.001569 0.017691 0.130072 0.017651 0.002075 0.007272 0.070169 0.007307 0.002937 0.023353 0.253157 0.020371 0.001368 0.000202 0.002036 0.025754 0.213325 0.197615 0.024206 0.009251 0.091080 0.008973 0.011386 0.003535 0.022304 0.175032 0.051686 0.154878 0.154884 1.576877 0.134888 0.020491 0.004110 0.024073 0.198846 0.143870 0.018607 0.001533 0.000096 0.000007 
0.009539 0.131186 1.468009 0.129746 0.009137 0.001980 0.006935 0.002551 0.007340 0.003947 0.020599 0.002696 0.000252 0.000607 0.011285 0.180884 2.372260 0.189822 0.012996 0.001938 0.014417 0.022405 0.158146 0.021429 0.004039 0.011348 0.004072 0.012909 0.030869 0.137106 0.040444 0.184536 0.033860 0.183798 2.390341 0.188549 0.012662 0.000726 0.000043 0.000039 
0.003254 0.038043 0.317157 0.037997 0.004338 0.007790 0.004092 0.015264 0.075729 0.007761 0.002536 0.000368 0.000040 0.000108 0.001750 0.022331 0.180754 0.022818 0.001935 0.001410 0.020317 0.164760 1.622542 0.158573 0.021779 0.003012 0.002180 0.023215 0.184506 0.042760 0.185695 2.397262 0.182412 0.033737 0.182581 0.022869 0.001842 0.000125 0.000106 0.000573 
0.009770 0.131296 1.469174 0.131071 0.023523 0.099742 0.039007 0.112421 0.088291 0.010370 0.012099 0.001819 0.000189 0.000026 0.000159 0.001756 0.011318 0.002031 0.001372 0.008417 0.069222 0.055368 0.264241 0.053738 0.170360 0.022489 0.013113 0.182491 2.395211 0.182782 0.033954 0.183469 0.022688 0.003522 0.011444 0.001783 0.000170 0.000112 0.001068 0.007240 
0.004411 0.018145 0.130612 0.024961 0.099485 0.969654 0.350284 1.052463 0.111694 0.031257 0.182943 0.022552 0.002351 0.000212 0.000034 0.000195 0.001353 0.004744 0.011082 0.109323 0.174292 0.195863 0.156315 0.296579 1.917468 0.167443 0.012809 0.023106 0.182396 0.022730 0.004695 0.017999 0.002941 0.000380 0.000614 0.000110 0.000053 0.000615 0.007330 0.071787 
0.028476 0.004318 0.009236 0.002936 0.016714 0.116983 0.040628 0.107597 0.037540 0.185470 2.395771 0.182324 0.022627 0.002354 0.000256 0.000911 0.009030 0.061757 0.058212 0.232807 0.970062 0.563812 0.583334 0.925483 0.272777 0.039111 0.003927 0.002048 0.011526 0.003303 0.013299 0.085936 0.013005 0.001185 0.000106 0.000020 0.000160 0.001764 0.011554 0.009087 
0.028113 0.002934 0.000844 0.001956 0.021966 0.165508 0.025214 0.030852 0.165833 0.043477 0.185803 0.045029 0.184123 0.022544 0.002118 0.005438 0.069671 0.712643 0.296655 1.136604 4.635968 1.712391 0.572923 0.273065 0.068726 0.133198 0.018896 0.001817 0.002156 0.012533 0.087760 0.840452 0.085579 0.006604 0.000409 0.000123 0.001673 0.020841 0.162617 0.023469 
0.002857 0.000467 0.000765 0.011714 0.161409 1.780074 0.170164 0.183990 2.006970 0.163284 0.033139 0.184685 2.394071 0.180573 0.011377 0.002493 0.027739 0.147758 0.775301 4.302458 29.191940 6.273579 2.063334 0.748493 0.710598 1.145852 0.128100 0.010454 0.012181 0.075594 0.048591 0.318799 0.035395 0.002807 0.000201 0.000584 0.010606 0.163005 2.001294 0.182708 
0.000235 0.000152 0.001864 0.024090 0.202053 0.179852 0.024821 0.023163 0.162734 0.020938 0.004017 0.022718 0.182379 0.022419 0.001775 0.000557 0.007529 0.058161 0.253869 1.268123 4.712944 1.799062 0.559207 0.142716 0.046895 0.131635 0.020043 0.007760 0.075096 0.685734 0.179925 0.681890 0.073686 0.005938 0.000395 0.000303 0.003398 0.031862 0.164266 0.023058 
0.000045 0.000601 0.011381 0.182528 2.393420 0.290071 0.027917 0.003754 0.010633 0.001684 0.000337 0.001778 0.011362 0.001758 0.000164 0.000131 0.002007 0.021649 0.195714 0.345853 1.017309 0.646291 0.609624 0.151499 0.024524 0.019976 0.015020 0.006556 0.046790 0.319555 0.048705 0.076865 0.022003 0.002739 0.000432 0.002331 0.022160 0.177393 0.032837 0.003764 
0.000044 0.000135 0.002211 0.030121 0.284722 1.047513 0.104230 0.008070 0.001062 0.000129 0.000023 0.000107 0.000596 0.000106 0.000013 0.000037 0.000531 0.005895 0.048006 0.257807 0.179267 0.228291 1.099016 0.554877 0.117154 0.097637 0.135738 0.041176 0.267269 0.866749 0.090337 0.033267 0.163999 0.021034 0.003968 0.022137 0.177456 2.271009 0.181326 0.012863 
0.000565 0.000120 0.000363 0.004942 0.052684 0.384877 0.041923 0.005799 0.000730 0.000070 0.000006 0.000006 0.000027 0.000005 0.000001 0.000011 0.000181 0.002474 0.028843 0.317954 0.080726 0.173031 1.447141 0.191771 0.034007 0.122746 0.034877 0.183710 2.362727 0.262791 0.034564 0.164744 2.003326 0.162674 0.032283 0.176358 0.044258 0.185536 0.096457 0.010746 
0.007097 0.001088 0.000636 0.008538 0.117400 1.232421 0.120764 0.039482 0.005659 0.000540 0.000039 0.000003 0.000002 0.000001 0.000002 0.000032 0.000575 0.009618 0.133230 1.234068 0.136642 0.053161 0.378322 0.053953 0.007309 0.012142 0.005652 0.029579 0.181792 0.028815 0.004747 0.023265 0.185328 0.033899 0.175898 2.242411 0.175674 0.030520 0.077432 0.015826 
0.069793 0.007260 0.001342 0.001657 0.017418 0.124036 0.052270 0.285849 0.031958 0.002736 0.000187 0.000016 0.000026 0.000006 0.000011 0.000101 0.000612 0.001683 0.018944 0.133319 0.027766 0.118390 1.198781 0.215615 0.023554 0.004090 0.015343 0.097280 0.023584 0.003284 0.002140 0.023022 0.184776 0.024619 0.023585 0.174192 0.021973 0.004028 0.014512 0.074077 
0.009066 0.010516 0.010580 0.002190 0.008485 0.056881 0.042054 0.225893 0.022816 0.002308 0.000220 0.000118 0.000564 0.000109 0.000110 0.001043 0.006776 0.001193 0.001812 0.010939 0.010765 0.025528 0.217954 1.051845 0.104643 0.018231 0.125956 1.067725 0.086738 0.006412 0.010848 0.162588 2.002063 0.161057 0.012248 0.012146 0.002021 0.002056 0.012099 0.009251 
0.010711 0.104646 0.122150 0.014145 0.045774 0.462841 0.167494 0.194931 0.021711 0.012269 0.001958 0.001842 0.010491 0.001722 0.000728 0.007247 0.071710 0.007255 0.001955 0.015120 0.098054 0.019205 0.048434 0.355926 0.041244 0.043036 0.544031 0.125980 0.013845 0.001237 0.001754 0.020918 0.163058 0.020992 0.003541 0.012151 0.003535 0.020994 0.162689 0.023482 
0.003331 0.021156 0.012176 0.002264 0.008029 0.058968 0.135655 0.060284 0.027853 0.166244 0.023281 0.022966 0.162141 0.021287 0.002331 0.007349 0.071757 0.007609 0.008055 0.099003 0.966894 0.111381 0.111954 0.954385 0.097036 0.012108 0.040338 0.011339 0.002014 0.000956 0.000449 0.003403 0.021566 0.005138 0.022859 0.183096 0.032936 0.164210 2.001946 0.182721 
0.022445 0.159588 0.021012 0.002142 0.006248 0.079145 0.820230 0.089740 0.171809 2.046653 0.186016 0.184499 1.996152 0.171513 0.012233 0.001759 0.006823 0.001325 0.003681 0.038821 0.356837 0.040282 0.018341 0.096830 0.014391 0.001807 0.004354 0.013001 0.008668 0.012112 0.003323 0.022044 0.174505 0.033081 0.184213 2.397548 0.182332 0.032078 0.163137 0.022915 
0.173282 1.931059 0.155710 0.010217 0.001560 0.011127 0.075670 0.012857 0.022189 0.165737 0.023351 0.024712 0.184492 0.202570 0.024028 0.001958 0.000798 0.002230 0.018333 0.106226 1.043383 0.105227 0.020434 0.010054 0.001663 0.001953 0.023021 0.187655 0.084954 0.151413 0.023950 0.175826 2.222945 0.173349 0.033413 0.183077 0.022607 0.003422 0.010618 0.001839 
0.033356 0.158605 0.020277 0.001647 0.000281 0.001379 0.005684 0.001440 0.001858 0.010756 0.002459 0.013170 0.192401 2.390691 0.180260 0.011358 0.002298 0.021012 0.165113 0.036084 0.106738 0.037834 0.185159 0.034152 0.004180 0.011597 0.181636 2.384603 0.186452 0.023190 0.003897 0.021944 0.173368 0.021878 0.004063 0.011581 0.001811 0.000266 0.000576 0.000113 
0.069948 0.016640 0.002130 0.000294 0.001094 0.005862 0.003121 0.004846 0.001080 0.001262 0.000331 0.001882 0.023022 0.182015 0.022399 0.002317 0.010662 0.163871 2.036599 0.164183 0.029998 0.185723 2.413370 0.360352 0.033671 0.004281 0.022767 0.181912 0.023037 0.003162 0.000501 0.001759 0.011121 0.003502 0.011575 0.002461 0.000857 0.000131 0.000038 0.000008 
0.007115 0.001568 0.000263 0.001005 0.010401 0.067346 0.035277 0.058728 0.010840 0.012217 0.001834 0.000350 0.001800 0.011340 0.001760 0.000269 0.001822 0.022579 0.179532 0.024424 0.012258 0.035316 0.364099 2.412135 0.182580 0.014586 0.006081 0.016042 0.003921 0.008510 0.001231 0.000355 0.002452 0.023097 0.181565 0.024077 0.013049 0.001856 0.000170 0.000048 
0.000566 0.000139 0.000324 0.004837 0.059775 0.552229 0.347557 0.531726 0.078577 0.186496 0.022757 0.002339 0.000314 0.000610 0.000111 0.000105 0.001453 0.016583 0.117501 0.040524 0.105028 0.018640 0.035195 0.184664 0.030048 0.041220 0.051346 0.058843 0.019051 0.094239 0.008631 0.001950 0.013226 0.192725 2.383417 0.201840 0.192482 0.022893 0.001871 0.000686 
0.000038 0.000012 0.000070 0.000988 0.010399 0.067348 0.035840 0.069902 0.191044 2.390726 0.181857 0.021748 0.002258 0.000206 0.000038 0.000442 0.007354 0.097524 0.962027 0.351465 1.043933 0.102402 0.010284 0.016604 0.053548 0.372982 0.527442 0.548163 0.079694 0.046711 0.006847 0.012771 0.025882 0.204655 0.214911 0.205315 2.381412 0.179677 0.012257 0.007893 
0.000021 0.000002 0.000009 0.000114 0.001076 0.005801 0.002899 0.006524 0.023428 0.183709 0.043182 0.164216 0.020824 0.001666 0.000116 0.000185 0.001796 0.014613 0.098714 0.038436 0.104575 0.015125 0.001540 0.001680 0.008539 0.039585 0.051115 0.057692 0.011258 0.006933 0.022144 0.173501 0.202360 2.387095 0.192760 0.035356 0.182053 0.022846 0.008552 0.072325 
0.000001 0.000000 0.000001 0.000009 0.000083 0.000401 0.000192 0.000488 0.002383 0.021857 0.164320 2.002234 0.160897 0.010432 0.000660 0.001077 0.006897 0.002325 0.007547 0.003013 0.007779 0.001339 0.000258 0.001386 0.009569 0.004337 0.003838 0.004633 0.001580 0.010947 0.162385 1.999281 0.182766 0.192056 0.023628 0.003632 0.011423 0.001852 0.001205 0.007290 
0.000000 0.000000 0.000000 0.000001 0.000005 0.000024 0.000011 0.000033 0.000227 0.002461 0.023103 0.184677 0.022901 0.001867 0.000684 0.007247 0.071783 0.007254 0.001032 0.000230 0.000485 0.000133 0.000690 0.009128 0.099625 0.009225 0.000901 0.000354 0.000188 0.001868 0.022960 0.184419 0.024702 0.013736 0.002006 0.000289 0.000633 0.000122 0.000118 0.000613 
