129.314774 130.184860 130.478165 130.305511 129.710449 130.276810 130.518723 130.581802 130.778503 130.915680 130.996964 131.053131 131.100464 131.141815 131.151947 131.050049 130.722137 130.016296 130.342346 129.961731 128.640289 125.708221 129.723511 130.808136 131.107330 131.181992 131.173126 131.085251 130.931351 130.744614 130.794220 130.779785 130.580109 129.682510 126.091782 129.664642 130.568405 130.809433 130.875198 130.891647 
125.973816 129.673843 130.336197 129.820038 126.675430 129.564041 130.035721 129.857849 130.534531 130.852859 130.983963 131.050598 131.096359 131.131958 131.128922 130.972809 130.257141 126.980843 129.581284 128.808823 125.984535 128.278107 130.169998 130.893066 131.123489 131.179901 131.151764 131.004349 130.634689 129.937119 130.428986 130.556000 130.560516 130.232101 129.669510 130.239304 130.638153 130.808899 130.865845 130.878311 
129.598618 130.321091 130.524902 130.287384 129.457001 129.104324 128.726273 126.487320 129.924438 130.738190 130.964111 131.043655 131.076202 131.089218 131.085922 131.024750 130.744949 129.972290 129.473969 125.718399 128.133316 126.388657 130.035233 130.909744 131.131805 131.173218 131.114090 130.840958 129.823654 125.964020 129.382904 129.668549 130.126526 129.745056 129.994049 129.808289 130.451691 130.739090 130.821136 130.820786 
130.492691 130.614670 130.614868 130.394043 129.452118 125.684296 125.621460 128.897705 130.201248 130.747467 130.958130 131.021759 130.991104 130.872482 130.856918 130.950485 130.920212 130.613312 129.728149 126.010910 129.341934 129.853149 130.700912 131.045395 131.152542 131.166748 131.092667 130.774429 129.585526 125.222282 128.591019 126.284225 129.047638 126.536766 129.109650 126.655418 129.813049 130.561157 130.690308 130.596802 
130.671127 130.638885 130.527191 130.430771 129.890305 128.562805 129.067947 129.844330 129.869156 130.609116 130.917770 130.955994 130.714478 129.957916 129.898209 130.533035 130.854950 130.810608 130.336517 129.222534 130.258224 130.709778 130.992752 131.107803 131.131897 131.137512 131.082199 130.821625 129.809479 125.898430 129.127441 128.918579 129.907272 129.790451 130.144745 129.651443 129.700333 130.366776 130.368744 129.715149 
130.571976 130.377533 129.858688 130.152115 129.413803 125.685493 129.076187 129.563278 126.858139 130.142715 130.845581 130.866898 130.097992 126.247589 126.047867 129.275055 130.531570 130.740112 130.107529 126.976028 130.153229 130.872177 131.055161 131.053116 130.961288 131.009888 131.026520 130.941040 130.588348 129.793930 129.669052 126.670036 129.917145 130.504868 130.549469 129.884262 126.847122 129.837051 129.716537 126.130432 
130.158768 129.606110 126.685364 129.641373 129.384460 125.695091 128.764603 129.997604 129.984848 130.668488 130.970154 130.997070 130.693573 129.796555 129.130295 126.765900 130.100098 130.697266 130.523468 130.133881 130.728546 130.974731 131.007751 130.789978 130.201111 130.544937 130.730865 130.844757 130.745941 130.650726 130.510025 129.962234 130.570206 130.820114 130.833038 130.607193 130.074478 130.510712 130.443878 129.771042 
129.046982 129.068558 129.449570 130.224060 130.131927 128.968994 126.476868 129.877548 130.553741 130.781525 130.992752 131.067291 130.992966 130.750015 130.450317 129.967758 130.540161 130.541534 129.985580 130.497528 130.820175 130.863190 130.838150 130.166672 126.808907 129.103836 129.678848 130.319916 130.096207 130.592728 130.566437 130.042908 130.658035 130.918121 130.962311 130.890259 130.768021 130.831711 130.817398 130.697006 
124.728294 125.008232 129.317307 130.396194 130.495987 130.120544 129.733597 130.429855 130.573364 130.193573 130.754669 131.011536 131.063675 130.963287 130.663376 130.031525 130.409134 129.803116 126.325867 129.838394 130.509857 130.208893 130.662781 130.472946 129.174561 125.878944 126.002556 129.155548 126.854248 130.001953 130.021301 127.025726 130.246353 130.898483 130.993591 130.924164 130.801849 130.887070 130.938644 130.938553 
128.404022 125.699875 129.603790 130.502640 130.431961 129.693115 129.619385 130.318939 130.028778 126.953140 130.031891 130.793915 131.005936 130.929871 130.268753 127.107483 129.903946 129.581360 126.213425 129.724396 129.979980 127.113022 130.190567 130.634750 130.149460 128.963074 129.370255 130.026367 129.933289 130.512543 130.495560 130.163635 130.778976 131.008850 130.981400 130.728638 130.179337 130.694901 130.929855 130.998901 
130.172180 129.815430 130.490326 130.645447 129.963120 126.163300 126.075638 129.691681 130.286209 129.715225 129.648407 130.401794 130.860367 130.980286 130.785431 130.176315 130.329407 129.685806 129.555695 130.382187 130.508972 130.033386 130.634750 130.739090 130.040436 126.718124 129.423096 129.659180 130.200104 130.431854 130.069504 130.593689 130.948578 131.053635 130.909805 130.171021 126.918602 130.142181 130.851730 131.012451 
130.826843 130.778931 130.880692 130.865814 130.607178 129.789948 129.484146 129.548584 130.149124 129.474487 125.836525 128.935150 130.438171 130.927216 130.977539 130.742538 130.062622 126.729675 129.180481 130.337662 130.446686 129.901474 130.589294 130.831009 130.590607 129.692032 128.965622 126.396347 129.074799 129.625031 126.841347 130.139664 130.898300 131.050461 130.935257 130.457169 129.419312 130.453705 130.909576 131.046661 
131.042068 131.015625 130.972610 130.870865 130.839310 130.529160 129.643600 126.096603 129.501617 129.302124 125.158287 125.283348 129.720520 130.807526 131.032181 130.944244 130.520966 129.256973 126.721176 129.866058 129.742493 126.344269 129.928497 130.740921 130.739365 129.956650 126.619461 128.550049 126.526169 129.504929 129.238144 130.425446 130.902115 131.012482 130.831909 130.025162 126.864151 130.174789 130.912750 131.080917 
131.097961 131.030960 130.791779 130.239655 130.699539 130.683121 129.847519 126.214233 129.608475 129.895706 128.773407 125.972336 129.863708 130.848129 131.066620 131.003632 130.646103 129.803741 129.833099 130.412231 129.858734 126.374947 129.891693 130.652679 130.854340 130.673553 130.073151 130.243561 129.874069 129.786026 126.898376 130.091751 130.726135 130.900803 130.692902 129.958679 129.949524 130.727631 131.051804 131.144821 
131.033386 130.897705 130.195465 126.960228 130.155884 130.748779 130.567383 129.889862 130.147964 129.696564 130.019821 129.866852 130.660034 131.019501 131.106506 130.977676 130.288086 127.125809 130.090668 130.738373 130.642151 130.030914 130.402390 130.166611 130.726105 130.887070 130.845932 130.846954 130.703094 130.484238 130.053802 130.438293 130.174271 130.623383 130.189941 127.069931 130.135925 130.902496 131.123413 131.184097 
130.773468 130.776688 130.422760 129.427231 130.441040 130.789368 130.685623 130.418137 129.609558 126.193359 129.744644 130.566406 130.945587 131.110031 131.151917 131.090027 130.845886 130.304779 130.784531 130.992294 130.966064 130.724792 130.151642 127.128998 130.160065 130.730972 130.937241 130.957474 130.732849 130.159973 130.452850 130.124069 127.166328 130.223907 130.655731 130.274490 130.816742 131.078644 131.174347 131.203003 
129.751862 130.259476 129.956268 126.912949 130.086502 130.549408 130.064285 130.144302 129.005875 126.020020 129.749115 130.610046 130.971054 131.118835 131.165649 131.147278 131.061584 130.934235 131.010437 131.081802 131.063309 130.911865 130.568970 130.027267 130.287216 130.111221 130.725433 130.856964 130.285583 127.202988 130.188095 130.612442 130.242844 130.789062 130.983490 130.978180 131.092331 131.166199 131.194870 131.200119 
125.784401 128.949310 130.127228 130.041321 130.554565 130.130280 126.952988 129.295395 126.584305 129.115738 130.179291 130.126953 130.776901 131.038895 131.131836 131.128815 131.034790 130.866547 130.872772 131.009995 131.011734 130.759384 130.090088 130.138397 129.292236 126.854004 130.158966 130.838135 130.788483 130.302017 130.763565 130.871979 130.773499 130.974350 131.099243 131.142197 131.175781 131.187943 131.174652 131.146545 
128.514130 125.868347 129.740845 130.608231 130.841583 130.647537 129.996460 130.310669 129.924515 130.195267 129.990112 127.120705 130.218750 130.806946 131.025757 131.027939 130.753998 130.019440 130.009369 130.704407 130.847610 130.242035 127.011337 129.340912 126.694962 129.345947 130.449585 130.896118 130.994461 130.919800 130.917877 130.742462 130.247284 130.808670 131.075577 131.165024 131.185379 131.159592 131.071274 130.919708 
129.415787 126.201042 129.903320 130.778992 130.909393 130.656036 130.038513 130.506683 130.453461 130.041580 130.418457 130.122162 130.500778 130.241943 130.793610 130.863831 130.143661 126.449844 126.426468 130.078842 130.795639 130.716904 130.148865 130.404449 130.005157 130.279694 130.106354 130.745590 130.978516 130.947205 130.724991 130.123627 127.041748 130.238052 130.969070 131.143845 131.161392 131.071442 130.763214 130.023773 
130.540756 130.071045 130.703430 130.945709 130.825882 130.076981 127.028046 130.026932 130.056396 127.137589 130.178101 130.620010 130.214066 127.235008 130.318420 130.880753 130.712662 129.970932 129.887146 130.488480 130.817123 130.829346 130.677078 130.757294 130.619492 130.090683 127.095207 130.197098 130.805603 130.692825 130.073090 130.158066 129.390533 130.495056 130.983246 131.131775 131.125549 130.933990 130.111603 126.397919 
130.994293 130.925797 131.020248 130.999390 130.699020 129.893845 129.776901 130.530746 130.669800 130.279938 130.799683 130.955521 130.822296 130.347946 130.858749 131.046753 130.997147 130.756210 130.447144 129.943832 130.468277 130.439468 130.055542 130.542709 130.612717 130.486511 129.915054 130.435806 130.648224 130.054153 126.806396 129.274658 126.835571 130.153061 130.924652 131.106232 131.096481 130.933395 130.504486 129.788727 
131.121185 131.109955 131.099945 130.945770 130.195984 126.817673 129.258209 130.492157 130.883621 130.943588 131.070862 131.122070 131.094482 131.018936 131.104919 131.142212 131.082809 130.822998 129.906281 126.248810 129.412170 129.096634 126.623680 129.606949 129.778900 130.096725 129.472504 129.668900 130.332581 130.127350 129.229645 130.075394 129.983368 130.579147 130.947052 131.061554 130.994125 130.703506 129.983734 130.086655 
131.073059 131.088150 131.102509 131.012680 130.613007 129.371872 126.696709 130.075577 130.852448 131.062286 131.150040 131.183685 131.185577 131.175156 131.187805 131.183365 131.119705 130.869690 129.921280 126.130478 128.837830 126.394981 128.810852 128.805435 126.404907 128.777145 125.311325 125.859688 129.401978 129.071716 126.612534 129.907532 130.386047 130.155670 130.750473 130.914627 130.719696 130.029419 126.583504 128.599976 
130.744461 130.826508 130.992157 131.024429 130.848999 130.296799 129.327026 130.355728 130.760696 131.020859 131.145691 131.194977 131.210068 131.212204 131.212296 131.200516 131.154572 131.014648 130.618408 129.697388 129.471909 129.496094 129.433289 126.403946 128.937485 129.253937 125.837502 128.750061 129.329880 126.587814 129.296661 130.373886 130.102203 127.133156 130.188675 130.600739 130.093811 130.128647 128.730698 124.797768 
129.528076 129.810486 130.616592 130.898224 130.827454 130.096954 126.822578 129.814880 130.035248 130.764450 131.072250 131.177002 131.209015 131.216309 131.213562 131.196915 131.152466 131.054306 130.826691 130.040649 126.957306 129.824844 130.059387 129.117218 129.909271 130.205750 129.687927 129.887283 129.446838 129.663498 130.425705 130.773529 130.653122 130.083450 130.550629 130.163391 127.050232 129.841660 129.295120 125.017906 
125.223343 125.929291 129.749390 130.571228 130.795868 130.569748 129.808716 129.711792 126.829590 130.157471 130.936386 131.138840 131.192474 131.202164 131.195679 131.160339 131.069687 130.927185 130.922348 130.717285 130.170547 130.467880 129.928879 126.613983 129.196548 130.279114 130.277130 129.448044 125.966461 129.609894 130.638763 130.882935 130.696884 130.104080 130.642181 130.690018 130.217987 130.601868 130.400391 129.552795 
129.317276 129.340485 129.438385 129.750519 130.493454 130.483856 129.785950 129.889648 129.093216 130.329422 130.888031 131.093643 131.152344 131.152557 131.144073 131.058075 130.768188 130.157257 130.704697 130.884567 130.789688 130.685822 130.426270 129.270844 126.632095 129.865067 130.118057 128.722687 125.247810 129.499039 130.656525 130.843994 130.263000 127.135010 130.249954 130.840973 130.858246 130.906769 130.779495 130.473877 
130.274216 129.597702 126.020233 126.106277 129.766190 129.851471 126.579346 128.755875 125.803673 129.691406 130.623947 130.964951 131.036957 130.978180 131.022278 130.870193 130.021164 126.457916 129.983368 130.750778 130.685791 130.156448 130.489548 130.181137 129.286392 130.178345 129.770386 125.945648 125.390198 129.627975 130.693527 130.930984 130.777893 130.257629 130.762863 130.918564 130.848480 130.848328 130.588318 129.838104 
130.616745 130.313461 129.549667 129.655365 130.374969 130.366455 129.531738 128.674683 125.721420 129.471802 129.948196 130.662994 130.728500 130.280487 130.748489 130.780457 129.992706 126.446251 129.962891 130.653656 130.143387 126.991379 129.968597 129.944748 126.950058 130.053909 130.430801 129.748047 129.584045 130.287216 130.668732 130.909164 130.908875 130.748627 130.849960 130.702515 130.165451 130.497589 129.913651 126.199364 
130.642334 130.357346 129.733536 130.268661 130.605835 130.549576 129.787552 126.480011 128.971634 129.628036 126.919594 130.071243 130.102081 127.098969 130.112244 130.764038 130.680557 130.126785 130.677444 130.802048 130.447693 129.437622 130.366516 130.557404 130.180893 130.714462 130.828400 130.586731 130.196365 129.710037 129.854401 130.592926 130.664261 130.179153 130.553680 130.102173 127.002426 130.040314 130.386200 129.782394 
130.460159 129.760300 126.767212 129.909454 130.602280 130.681854 130.454651 129.928757 130.336319 130.507309 130.174698 130.688049 130.647339 129.984070 129.992905 130.709702 130.927963 130.881760 130.902039 130.717957 130.113266 126.989944 130.074615 130.623383 130.768677 130.938889 130.913055 130.508148 129.196976 125.995018 126.176445 129.888733 130.038254 127.014961 130.096680 130.489777 130.090424 130.585220 130.723450 130.638718 
130.252991 129.600204 129.628403 130.376297 130.657059 130.662857 130.529465 130.551636 130.705353 130.820190 130.841904 130.960876 130.850037 130.141434 127.124825 130.291656 130.936203 130.990463 130.784271 130.204712 130.453018 130.072372 130.411026 130.087433 130.565033 130.872711 130.847427 130.140594 126.737160 129.085617 129.703369 130.534332 130.617508 130.155075 130.615585 130.738052 130.707596 130.800507 130.844330 130.838760 
129.682343 126.710472 129.732910 130.471939 130.590408 130.351715 129.737442 130.307968 130.565567 130.795456 130.914658 131.014374 131.018799 130.809372 130.320297 130.846481 131.044861 130.958649 130.299408 127.170242 130.136307 130.524277 130.055084 126.863785 129.430023 130.544022 130.826157 130.669937 130.062500 130.373260 130.499390 130.776352 130.844360 130.755920 130.756027 130.684265 130.747131 130.800156 130.843338 130.860733 
130.244263 129.821228 130.356583 130.566971 130.427963 129.520432 125.837997 129.270569 129.715271 130.461594 130.710388 130.932571 131.047729 131.058701 130.998459 131.092087 131.126984 131.046417 130.746399 130.105042 130.591705 130.665039 130.481064 129.392349 126.779900 129.911407 130.571198 130.721481 130.542053 130.429016 129.935623 130.558746 130.799133 130.771133 130.534668 129.997589 130.451508 130.588470 130.744110 130.814926 
130.313141 130.396439 130.567505 130.604614 130.362152 129.263779 125.106010 128.502747 126.489311 129.677856 129.933609 130.652740 130.951752 131.091492 131.135956 131.163437 131.148666 131.044708 130.732101 130.054718 130.403229 130.126373 130.572174 130.414841 129.758270 129.574600 129.734589 130.258560 129.816040 129.540222 126.119522 129.787048 130.572052 130.564423 129.838943 126.762932 129.667130 129.815018 130.474930 130.716125 
129.515854 130.250854 130.562363 130.618530 130.416122 129.486099 125.797462 129.200058 129.522064 129.662323 126.866310 130.054123 130.701111 130.995819 131.129929 131.161469 131.119293 130.940033 130.256439 127.038635 129.472992 127.042831 130.176926 130.588181 129.835831 126.164299 126.067268 129.156723 126.590439 129.009552 126.000671 129.666885 130.356323 130.329178 129.635635 129.503525 129.579422 126.796234 129.952377 130.598633 
125.967728 129.673691 130.478348 130.640076 130.586288 130.298447 129.681335 130.241028 130.416809 130.404205 129.958206 130.328568 130.104752 130.758728 131.056046 131.114426 131.038483 130.855865 130.706314 130.196869 130.510315 130.229111 130.765366 130.861816 130.531738 129.693863 129.730057 130.293427 129.986694 130.247742 129.782959 130.152283 129.750641 129.652664 126.721451 129.700089 130.218826 129.906281 130.472809 130.697723 
129.519165 130.271515 130.586258 130.682251 130.685272 130.623566 130.530243 130.641479 130.708084 130.701141 130.532394 130.016510 126.990128 130.218658 130.929108 131.005463 130.742889 130.116562 130.647812 130.826294 130.951492 130.944916 131.022049 130.948761 130.579300 129.815613 130.391647 130.752319 130.763138 130.754745 130.531677 129.932877 126.791977 129.666748 129.777695 130.388336 130.596603 130.597412 130.711853 130.774429 
130.347977 130.535233 130.655075 130.707291 130.723206 130.719650 130.716782 130.758972 130.796600 130.804062 130.739395 130.520004 129.987778 130.653976 130.955017 130.859772 130.003220 126.382141 129.977890 130.838226 131.059418 131.101074 131.079773 130.861710 129.943176 126.264336 129.882416 130.768005 130.926895 130.915009 130.785339 130.478149 129.825256 130.328949 130.486206 130.658844 130.738037 130.757004 130.787079 130.806274 
