0.075101 0.337180 1.439133 4.653503 1.582912 0.936226 1.472891 0.610606 0.163003 0.033284 0.005762 0.002292 0.010498 0.063502 0.331140 1.416599 4.544738 1.603692 1.195800 2.682100 2.266953 0.572684 0.123707 0.022686 0.003759 0.001361 0.003689 0.011676 0.025170 0.028073 0.049220 0.132569 0.463372 1.795464 0.359310 0.069402 0.014944 0.011810 0.036498 0.107359 
0.112741 0.559628 2.969120 14.940536 3.397026 2.834782 7.088822 2.276422 0.518349 0.095703 0.015301 0.004227 0.015076 0.094545 0.552588 2.954430 14.934729 3.275152 2.698403 10.751525 3.881795 0.996738 0.208707 0.037463 0.006463 0.003850 0.013808 0.049022 0.120034 0.119007 0.188010 0.384376 0.840089 0.707850 0.265023 0.084893 0.030103 0.032253 0.099158 0.398978 
0.069263 0.265057 1.033549 3.118475 2.293831 7.346259 37.231068 6.919002 1.253810 0.207554 0.031472 0.006940 0.013045 0.055673 0.251289 1.002535 2.962977 1.359004 1.730104 3.826334 10.159674 1.905393 0.345497 0.059728 0.011675 0.010933 0.046838 0.194586 0.600920 0.506713 0.813449 1.614633 4.162480 1.675877 0.767235 0.282216 0.116080 0.115269 0.202793 0.193086 
0.113474 0.231610 0.359322 0.803193 1.259111 3.126432 7.285298 3.023443 0.839559 0.183048 0.035179 0.014641 0.032632 0.075009 0.163266 0.299460 0.664362 0.852219 2.609172 1.449875 2.039039 0.644530 0.159951 0.054559 0.021399 0.023018 0.104030 0.550465 2.819338 1.800137 3.051347 5.226376 21.602623 5.048822 2.846211 0.986424 0.465536 0.567117 1.091558 0.615873 
0.519288 1.017408 0.573105 0.766851 1.982997 1.809099 2.963043 4.958031 1.584685 0.364355 0.075611 0.049486 0.147800 0.318581 0.572686 0.300020 0.245716 0.593448 3.240535 0.709853 0.441197 0.186023 0.133647 0.198963 0.096167 0.039293 0.058644 0.218039 0.712597 1.006927 2.731918 2.119623 4.280619 1.790857 1.593244 2.855866 1.661423 2.456777 6.003879 2.606094 
2.201652 5.603971 2.070806 2.058645 8.709818 3.722549 5.650661 23.293657 4.364696 0.797667 0.151893 0.136501 0.612103 1.364106 2.920554 1.020925 0.333511 0.617631 5.502595 0.597968 0.174638 0.182159 0.517303 1.176303 0.509004 0.154841 0.067735 0.110243 0.358036 1.368944 6.541485 1.588128 1.043352 0.869980 2.732676 13.087280 5.256493 8.088177 30.983078 8.134278 
6.507543 29.434483 5.592807 1.903735 3.601071 6.537736 3.496907 4.941644 1.715199 0.441722 0.111241 0.135908 0.645906 3.057282 14.298129 2.994894 0.681799 0.602248 6.339700 0.538883 0.300126 0.591259 2.200487 6.234529 2.199254 0.626370 0.229930 0.172051 0.246718 0.786422 2.385858 0.812657 0.334773 0.313578 0.931632 2.684145 1.625956 2.451923 6.009154 2.627006 
2.298741 5.609252 1.968590 1.497005 5.860085 29.188784 5.858181 2.259602 1.707977 0.624238 0.168670 0.099889 0.347696 1.373450 3.953177 1.769282 0.865518 0.840643 5.836404 1.027780 1.193448 1.633023 6.469108 27.464407 6.419888 2.047673 0.891978 0.694719 0.528571 1.394824 4.124616 1.303256 0.328670 0.132434 0.248670 0.547483 0.397610 0.562427 1.111207 0.690003 
0.851102 1.042504 0.499052 0.554408 1.920245 5.748801 2.387631 2.801568 7.102496 2.286582 0.530598 0.156874 0.322984 1.232063 3.394109 2.128217 1.640909 1.888260 5.059497 2.274858 3.807148 2.229150 3.316948 11.361785 4.819407 6.608569 3.106460 2.795398 1.369212 3.723884 17.283981 3.279328 0.610727 0.139290 0.143040 0.273486 0.158757 0.139328 0.254567 0.495636 
0.268961 0.200954 0.113141 0.170695 0.559577 1.385138 1.695536 7.115476 37.154499 6.948311 1.274112 0.293523 0.514215 2.331042 9.454041 6.398170 5.358605 5.547671 7.218392 7.478137 16.570539 4.862485 3.030303 7.442442 4.399475 2.665786 2.059376 1.267537 0.874772 1.749807 3.559480 1.166709 0.290701 0.144211 0.365065 0.973394 0.355695 0.109190 0.068992 0.102917 
0.052631 0.041204 0.040226 0.109927 0.505651 0.781261 0.697282 2.371011 7.270199 3.189287 0.838502 0.216518 0.265509 0.973297 3.224589 3.986716 9.186203 11.755858 10.300393 10.364239 18.602648 5.834528 4.077419 6.227369 11.374475 4.517869 4.992959 2.672873 1.824476 3.341372 1.595577 0.497432 0.159338 0.251227 1.083064 4.850909 1.032766 0.214659 0.048358 0.025500 
0.018296 0.030843 0.054821 0.056373 0.118647 0.184600 0.301448 0.723032 2.195286 5.532889 1.254203 0.297720 0.185173 0.494816 2.129771 6.451349 27.923716 18.811031 14.386013 13.619510 19.072664 7.981033 6.526703 7.806963 11.635180 10.446527 19.695843 9.088985 5.548477 15.413079 3.150053 0.649192 0.189448 0.324114 1.128674 3.543831 0.951090 0.213476 0.042471 0.010793 
0.044162 0.122462 0.265333 0.129269 0.073539 0.145349 0.642628 0.310868 0.633776 1.503178 1.408686 0.499859 0.285996 0.469006 1.759981 4.574609 12.763577 31.105658 20.198000 18.239931 21.907137 11.315683 9.993114 11.280105 14.723505 24.732464 19.117958 24.877949 7.370574 6.302894 2.051045 0.671806 0.350448 0.767064 2.284181 5.358306 1.160605 0.237102 0.043514 0.008446 
0.150180 0.500741 1.394863 0.494984 0.144582 0.119319 0.414079 0.167875 0.329970 1.257267 5.276293 1.516683 0.764727 0.932634 2.210850 6.162700 11.429799 22.277102 22.712950 22.986238 28.096247 17.215788 15.673813 15.280639 15.681883 16.879238 12.661733 11.654769 7.420747 10.314650 3.066169 1.814204 1.126346 2.505384 7.373652 3.206225 0.848316 0.179461 0.032589 0.006265 
0.354260 1.511847 7.077744 1.470707 0.311500 0.104645 0.119110 0.110419 0.236591 0.488647 1.599582 1.492639 1.602137 2.113379 3.948630 8.597230 31.365210 30.165937 29.578173 28.851818 30.900938 21.818848 20.315619 20.059605 16.898849 14.094477 10.345283 7.802618 5.743221 4.871628 3.569545 6.877516 3.462672 7.535469 37.474823 7.015922 1.281704 0.214904 0.033956 0.007929 
0.324660 1.195460 4.133601 1.189508 0.323014 0.189948 0.182088 0.287532 0.744885 0.560581 1.139250 1.852478 2.720784 3.689678 5.678418 8.181133 17.247183 21.732002 27.008411 31.523634 36.653614 31.861849 34.075748 22.589537 18.941450 14.146142 10.796715 9.121286 10.281013 9.093193 10.928864 28.528030 6.789232 3.447896 7.204186 2.301276 0.525863 0.100303 0.023561 0.019737 
0.361090 1.518802 7.107499 1.519356 0.502466 0.683096 0.642748 0.904745 0.909369 1.672106 3.170215 3.902460 5.046498 6.326812 8.517860 10.382442 15.386658 20.497580 27.031021 33.014568 40.954678 36.932114 34.249207 25.210558 22.849257 18.580336 16.430906 19.584723 33.122402 8.472772 4.919046 7.016387 2.401311 1.034948 1.319240 0.528533 0.142267 0.041450 0.044298 0.092805 
0.184307 0.515597 1.421447 0.611014 0.717346 2.853340 2.153713 4.045362 2.083944 3.494850 8.134990 6.477581 7.066613 8.684391 11.246772 13.628790 17.618727 22.756306 28.940519 35.598965 44.046551 42.142155 38.320122 32.647011 34.236061 18.861639 14.739221 11.561961 11.308065 4.841515 2.363583 1.750928 0.688892 0.256138 0.225070 0.101904 0.044602 0.065854 0.169198 0.446026 
0.201920 0.160656 0.296356 0.243227 0.489282 1.218919 1.050369 1.640625 2.865564 7.402907 32.486553 16.102226 13.049007 13.816875 16.147579 18.813091 22.852634 26.871504 32.442478 38.766922 46.947197 48.571915 42.705399 35.736477 27.152714 20.331228 14.933848 10.039093 6.841483 3.591022 1.753728 0.925519 0.321274 0.102475 0.045673 0.031863 0.074442 0.252234 0.596251 0.416164 
0.168441 0.072793 0.120157 0.327844 1.077587 2.656281 1.507985 2.044105 4.838784 4.713906 10.582381 9.735740 15.764461 18.736492 21.131994 23.409582 26.864286 33.503510 38.182259 45.007915 53.431023 51.717403 43.681438 35.892509 28.218262 22.645628 16.920624 11.715136 8.081911 5.164124 3.238687 1.875517 0.439234 0.113927 0.032160 0.055694 0.254852 1.046996 3.094522 1.399766 
0.041459 0.053394 0.218305 0.948979 3.490461 10.529387 4.857771 5.778201 18.916449 7.903361 6.747097 9.851685 32.700588 36.842770 38.529530 37.187016 36.154060 36.272083 41.527241 49.636494 64.833267 55.935513 48.393555 41.049446 35.117039 28.327888 15.637085 11.378298 6.893261 4.122210 2.230813 1.234254 0.384607 0.111011 0.042215 0.123406 0.637705 3.200481 15.797464 4.197172 
0.023873 0.102931 0.553185 2.471186 7.827199 4.690854 1.800970 1.671274 3.729613 2.141720 2.546777 4.890386 10.006754 13.388335 16.675512 20.096365 24.148117 29.160246 34.757240 41.994362 50.924953 50.157604 42.448864 34.489021 28.218092 21.931316 15.420465 11.064096 6.997487 4.514850 1.898646 1.926716 0.478361 0.140758 0.075178 0.200208 0.720727 2.136844 3.544485 1.521273 
0.032883 0.198088 1.245201 7.097512 37.454235 7.888072 1.738532 0.681632 0.916090 0.943183 1.563567 3.025944 5.536789 8.320456 11.718684 15.612042 19.895855 24.743029 30.258963 36.126385 43.643219 45.176151 39.782486 31.542200 25.495113 20.019098 13.437518 9.548141 5.764573 3.281156 1.335640 0.932637 0.719399 0.317232 0.246086 0.672784 2.217006 6.619959 2.637706 0.880133 
0.019896 0.099368 0.541003 2.419907 7.713848 5.587284 1.358635 0.427625 0.362814 0.507520 0.962552 1.849971 3.353754 5.375247 8.234843 11.683923 15.468154 20.646744 25.102570 32.219494 38.241028 38.755562 38.099182 28.987461 22.703535 18.547606 11.745300 8.802732 9.765225 5.477555 1.620057 1.534585 2.990896 1.156935 0.885759 2.282013 6.842641 34.010078 6.411969 1.364535 
0.021956 0.039607 0.169445 0.676195 1.951150 3.191972 0.913519 0.271284 0.163762 0.254002 0.518978 1.042690 2.023663 3.510733 5.948901 8.805218 12.192966 16.977730 20.965055 29.795176 32.802250 32.556187 31.036591 21.975510 18.320419 15.034625 11.229243 14.126219 31.009851 7.302894 2.897304 4.288377 13.330157 3.340711 2.720685 6.972451 4.152861 6.925384 2.603502 0.693666 
0.085491 0.044604 0.077239 0.289130 1.155049 4.548052 1.065465 0.414269 0.179764 0.155917 0.256134 0.519462 1.128332 2.165928 4.190998 6.369955 9.426944 13.422489 17.489479 26.579782 26.270107 25.829407 23.047419 17.982292 13.968743 10.697742 7.011075 6.017937 7.378748 4.930749 2.702023 2.463533 4.333311 2.726322 7.004747 34.123894 6.751580 2.330346 1.133495 0.392236 
0.398589 0.133399 0.105170 0.137002 0.408776 1.081683 0.614671 1.218986 0.291356 0.101777 0.099586 0.217676 0.578077 1.294435 2.929242 4.486133 7.207094 10.253087 14.681896 15.641613 20.798458 21.144129 20.974541 14.035359 10.593800 10.003932 7.668139 6.414536 3.251167 1.672681 1.074282 1.926600 4.219241 1.851282 2.434262 6.528691 2.187853 0.736240 0.433350 0.588364 
0.248245 0.363056 0.434599 0.218327 0.366179 0.972375 0.725652 1.555103 0.380550 0.162533 0.092422 0.138103 0.373454 0.857036 2.105018 3.096552 5.697965 7.344371 9.409719 11.677649 18.873203 15.984782 13.991160 12.156931 7.346096 7.474562 10.650705 14.561412 3.363010 1.034666 0.826440 3.147450 14.410695 3.074115 1.118740 1.425470 0.655435 0.432187 0.657031 0.446124 
0.461332 1.720842 2.236024 0.658706 0.951227 3.979925 1.482897 1.146440 0.476112 0.608159 0.349711 0.371826 0.732691 0.884925 1.572830 2.116407 4.432077 4.154142 6.225567 8.276439 16.537966 11.388617 10.203815 6.883703 4.986179 6.357095 14.593235 5.548922 1.770509 0.508475 0.364065 1.110158 3.124846 1.231583 0.864644 1.497723 0.844914 1.187807 3.123597 1.405221 
0.548875 1.131283 0.738984 0.288514 0.370116 1.083030 1.529538 0.845225 1.130895 3.021359 1.441795 1.481000 3.193514 1.781006 1.236223 1.202817 1.823948 2.014748 3.940506 6.044235 12.375390 8.293331 9.323009 6.238585 3.044362 2.732428 3.672397 1.986908 0.740509 0.317690 0.260853 0.691687 1.619254 1.167502 2.474339 7.158653 2.815233 3.539878 15.835467 4.177834 
1.736340 4.240914 1.416261 0.374825 0.282880 1.057898 4.884614 1.467458 3.106844 14.988873 4.481307 4.639797 15.266939 4.406408 1.404193 0.675819 0.730382 1.045414 2.825312 4.344390 5.056755 4.533061 6.340559 2.669195 2.817956 1.659698 1.846422 1.940259 0.988316 0.876082 0.704879 1.987973 5.815104 3.064991 7.444890 37.507370 7.081415 2.221226 3.269499 1.402750 
4.948230 21.444618 3.977960 0.728421 0.197725 0.346878 0.964407 0.545407 1.077978 3.023585 1.523230 1.936627 5.215988 8.254482 2.594042 0.697308 0.465492 0.824129 3.315156 2.765472 4.723519 3.268620 7.253816 2.000538 1.115944 1.258781 2.954524 7.459208 3.363657 3.657878 1.937656 5.972147 29.178295 5.903949 3.260674 7.190625 2.341596 0.753690 0.661894 0.343394 
1.841386 4.142631 1.335126 0.312057 0.084523 0.099620 0.198537 0.156757 0.283330 0.620428 0.543715 1.559031 7.473427 35.352016 6.840240 1.291260 0.571788 1.612447 6.576231 2.405923 1.953467 3.468632 12.323050 4.074759 1.508972 1.624947 7.110089 34.766109 6.948109 1.865882 0.843294 1.948298 5.591618 2.025576 1.121826 1.409926 0.589177 0.202288 0.128218 0.069671 
0.750185 0.792741 0.320007 0.093859 0.053041 0.098953 0.134153 0.132232 0.174409 0.311392 0.252814 0.604828 2.364473 6.968256 2.270145 0.629616 0.841113 4.183485 20.972355 4.710575 2.507945 7.320105 30.054455 13.020323 3.517797 1.243185 2.411725 6.944563 2.309496 0.676209 0.275734 0.487052 1.142351 0.985024 1.465859 0.820500 0.426118 0.154658 0.052044 0.019451 
0.150362 0.142596 0.067982 0.046602 0.124750 0.392933 0.501765 0.505884 0.628229 1.269512 0.558558 0.293747 0.560376 1.235834 0.521967 0.198268 0.368940 1.511395 4.950615 1.865759 1.264960 3.535682 13.206705 38.012566 7.289389 1.504484 0.837008 1.363264 0.645029 0.443107 0.173862 0.237819 0.778899 2.570041 7.254467 2.803401 1.745120 0.606187 0.152755 0.037870 
0.026903 0.024622 0.020999 0.063232 0.319794 1.631014 2.169862 2.089066 2.525230 7.066597 2.303920 0.623953 0.231616 0.222602 0.102926 0.057192 0.152390 0.601651 1.998937 1.173001 1.074897 1.260863 3.496337 7.450660 2.491605 0.932473 0.790786 0.715269 0.524033 1.567873 0.387249 0.479925 1.822794 8.335744 38.325253 9.165485 8.207492 2.435205 0.540076 0.125810 
0.005007 0.004477 0.007284 0.029279 0.122953 0.412092 0.659973 1.591578 7.124031 37.440022 7.060338 1.731756 0.435847 0.119466 0.035481 0.030678 0.124024 0.580847 2.445014 2.062813 3.007596 0.830408 0.827142 1.390570 0.862397 1.627880 2.746262 2.054493 0.560607 0.483970 0.446602 1.162311 3.044245 9.520263 10.462620 9.733533 37.897900 6.926591 1.239626 0.301057 
0.005886 0.001402 0.002198 0.008942 0.033248 0.095088 0.191361 0.596767 2.344211 7.244009 3.228778 3.387631 1.066120 0.250711 0.052211 0.024389 0.064862 0.207874 0.593705 0.598517 0.688277 0.264409 0.183111 0.262837 0.275491 0.410893 0.608000 0.478216 0.222793 0.355794 1.210696 4.140116 8.115948 38.160164 8.559868 3.972229 7.316520 2.307135 0.587520 0.494856 
0.000747 0.000278 0.000530 0.002112 0.007305 0.019856 0.047265 0.164479 0.613645 1.779544 3.457156 14.947288 2.898336 0.545314 0.099282 0.042811 0.089850 0.077762 0.131543 0.136951 0.141821 0.066871 0.052217 0.119083 0.310187 0.160560 0.138108 0.113714 0.137627 0.585448 3.047659 15.337420 5.130777 7.673554 2.670077 1.127683 1.346993 0.535890 0.163660 0.115161 
0.000097 0.000051 0.000121 0.000473 0.001565 0.004253 0.011731 0.044804 0.172499 0.554735 1.538401 4.647768 1.425314 0.334082 0.079472 0.093684 0.391398 0.097756 0.043514 0.033341 0.031448 0.022066 0.053191 0.274445 1.406830 0.282373 0.071050 0.037535 0.075197 0.343680 1.464990 4.773962 2.019857 1.765514 0.724953 0.294145 0.259540 0.115446 0.039984 0.027011 
