0.159834 0.532560 1.858869 5.290651 2.167555 1.538206 2.129623 1.043816 0.355139 0.096880 0.023360 0.011825 0.052477 0.221966 1.149120 3.355670 13.294143 12.735446 10.678814 9.151269 6.124263 2.961889 1.975468 1.048927 0.631164 0.289545 0.102714 0.044256 0.045975 0.060509 0.111066 0.259763 0.697408 2.143453 0.533176 0.133136 0.039119 0.028568 0.058851 0.137026 
0.209340 0.750900 3.353742 15.472958 4.069136 3.761411 8.256913 3.043550 0.857159 0.207494 0.046586 0.023203 0.086964 0.330030 1.588343 4.972026 21.792219 15.101475 14.119481 15.770029 7.114172 3.915547 2.382939 1.330548 0.828019 0.420061 0.177424 0.112427 0.158943 0.187722 0.315679 0.620248 1.189289 1.036697 0.441628 0.165213 0.073370 0.072517 0.150578 0.459820 
0.155726 0.427101 1.341112 3.608557 3.034020 8.584646 38.953712 8.033051 1.754460 0.378500 0.087437 0.059678 0.171677 0.472296 1.634002 3.374027 9.827223 10.968692 15.183434 13.832465 13.138062 5.007037 3.170963 1.916220 1.318378 0.751686 0.390998 0.355480 0.600194 0.617579 1.058850 2.089065 4.845848 2.192292 1.047259 0.435029 0.228465 0.240761 0.355756 0.339613 
0.258866 0.428643 0.618329 1.185027 1.859385 4.084548 8.567560 4.003145 1.351915 0.399611 0.156139 0.175586 0.432420 0.958860 2.400911 3.764859 7.807067 10.476474 17.857117 12.805498 10.321690 5.527630 4.282705 3.001323 2.222725 1.518167 1.039078 1.173263 2.128486 1.694109 3.193202 5.821015 22.507938 5.755146 3.248552 1.272837 0.746950 0.929111 1.537804 1.022801 
0.893873 1.456435 0.967402 1.200910 2.585812 2.730537 3.987152 5.832009 2.185833 0.688454 0.350912 0.526718 0.952861 1.744034 3.413106 5.107979 8.781064 12.221920 20.826151 13.877952 10.475253 6.916806 5.965240 4.792543 4.074836 3.087294 2.320262 2.535042 4.478736 2.815055 2.693606 2.665758 5.045112 2.358077 2.020874 3.267776 2.228807 3.268474 7.014202 3.498502 
3.031888 6.581908 2.808322 2.702358 9.068936 4.743343 6.721835 22.031710 5.340627 1.504015 0.843014 1.136300 2.543264 4.883093 6.315139 7.054659 10.460178 14.144021 25.977438 16.635117 13.358709 10.158501 9.594786 8.742899 6.843286 5.517172 4.651362 4.832823 6.776570 11.271935 4.310867 1.706366 1.462128 1.226045 3.092251 13.694558 6.069516 9.320423 32.526882 9.385938 
7.731956 31.065849 6.595613 2.685402 4.606163 7.626724 5.125897 8.458950 3.616226 2.087027 1.897696 2.395214 4.441551 7.506951 19.012396 13.809515 14.974834 18.264429 31.298918 20.754972 17.233124 14.114248 13.845901 14.952314 12.373053 10.031655 8.034752 6.261602 4.010406 3.179439 2.432492 1.148484 0.627763 0.522739 1.181757 3.032639 2.175038 3.260227 7.021309 3.524122 
3.138386 6.586152 2.694261 2.172195 6.695826 27.263750 9.345040 6.427499 4.956586 3.853479 3.887917 4.573193 6.835405 9.538179 16.572723 18.545395 20.924225 24.203144 38.463951 26.679949 23.129930 20.088852 23.349567 41.284573 18.855850 14.207718 11.145823 7.751826 4.583716 3.560939 3.996791 1.742407 0.623185 0.273935 0.391078 0.738511 0.657083 0.922946 1.562372 1.106234 
1.271899 1.470239 0.851978 0.976742 2.654411 7.380301 5.207917 6.888274 10.492269 6.729285 5.815841 6.597321 9.155400 12.570373 18.609114 22.490801 26.095924 30.501574 42.518463 31.857199 29.375391 26.239244 28.500189 42.166443 26.001575 23.447363 16.190702 13.689010 9.413100 9.862264 13.603147 3.361718 1.012760 0.299754 0.251225 0.380647 0.276913 0.275644 0.415932 0.654180 
0.417046 0.355970 0.247632 0.359881 0.972977 2.848638 4.522439 10.137628 36.774567 14.561378 9.681929 9.753833 12.527062 16.258314 29.539473 32.537704 35.544643 39.211327 47.726006 44.234886 48.232571 34.537411 33.920219 42.483971 30.103115 26.176199 20.209221 15.291351 10.612730 7.976845 6.190900 2.197266 0.931992 0.367682 0.505199 1.020671 0.446662 0.180182 0.128467 0.156451 
0.096697 0.089118 0.089855 0.183618 0.668916 2.362512 3.744745 7.565375 11.669399 10.788439 11.129025 12.502119 15.682769 18.897606 27.841503 34.626682 41.716236 47.403267 54.401093 53.045563 54.586098 42.053867 39.808990 44.836128 38.899845 28.017679 24.696384 17.900026 12.620329 9.420094 5.224957 2.374521 1.396534 0.876287 1.567843 4.024070 1.095591 0.283257 0.083867 0.047479 
0.041249 0.060909 0.092500 0.107804 0.302016 0.753956 1.603745 3.881073 6.474096 12.526486 14.631036 16.469475 19.744389 22.766466 29.837458 37.260887 56.517513 56.213440 60.485157 60.118107 59.426865 48.917427 46.592693 48.957836 43.513142 37.813931 41.586124 26.365341 20.973173 20.025951 7.009557 3.934458 2.472742 1.734346 2.168978 2.791259 1.037239 0.296297 0.075969 0.024772 
0.082186 0.178627 0.333214 0.204844 0.270017 0.531208 1.809737 3.922306 6.096187 10.999209 16.185604 19.089396 23.306751 26.776768 32.929031 39.203979 50.237679 65.531265 66.233139 66.758041 64.967484 54.767799 53.605541 55.560520 52.583019 53.642693 47.302086 45.596966 22.124405 17.075668 9.327277 6.560910 4.932984 4.351395 5.484762 4.644367 1.299254 0.341977 0.079823 0.020728 
0.227420 0.608853 1.454112 0.644094 0.417898 0.585529 1.886116 3.889095 7.279554 11.009288 19.907724 23.851732 28.309963 31.884518 37.189907 44.692844 52.695549 64.855858 70.503349 72.276917 71.260170 62.437599 61.425163 61.398502 57.484905 53.507042 45.549377 38.710674 28.507307 27.103632 13.904845 11.165163 8.212543 8.048512 10.108231 4.085968 1.280799 0.365168 0.085538 0.021916 
0.472900 1.608944 5.988855 2.059664 1.093009 1.117534 2.285648 4.141160 7.526165 11.306412 17.434776 23.082371 28.981577 34.645599 41.345631 48.948994 66.447281 72.321983 76.721786 77.210594 75.778496 70.117493 67.975578 65.776733 59.697727 53.447231 45.506321 38.108124 30.778645 25.276007 17.878143 17.599007 14.887855 17.531380 31.280218 7.420575 1.956581 0.537960 0.132660 0.044660 
0.468833 1.373322 3.719596 2.294235 1.961870 2.383428 3.855367 5.735008 9.952542 13.200651 18.511246 24.367899 30.755299 37.061222 44.239548 50.811958 61.676899 69.164787 75.050941 78.979294 80.398048 77.486153 75.431442 67.046036 62.425282 55.657780 48.525047 42.411880 37.866077 35.084221 32.957226 42.195984 17.106657 12.943807 11.454252 4.276664 1.899445 0.800636 0.378777 0.254351 
0.515195 1.769195 7.110415 4.682479 4.101233 4.067144 5.787303 7.717918 11.711637 16.266994 22.134871 27.798912 34.058144 40.361526 47.409031 53.654133 61.372204 68.434898 74.980301 80.274269 83.954605 82.354469 79.397369 72.713707 68.393372 64.946556 59.640060 57.653839 58.143784 37.734177 31.743704 26.284159 15.574583 10.746041 6.705354 3.492362 2.078574 1.114608 0.710924 0.649249 
0.338073 0.788925 2.595908 3.482219 4.774475 8.698179 8.797206 13.977239 16.101154 22.486900 28.928032 32.568726 37.935734 44.033726 50.860226 57.175461 63.829300 70.338509 76.627457 82.202095 86.684631 86.453491 83.537949 78.688263 74.378967 65.090919 60.069447 54.073540 48.056606 37.241680 30.061504 23.292793 16.862934 12.187047 8.296612 5.771596 4.481378 3.316969 3.093293 3.744044 
0.662007 0.804606 1.749027 3.527930 5.789829 9.423417 11.754174 16.430780 21.502306 28.637573 52.170486 45.788826 47.467773 51.639587 57.176979 62.696617 68.547234 73.875221 79.357544 84.770302 89.149986 89.444313 84.124557 80.497238 72.733360 66.756622 59.767941 52.441021 45.275642 37.394112 30.516260 24.240702 18.911375 14.513771 11.032418 8.713447 7.286866 6.258486 6.141957 6.730486 
1.206470 1.299285 1.820935 3.195471 4.739212 9.353870 13.452421 18.593927 25.492956 30.199421 43.950573 49.499813 53.659874 58.253662 63.396591 68.181252 73.194801 76.776802 81.240456 87.833519 91.886482 91.351181 86.895828 81.448387 74.850792 68.133720 60.313194 52.918560 45.818169 38.796234 32.466640 26.931770 19.833572 16.326902 12.776615 10.692932 9.327350 8.943027 9.698050 8.254120 
0.364080 0.560450 1.249220 2.898219 5.373278 14.543669 20.887119 26.444876 40.081573 39.691689 46.341587 52.763031 66.591515 70.058212 74.529739 76.950119 79.212296 81.837456 85.488037 89.982498 93.746216 92.365097 88.070679 82.681572 76.779076 70.032425 60.000412 54.472294 47.832584 41.776253 36.047970 31.049683 26.150593 22.911947 20.012114 18.350775 17.402813 18.508720 21.705385 9.227860 
0.282352 0.542695 1.596928 3.957373 8.984309 12.363374 17.179684 23.124229 31.580709 36.457088 41.713791 47.924568 54.253578 59.399719 64.415222 68.991211 73.406654 77.928139 82.524193 86.918968 90.804321 90.221886 85.800163 80.400146 74.442894 67.692665 59.828564 52.796562 45.521770 38.953777 30.680613 26.310616 18.619976 14.671704 10.341104 7.797018 6.239100 6.354246 6.177557 3.859295 
0.191567 0.515712 2.068770 6.704484 28.761753 26.497658 26.241447 26.173943 29.477488 33.290901 37.494225 42.199722 47.662655 52.971504 58.279461 63.528694 68.646072 73.749786 78.674706 81.316757 86.963135 87.224213 81.999023 78.079002 72.318779 66.179024 58.862038 52.203293 45.266788 38.238049 30.709406 25.000050 19.034302 14.487882 10.221581 7.942339 7.426301 9.408628 4.869994 2.823473 
0.196378 0.450545 1.353287 3.738985 8.772976 12.219547 14.404130 18.000233 22.575317 27.085327 31.619297 36.328583 41.373699 46.522511 52.056839 57.722755 63.295990 68.983864 74.087090 77.354080 82.976868 82.295403 80.851089 75.366142 68.363937 64.192093 56.642410 51.572559 48.580135 41.071529 31.727894 27.181376 22.663679 18.946556 14.759130 14.203382 17.255663 31.505125 7.417932 2.648289 
0.219545 0.421245 0.881805 2.288665 4.183669 6.848314 9.345546 13.070641 17.713776 22.183447 26.705070 31.305977 36.193718 41.278435 47.023205 52.777809 58.528564 64.185806 69.173973 74.780899 78.311119 79.468704 76.788376 69.300735 65.145714 60.156914 53.697815 53.609734 58.349407 44.164997 38.056019 33.895603 31.514044 19.834473 17.947422 17.001204 9.854296 10.561275 4.679588 1.830412 
0.354191 0.427112 0.716920 1.722693 2.874362 7.308127 8.278378 11.506313 14.977417 18.387133 22.403179 26.635853 31.309286 36.351830 42.305607 47.926311 53.698265 58.882061 63.887409 69.534775 71.141228 74.019058 71.668587 65.860168 60.385880 54.282948 47.505871 42.484055 38.699657 35.601940 27.471743 22.107292 18.467297 16.911446 19.733450 34.368519 10.443004 6.222096 3.386855 1.532952 
2.076023 1.270932 1.272897 1.788817 2.481333 3.861310 5.158200 8.919133 10.752662 13.819800 17.864357 21.940245 26.592878 31.818769 37.982937 43.221539 48.747192 52.985363 57.767811 60.951809 66.141129 68.599037 67.533951 60.446949 56.679035 52.447071 46.674114 40.648663 31.391405 27.344303 22.995474 19.376663 16.005604 10.509835 9.785439 10.280534 6.312131 3.808456 3.229450 4.072711 
0.496499 0.987148 1.418966 1.148472 1.435617 3.160316 4.742323 6.794623 7.377364 10.193850 14.154988 17.745529 22.427242 27.977720 34.072853 38.446854 43.438648 46.281895 50.256882 54.612663 61.503090 62.683338 61.361851 56.170208 50.440990 49.316120 49.327812 42.502346 26.895060 22.377800 19.586926 19.683197 22.637733 9.782105 7.212191 5.223148 3.175583 2.411180 2.417341 1.550925 
0.765562 2.209464 2.631872 1.031651 1.251677 3.338573 5.227546 5.354564 4.710070 7.840659 11.283335 14.054090 19.160677 25.094528 30.261942 33.189098 37.651821 38.313679 43.517361 48.365704 55.904434 56.102303 56.005932 48.636307 44.417309 42.539333 43.140701 29.499992 21.946991 17.125711 14.068385 12.702828 11.138855 7.509281 5.495628 4.576093 2.500226 2.650007 5.021927 2.392985 
0.933886 1.575643 1.071324 0.513780 0.596149 1.356134 2.930511 2.651477 3.134889 7.911770 9.441168 11.246241 18.008331 23.582458 25.943634 26.985125 30.092516 31.473679 37.340153 42.826153 49.664024 48.899399 53.326206 44.178471 37.354088 33.481956 29.480719 23.091562 16.865202 13.294121 10.550230 10.091916 8.946110 5.304594 6.247497 9.701217 4.008987 4.549166 15.906116 4.683670 
2.375998 4.917923 1.870494 0.615826 0.442414 1.064299 3.330428 1.981376 3.466080 13.214591 8.105126 9.398626 20.881281 22.820721 20.859095 20.658897 23.312996 26.125528 32.548882 38.048134 41.069565 42.288105 47.391766 36.957508 33.820396 28.865913 25.050611 19.425749 13.056764 9.842772 7.223113 8.228583 11.694983 5.478842 9.230124 31.136122 7.571239 2.916425 3.862424 1.844310 
5.818048 22.335281 4.543715 0.993510 0.328472 0.447806 0.937616 0.839828 1.951948 3.655696 3.691671 6.133168 10.241707 22.077915 16.900536 15.528502 18.332571 21.343168 29.641283 32.524258 36.536472 36.440678 45.372280 32.262009 27.780079 24.713087 23.124653 21.302856 11.218986 7.966947 5.347763 8.799006 24.784973 6.526885 4.442557 7.723644 3.087221 1.200043 0.958941 0.560846 
2.460287 4.762857 1.734750 0.496547 0.168482 0.169451 0.288830 0.376050 0.756489 1.553757 2.488256 4.815994 10.188854 34.236900 14.960110 11.579370 14.203639 17.765411 29.197979 28.076256 28.813389 31.818233 45.440090 29.870754 23.724974 20.269562 22.064112 35.964638 10.041129 4.796572 3.052830 3.718506 6.359650 3.785148 1.971377 2.045160 1.018938 0.430042 0.255609 0.153965 
1.032217 1.076856 0.505033 0.183790 0.102682 0.153982 0.219717 0.310179 0.567558 1.146435 1.776017 2.899686 5.517942 9.425660 7.368846 7.604159 11.088596 15.813151 33.228474 23.898806 24.320143 28.167276 47.295513 31.261940 20.772911 15.319078 12.044210 12.068041 6.193889 2.924032 1.593639 1.755056 2.220681 2.006217 2.335163 1.430138 0.827159 0.361993 0.144411 0.064663 
0.248754 0.239287 0.134439 0.088179 0.168900 0.477054 0.645003 0.842307 1.213819 2.325056 2.041874 2.219136 2.925690 4.212547 4.692472 5.535234 8.427600 11.886011 17.111336 15.545919 17.783228 19.299746 26.778667 43.866364 19.881962 13.805547 9.122124 6.920015 3.643022 1.693256 0.737806 0.868471 1.605239 3.849787 8.701935 3.913580 2.546096 1.036839 0.330115 0.109207 
0.055478 0.052507 0.043673 0.088659 0.367079 1.687609 2.128517 3.524348 3.670953 8.628766 4.089684 2.333079 1.922736 2.147672 2.650332 3.316193 6.067647 8.292818 12.709612 11.821312 14.647738 14.359898 16.134960 17.400726 12.439655 8.996191 6.260757 4.952762 2.903474 1.608113 0.678035 1.031578 2.808338 10.059117 38.944897 10.955737 9.749085 3.295915 0.896855 0.267155 
0.014220 0.012323 0.015742 0.045114 0.161209 0.501441 0.869328 2.151083 8.120852 35.495094 8.846138 3.354076 1.675658 1.315309 1.644920 2.127436 5.075381 6.370440 9.751570 9.065566 11.610147 10.402677 11.092150 10.635904 8.295054 3.891215 2.860602 1.886929 0.841997 0.626888 0.753675 1.833309 4.302330 11.609684 12.629891 11.808111 40.094116 8.075310 1.721659 0.496746 
0.021859 0.005250 0.005590 0.016763 0.053907 0.147789 0.328104 0.951132 3.112986 8.302078 4.210829 4.745341 1.960210 0.969394 1.040852 1.438735 5.773284 5.813780 6.290203 6.974998 7.455504 7.979044 8.531365 6.660005 4.402900 1.412940 0.977769 0.548365 0.347279 0.546132 1.627679 5.057385 9.639686 39.549191 10.333430 5.445980 8.662086 3.101023 0.933175 0.647806 
0.003275 0.001296 0.001693 0.005136 0.015671 0.042434 0.109884 0.334329 0.999999 2.409242 4.164095 15.851440 3.595832 1.001093 0.730555 1.104245 6.237941 5.464485 5.545931 6.070678 6.499048 7.099799 7.631343 6.170462 4.555781 1.071170 0.553029 0.215233 0.243877 0.803048 3.534790 16.765619 6.263988 9.055190 3.739527 1.884095 1.958070 0.899554 0.326376 0.190603 
0.000549 0.000316 0.000525 0.001611 0.004829 0.013547 0.039201 0.123701 0.365409 0.919721 2.065816 5.181018 1.970325 0.663771 0.548099 1.149820 8.513544 5.207474 4.765320 5.213200 5.589191 6.249070 7.359787 6.922079 6.621024 1.176587 0.401552 0.105054 0.159094 0.552169 1.932071 5.558487 2.843270 2.586316 1.299319 0.654090 0.517771 0.265942 0.108828 0.060803 
