129.727173 130.582169 130.866364 130.685425 130.081635 130.614273 130.832397 130.873779 131.045502 131.155212 131.203796 131.220474 131.221588 131.210266 131.173492 131.058868 130.730042 130.029663 130.350159 129.968979 128.652222 125.741013 129.733551 130.812531 131.111053 131.188416 131.190536 131.141998 131.029572 130.883011 130.966751 130.980194 130.802689 129.936996 126.399155 129.963425 130.873657 131.124100 131.195633 131.214264 
126.391640 130.078033 130.723740 130.202957 127.047249 129.906555 130.345551 130.147980 130.794479 131.083771 131.183014 131.210861 131.210617 131.193588 131.148666 130.981842 130.269562 127.025246 129.595108 128.821091 125.998375 128.292984 130.176956 130.896820 131.126892 131.185577 131.166504 131.051376 130.724258 130.072296 130.594299 130.750412 130.778290 130.473190 129.943008 130.525223 130.937729 131.119003 131.182068 131.196991 
130.002304 130.710800 130.905304 130.656738 129.815811 129.433319 129.031219 126.789375 130.174927 130.952377 131.146820 131.188293 131.174942 131.135239 131.102219 131.032303 130.751953 129.984741 129.485825 125.751236 128.148193 126.416908 130.043320 130.913361 131.134827 131.177719 131.124313 130.869110 129.902344 126.174255 129.532547 129.850357 130.334167 129.980179 130.248581 130.088104 130.742630 131.039719 131.127838 131.130234 
130.876221 130.994080 130.986160 130.750305 129.790787 126.015717 125.931534 129.155136 130.419067 130.937897 131.117188 131.142395 131.065384 130.904633 130.872726 130.958221 130.925140 130.618484 129.734360 126.023857 129.349319 129.861206 130.705170 131.048111 131.155106 131.170364 131.100250 130.795059 129.648743 125.429008 128.710434 126.505966 129.244934 126.799927 129.359497 126.948700 130.093826 130.846680 130.981445 130.891891 
131.040726 131.005295 130.884048 130.768707 130.204926 128.859543 129.324265 130.059402 130.065216 130.772995 131.046417 131.044922 130.759155 130.000427 129.928574 130.545975 130.860626 130.814178 130.340042 129.227631 130.261963 130.713135 130.995285 131.109955 131.134140 131.140533 131.088013 130.836990 129.858643 126.073936 129.221664 129.057159 130.065887 129.985794 130.355438 129.893219 129.959488 130.631592 130.640839 129.998215 
130.919495 130.722885 130.197189 130.467010 129.705139 125.985909 129.303345 129.758392 127.084549 130.281250 130.938904 130.917633 130.141876 126.377869 126.145554 129.301895 130.539917 130.743774 130.110703 126.982552 130.156219 130.874390 131.057098 131.055038 130.963501 131.012634 131.030899 130.949997 130.610092 129.844131 129.733109 126.852768 130.051697 130.666336 130.735321 130.101471 127.120605 130.085602 129.973511 126.426849 
130.474274 129.925659 127.006699 129.932449 129.645416 125.974037 128.967102 130.156677 130.118896 130.758881 131.021851 131.021362 130.713715 129.830917 129.161148 126.796188 130.108765 130.700775 130.526031 130.136642 130.730621 130.976547 131.009521 130.792023 130.204102 130.548325 130.735687 130.851654 130.758301 130.670792 130.542694 130.035385 130.674622 130.955902 130.994781 130.791260 130.286621 130.725296 130.664917 130.004974 
129.325012 129.344116 129.715973 130.467224 130.354523 129.174698 126.703827 130.007553 130.638763 130.829071 131.016190 131.079285 131.001862 130.760666 130.460419 129.976883 130.544724 130.544373 129.988495 130.499756 130.822021 130.864990 130.839966 130.169312 126.815857 129.110123 129.689163 130.330536 130.115128 130.608597 130.591431 130.097488 130.732452 131.027313 131.100021 131.050919 130.948441 131.024414 131.016968 130.899216 
125.014526 125.299088 129.546524 130.601715 130.681152 130.277069 129.862823 130.511063 130.617462 130.233398 130.773071 131.020004 131.068756 130.967773 130.667648 130.035919 130.412125 129.806168 126.332642 129.841232 130.511948 130.211334 130.664749 130.475281 129.179321 125.891846 126.036980 129.177277 126.920097 130.025345 130.057007 127.158829 130.302444 130.977875 131.103561 131.059723 130.959106 131.059082 131.119217 131.121979 
128.561066 125.947533 129.791443 130.668869 130.578766 129.812714 129.701477 130.364288 130.069489 127.065529 130.061508 130.803696 131.010330 130.932861 130.271851 127.113815 129.906876 129.584412 126.220207 129.727264 129.982544 127.118851 130.193008 130.636795 130.152542 128.969254 129.380463 130.036438 129.950653 130.525070 130.513809 130.198273 130.805832 131.053894 131.058929 130.835602 130.314026 130.842804 131.086838 131.159805 
130.322922 129.967575 130.627563 130.770844 130.071411 126.353241 126.242889 129.741638 130.312439 129.748764 129.672638 130.412094 130.864883 130.982895 130.787628 130.178925 130.331665 129.688705 129.558746 130.384323 130.510956 130.035950 130.636673 130.740906 130.043167 126.725128 129.428207 129.664902 130.207504 130.441483 130.087372 130.608551 130.961487 131.073639 130.951584 130.251480 127.102905 130.264908 130.980392 131.145386 
130.938660 130.886658 130.979843 130.950485 130.667709 129.848602 129.538376 129.589813 130.171112 129.499054 125.897675 128.952469 130.444000 130.929962 130.979492 130.744461 130.065094 126.735840 129.183945 130.339828 130.448715 129.904175 130.591248 130.832687 130.592575 129.695129 128.969864 126.404129 129.081818 129.639526 126.897156 130.155487 130.906647 131.060684 130.954697 130.497070 129.500153 130.537216 131.004395 131.147247 
131.117310 131.086029 131.033295 130.913818 130.865723 130.553711 129.680817 126.201393 129.532089 129.322556 125.205475 125.301674 129.726471 130.810257 131.034058 130.945953 130.522980 129.260315 126.727371 129.868744 129.745255 126.350899 129.931183 130.742706 130.741119 129.959259 126.625931 128.554718 126.534164 129.512650 129.252853 130.433136 130.907501 131.019562 130.847000 130.067062 127.009697 130.230804 130.972198 131.146362 
131.131897 131.060120 130.820007 130.275864 130.718613 130.697586 129.872498 126.290970 129.631561 129.907272 128.787003 125.983429 129.868057 130.850525 131.068436 131.005310 130.648041 129.806580 129.835907 130.414352 129.861389 126.381546 129.894440 130.654587 130.856018 130.675415 130.075745 130.246094 129.877441 129.790466 126.907906 130.096741 130.730652 130.907257 130.707123 129.992538 129.991150 130.751740 131.073883 131.172638 
131.046951 130.913162 130.226593 127.072227 130.184387 130.759995 130.578400 129.908539 130.157761 129.703049 130.025146 129.871109 130.662720 131.021515 131.108276 130.979431 130.290451 127.131706 130.093292 130.740234 130.644058 130.033493 130.404556 130.169067 130.727966 130.888763 130.847687 130.848755 130.705200 130.486938 130.057587 130.442184 130.180344 130.631256 130.212128 127.160492 130.164230 130.915222 131.132843 131.193909 
130.784775 130.787964 130.441055 129.465149 130.457550 130.796722 130.691071 130.424301 129.614838 126.201401 129.748444 130.569046 130.947678 131.111893 131.153687 131.091766 130.847794 130.307251 130.786453 130.993958 130.967697 130.726608 130.154022 127.134796 130.162537 130.732849 130.938904 130.959137 130.734818 130.162781 130.455795 130.128906 127.181702 130.231079 130.666138 130.296173 130.828232 131.085052 131.179108 131.207474 
129.777328 130.276001 129.977234 126.978134 130.103928 130.555756 130.068665 130.147919 129.010223 126.027451 129.752380 130.612381 130.973038 131.120682 131.167435 131.149017 131.063339 130.936081 131.012161 131.083405 131.064850 130.913483 130.570892 130.029816 130.289505 130.113770 130.727325 130.858704 130.287949 127.208954 130.191025 130.615524 130.247803 130.793091 130.988327 130.984955 131.097351 131.169815 131.197815 131.202820 
125.872841 128.982941 130.143829 130.059174 130.562805 130.135010 126.960419 129.299240 126.590919 129.119476 130.181900 130.129730 130.779068 131.040833 131.133667 131.130585 131.036575 130.868454 130.874649 131.011658 131.013321 130.761139 130.092529 130.140747 129.295532 126.860123 130.161469 130.839920 130.790344 130.304520 130.765701 130.874222 130.776260 130.977051 131.102158 131.145462 131.178726 131.190491 131.176941 131.148712 
128.552246 125.934677 129.760025 130.616959 130.846024 130.650513 129.999603 130.313141 129.927322 130.197769 129.992844 127.126770 130.221497 130.809113 131.027695 131.029785 130.755997 130.022186 130.012131 130.706360 130.849319 130.244278 127.017166 129.344086 126.701141 129.349274 130.451752 130.897827 130.996109 130.921570 130.919708 130.744583 130.250168 130.811127 131.077911 131.167389 131.187683 131.161880 131.073761 130.922699 
129.436554 126.249367 129.917801 130.784653 130.912445 130.658524 130.041412 130.508911 130.455688 130.044327 130.420822 130.124939 130.503189 130.244720 130.795776 130.865814 130.146225 126.456444 126.433136 130.081451 130.797394 130.718658 130.151215 130.406494 130.007660 130.281921 130.108856 130.747437 130.980148 130.948883 130.726913 130.126221 127.047981 130.240952 130.971298 131.145966 131.163544 131.073898 130.766846 130.030563 
130.549225 130.083435 130.709808 130.949158 130.828445 130.080063 127.034378 130.029800 130.059128 127.143654 130.180862 130.622299 130.216766 127.241135 130.321167 130.882767 130.714706 129.973679 129.889954 130.490601 130.818832 130.830978 130.678848 130.758942 130.621277 130.093033 127.100983 130.199478 130.807327 130.694672 130.075653 130.160568 129.394073 130.497559 130.985352 131.133804 131.127716 130.936874 130.117889 126.420326 
130.998337 130.930313 131.023560 131.001984 130.701797 129.898102 129.780945 130.533508 130.672195 130.282745 130.801971 130.957642 130.824554 130.350769 130.861008 131.048676 130.998962 130.758133 130.449280 129.946487 130.470291 130.441452 130.057953 130.544556 130.614471 130.488403 129.917633 130.437836 130.650024 130.056580 126.812500 129.278061 126.841888 130.155884 130.926788 131.108307 131.098740 130.936218 130.509033 129.796844 
131.124634 131.113281 131.102768 130.948471 130.200165 126.829773 129.265381 130.496094 130.886383 130.946014 131.073090 131.124237 131.096664 131.021179 131.107010 131.144119 131.084579 130.824814 129.908920 126.255478 129.415253 129.100006 126.629822 129.609741 129.781509 130.098984 129.475479 129.671692 130.334656 130.129669 129.233063 130.077957 129.986206 130.581543 130.949265 131.063965 130.997070 130.707275 129.989883 130.095047 
131.079178 131.093567 131.106567 131.016098 130.617249 129.380127 126.714806 130.082596 130.856506 131.065231 131.152527 131.186005 131.187836 131.177368 131.189911 131.185303 131.121490 130.871490 129.923889 126.137238 128.841476 126.401337 128.814484 128.809052 126.411209 128.780777 125.318848 125.866661 129.405029 129.075165 126.618881 129.910370 130.388550 130.158752 130.753357 130.918350 130.725403 130.036499 126.599281 128.622498 
130.761475 130.840988 131.001007 131.030396 130.855042 130.307190 129.347961 130.366699 130.767975 131.025330 131.148804 131.197556 131.212448 131.214478 131.214432 131.202484 131.156372 131.016342 130.620331 129.700211 129.474884 129.498993 129.436218 126.410255 128.940948 129.257019 125.844437 128.753799 129.332993 126.594101 129.300125 130.376404 130.105423 127.140404 130.193512 130.608368 130.110031 130.141602 128.756027 124.876190 
129.584030 129.858414 130.639679 130.911316 130.838837 130.118332 126.898911 129.839035 130.054031 130.773163 131.076752 131.180054 131.211563 131.218643 131.215729 131.198914 131.154282 131.056015 130.828445 130.043121 126.963142 129.827423 130.061646 129.120514 129.911682 130.207825 129.690598 129.889771 129.449905 129.666504 130.428162 130.776184 130.657242 130.090408 130.557877 130.179520 127.113419 129.864273 129.329437 125.141647 
125.416061 126.103981 129.807419 130.602463 130.817535 130.590515 129.840057 129.739685 126.892792 130.175812 130.943466 131.142700 131.195312 131.204651 131.197906 131.162369 131.071579 130.929077 130.924072 130.719101 130.172882 130.469788 129.931305 126.620087 129.199799 130.281158 130.279160 129.451035 125.973495 129.613159 130.641434 130.886780 130.705170 130.122513 130.652985 130.701172 130.237457 130.617157 130.420853 129.590927 
129.428070 129.446106 129.534714 129.831848 130.550110 130.524673 129.835892 129.926514 129.140442 130.350983 130.897903 131.098846 131.155838 131.155472 131.146515 131.060226 130.770355 130.159973 130.706696 130.886246 130.791382 130.687546 130.428192 129.274002 126.638237 129.867615 130.120316 128.726593 125.255890 129.502869 130.659927 130.849930 130.281219 127.210739 130.271759 130.855240 130.876251 130.928421 130.805405 130.505264 
130.449371 129.774673 126.256203 126.331436 129.898529 129.952454 126.750214 128.836990 125.946136 129.734772 130.642670 130.973724 131.042206 130.982758 131.025574 130.872772 130.024124 126.464706 129.986176 130.752625 130.687607 130.158783 130.491470 130.183350 129.289627 130.180603 129.773163 125.953003 125.398819 129.632843 130.698151 130.936829 130.789001 130.281128 130.782669 130.945694 130.892334 130.909042 130.658951 129.917847 
130.851776 130.544098 129.771225 129.862579 130.560974 130.525818 129.656189 128.780670 125.899094 129.531143 129.988907 130.680161 130.738113 130.291611 130.754440 130.783951 129.995972 126.453148 129.965759 130.655609 130.145752 126.997253 129.971130 129.947266 126.955994 130.056519 130.433304 129.752197 129.590302 130.295609 130.678543 130.918182 130.921783 130.772110 130.886734 130.775162 130.273239 130.618835 130.054642 126.422058 
130.929901 130.640900 130.013580 130.528503 130.847015 130.765823 129.970490 126.693359 129.080048 129.698853 127.051407 130.106155 130.120026 127.138588 130.125000 130.769394 130.683746 130.129852 130.679596 130.803879 130.449768 129.440811 130.368668 130.559357 130.183380 130.716644 130.831284 130.592331 130.208618 129.734436 129.885544 130.612885 130.691162 130.236084 130.642700 130.237259 127.223740 130.223633 130.576233 129.981110 
130.793533 130.097382 127.103806 130.227539 130.893143 130.946777 130.685669 130.120209 130.484207 130.605408 130.237427 130.715515 130.662338 130.001129 130.011139 130.717804 130.931793 130.884262 130.904022 130.719894 130.115723 126.995895 130.077164 130.625397 130.770737 130.941284 130.917191 130.518661 129.227997 126.078979 126.295853 129.932083 130.097977 127.194336 130.235199 130.665161 130.298187 130.811371 130.960876 130.881989 
130.625656 129.979019 129.997070 130.726639 130.987503 130.966827 130.800293 130.783051 130.895111 130.964371 130.935730 131.000504 130.869537 130.162323 127.186966 130.306992 130.941284 130.993103 130.786423 130.207275 130.455185 130.074951 130.413254 130.090210 130.567673 130.875778 130.853104 130.157455 126.804024 129.124329 129.745911 130.577667 130.703064 130.292145 130.793182 130.951523 130.950714 131.064743 131.121689 131.122055 
130.100769 127.129272 130.141937 130.857040 130.954880 130.690125 130.049286 130.571930 130.788437 130.974731 131.047058 131.094162 131.050568 130.826416 130.338333 130.854660 131.048767 130.961136 130.302032 127.176193 130.138885 130.526398 130.057800 126.870483 129.434937 130.548584 130.832153 130.680435 130.084290 130.396423 130.535782 130.847168 130.968140 130.926208 130.965866 130.929367 131.019562 131.093811 131.151352 131.175400 
130.680756 130.261887 130.785706 130.981720 130.822693 129.891968 126.183716 129.575134 129.976227 130.669693 130.873154 131.045502 131.107452 131.081207 131.009674 131.097778 131.130264 131.048767 130.748611 130.107803 130.593842 130.667130 130.483612 129.397232 126.791733 129.921005 130.582306 130.734131 130.562576 130.460709 130.002243 130.667725 130.955719 130.969315 130.770569 130.276474 130.748657 130.906052 131.075592 131.153397 
130.766861 130.850464 131.017044 131.043457 130.782654 129.661438 125.474915 128.838043 126.800545 129.923706 130.134003 130.794312 131.041443 131.127045 131.149521 131.169464 131.152100 131.047272 130.734482 130.057617 130.405640 130.129211 130.575027 130.419708 129.769562 129.599213 129.766968 130.285843 129.863739 129.606705 126.316193 129.931412 130.756836 130.786255 130.105331 127.079819 129.991409 130.163849 130.828079 131.073624 
129.998383 130.722534 131.028839 131.076035 130.857727 129.907288 126.190994 129.559006 129.836243 129.933182 127.133278 130.230377 130.817352 131.057175 131.150040 131.169342 131.123642 130.943527 130.259796 127.045090 129.476501 127.049240 130.180664 130.594666 129.856369 126.248001 126.185005 129.216095 126.743378 129.107147 126.220261 129.839966 130.566071 130.573990 129.925552 129.823105 129.927094 127.167282 130.328735 130.972595 
126.471603 130.168823 130.959579 131.111435 131.043091 130.734375 130.092438 130.613678 130.750977 130.697464 130.209442 130.523529 130.252441 130.840591 131.083130 131.124924 131.045029 130.862595 130.710938 130.200592 130.513062 130.232178 130.768524 130.867294 130.544647 129.723816 129.767471 130.328949 130.054840 130.357910 129.940140 130.346786 129.991974 129.929565 127.045181 130.036972 130.574432 130.284714 130.855438 131.082352 
130.025482 130.767792 131.075363 131.162704 131.151993 131.070160 130.950836 131.029327 131.059280 131.010956 130.795959 130.230682 127.211548 130.319824 130.965927 131.019806 130.755157 130.137024 130.657532 130.830933 130.954315 130.947464 131.025253 130.954956 130.594254 129.848770 130.417526 130.785919 130.847015 130.885666 130.704895 130.152924 127.080040 129.958954 130.102982 130.733856 130.961243 130.977753 131.100266 131.166168 
130.847717 131.032440 131.147980 131.192154 131.194382 131.171173 131.142899 131.154037 131.155548 131.121368 131.009445 130.738754 130.158783 130.755280 130.997192 130.877960 130.028305 126.466110 130.000214 130.845352 131.062729 131.103729 131.083511 130.870789 129.973297 126.378532 129.922134 130.810104 131.021942 131.056671 130.967438 130.699005 130.093628 130.623566 130.811203 131.008667 131.107254 131.140289 131.178619 131.201065 
