0.129345 0.471636 1.741598 5.121226 1.993389 1.349605 1.931252 0.905083 0.287232 0.071818 0.015582 0.006483 0.021591 0.105977 0.470684 1.897765 8.388086 2.542691 1.934516 3.408286 2.537676 0.748228 0.190783 0.042350 0.008715 0.003337 0.006944 0.018919 0.038076 0.048442 0.088113 0.215931 0.624710 2.044676 0.476513 0.110416 0.029468 0.021800 0.050807 0.127185 
0.173606 0.692532 3.247607 15.325460 3.873201 3.499050 7.945809 2.825919 0.750252 0.167647 0.033408 0.010426 0.027316 0.139382 0.709032 3.590374 19.305702 4.467704 3.546606 10.935344 4.067351 1.203406 0.298390 0.064802 0.014114 0.007938 0.021419 0.066141 0.149805 0.167010 0.274725 0.546801 1.085715 0.937888 0.383516 0.136337 0.056552 0.056996 0.132140 0.438497 
0.123460 0.374067 1.249883 3.467937 2.821237 8.254578 38.634350 7.735411 1.605532 0.319615 0.060438 0.016110 0.025970 0.097236 0.388738 1.363339 4.916575 2.615389 2.854248 5.167123 8.206455 2.003702 0.460335 0.104734 0.031856 0.025200 0.066164 0.232083 0.637146 0.603340 1.001396 1.963028 4.667594 2.046573 0.960798 0.383866 0.188525 0.196557 0.304138 0.288574 
0.205970 0.361434 0.532184 1.063232 1.675593 3.804588 8.211810 3.723543 1.182257 0.305238 0.071045 0.029574 0.055971 0.142196 0.388667 0.716066 2.296453 2.773922 4.711240 4.033420 3.679861 1.061646 0.402412 0.184644 0.102180 0.084739 0.160732 0.610683 2.321452 1.735417 3.223643 5.697460 22.449400 5.570231 3.141524 1.182826 0.656850 0.815745 1.403618 0.894268 
0.772973 1.321946 0.840667 1.061972 2.412732 2.379388 3.686971 5.640559 1.977627 0.524436 0.130353 0.081593 0.195102 0.444668 0.848988 0.972372 2.274457 3.775403 6.969543 4.332358 2.640342 0.955134 0.701317 0.588249 0.452804 0.317007 0.260847 0.529615 2.609355 1.663312 2.777994 2.539801 4.824949 2.195046 1.893963 3.145047 2.065642 3.042129 6.742650 3.245822 
2.791941 6.313473 2.594441 2.520681 9.348585 4.406314 6.432325 24.307819 4.858392 1.013878 0.241489 0.201646 0.705786 1.809242 3.055752 2.041438 3.019161 4.945085 12.486446 6.033692 3.942943 2.147328 2.234704 2.443489 1.483858 0.963380 0.734102 0.851214 1.970047 4.143016 4.833199 1.801997 1.337080 1.117197 2.982541 13.348185 5.849072 9.003694 32.131744 9.052716 
7.398589 30.652483 6.319088 2.456676 4.297948 7.371556 4.273381 5.627629 2.162030 0.671824 0.284274 0.355105 1.353766 3.723315 12.886090 6.120464 5.590007 7.503214 18.031086 8.534766 6.139027 4.245970 4.945245 7.276909 4.650306 3.076206 2.144554 1.923381 1.417770 1.416386 2.379575 1.046585 0.502934 0.451087 1.107235 2.929495 2.017906 3.035079 6.749313 3.270197 
2.895250 6.315769 2.481679 1.964172 6.577760 30.242512 6.641607 2.897745 2.220621 0.949582 0.482724 0.582535 1.637344 3.470845 8.227873 8.494352 9.494538 11.541183 25.087788 12.722308 10.230595 8.107396 11.775714 29.931540 9.609582 5.603410 3.951815 2.905130 1.809861 2.107679 4.098609 1.553306 0.469510 0.215781 0.343233 0.679384 0.574412 0.810213 1.426876 0.975304 
1.115403 1.335253 0.735612 0.816935 2.381031 6.518012 3.040251 3.522843 7.713645 2.895173 1.041788 0.895886 2.069236 4.313807 8.675059 10.976212 13.141573 16.011646 27.385233 16.357454 14.994602 12.265093 14.267658 27.662584 13.822706 12.929095 7.482080 6.438030 4.331104 6.348028 14.060532 3.397783 0.750800 0.208777 0.204700 0.348178 0.236982 0.228383 0.361787 0.599458 
0.359287 0.299854 0.197835 0.283505 0.783022 1.876366 2.214065 7.737452 33.928749 8.339134 2.618719 1.916700 3.476932 6.078929 17.748583 20.082756 21.432217 23.754265 31.762487 28.054012 34.622276 19.132132 17.941143 26.400890 15.940573 12.773211 9.284120 6.051223 3.660247 3.209543 4.071028 1.428649 0.416076 0.211676 0.438342 1.054075 0.424096 0.156102 0.107112 0.136922 
0.079763 0.070899 0.070813 0.156267 0.577825 1.743299 1.208674 3.080883 8.286804 4.797207 3.015807 3.019994 4.854300 6.899740 13.858826 18.883505 26.472530 31.877605 37.659134 36.196877 39.565495 24.917181 22.451807 26.699692 24.698206 14.666698 13.033741 8.038299 5.022826 4.475135 2.242353 0.781348 0.296028 0.346907 1.209767 4.836042 1.128652 0.264858 0.071511 0.039205 
0.032389 0.049996 0.079066 0.085117 0.164913 0.314269 0.540568 1.333007 3.008637 6.343207 5.481623 5.394693 7.211679 9.078071 14.687152 21.121620 44.125164 41.113941 43.481026 42.838856 43.263115 30.809845 28.379372 30.663406 28.302435 23.488777 30.073193 15.401115 11.116665 13.600468 3.520649 1.113138 0.444843 0.526415 1.382432 3.416764 1.075361 0.275290 0.064639 0.019404 
0.069170 0.161547 0.315500 0.171672 0.109562 0.198789 0.697599 1.243243 1.996770 4.700187 7.021138 7.641439 9.733531 11.794027 16.653872 21.815292 32.627316 51.712322 49.955826 49.508278 48.182285 36.501537 34.832413 36.925980 36.498421 40.348640 33.346264 34.741337 12.548056 9.388868 3.644655 1.775118 1.047879 1.391179 2.997376 5.156592 1.316114 0.307916 0.066279 0.015759 
0.203658 0.584867 1.497497 0.577654 0.193544 0.158917 0.524650 1.289097 2.895788 5.044576 11.727763 12.763464 14.251514 15.923321 19.894121 26.697266 34.068848 48.098068 53.408920 55.183395 55.033344 44.461712 42.886410 43.014740 40.776161 38.138653 30.760458 25.307243 17.023611 16.659809 5.700022 3.982900 2.496439 3.736916 8.170642 3.740337 1.112240 0.270930 0.058081 0.013544 
0.440817 1.645286 7.124753 1.610631 0.393194 0.170230 0.368243 0.811926 2.154998 4.094034 7.839325 11.141442 14.968518 18.740034 23.801924 30.730150 52.974602 58.387390 61.206585 60.750595 59.371368 51.675503 49.571918 48.498821 42.629257 36.991516 29.720697 23.351381 17.349110 13.053280 7.923281 9.033244 6.063719 10.091410 33.436043 7.431717 1.603900 0.321294 0.061835 0.016226 
0.426913 1.361116 4.245469 1.387746 0.449841 0.316814 0.589762 1.056696 2.857103 4.685603 7.911897 11.855549 16.449947 21.035404 26.686644 31.961044 43.358505 50.791943 57.258205 62.203304 64.971581 60.915348 60.018387 50.198414 45.361156 38.561394 32.009823 26.862787 23.728102 21.946833 20.744127 32.895855 9.324128 6.390284 8.468789 2.929912 0.813226 0.179850 0.046297 0.031030 
0.452100 1.699529 8.209564 1.781904 0.675929 0.839100 1.100291 1.836733 3.400432 6.591588 10.707044 14.729621 19.436478 24.237598 30.013269 34.971203 42.397381 49.580021 57.064056 63.534542 69.353828 66.764435 63.809952 55.447903 51.267429 48.926525 43.829220 43.372631 47.145473 23.125729 17.726086 14.526067 6.818918 4.014232 2.597529 1.073712 0.350059 0.101763 0.078213 0.140397 
0.252214 0.616678 1.737641 0.869998 0.953617 3.217230 2.636740 5.806889 6.607862 11.492030 16.878334 18.861645 22.844791 27.705391 33.528053 38.862022 45.151608 51.917812 59.094906 65.909576 72.551384 72.025925 68.878998 62.878361 59.162083 46.958500 41.452343 35.589806 30.810822 20.989052 15.178975 10.487466 6.366794 3.676146 2.036610 1.067498 0.601245 0.405356 0.546616 1.236769 
0.328373 0.317924 0.544505 0.721350 1.128960 2.272642 3.008579 5.450067 9.645452 15.833570 42.196987 32.062641 32.019695 35.208298 40.013111 44.919041 50.728504 56.276707 62.618679 69.131325 75.422600 76.474884 70.123802 64.588623 55.555244 48.190182 40.697998 33.374035 26.958334 20.151247 14.548008 9.853339 6.130352 3.596163 1.869071 0.984122 0.521868 0.537170 0.827783 0.624604 
0.250219 0.154594 0.238354 0.586177 1.397455 3.190967 4.238835 6.830910 12.589939 15.702008 28.311424 32.923050 37.243526 41.673004 46.349190 50.701359 55.719929 61.002270 66.352524 73.685631 79.486656 78.564644 72.262856 65.134033 57.145161 49.686085 41.317028 33.817474 27.272726 21.137054 15.887440 11.407559 5.981955 3.948747 1.980793 1.201148 0.882541 1.578480 3.588419 1.755699 
0.061496 0.098252 0.343050 1.187466 3.270933 7.889974 11.726670 15.050651 28.676565 25.008581 29.471134 35.177299 54.060455 57.741787 61.432549 62.964966 64.446983 66.700401 71.081673 76.981728 83.414207 80.291573 74.363052 67.403610 60.363861 52.434998 40.010624 33.908546 26.882801 21.204313 16.193146 11.986360 8.352364 6.237586 4.576091 4.005853 4.158676 6.858096 17.699394 5.004550 
0.046875 0.176698 0.776716 2.845639 7.374167 6.841864 8.343191 12.521940 19.203688 22.159992 25.867268 31.109819 37.417580 42.334976 47.066219 51.509411 56.044296 61.026299 66.396996 72.212791 77.939713 77.026413 70.766029 63.565338 56.381634 48.642811 40.188473 33.414139 26.638624 21.124552 14.500275 11.667291 6.252384 4.096993 1.972747 1.237391 1.352605 2.779962 4.148962 1.933136 
0.061846 0.293327 1.472047 6.474865 24.440632 18.076866 15.037417 14.289300 16.699640 19.397865 22.505238 26.249424 30.998905 35.715969 40.642040 45.726528 50.893768 56.323116 61.878098 66.180077 72.835411 73.530960 67.214828 60.953552 54.062126 47.006035 39.078129 32.754467 26.229012 20.378082 14.478600 10.654288 6.890735 4.318679 2.320030 1.895988 3.119755 7.140105 3.230192 1.264551 
0.041478 0.170053 0.755558 2.775535 7.148999 6.435510 6.527448 8.429934 11.560605 14.761927 18.058563 21.600647 25.609293 29.882830 34.773567 40.010372 45.346550 51.260757 56.585369 61.702229 68.020279 68.045090 65.697464 58.333134 50.766071 45.534664 37.444817 32.372375 30.206074 23.249821 15.201963 12.278286 9.768204 7.258525 4.929452 5.669796 10.110578 29.251776 6.824171 1.769620 
0.036756 0.076705 0.279323 0.937299 2.200422 3.038329 3.322594 4.985418 7.973357 11.143830 14.408877 17.760315 21.466286 25.486549 30.370306 35.424267 40.707695 46.372963 51.401947 58.544746 62.462509 63.567139 60.369946 51.775539 47.001217 41.833267 36.016838 36.984146 46.614147 27.925684 21.965742 19.737288 19.701952 8.513003 7.655119 9.358717 5.304519 7.569427 3.149703 0.993636 
0.105746 0.071986 0.130437 0.391383 1.169997 3.380824 2.717706 4.042959 6.355460 8.715339 11.479982 14.381198 17.743826 21.537312 26.407480 31.056124 36.179352 41.120766 46.157532 53.127670 54.860455 57.089352 53.952820 47.592560 41.745136 35.626324 29.125340 25.052536 22.814886 20.741558 13.029339 9.327361 7.653315 7.062189 10.838097 27.712328 6.942964 2.931354 1.507733 0.574156 
0.450991 0.187070 0.160932 0.207641 0.501546 1.167021 1.116161 2.695692 4.022301 5.888760 8.477597 11.067342 14.260003 18.051632 22.909220 26.956642 31.738590 35.560368 40.418926 42.941998 48.888542 51.285591 50.022099 42.530891 38.361614 34.406353 28.793760 24.004507 16.417791 13.027846 9.611505 7.618726 6.442700 3.212645 3.698416 6.641555 2.681454 1.066699 0.631514 0.776915 
0.353710 0.493623 0.555789 0.319333 0.495589 1.214531 1.107841 2.129412 2.494415 3.992770 6.220821 8.180614 11.278337 15.226261 19.811039 22.901175 27.208935 29.436100 32.928394 36.904568 44.844177 45.163742 43.058559 38.341431 33.005684 32.278088 32.255142 29.341404 13.467313 9.500366 7.314400 8.349242 13.927929 3.556461 1.864848 1.881555 0.992539 0.662283 0.852710 0.612924 
0.660279 2.056846 2.464008 0.830282 1.122336 3.869140 2.643015 2.380066 1.693330 3.246755 4.620362 5.753236 9.141741 13.249745 16.714865 18.521183 22.242378 22.501459 26.901781 31.129627 39.798847 38.629768 37.767609 30.667538 27.428343 27.009933 30.444929 17.000502 10.518894 6.355599 4.258919 3.897732 4.445592 2.110221 1.433483 2.004945 1.225047 1.509064 3.471672 1.707932 
0.808393 1.426731 0.969434 0.431174 0.507766 1.293563 2.260149 1.231612 1.602679 4.594633 3.876016 4.457403 9.238421 12.466640 13.122690 13.462049 15.635903 16.716984 21.594139 26.365038 33.732277 32.144573 35.693348 27.012665 21.499346 19.060795 16.943956 12.056426 7.166476 4.582704 2.869252 2.855388 3.305945 2.106122 3.306839 7.961495 3.468547 4.051950 16.568317 4.597021 
2.189267 4.717579 1.737426 0.535746 0.389197 1.134747 4.027792 1.595302 2.972006 11.072509 4.385473 4.676595 12.715994 12.099475 9.371151 8.780495 10.537803 12.425411 17.793734 22.711559 24.782301 25.450075 29.092066 19.522972 18.127392 14.983408 13.313532 9.746782 5.195200 3.258318 1.966734 3.244901 7.541765 4.015414 8.505168 36.454693 7.811794 2.725446 3.667929 1.712554 
5.583758 22.131048 4.392341 0.915152 0.287414 0.430880 1.016057 0.680912 1.234812 2.874906 1.803116 2.505762 5.908122 13.315714 7.439181 5.569668 7.181370 9.035561 16.012897 17.974903 21.432655 20.667942 28.189558 15.829387 12.572280 10.985723 11.592515 12.924461 5.194749 3.135906 2.152767 6.349776 26.004978 6.455034 4.034433 7.957423 2.911521 1.063452 0.862375 0.490287 
2.284621 4.598258 1.623234 0.439221 0.139655 0.146575 0.257003 0.233421 0.395584 0.765084 0.801686 1.983463 7.174163 27.294889 8.226855 3.797520 4.761439 7.077635 16.946035 14.433268 14.400402 16.778978 30.068094 15.124679 10.190381 8.095442 11.653074 29.051201 6.733410 2.146466 1.166603 2.375749 5.987027 2.547473 1.609212 1.863401 0.881593 0.349901 0.209248 0.122736 
0.944210 0.990867 0.447552 0.153111 0.084748 0.133523 0.183150 0.200150 0.284061 0.468584 0.430745 0.877652 2.730578 6.542558 2.970312 1.792742 3.310035 6.939113 23.647734 12.090765 11.551168 14.718348 34.514404 19.223366 9.482619 5.434797 4.635147 7.223114 2.869579 1.032226 0.476803 0.730707 1.497359 1.427776 1.968342 1.228377 0.690526 0.286284 0.108090 0.045653 
0.214992 0.207153 0.111440 0.073226 0.154108 0.443789 0.588556 0.642855 0.873658 1.617650 0.823012 0.497188 0.807882 1.508931 0.967687 0.882086 1.909177 3.626215 7.971005 5.531056 6.575832 6.672387 14.736812 35.990520 11.104679 5.636319 2.759701 2.414892 1.195628 0.639189 0.287523 0.415500 1.157575 3.278509 8.237857 3.586973 2.304606 0.898363 0.267235 0.080880 
0.044691 0.042233 0.035229 0.079989 0.353807 1.704968 2.315403 2.370627 3.064853 7.877146 2.855343 0.904631 0.391059 0.356102 0.246896 0.281989 0.939696 1.676543 4.512359 2.976331 4.619269 3.229689 5.333579 8.536690 4.849995 4.991813 2.866885 2.483771 1.838608 1.221521 0.489104 0.735894 2.426334 9.537106 40.098007 10.515151 9.331481 3.049509 0.783894 0.216599 
0.010223 0.009107 0.012475 0.039714 0.149137 0.474682 0.808622 1.953864 7.942482 38.812565 7.894864 2.155061 0.623064 0.203221 0.086177 0.106714 0.607937 0.878315 2.228033 1.646412 2.550603 1.311621 1.605947 2.444854 2.988417 1.775229 1.962985 1.648515 0.666090 0.565305 0.635217 1.570120 3.890582 10.963426 12.090562 11.246135 39.510704 7.762214 1.578515 0.431349 
0.013857 0.003431 0.004201 0.013915 0.046719 0.129653 0.282313 0.840474 2.903208 8.116503 3.914344 3.828931 1.303028 0.350640 0.089652 0.061011 0.653754 0.274734 0.559503 0.565358 0.651718 0.405798 0.464782 0.609751 1.219190 0.520138 0.611824 0.511037 0.294859 0.486352 1.499501 4.724077 9.182065 39.857018 9.861083 5.024335 8.291379 2.873807 0.824613 0.594931 
0.001994 0.000795 0.001185 0.003927 0.012416 0.033705 0.086471 0.275791 0.879509 2.227867 3.932793 15.351763 3.175105 0.672354 0.144709 0.079254 0.749237 0.125454 0.156469 0.171406 0.176353 0.132040 0.150946 0.290105 1.383630 0.263272 0.181702 0.153046 0.199668 0.734470 3.379029 15.880186 5.929698 8.691496 3.423681 1.645196 1.770092 0.783026 0.269706 0.162514 
0.000313 0.000179 0.000334 0.001104 0.003397 0.009488 0.027647 0.093106 0.297674 0.803256 1.911774 5.111353 1.724218 0.465313 0.126915 0.156638 1.648549 0.162970 0.061226 0.049928 0.046869 0.044782 0.102556 0.431514 3.175054 0.426730 0.109813 0.064646 0.126629 0.485853 1.796063 5.325659 2.597189 2.336476 1.109432 0.525504 0.426242 0.210605 0.081720 0.046961 
