0.169365 0.549878 1.890254 5.335302 2.215901 1.591568 2.184280 1.083642 0.375829 0.105256 0.028790 0.032059 0.169607 0.524409 2.073937 4.734526 16.206120 18.040724 16.831161 14.606334 10.953304 6.989763 5.289819 3.331869 2.071557 0.979407 0.367778 0.120713 0.060834 0.066389 0.118347 0.272914 0.717989 2.164541 0.550342 0.140274 0.042360 0.030875 0.061437 0.140066 
0.221186 0.767573 3.382360 15.512724 4.123537 3.830799 8.312397 3.101291 0.888169 0.221761 0.061570 0.068552 0.264856 0.738648 2.668003 6.393313 24.515213 20.295782 20.343657 20.790180 11.864323 8.216501 5.738638 3.729320 2.365889 1.194371 0.497878 0.219477 0.185192 0.201912 0.327946 0.640918 1.217093 1.063637 0.458642 0.174204 0.078877 0.077583 0.156390 0.466500 
0.166071 0.442784 1.366665 3.647212 3.091201 8.645370 38.182903 8.093891 1.803071 0.410627 0.134671 0.174904 0.486346 1.096688 2.973851 5.227499 12.825699 15.122046 20.997578 19.475651 17.890703 9.147573 6.781897 4.513381 3.048079 1.680368 0.822081 0.534297 0.651355 0.632394 1.073985 2.119826 4.863379 2.228499 1.069034 0.450231 0.240757 0.254227 0.371169 0.355098 
0.275327 0.448849 0.643814 1.220023 1.907976 4.134820 8.794615 4.155754 1.483061 0.528729 0.336168 0.474831 1.031624 1.978125 4.167301 6.124387 11.043469 14.503399 23.511541 18.558418 15.541113 10.108048 8.226671 5.957737 4.350575 2.855825 1.842613 1.685674 2.408435 1.777716 3.229297 5.833367 21.711672 5.746020 3.190509 1.297597 0.772944 0.961211 1.575165 1.059367 
0.928812 1.494300 1.003890 1.238093 2.605080 3.166205 4.221540 5.876329 2.387878 0.970900 0.774578 1.202747 1.969833 3.182278 5.555912 7.932904 12.364244 16.472679 26.579866 19.871565 16.025522 11.908815 10.311091 8.265224 6.796740 5.037569 3.746973 3.709603 5.142253 3.308266 2.887681 3.123831 5.445382 2.534085 2.151365 3.333674 2.274776 3.328700 7.085647 3.566320 
3.096739 6.643245 2.864795 2.711254 8.195491 5.426771 7.293856 21.587029 5.857042 2.151189 1.675314 2.281248 4.297169 7.194351 8.874167 10.266973 14.379350 18.649082 31.501127 22.735060 19.189795 15.558165 14.368056 12.694523 10.151571 8.187750 6.883340 6.913473 9.071262 13.087468 5.711103 2.130132 1.844177 1.404466 3.298970 14.547793 6.159390 9.405075 32.628929 9.473756 
7.809759 30.737783 6.660520 2.748571 4.709368 8.166740 6.261903 11.511796 4.998105 3.370740 3.376417 4.177252 6.721427 10.166283 22.344442 17.728123 19.420256 23.142408 36.612083 27.148760 23.338524 19.808022 18.957441 19.406292 16.471348 13.423972 10.969905 8.875495 6.287494 4.942247 3.355983 1.647992 0.931875 0.612342 1.229191 3.094842 2.219380 3.320108 7.092878 3.592255 
3.212144 6.753342 2.799516 2.269978 6.667641 26.026567 12.222454 10.184808 7.325745 6.091815 6.249956 7.183023 9.844965 12.880295 20.523628 23.031116 25.850739 29.488564 43.558292 33.213100 29.460756 26.238735 29.210197 45.303940 23.071468 18.085995 14.498782 10.635733 6.905848 5.253811 4.955278 2.428395 0.955967 0.378612 0.434061 0.759970 0.680978 0.954812 1.600095 1.143474 
1.471251 1.615947 0.990135 1.283223 3.009524 7.944818 6.794617 9.468421 13.008824 9.655995 8.999121 10.019112 12.905947 16.613523 23.057575 27.361868 31.400621 36.202801 47.951279 38.666122 35.989498 32.767948 34.956577 46.974613 30.777834 27.573338 19.832117 17.079983 12.271815 12.298293 15.673842 3.998145 1.523344 0.475424 0.317263 0.395829 0.288931 0.289852 0.432099 0.672933 
0.458928 0.401420 0.298092 0.446842 1.155051 3.481290 6.001457 11.995645 38.386517 18.301170 13.837109 14.066953 17.030609 21.038683 34.190395 37.394855 40.951382 44.976780 53.293182 50.484947 53.383606 41.037342 40.629711 47.814106 35.324230 31.084364 24.540546 19.328081 14.114214 10.838666 8.128099 3.211138 1.600887 0.603969 0.594995 1.002903 0.449217 0.186959 0.135102 0.162710 
0.103277 0.096246 0.103189 0.207021 0.812483 2.859724 4.908176 10.476409 14.404753 14.513885 15.676975 17.488794 20.884781 24.368376 33.595661 40.728081 47.434433 53.023155 60.056473 59.061569 59.986530 48.761753 46.648895 50.885723 43.988815 33.008667 29.281204 22.258516 16.430607 12.490811 7.487003 3.902862 2.468693 1.457776 1.963005 3.817012 1.067631 0.286311 0.087525 0.050170 
0.044194 0.064743 0.106222 0.139932 0.468155 1.243155 2.667213 5.924928 9.088676 16.056534 19.096048 21.793898 25.488997 28.788626 36.057777 43.636551 60.989906 61.426807 66.040215 65.908669 64.965385 55.524639 53.289146 54.876648 48.785046 42.937443 45.824696 30.937927 25.317778 23.414387 9.517679 6.029820 3.976788 2.670725 2.701117 2.735589 1.022987 0.306295 0.080429 0.026693 
0.086054 0.183481 0.346733 0.256783 0.494998 1.029927 2.993624 5.922689 8.878862 14.613011 20.551685 24.216602 29.166573 33.083149 39.439255 45.920696 56.669415 70.176559 71.307556 72.202827 70.421364 61.021408 60.083492 61.347618 57.836090 58.217636 52.311192 49.513847 26.351891 20.826271 12.509290 9.329206 7.131082 6.027619 6.691372 4.928844 1.341264 0.385213 0.094005 0.025526 
0.233455 0.609355 1.424494 0.726535 0.700548 1.163433 3.195329 5.898118 10.130495 14.504714 23.943630 28.496319 33.788345 38.034866 43.690117 51.214176 59.288742 70.383926 75.761688 77.443069 76.304070 68.221710 67.433670 67.022156 62.880051 58.715977 50.783127 43.619411 33.090660 31.167902 17.602484 14.496800 10.975866 10.184000 11.282195 4.511978 1.477661 0.516128 0.149166 0.055031 
0.478502 1.566359 5.656128 2.490093 1.787442 2.134590 3.952457 6.544041 10.734504 15.134795 21.891045 28.098694 34.468147 40.543026 47.552898 55.189552 70.903595 76.547295 81.240036 81.993896 80.698013 75.745300 73.647514 71.132507 65.230698 58.969994 50.989689 43.394459 35.765053 29.943859 22.126053 21.391922 18.562729 20.607952 32.526405 7.850465 2.390166 0.876953 0.301137 0.150106 
0.485132 1.366242 3.626432 2.835492 3.031664 3.956458 6.105670 8.655087 13.698561 17.375698 23.272795 29.579790 36.324051 42.939888 50.309071 57.068409 67.429199 74.650383 80.215225 83.761055 84.914299 82.382141 80.152023 72.296104 67.922844 61.302380 54.150490 47.853333 42.969547 39.869316 37.456715 45.538910 20.729788 16.150904 13.510105 5.442305 2.930907 1.624817 0.941814 0.712509 
0.606701 1.845175 7.272620 6.203864 6.262588 6.368479 8.703583 11.177273 15.919230 20.775425 27.131121 33.170403 39.711826 46.248425 53.397541 59.776794 67.322021 74.124245 80.227722 85.036346 88.146896 86.835152 84.016136 77.957718 73.711227 69.969612 64.734848 62.366100 61.961437 42.818462 36.787220 30.822695 19.513493 14.110698 9.246550 5.346182 3.694817 2.408314 1.662240 1.425730 
0.528558 1.026242 3.289690 4.942124 6.807497 11.552943 12.171178 17.986961 20.559494 27.342611 34.052372 38.088856 43.697517 49.943512 56.799095 63.142357 69.656090 75.886726 81.743477 86.821854 90.682793 90.512047 87.756699 83.362854 79.052750 70.534050 65.852676 59.994320 53.769272 42.883469 35.423748 28.183363 21.194988 15.997290 11.507934 8.509092 7.024246 5.576657 5.093393 5.724964 
1.169883 1.332749 2.639914 5.068096 7.991763 12.477380 15.535696 20.905302 26.451418 33.795345 55.831154 50.825848 53.024414 57.343960 62.886974 68.373856 74.036156 79.100037 84.179665 89.152138 92.969246 93.092896 88.063103 85.052246 77.789757 72.444382 65.814323 58.665348 51.435307 43.386284 36.258389 29.634815 23.899828 19.050516 15.132001 12.473068 10.896666 9.639832 9.387432 10.124964 
2.923418 2.902313 3.791776 5.871949 8.041625 12.961265 17.606064 23.389238 30.690536 35.858654 49.539642 55.209183 59.327877 63.822083 68.904556 73.623199 78.428711 81.377037 85.476135 91.777985 95.359581 94.910057 90.970406 86.106613 80.073196 73.807716 66.374878 59.211422 52.127048 45.007568 38.491978 32.755527 25.271715 21.438972 17.554258 15.185501 13.667810 13.017046 13.416814 12.726258 
2.074288 2.418175 3.474738 5.610462 8.484514 18.963936 25.214802 31.216986 44.478195 44.974121 52.167225 58.649574 70.733643 73.982689 78.617844 81.192703 83.553246 86.119049 89.517372 93.612518 96.825584 95.761047 91.954552 87.089584 81.660309 75.413551 66.160355 61.039700 54.669132 48.654221 42.877468 37.810745 32.691673 29.203714 26.056303 24.127872 22.934923 23.558321 25.518427 13.542946 
1.836765 2.230217 3.695844 6.345784 12.064848 16.540365 21.997057 28.159632 36.927860 42.171799 47.669807 53.880768 60.069027 65.110466 70.031853 74.456734 78.648163 82.849518 87.062706 90.968277 94.383995 93.892647 89.984589 85.176292 79.713890 73.438988 66.015381 59.252571 52.215115 45.707928 37.383045 32.884251 25.041012 20.844992 16.211288 13.260485 11.246614 10.818988 9.997130 7.645239 
1.483070 1.938928 3.947525 8.850246 33.366257 31.160898 31.630159 31.765249 35.081017 38.969410 43.285927 48.084454 53.574146 58.878323 64.126198 69.237053 74.148796 78.963501 83.486633 85.555672 90.888092 91.033516 86.155998 82.974281 77.682747 71.981789 65.066917 58.622635 51.937225 44.957821 37.381931 31.507948 25.320053 20.485603 15.874524 13.182536 12.169086 13.471554 8.431081 6.312001 
1.560105 1.970126 3.221858 5.975065 11.810535 16.380123 18.922556 22.918886 27.714687 32.383682 37.082279 41.969559 47.167149 52.431831 57.999660 63.613197 69.060951 74.473259 79.272690 81.892273 87.196228 86.290092 85.249367 80.366478 73.697365 69.984596 62.692677 57.805042 54.901516 47.603100 38.367813 33.700676 28.951605 24.902336 20.564604 19.679255 22.168995 34.584244 10.578812 5.722324 
1.710495 2.118489 2.869205 4.747303 7.094670 10.464346 13.480032 17.708899 22.537703 27.099222 31.785841 36.617279 41.743378 47.036983 52.897552 58.704414 64.412094 69.880302 74.676079 79.699928 82.976685 84.013763 81.618652 74.615494 70.863503 66.130936 59.641819 59.289444 62.539680 49.925087 44.021240 39.543800 36.504196 25.319361 23.392179 22.104385 14.110682 14.225027 8.046933 4.841300 
1.940605 2.192308 2.766774 4.277594 5.728132 10.658985 11.920803 15.722831 19.167171 22.687197 26.964556 31.542126 36.561798 41.911770 48.068287 53.859722 59.664455 64.773155 69.607903 74.733818 76.122849 79.038048 77.000984 71.537354 66.400101 60.588238 54.000130 48.872570 44.743370 41.413563 33.646206 28.056976 23.844013 21.700954 24.066803 37.086243 14.191015 9.783385 6.860368 4.657028 
3.850399 3.235578 3.629361 3.983367 4.697570 6.089644 8.017848 12.408828 14.140147 17.496506 21.934181 26.476089 31.568525 37.175804 43.623535 49.146278 54.765392 59.047173 63.649624 66.936295 71.673485 74.012253 72.941666 66.088905 62.590046 58.519501 53.018852 46.782974 37.252274 33.177223 28.843143 24.961037 20.895155 14.569977 13.232287 12.778316 9.062456 6.566616 6.784420 6.915535 
0.713984 1.437609 2.287230 2.045015 2.438058 4.630078 7.029210 9.481996 10.128096 13.311911 17.804329 21.991402 27.178370 33.153568 39.617046 44.385529 49.498302 52.487934 56.465935 60.772854 67.093094 68.473701 67.152779 61.965885 56.177422 55.043324 54.922451 47.422707 32.307190 27.757650 24.743401 24.360094 26.282230 13.189168 10.174912 7.289178 4.574666 3.808228 4.533791 2.409313 
0.861784 2.405352 3.156619 1.436943 1.691477 4.031579 6.477923 7.367044 6.752648 10.433702 14.610823 18.110132 23.743042 30.125483 35.801197 39.194702 43.781288 44.540657 49.803925 54.675583 61.660343 62.284916 61.906612 54.644047 50.217545 48.008987 47.887436 34.600155 26.858080 22.014940 18.645786 16.655426 14.225499 10.189634 7.720886 6.016299 3.254230 3.389694 6.898451 2.864434 
1.002910 1.750557 1.200994 0.652606 0.816851 1.564620 3.627555 3.910758 4.491408 10.092532 12.626647 15.176774 22.434502 28.528812 31.647921 33.105846 36.354645 37.719807 43.650097 49.177452 55.734215 55.299389 59.112267 50.027241 42.939667 38.876297 34.522976 27.890358 21.445988 17.723358 14.730517 13.708170 11.531784 7.148037 7.885762 10.599176 4.332259 4.725696 14.363026 4.594029 
2.456068 5.102842 1.977718 0.697214 0.534409 1.156741 3.747001 2.610958 4.308809 15.301983 11.224071 13.109488 25.238575 28.384218 26.782743 26.712471 29.428020 32.369244 38.774170 44.362354 47.879108 49.303146 53.426373 42.843201 39.269047 34.090023 29.886673 23.907040 17.182896 13.749701 10.908838 11.631469 13.706396 6.531161 9.902804 30.385799 7.456118 2.983520 3.813838 1.870645 
5.887816 22.170681 4.583382 1.019798 0.350896 0.500316 1.023019 1.133947 2.726638 5.050303 5.879523 9.395732 14.138793 27.109730 22.507383 21.291170 24.176208 27.408079 35.623943 39.082649 43.300507 43.581146 51.103020 37.840496 33.028484 29.654676 27.689461 25.460957 14.918308 11.342014 8.347588 11.544692 26.240355 6.992793 4.780515 7.646435 3.305633 1.255109 0.987058 0.581937 
2.513976 4.800096 1.764493 0.513074 0.179384 0.196034 0.374644 0.664811 1.439702 2.833361 4.547907 7.945964 13.711571 37.931057 19.994131 16.908360 19.713997 23.547674 34.783573 34.927731 36.169628 39.308483 50.683075 34.943787 28.486319 24.709888 26.037405 39.342503 12.906976 7.351403 5.419440 5.842775 7.790673 4.696035 2.273463 2.155388 1.081846 0.457598 0.270443 0.163948 
1.056328 1.101362 0.521365 0.192981 0.109093 0.178870 0.303797 0.577601 1.198495 2.379271 3.850035 5.902129 9.454086 13.595313 11.912292 12.438504 16.179045 21.166761 37.687489 30.514406 31.440826 35.473339 51.646370 35.537235 24.929115 19.179018 15.396712 14.872963 8.750483 5.026157 3.394456 3.603182 3.583630 2.760485 2.595597 1.520167 0.879353 0.386155 0.156336 0.071216 
0.258906 0.248863 0.141396 0.092856 0.174371 0.515251 0.758209 1.182403 1.866979 3.588605 4.152130 5.343542 6.590992 8.091744 8.789042 9.830295 13.082870 16.951366 22.617878 22.034222 24.786650 26.903351 33.022961 46.966011 23.360762 17.097979 12.000036 9.375969 5.583902 3.195753 1.900024 2.179125 2.855118 4.715111 8.874924 4.014041 2.620193 1.077011 0.349377 0.118565 
0.058958 0.055770 0.046361 0.091181 0.367547 1.622498 1.988126 3.633614 3.943884 9.489477 6.026432 5.331099 5.013120 5.242526 6.018623 6.943242 10.251144 12.996464 18.018730 18.200571 21.530628 21.346243 21.730652 21.669130 15.770675 11.688783 8.350368 6.653517 4.240672 2.631660 1.386640 1.998590 3.834604 11.016066 36.894806 10.969499 9.859588 3.362715 0.929227 0.282761 
0.015692 0.013436 0.016823 0.046757 0.164434 0.505290 0.878564 2.220998 7.946038 31.340815 9.636629 5.191345 3.999700 3.726364 4.434595 5.206740 8.950630 10.916445 15.316757 15.507804 18.858679 17.128683 16.643484 14.746719 11.323951 5.870151 4.217482 2.864706 1.235499 0.944839 1.040630 2.500905 5.105772 12.390433 12.674690 11.942533 40.100674 8.155674 1.761462 0.516224 
0.025269 0.005978 0.006076 0.017672 0.056113 0.153138 0.341281 0.983813 3.147738 8.110799 4.371598 5.472538 3.560944 2.726473 3.295349 4.027074 9.509424 10.826845 12.321047 13.829605 15.086578 14.709572 13.615098 10.225043 6.754067 2.628150 1.797538 0.903840 0.577956 0.672659 1.794657 5.729458 10.122673 36.865227 10.354994 5.556004 8.757723 3.162693 0.964177 0.663889 
0.003826 0.001502 0.001879 0.005548 0.016753 0.045293 0.117295 0.351949 1.033019 2.447983 4.176945 14.024278 4.571413 2.197435 2.541626 3.303583 9.936795 10.689212 11.740668 13.060789 14.031809 13.786228 12.767716 9.774335 6.842028 2.160753 1.301764 0.509797 0.425909 0.903794 3.696765 17.306856 6.401905 9.054274 3.820266 1.951909 2.011262 0.933240 0.343582 0.199603 
0.000653 0.000374 0.000600 0.001798 0.005350 0.014999 0.043173 0.133592 0.385908 0.952593 2.097753 4.974770 2.362267 1.402153 2.029365 3.098611 12.287316 11.123572 11.520833 12.476944 13.139027 13.377137 13.104792 10.992197 9.016199 2.079542 1.011355 0.290993 0.261835 0.602285 2.003162 5.634401 2.915085 2.653378 1.354768 0.693499 0.545947 0.283348 0.117754 0.065563 
