0.051970 0.158396 0.541445 1.542869 0.627219 0.435294 0.598212 0.295942 0.125989 0.123299 0.315164 0.732312 1.711691 3.032888 5.817067 8.562157 15.288239 22.968866 27.708944 28.371727 24.008881 19.374884 16.349405 12.824869 10.008377 7.340036 5.294716 3.799343 2.708572 1.919868 1.227309 0.810004 0.600859 0.641806 0.216798 0.055771 0.016639 0.012093 0.025783 0.063754 
0.081492 0.222973 0.977612 4.542542 1.191106 1.068593 2.243690 0.874510 0.294975 0.223465 0.467821 0.991813 2.110241 3.575089 6.673987 9.510196 19.573082 24.599249 29.399469 30.347660 24.052263 20.670481 16.981089 13.576517 10.725528 8.052788 5.939357 4.351877 3.138251 2.143682 1.199163 0.725274 0.532004 0.375889 0.172937 0.067077 0.029025 0.027141 0.060622 0.209102 
0.049864 0.126992 0.390241 1.046235 0.869982 2.349433 8.469243 2.376103 0.683244 0.464176 0.792674 1.509292 2.874722 4.569861 7.801282 10.557811 17.352612 22.659674 30.474174 31.567953 27.014616 21.329409 18.247990 14.730086 11.839380 9.022435 6.751651 5.079027 3.918839 2.377873 1.638032 1.257433 1.513596 0.726866 0.390127 0.168755 0.082109 0.079057 0.117206 0.119593 
0.077076 0.126680 0.176369 0.329672 0.533139 1.281230 4.093759 1.970827 1.150548 1.158472 1.699167 2.615252 4.266227 6.350385 9.843880 12.792789 18.210161 23.374014 32.653088 32.783421 28.098606 23.316797 20.137648 16.522875 13.546051 10.709394 8.404947 6.890623 6.053443 3.929597 4.072785 3.398567 5.386762 1.768548 1.115506 0.470955 0.248693 0.294647 0.495788 0.320801 
0.264495 0.435256 0.265891 0.264054 0.515981 1.094347 2.862746 2.619792 2.075473 2.256315 3.079777 4.462960 6.293389 8.451503 11.997699 15.584896 20.713663 26.140326 34.976543 35.376038 30.087049 25.791906 22.633867 19.156796 16.370306 13.424100 11.061571 9.769031 9.147297 5.248959 4.573716 4.418538 4.176868 1.566208 1.234248 1.181349 0.729503 1.071426 2.337040 1.110502 
0.918594 1.960201 0.809387 0.515085 1.126570 2.132425 3.196567 7.455770 4.810483 4.361285 5.197621 6.818839 9.843527 12.916595 15.222715 18.610775 23.730322 28.957970 39.309959 37.720871 33.498192 29.507317 26.498150 23.065823 19.871901 17.043535 14.890063 14.092309 14.890314 9.563294 8.691673 7.183688 7.556739 4.906963 5.841112 5.691520 2.630761 3.828502 11.000982 3.036540 
2.352011 7.886465 2.082589 0.843283 1.617432 3.249823 3.869634 7.418851 7.253319 7.362909 8.375661 10.029736 12.864306 16.001009 22.323952 23.913490 28.388758 32.980160 42.756779 41.946499 37.693718 33.711788 30.608715 27.575687 25.339138 22.423901 20.099884 18.633827 16.566973 12.033575 9.807640 6.614201 4.282716 2.390208 1.670064 1.472090 0.869977 1.130457 2.370645 1.133038 
1.112704 3.218726 1.273202 0.989647 2.230153 8.008206 7.486874 9.635648 10.931835 11.532452 12.732595 14.470079 17.332367 20.362930 26.208483 30.096012 34.671631 38.794167 47.506298 46.904839 43.081970 39.438335 37.594391 36.955887 30.318872 27.650543 25.128208 22.003181 17.960661 13.608529 10.507106 6.866873 4.069145 2.173831 1.172492 0.657218 0.376825 0.354249 0.538974 0.384097 
1.145415 1.883222 2.124734 1.833769 2.587055 6.872494 9.112184 13.028502 14.392354 15.093241 16.595335 18.672518 21.800331 25.280407 30.549236 35.120163 40.225376 45.815937 52.620270 51.856754 48.604206 45.452980 43.729408 42.145737 38.760368 35.307999 30.260021 27.691067 21.369768 17.528667 13.517923 7.242250 4.900266 2.584236 1.463413 0.764203 0.423547 0.290992 0.362189 0.681738 
1.094013 1.215387 1.677619 2.622678 3.509423 7.038981 10.470206 14.133164 23.015093 21.281557 21.839972 23.673809 26.897427 30.456692 37.563267 42.250168 47.794582 53.050316 58.308327 57.877033 56.303146 51.544994 51.122353 50.669098 45.338425 41.554577 35.238380 29.956877 23.430647 18.035810 12.925364 8.216431 5.536016 3.028201 1.877319 1.161638 0.705462 0.338481 0.236460 0.237398 
0.541075 0.679672 1.212702 1.939636 3.419777 6.960173 10.681293 15.386209 19.061556 22.908117 26.064499 28.751925 32.181995 35.607971 41.442200 47.616455 53.064487 58.224491 65.216698 64.132645 62.561737 59.304592 58.326172 57.610786 52.137241 44.081085 38.847111 32.359291 25.756247 20.066072 14.680887 10.365131 7.482693 4.872451 3.780441 2.719195 0.927492 0.523681 0.261108 0.174777 
0.482564 0.630755 1.177310 1.925090 3.319999 5.517088 8.590781 12.854220 16.941631 23.497885 28.028902 32.799175 37.345116 41.099937 46.246330 51.816429 59.356430 62.588448 70.026947 70.083206 69.039665 66.121162 65.144989 63.722656 57.233288 50.660336 46.577179 36.712276 31.489439 25.226902 16.761251 13.027471 9.315172 6.214207 4.238317 2.476368 1.311693 0.826411 0.424590 0.289962 
0.634331 0.826748 1.419154 2.193947 3.736401 5.649689 9.392932 13.086706 17.430223 23.933517 30.308222 34.965111 41.166264 45.956161 51.193409 56.308239 62.650295 69.270119 73.705383 75.760941 75.526360 71.075592 71.270767 69.329659 62.783405 57.285332 48.128418 42.766460 32.503254 26.934603 20.719444 16.714128 12.749825 9.452612 7.121425 4.580405 1.990727 1.348545 0.730338 0.534454 
0.938768 1.282975 1.961456 2.658641 4.233833 6.197863 10.086922 13.573500 18.687006 24.149113 32.210503 37.223579 44.188393 50.009949 55.578964 61.189068 66.644478 72.493004 78.307068 80.830719 81.155731 76.994141 77.004646 74.080582 67.247757 60.446110 52.706104 46.007690 38.377106 33.201496 24.763840 20.859625 16.152092 12.331133 8.930048 5.417462 3.079116 2.266236 1.420973 1.144135 
1.495354 1.938193 4.255143 4.883919 6.348760 8.276441 11.549548 15.402719 20.542284 25.897064 32.706684 39.545628 46.667480 53.271225 59.495667 65.282875 71.794853 75.590904 82.247833 85.431656 86.041618 83.875969 81.609962 77.006996 70.325668 63.396412 55.963165 48.813129 41.641006 35.457882 29.492155 26.166395 23.956196 20.049747 16.460747 6.928394 4.722547 3.468818 2.355036 1.962033 
2.068231 2.457823 3.675831 5.197132 7.634480 10.442827 14.174970 18.122698 24.457514 28.590797 35.159954 42.053165 49.279533 56.216801 62.898247 68.836227 74.911766 80.308853 85.539825 89.072823 90.085373 88.178238 84.990738 77.716270 73.011375 66.371719 59.495121 52.852032 46.883179 42.014275 37.490574 35.119450 25.150339 20.590860 14.647812 8.956015 7.329330 5.653602 4.402279 3.917867 
3.298955 3.863138 7.081448 8.040639 10.859912 13.451304 17.507654 21.390100 27.443621 31.935482 38.657772 45.482346 52.622009 59.535988 66.280556 72.292946 77.983528 83.257874 88.153282 91.856407 93.269981 91.267281 87.661057 82.333763 77.052933 70.893440 65.192993 60.016453 55.326447 46.298344 41.413048 35.030796 27.084375 21.448351 15.730467 11.737187 9.793280 7.749116 6.313939 5.657526 
4.611348 5.119194 7.958787 10.460597 13.587957 18.647287 20.816782 27.433069 30.947575 36.931076 42.889191 49.156033 56.101830 62.870071 69.497345 75.534821 81.016167 85.987099 90.577850 94.307175 96.088837 94.196617 90.442741 86.312263 81.561607 74.053879 70.185555 64.741806 58.476582 50.704617 44.062611 36.880127 30.132671 24.414705 19.412653 15.980064 13.852775 11.772161 10.691763 10.956421 
7.302456 7.176010 9.410360 12.574475 16.079149 21.561310 25.325605 31.328394 36.685028 42.229702 50.782761 55.380699 62.267662 68.160934 74.030838 79.548859 84.614319 88.827911 92.913086 96.731079 98.752213 96.942482 91.477936 89.373596 83.023903 79.145386 73.963524 67.801895 61.045025 53.832493 47.006496 40.347359 34.265907 28.881081 24.518820 21.307104 19.032757 16.936235 15.784530 15.359008 
12.719689 12.135965 13.897120 16.842798 20.090424 24.769253 28.934843 34.876759 41.231018 46.609848 53.727798 60.126289 66.589195 72.255051 78.032242 83.271179 88.058449 89.877182 93.249382 98.800369 100.980621 99.304840 95.588928 91.738228 86.889633 81.887657 75.969170 69.795479 63.264423 56.591610 50.331509 44.831100 37.108917 32.750172 28.506577 25.472694 23.131247 21.168484 20.287447 20.889891 
15.685889 15.629622 17.080687 19.724878 22.538414 28.305923 32.501446 38.292358 46.821236 53.326813 60.175983 65.591682 71.838524 75.089714 81.539673 86.352966 90.512375 93.863914 97.138100 100.358093 102.136917 100.522141 97.079094 93.102051 88.701073 83.849014 76.514603 72.440437 67.000076 61.593235 56.748615 51.730366 46.543095 42.634850 39.421638 37.168056 35.219067 32.581688 30.975452 27.430603 
18.298866 18.376421 19.776468 21.996593 24.643036 29.084724 34.358253 40.062134 46.313560 52.083172 57.481476 62.680428 67.922478 72.835518 78.141098 83.097969 87.621582 91.679504 95.350540 98.175964 100.486313 99.768570 96.596085 93.093910 88.908066 84.192978 78.568916 73.238960 67.741905 62.536964 55.583687 51.887180 45.402180 41.983391 38.312050 35.364887 32.799263 31.079535 29.310354 28.667637 
18.151442 18.878765 20.371666 22.635130 29.139925 31.463490 35.866547 39.931599 44.234390 48.841583 53.600464 58.502598 63.696453 68.913986 74.179527 79.261864 84.013397 88.381683 92.180573 92.860107 97.373955 97.081291 92.787163 91.420258 87.577858 83.538437 78.245461 72.949333 67.732635 62.030563 55.739838 50.386116 44.984745 40.231850 35.871193 32.614124 29.809698 28.142235 25.186741 23.960575 
15.955234 16.608158 17.759377 20.106272 22.328430 26.355717 28.333380 32.469231 37.203648 42.257050 47.486530 52.846245 58.362190 63.829445 69.336578 74.718887 79.793877 84.506706 88.563774 89.444908 93.841499 92.142952 91.766739 88.591499 83.203217 81.269241 74.903397 70.252304 67.392563 61.900124 54.489738 50.208111 45.293129 40.352268 35.879269 32.686813 29.237520 27.479570 22.266041 20.563322 
13.540114 14.173429 15.304247 17.242552 19.187687 21.578447 23.782654 27.667297 32.479980 37.387035 42.523643 47.857742 53.401695 58.934765 64.697060 70.294563 75.616081 80.393448 84.488892 87.696114 90.138474 90.488922 88.450760 82.692635 80.378563 76.973846 70.220222 67.111954 63.347305 55.679531 50.458805 44.996838 40.658546 33.968506 30.688536 26.606476 21.710339 20.298637 19.914122 17.485815 
11.215322 11.787829 12.838905 14.349421 15.567663 18.603998 19.425024 23.598898 27.982506 32.370213 37.318317 42.620029 48.220257 53.890533 59.984356 65.781876 71.269356 75.914413 79.991943 83.550385 84.032677 86.310097 84.239822 79.555115 75.590294 71.168045 65.826965 60.832241 55.409836 50.624332 43.669258 37.740559 32.745686 29.733780 27.634502 25.546490 18.388083 16.772373 15.875280 13.897700 
9.089688 9.504340 10.359696 11.018342 11.777637 12.900966 14.759284 19.790520 22.678995 26.945246 31.998917 37.400433 43.101696 49.014233 55.484146 61.317612 66.767372 70.973022 74.814926 78.168724 80.919273 82.076530 80.096954 73.519173 70.282249 66.204483 61.517494 56.986454 49.169876 45.205650 39.835896 33.985561 28.230190 22.572128 19.219709 15.563367 13.469751 11.918210 11.286815 10.369835 
4.332085 5.564879 6.245200 6.781110 7.544920 9.541973 11.412642 15.332719 18.123636 22.087687 27.280138 32.617035 38.343498 44.573402 51.297482 56.819347 62.049114 65.394882 69.144104 72.888184 76.283035 77.007576 74.778099 70.107849 63.610775 60.271591 55.833397 51.242733 43.725681 40.196705 35.796272 31.478113 26.980453 19.506823 16.033941 11.809568 8.908808 8.194776 7.443303 4.777471 
3.462409 5.169728 5.442381 4.363624 4.839435 6.573706 7.967374 12.510105 13.940429 18.052563 23.255472 28.278835 34.077072 40.755444 47.324310 52.085003 57.266033 58.394695 63.420609 67.697327 71.345688 71.540619 69.214363 63.748573 59.077068 54.876865 50.975067 44.401165 38.232655 34.453526 29.950703 25.329634 20.434788 16.266232 12.667538 8.956003 5.795847 5.654965 6.949008 3.573463 
2.022104 3.599732 2.187287 2.099421 2.628387 3.297220 5.825247 8.804180 10.109575 15.001064 19.908611 24.444696 30.666836 37.707729 43.210903 46.712864 51.015102 52.383335 58.029743 62.752228 66.654945 64.887230 64.070549 58.683445 52.239853 48.621109 44.276867 39.027592 33.692013 29.991386 25.948807 21.839516 16.764191 12.198513 10.565609 7.895157 3.698331 3.475749 5.006598 2.231656 
1.666037 3.591468 1.542250 1.128394 1.291006 2.049673 4.506267 5.737132 7.750585 14.095325 17.115202 21.194836 28.499243 34.311604 38.190468 40.602531 44.087872 47.410904 53.221466 57.845516 61.033348 60.176891 57.877571 51.169376 47.342445 43.123009 39.344112 34.671185 28.964350 25.519772 21.905684 18.494534 14.018022 8.489727 8.183242 9.888737 2.905687 1.615495 1.406450 0.939969 
1.711723 4.105343 1.269748 0.520819 0.523933 1.111598 1.967109 3.356187 6.088482 9.328934 12.834208 17.831350 21.945078 29.398087 32.295242 34.504993 38.294502 42.081299 48.944294 52.847832 56.504906 54.263649 53.178215 45.287449 40.868568 37.200676 34.385624 31.760128 25.386909 22.053299 18.610159 16.511408 13.206134 5.706764 4.023956 3.254117 2.483231 0.830332 0.554211 0.319133 
0.772691 1.093014 0.454495 0.221108 0.231032 0.539608 1.233788 2.650764 4.788377 7.788885 11.429859 15.675545 19.427372 27.323704 26.981441 29.022881 32.909790 37.036705 44.572678 47.808418 50.617764 50.263569 48.322678 40.302616 35.244598 31.333261 28.836716 28.310225 19.969732 17.458681 15.358522 12.576286 8.822229 5.902363 2.754482 1.616794 0.746550 0.266740 0.130843 0.069212 
0.345112 0.306718 0.143172 0.085073 0.100682 0.371710 0.893764 2.111263 3.841228 6.649481 9.773434 12.803323 16.482216 18.362123 20.878109 23.864021 28.103992 32.600712 39.767239 41.826447 45.745743 45.090637 43.667778 36.198666 30.142159 25.905441 22.079906 19.228468 16.562792 14.427744 12.970574 11.383398 7.235030 4.475219 2.442608 1.096923 0.528718 0.159954 0.060434 0.024290 
0.082015 0.068583 0.039749 0.040810 0.103721 0.466951 0.846803 2.017750 2.992050 5.823215 7.456092 9.509949 11.821528 14.420460 17.360462 20.115814 24.054125 28.648819 32.926567 36.958546 41.246159 39.271343 36.946663 35.618671 26.324602 22.391457 18.914307 15.803264 12.888344 11.387762 10.517607 10.406934 7.440143 5.304405 3.813332 1.527175 0.942016 0.316592 0.098054 0.032268 
0.019331 0.016770 0.016812 0.043369 0.171510 0.663386 0.807132 1.910594 2.281017 5.871622 4.785193 5.732141 7.985470 10.215112 13.257563 15.992362 20.186325 24.523663 29.441826 33.766815 38.655422 35.214138 31.504778 27.542164 22.921810 18.124388 15.458269 12.867961 10.470280 9.232866 7.992281 8.202103 7.520840 10.010032 8.185093 3.053037 3.096606 0.974606 0.257381 0.078477 
0.007458 0.005103 0.007518 0.023320 0.079564 0.226432 0.364197 0.805199 2.073973 7.113596 3.340961 3.375472 5.160830 7.238300 10.407980 13.050748 17.481197 22.003353 27.289755 31.111025 37.025093 32.229240 28.777048 24.589321 20.352575 14.626109 12.034539 9.945487 7.459766 6.490667 5.733977 5.647954 3.955670 4.592709 3.391896 3.441449 11.451206 2.429878 0.507700 0.157747 
0.024791 0.004152 0.003167 0.008966 0.026842 0.065982 0.126569 0.334347 0.884567 1.961667 1.333212 2.203495 3.516725 5.115989 8.115914 10.508389 15.518998 20.561934 24.631966 29.876991 34.974392 30.903240 26.455822 21.599619 17.025457 11.641633 9.706181 7.334239 6.032240 4.524181 4.248629 4.839805 3.754082 7.187610 2.588615 1.543107 2.578119 0.909516 0.279604 0.261379 
0.003434 0.001055 0.001039 0.002847 0.007836 0.018257 0.038586 0.102478 0.284213 0.663779 1.090942 3.344547 3.313547 3.772648 6.327658 8.515266 14.408395 19.417816 23.644634 28.866688 34.126442 30.420473 26.139969 21.435719 16.874111 10.571085 8.554610 5.941714 4.453035 3.077714 2.934669 4.036126 1.863651 2.238384 1.016247 0.525807 0.565516 0.255728 0.096958 0.071472 
0.000532 0.000255 0.000345 0.000940 0.002465 0.005743 0.013407 0.037445 0.105995 0.270547 0.583330 1.329702 1.425799 2.118430 4.706932 7.049116 14.893141 19.548140 23.822870 28.941021 34.004551 31.192408 27.263672 22.863310 18.743660 9.770751 7.667493 4.910985 3.352566 1.873978 1.382442 1.597266 0.827905 0.716210 0.361790 0.181774 0.145570 0.074834 0.032762 0.022263 
