0.118661 0.448101 1.693273 5.049846 1.924343 1.276743 1.853170 0.852270 0.262975 0.063552 0.013261 0.005461 0.019218 0.097606 0.440845 1.720326 6.255543 1.994732 1.507879 2.986508 2.542561 0.719572 0.178031 0.038264 0.007581 0.002869 0.006258 0.017489 0.035572 0.044275 0.080184 0.200019 0.596629 2.004801 0.455618 0.102447 0.026345 0.019639 0.048033 0.123624 
0.161553 0.669879 3.203896 15.265234 3.794868 3.391736 7.813913 2.737079 0.709223 0.153552 0.029468 0.008982 0.024742 0.130137 0.669845 3.399684 18.552832 3.834496 3.023806 10.542011 4.078160 1.176213 0.280667 0.058748 0.012106 0.006833 0.019868 0.063078 0.145287 0.158442 0.258825 0.518188 1.044432 0.898855 0.361834 0.126207 0.050976 0.051823 0.125712 0.431002 
0.112465 0.354316 1.213834 3.411294 2.735075 8.114511 38.420700 7.609879 1.546639 0.298767 0.054425 0.014020 0.022898 0.085119 0.337599 1.227407 4.078380 1.844306 2.089412 4.391398 8.729893 2.014311 0.427140 0.087660 0.021236 0.017560 0.060089 0.224963 0.647705 0.593421 0.973651 1.908856 4.589972 1.986798 0.927152 0.365075 0.174374 0.180760 0.285221 0.270231 
0.187490 0.336976 0.500300 1.016982 1.603332 3.693155 8.067533 3.611116 1.122879 0.282012 0.063514 0.026138 0.048984 0.113368 0.263533 0.495975 1.510672 1.692594 3.245749 2.808064 3.011565 0.873557 0.270378 0.105849 0.049778 0.043493 0.128875 0.592088 2.596446 1.800616 3.237063 5.642252 22.321609 5.489342 3.092700 1.148610 0.622613 0.771932 1.350667 0.844861 
0.727198 1.269624 0.792629 1.009100 2.338672 2.282367 3.568643 5.527788 1.911820 0.495424 0.118723 0.072550 0.181368 0.397545 0.708013 0.625427 1.362196 2.372300 5.230458 2.802742 1.668280 0.534162 0.370402 0.355468 0.238685 0.142648 0.128547 0.334161 1.435850 1.450961 2.864369 2.484799 4.741268 2.129819 1.844535 3.097906 1.999495 2.948413 6.628460 3.142231 
2.694884 6.202397 2.508259 2.442400 9.243762 4.295151 6.304130 24.003870 4.769640 0.971112 0.214950 0.174930 0.625633 1.571465 2.910756 1.563288 1.918381 3.342581 10.180777 4.034392 2.411236 1.183929 1.374137 1.759016 0.963460 0.514517 0.345383 0.408810 1.037567 2.188213 5.727621 1.822690 1.290512 1.075226 2.942154 13.305269 5.758482 8.867160 31.962034 8.912234 
7.259640 30.464579 6.204350 2.364228 4.185730 7.239852 4.147941 5.512813 2.083919 0.614760 0.199295 0.240204 1.090697 3.430179 12.439355 4.938726 3.846342 5.290289 15.310723 5.864477 3.939252 2.620364 3.619145 6.380582 3.514570 1.938339 1.139498 0.924334 0.843522 1.198359 2.480849 1.019816 0.473173 0.426196 1.078162 2.889942 1.954014 2.941806 6.634905 3.166078 
2.797380 6.205238 2.396981 1.885005 6.464620 30.063829 6.515457 2.791497 2.136965 0.870468 0.320642 0.293181 1.024243 2.621765 6.646618 6.360040 6.895380 8.481712 21.610933 9.198209 7.216920 5.622876 9.482559 27.369556 7.908491 3.973098 2.238334 1.608353 1.205767 1.881418 4.241105 1.528799 0.445334 0.199957 0.326322 0.656616 0.542835 0.766588 1.373367 0.924869 
1.067871 1.284903 0.692993 0.769722 2.303900 6.330225 2.929542 3.416681 7.734490 2.764539 0.814057 0.465193 1.188110 2.951382 6.635101 8.270354 9.899043 12.167496 22.962519 12.207254 11.391362 8.906369 10.785552 23.423452 10.711480 10.215786 4.871323 4.007929 2.527040 4.915131 15.929176 3.473987 0.731117 0.195937 0.193298 0.334898 0.222236 0.211299 0.341883 0.579754 
0.341839 0.280862 0.181059 0.261681 0.742085 1.718412 2.122019 7.753268 35.656879 7.900344 1.993687 1.048222 2.072727 4.281014 14.759547 16.681406 17.472033 19.291672 26.732220 23.139128 30.390942 14.961958 13.657359 21.591541 11.991074 8.955303 6.311846 3.937310 2.358737 2.532767 3.938383 1.378635 0.388556 0.198323 0.425503 1.043899 0.412364 0.147221 0.099635 0.130197 
0.074175 0.064800 0.064451 0.147851 0.573074 1.261146 1.017159 2.902315 8.039755 4.095038 1.950274 1.597620 2.816004 4.413431 10.272936 14.402275 22.059658 27.157898 32.111305 30.730696 34.828835 19.956066 17.529119 21.285196 20.493277 10.884174 9.837516 5.801434 3.617991 3.889163 1.982123 0.682818 0.243371 0.319568 1.182368 4.938488 1.116056 0.256122 0.067058 0.036429 
0.029452 0.046214 0.074428 0.079483 0.155859 0.271026 0.467811 1.088331 2.646338 5.517545 3.605814 3.102856 4.369200 5.810131 10.616800 16.568727 40.255589 36.267128 37.654041 36.976871 38.018024 25.279932 22.930092 24.922516 23.631752 19.196737 26.672745 12.688025 8.747065 13.061809 3.284657 0.894636 0.315786 0.448656 1.310653 3.608763 1.064424 0.264895 0.060440 0.017618 
0.064437 0.154749 0.307194 0.164202 0.102722 0.189489 0.702487 0.823583 1.337178 3.426968 4.737970 4.745821 6.219718 7.833608 12.050058 16.737614 27.148750 47.143505 44.161079 43.428600 42.576073 30.674944 28.950436 30.837734 31.239309 36.234051 29.358547 31.619465 10.504027 8.030953 2.903649 1.221027 0.659471 1.089722 2.697005 5.412846 1.302568 0.295518 0.061821 0.014192 
0.194263 0.571396 1.483923 0.564191 0.184535 0.148808 0.465107 0.991176 2.087708 3.750863 9.702766 9.256326 9.859512 11.147657 14.655102 21.100677 28.112116 42.368336 47.269646 48.981255 49.447567 38.462555 36.784817 36.827724 35.324677 33.384422 26.379929 21.514847 14.078994 14.040301 4.256730 2.824681 1.750255 3.179818 7.966851 3.674735 1.068871 0.254000 0.052905 0.011922 
0.426195 1.626840 7.205606 1.582456 0.371680 0.142118 0.220991 0.389568 1.158048 2.432058 5.345836 7.822881 10.927781 13.990538 18.357162 24.913124 48.506237 53.244801 55.356655 54.645252 53.566425 45.287270 43.263622 42.626026 37.134918 31.886707 25.012232 19.135975 13.728933 10.052068 6.017577 7.593429 4.596294 8.821845 35.046661 7.475893 1.553058 0.301551 0.056188 0.014391 
0.409637 1.337229 4.306525 1.330234 0.400881 0.243521 0.313145 0.530701 1.623731 2.811778 5.279405 8.508677 12.423267 16.343603 21.317442 26.003693 37.363228 44.496353 50.930237 55.991646 59.374683 54.998234 54.715958 44.572376 39.829594 33.152493 26.967588 22.275463 19.761292 18.366047 17.548344 30.179245 7.785363 5.085906 8.077244 2.779487 0.727185 0.159553 0.040974 0.028176 
0.435524 1.645683 7.602334 1.653082 0.586668 0.743980 0.778082 1.226353 2.079784 4.538077 8.001309 11.378075 15.462160 19.645454 24.817774 29.152227 36.267487 43.240074 50.766613 57.367470 63.892872 61.033279 58.245274 49.515102 45.504852 43.375942 38.537548 38.706409 43.734344 18.989918 13.924678 11.596609 4.929623 2.764719 2.031779 0.830829 0.247748 0.075042 0.064061 0.114639 
0.237129 0.592577 1.543613 0.709392 0.795874 2.778013 2.172796 4.610825 4.825250 9.045638 13.934135 15.271894 18.698709 23.035002 28.350504 33.156853 39.100281 45.699829 52.886002 59.870750 67.165634 66.546608 63.422916 57.226337 53.983597 40.872852 35.460979 29.937447 25.808281 16.475111 11.231295 7.312615 3.953532 1.933789 0.944560 0.380480 0.148229 0.120850 0.239101 0.654021 
0.262986 0.217654 0.370076 0.363406 0.661561 1.497540 1.902361 3.711586 7.329154 13.124854 39.239479 28.146915 27.576363 30.362099 34.780247 39.303513 44.862988 50.216606 56.569786 63.224365 70.106117 71.460815 64.838356 58.789715 49.576183 42.084755 34.765781 27.726120 21.793114 15.539764 10.554274 6.565974 3.582453 1.746681 0.686569 0.275102 0.162592 0.342684 0.718668 0.537382 
0.207449 0.109571 0.182669 0.464972 1.234734 2.580144 2.919064 4.843097 9.998789 12.467211 24.124851 27.985094 32.348251 36.640564 41.007221 45.028362 49.805752 55.442749 60.855530 68.259026 74.683533 73.597076 66.707932 59.195580 51.004135 43.644951 35.467342 28.253115 22.162418 16.562111 11.882059 7.903288 3.385932 1.926550 0.684747 0.356492 0.410171 1.262678 3.410169 1.653623 
0.055816 0.088025 0.318678 1.146958 3.306650 7.529151 9.462333 12.220851 25.609104 21.034576 24.553373 29.824148 49.908894 53.598225 56.930294 57.995308 59.019444 60.855934 65.465233 71.888039 79.705948 75.648659 69.224083 61.913136 54.782307 46.766930 33.839977 27.889706 21.085655 15.808894 11.206842 7.511570 4.437452 2.792614 1.584073 1.250931 1.536898 4.291420 17.253256 4.648615 
0.041938 0.162954 0.744592 2.842961 7.625928 6.226418 6.704546 9.957596 15.815125 17.887764 20.886688 25.537981 31.726988 36.389751 40.850655 45.090019 49.535595 54.564735 60.113552 66.403557 72.905708 71.921982 65.082512 57.453426 50.150005 42.387161 34.017811 27.543425 21.114346 16.078730 10.124516 7.917744 3.483242 2.046631 0.806333 0.600693 1.042049 2.573364 4.011684 1.852117 
0.056016 0.278259 1.464455 6.784684 26.179501 16.207029 12.200200 11.285758 13.251578 15.397884 17.974970 21.220936 25.529531 29.855536 34.478252 39.349865 44.394398 49.815590 55.489525 60.310200 67.330635 68.200623 61.670933 54.748734 47.741863 40.676216 32.764957 26.749180 20.516411 15.189948 9.969278 6.887509 4.047641 2.264810 1.130163 1.247167 2.794133 7.172836 3.146735 1.197115 
0.036870 0.156937 0.724718 2.769957 7.406683 5.811307 5.199994 6.496830 8.992150 11.569415 14.249676 17.197872 20.657024 24.453506 28.950901 33.876141 38.978046 44.859451 50.144836 55.847183 62.321865 62.558903 60.180004 52.289864 44.753189 39.377556 31.236778 26.310814 24.578415 17.941965 10.488129 8.224272 6.581675 4.348415 2.877177 4.004941 8.696719 31.548521 6.909736 1.709384 
0.033562 0.069066 0.258684 0.883497 2.170343 2.864008 2.625801 3.706976 6.035737 8.555762 11.157479 13.869957 16.985258 20.479908 24.902775 29.571463 34.556637 40.152584 45.104702 52.736057 56.673542 57.578026 54.498718 45.742817 41.012753 36.014980 30.558653 31.914154 43.052650 22.499622 16.800436 15.656650 16.791025 6.019780 5.394102 8.263872 4.993379 7.559620 3.078081 0.940352 
0.101686 0.066310 0.120045 0.373959 1.178160 3.422125 2.186311 3.016159 4.772024 6.570486 8.704580 10.987667 13.758181 16.990742 21.337782 25.545631 30.338951 35.170940 40.136868 47.564594 49.136841 50.877804 47.745663 41.469257 35.781738 29.977018 23.828815 20.227274 18.601425 16.770063 9.704677 6.879613 6.090722 5.712490 9.805008 28.462263 6.976760 2.801339 1.415513 0.537369 
0.438313 0.176314 0.150242 0.194491 0.486174 1.104972 0.905037 2.102141 2.962675 4.305295 6.260677 8.247430 10.832497 14.004204 18.271101 21.849937 26.301437 29.993366 34.829765 37.076191 43.056267 45.132595 44.056919 36.625572 32.484806 28.908779 23.687033 19.443972 12.621178 9.552467 6.706738 5.562610 5.293112 2.628298 3.264255 6.692410 2.599898 1.004796 0.590031 0.701955 
0.333809 0.470481 0.535469 0.300635 0.470180 1.129595 0.914405 1.721625 1.836064 2.892497 4.513299 5.938061 8.415629 11.671207 15.616167 18.262951 22.291620 24.334019 27.603750 31.331593 39.352440 39.036541 37.065937 32.719158 27.557314 27.018169 27.264042 25.644112 10.221364 6.579122 4.681501 6.021232 12.802367 3.195627 1.545572 1.775539 0.921473 0.617718 0.817045 0.581676 
0.624199 2.002540 2.459355 0.803634 1.106431 4.098584 2.143724 2.097083 1.335059 2.528096 3.354594 4.098206 6.830299 10.144260 12.957656 14.429055 17.842829 17.962559 22.004112 25.892160 34.649921 32.714607 31.997356 25.318838 22.421106 22.485924 26.893055 13.955445 7.922336 4.160205 2.455094 2.355155 3.470031 1.635622 1.217642 1.890267 1.152342 1.452234 3.411118 1.658068 
0.761702 1.377010 0.930816 0.405354 0.483830 1.260646 1.997304 1.104837 1.463297 4.224368 3.049698 3.440594 7.539248 9.730562 9.837305 10.013410 11.804871 12.730353 17.153971 21.512697 28.755634 26.730925 30.342768 22.096809 17.111160 15.212191 13.817214 9.575018 5.266159 3.082915 1.738905 1.744967 2.322711 1.688009 3.053487 7.867413 3.362407 3.958173 16.294594 4.527038 
2.114652 4.643874 1.685541 0.507403 0.371605 1.142818 4.381709 1.593150 3.046684 11.508807 4.211221 4.391465 11.952768 9.742105 6.807170 6.118046 7.463374 8.981703 13.794944 18.301971 19.883541 20.359093 23.969433 14.884510 13.982336 11.467013 10.527480 7.773956 3.877577 2.391069 1.449749 2.746511 6.690472 3.776299 8.336318 37.526291 7.763531 2.646222 3.600039 1.661718 
5.485419 22.029806 4.328998 0.883994 0.271430 0.419715 1.028856 0.661384 1.217511 2.958700 1.741038 2.295683 5.662708 11.798317 5.700741 3.714700 4.786730 6.221704 12.454026 14.083284 17.161018 16.239403 23.492149 11.666569 8.874598 7.713321 8.893125 11.461695 4.386530 2.689431 1.984392 6.268546 27.970596 6.456422 3.913375 7.903446 2.824825 1.009651 0.827074 0.463918 
2.212811 4.528491 1.577258 0.416995 0.129125 0.138095 0.248196 0.219681 0.376962 0.745137 0.737028 1.870441 7.240596 27.832539 7.522256 2.717606 3.042608 4.960192 13.888752 11.236607 10.818150 13.055995 26.009924 11.537460 7.068665 5.476625 9.550771 27.656065 6.614117 2.002391 1.075846 2.304951 6.023118 2.468396 1.523606 1.787883 0.828723 0.321158 0.193179 0.112034 
0.910205 0.957381 0.425296 0.141900 0.078482 0.127031 0.174084 0.186961 0.263264 0.439796 0.394672 0.827762 2.682627 6.653767 2.715482 1.244697 2.155846 5.551593 21.542412 9.962523 8.816254 12.138366 31.218643 16.621473 7.043740 3.476407 3.464506 6.725356 2.622792 0.893416 0.422190 0.680368 1.439923 1.349723 1.880455 1.154597 0.640613 0.259871 0.096111 0.039718 
0.202743 0.195288 0.103133 0.067982 0.148771 0.434988 0.572874 0.617844 0.830829 1.559570 0.775453 0.458173 0.761980 1.445853 0.776634 0.524637 1.083261 2.516203 6.677152 4.490939 4.780317 5.273082 13.649191 34.965546 9.324317 3.744980 1.670026 1.794173 0.900740 0.562743 0.263580 0.380358 1.089439 3.160340 8.081580 3.456890 2.209445 0.845842 0.244866 0.071606 
0.041041 0.038701 0.032342 0.076862 0.348042 1.692609 2.289062 2.316496 2.978545 7.754321 2.766581 0.854747 0.359670 0.321914 0.180887 0.150714 0.436273 1.056523 3.506923 2.394497 3.547760 2.310579 4.475355 7.957942 3.730297 4.200484 1.697200 1.275226 1.245612 1.356569 0.479572 0.689007 2.323214 9.347852 39.825111 10.304178 9.156517 2.949438 0.740643 0.198744 
0.009031 0.008092 0.011395 0.037770 0.144544 0.463784 0.782557 1.894451 7.818646 38.612309 7.767406 2.085548 0.589443 0.185248 0.065533 0.059249 0.233107 0.642599 2.033751 1.564980 2.304696 1.019549 1.205847 1.903501 1.718805 1.642778 2.130782 1.800922 0.628806 0.561244 0.602067 1.499115 3.751129 10.737871 11.836997 11.009769 39.262447 7.632538 1.521767 0.407261 
0.011806 0.002933 0.003765 0.012934 0.044160 0.123117 0.265398 0.798044 2.813708 7.983681 3.806089 3.757782 1.263425 0.332578 0.080661 0.039334 0.126944 0.231864 0.556947 0.561339 0.645904 0.327324 0.296206 0.405821 0.600012 0.479922 0.627313 0.519036 0.282604 0.464042 1.451073 4.630028 9.015989 39.595764 9.655185 4.852441 8.138103 2.781594 0.782864 0.575913 
0.001669 0.000663 0.001034 0.003538 0.011348 0.030811 0.078461 0.254536 0.832806 2.153963 3.855603 15.283957 3.130755 0.650791 0.135894 0.059387 0.159848 0.097080 0.148104 0.156829 0.160726 0.092296 0.087882 0.184076 0.635482 0.219445 0.173994 0.146809 0.188285 0.708833 3.325445 15.792518 5.801842 8.531448 3.297507 1.553429 1.697094 0.738792 0.249320 0.152969 
0.000255 0.000145 0.000281 0.000955 0.002972 0.008268 0.024035 0.082889 0.273377 0.758846 1.849991 5.040920 1.676430 0.442451 0.117102 0.117905 0.668974 0.123199 0.056929 0.045881 0.042996 0.034541 0.078077 0.349985 1.974644 0.362123 0.101259 0.059202 0.116629 0.460647 1.741818 5.238579 2.499935 2.238553 1.038686 0.479933 0.393796 0.191455 0.072801 0.042589 
