19.884708 20.706591 21.894329 23.976400 25.706636 28.284399 31.116940 34.351978 38.107735 42.336456 47.037628 51.962830 57.213722 62.393280 67.896652 73.181297 79.018044 83.987381 88.221481 90.240639 88.870964 84.553482 83.485222 80.214600 76.306541 71.966255 67.406601 62.719624 58.008568 53.359200 48.993599 45.160561 41.934212 39.505535 36.336868 35.154690 33.797783 32.959194 32.296562 32.058228 
20.185041 21.202740 22.497993 26.733541 28.129326 31.693466 33.933537 36.209576 39.404396 43.342480 47.892426 52.743290 57.940311 63.074070 68.590118 73.779129 79.778740 82.886826 88.478012 90.199593 87.505013 86.418839 84.016457 80.615036 76.712440 72.401123 67.870354 63.236832 58.610832 53.807945 49.558582 45.781471 42.544174 39.811958 37.437134 35.802773 34.466953 33.672882 33.204144 33.452717 
21.182528 22.092091 23.078453 25.789131 28.859842 32.362762 39.972313 40.511909 42.850803 46.067310 50.161911 54.718594 59.681759 64.632492 69.918236 74.860558 80.287933 84.803528 89.002213 88.842430 89.572128 85.737213 84.589355 81.359390 77.535751 73.297600 68.865959 64.427132 60.138271 54.005795 50.848389 47.144482 44.151325 40.997360 38.761555 36.957340 35.594337 34.874901 34.521084 34.638386 
22.461679 23.360222 24.249783 26.201338 29.723900 32.906719 38.802555 43.161400 46.204384 49.543640 53.453964 57.722347 62.373726 67.034866 71.962738 76.608246 81.411514 85.850166 89.905319 89.652016 90.842537 88.583633 85.952110 82.667778 79.006699 74.995033 70.850945 66.784485 62.847225 56.705193 54.453190 49.991474 48.204617 42.963326 41.630070 38.647495 37.654274 36.978600 36.661453 36.565575 
24.684986 25.828373 26.715988 28.526108 31.262707 34.621376 40.050308 45.267006 49.097378 52.922390 56.952564 61.221920 65.713989 69.899681 74.317932 78.776505 83.184029 87.385529 91.372009 92.679924 92.300468 90.224228 87.589874 84.505569 81.105209 77.396584 73.605972 69.896431 66.079369 59.744190 57.374016 53.863499 50.669151 46.188530 44.046749 41.659885 39.975807 39.312016 39.183296 38.696613 
27.529346 28.756468 29.404812 31.168949 34.919865 37.539738 42.195316 49.463642 52.689095 57.150856 61.069328 65.178131 69.846138 72.557961 76.094879 81.172546 85.445923 89.378609 92.987564 92.482430 93.665482 92.006058 89.649300 86.872879 83.757874 80.460434 77.119507 73.822617 70.208397 65.506218 62.739349 58.275780 56.307911 52.379765 50.551941 48.014603 44.195972 44.169266 44.793743 41.260433 
32.280899 36.473797 34.081234 35.123184 39.232613 41.340225 45.161957 51.386505 56.424713 60.916794 65.097664 69.142044 73.404236 77.336708 81.376534 83.077858 88.196960 91.837929 95.173477 96.312515 95.802238 94.162415 92.148285 89.775589 86.792900 84.004555 81.013412 77.880890 74.190582 70.017265 66.895363 63.314121 60.223701 56.578758 54.273212 51.161617 48.066753 46.740101 45.993980 43.534496 
35.887993 40.414753 38.769596 39.157429 42.401947 48.532406 50.240005 55.654682 60.569233 65.051033 69.330124 73.330696 77.319473 81.093803 85.032387 88.164200 91.635658 94.700554 97.224953 98.622711 98.048241 96.637863 95.117760 93.041534 88.450439 87.239594 84.503929 81.507805 77.522385 73.746048 70.426628 66.594048 63.160400 59.620171 56.725342 53.447506 50.525913 48.511219 46.942390 45.205173 
40.243202 43.139790 43.895512 44.344944 46.774895 52.390347 56.178658 61.166973 65.591583 69.395409 73.538956 77.436195 81.240387 84.817963 88.452019 91.445137 94.834190 97.440453 97.294220 100.597572 100.332855 98.910652 98.002495 96.538734 93.872757 89.282837 86.275993 84.996277 79.548386 77.387779 74.061729 68.378830 65.895088 62.388271 59.188103 55.954536 53.164413 51.013680 49.424419 48.554134 
46.278084 47.702175 49.365681 50.182327 52.198444 56.749260 61.001770 65.957169 72.153252 73.884903 78.414764 81.893280 85.306343 88.580940 91.904816 92.939629 97.833740 100.324013 99.813477 103.012016 102.611938 99.374710 100.654549 99.720154 97.543617 94.317993 91.344040 88.169411 84.063858 80.406364 76.547791 72.217804 68.631187 65.006966 61.817406 58.841068 56.118435 53.986771 52.444134 51.568169 
51.228233 53.260456 54.737915 55.802372 58.177715 61.066452 64.636307 70.293144 75.614395 79.466667 82.732025 86.069054 89.198547 92.116173 95.223335 97.947227 100.876564 102.920601 104.743523 105.819725 105.469398 104.261208 103.742119 102.594727 100.162361 95.128464 93.905724 90.412933 86.785812 83.039116 78.869499 75.091789 71.555969 68.111855 65.158188 62.426720 58.314198 57.118782 55.745747 54.943352 
56.288918 58.022026 59.599308 60.727791 62.652473 65.922989 69.527260 73.504189 78.232208 82.734497 84.161003 88.990654 92.512894 95.325630 98.116722 100.809380 103.109924 102.847351 106.615631 108.036964 107.838432 106.673103 106.274956 105.126114 102.880180 99.719437 96.293144 90.961891 89.020462 85.624451 79.873932 77.748001 74.432007 71.086960 68.079048 65.228889 62.298382 60.559605 59.232666 58.499840 
61.128544 62.504570 64.111603 65.335045 67.086845 69.933266 73.456207 75.061295 80.616264 85.106140 86.513092 89.425301 94.884834 97.971840 100.610725 103.114014 105.437164 106.859787 106.419662 109.766640 109.599991 106.096375 108.132042 107.282829 105.087669 101.965485 96.500229 94.656799 89.515732 87.842262 83.902481 80.898384 77.661629 74.492233 71.584587 68.767738 64.651466 63.905937 62.724716 62.047421 
65.544014 66.667572 68.090714 69.184204 70.978386 73.472176 76.679672 77.844437 83.005936 87.033958 90.330833 91.511147 96.859688 100.016563 102.637070 105.047928 107.244286 108.862251 110.637535 111.978859 111.662125 108.132607 110.122398 109.080376 106.871338 103.993080 100.487900 97.350700 93.720177 90.450119 85.178322 83.819504 80.900581 77.895889 74.944405 71.777618 69.086037 67.495865 66.275002 65.628448 
69.486984 70.479919 72.101006 71.750778 74.576332 76.813622 79.542824 82.159126 85.444740 88.521286 92.157677 95.206207 98.628426 101.603409 104.266327 106.661507 108.532974 107.983788 112.240982 113.749115 113.921135 112.944519 112.164024 110.195534 108.216751 105.527351 102.443520 99.305450 96.084282 92.979324 89.803581 87.334335 84.380867 81.737938 78.727760 73.565308 72.349663 70.876610 69.689247 69.068962 
72.759323 73.551743 74.924606 75.883316 77.765190 79.798386 82.188026 84.816360 87.480522 88.222733 93.418571 96.850990 100.026787 102.971924 105.678741 108.125122 110.280869 111.923897 113.984406 115.219879 115.528450 114.880310 113.289062 108.870918 109.171387 106.944923 104.242851 101.403069 98.481560 95.375702 92.964790 90.292854 85.367088 84.078514 81.159569 77.750771 75.746872 74.267410 73.157066 72.600487 
75.378601 76.244835 77.566841 77.267937 80.352333 82.401283 84.389915 87.010620 89.241524 89.965881 95.081375 98.387939 101.472862 104.363846 107.040245 109.460297 111.626671 113.509544 115.207741 116.384605 116.761581 116.203339 114.815903 112.710220 110.840630 108.274384 106.195267 103.749290 100.800491 95.712875 95.016571 92.411385 88.981453 86.151520 83.270416 80.648438 78.860397 77.469765 76.459549 75.993477 
76.100067 78.093140 79.709084 80.970673 82.820587 84.669182 84.939186 88.905518 89.666534 93.960396 97.273621 99.908760 103.062302 105.875008 108.452911 110.772118 112.812531 114.548058 116.116493 117.343666 117.778481 117.175209 115.550308 114.129860 111.585388 107.285583 107.692719 105.721840 103.050079 99.792419 97.101425 94.126328 90.969666 88.170914 85.633835 83.539307 82.005615 80.788269 80.019745 79.855301 
79.896667 78.643112 81.406891 83.029587 84.806984 86.857040 88.751694 91.437141 93.826248 96.671753 99.352852 99.799118 104.696014 107.509209 109.958519 112.104004 113.852051 114.960670 116.395020 118.050865 118.603470 117.708427 113.727493 114.543594 110.458672 110.813316 109.414909 107.253128 104.648399 101.755997 98.892380 95.938049 92.772942 90.435226 88.280685 86.517838 85.158974 84.070015 83.372002 83.097565 
82.535767 80.919838 83.522499 85.082123 86.781929 88.771439 90.659058 93.422882 96.090378 98.505394 101.507591 103.885071 106.595367 108.631104 111.171761 113.189369 114.396812 112.636208 113.907234 118.254997 119.277580 118.838669 117.344086 116.197922 114.201714 112.526497 110.194122 108.294464 105.929039 103.325172 100.648064 97.776260 93.022575 92.746384 91.094902 89.569031 88.322952 87.307205 86.597229 86.009636 
84.661118 84.703247 85.642563 86.904213 88.479233 90.195259 90.372513 94.763107 97.467186 97.920029 102.700020 105.374069 107.344131 106.918121 111.477921 113.739090 115.296188 116.188225 117.407837 118.893517 119.579781 119.253105 118.160484 116.880753 115.187576 112.972389 108.349777 108.808258 107.014923 104.707306 102.083931 99.978180 97.223587 95.788452 94.262840 92.912384 91.754684 90.735085 89.692017 87.040871 
85.500160 85.953598 86.732185 87.894341 89.383949 90.858124 92.791519 95.410446 97.924789 100.091599 102.756790 105.093468 107.195854 108.902710 111.259560 113.239273 114.919640 116.302895 117.422287 118.017815 118.998985 118.764023 117.558037 116.717064 115.269272 113.483932 111.130058 109.488480 107.545151 105.050049 100.447426 100.308815 96.356712 96.710655 95.414627 94.050941 92.854874 91.870964 90.916573 90.138680 
84.089714 84.922073 85.762680 86.955803 88.381737 87.987122 91.223076 93.817108 96.263542 98.649429 101.076599 103.433891 105.710854 107.857140 110.006226 111.991997 113.773636 115.250870 115.956841 113.729126 117.332916 116.975334 113.898880 115.518410 114.257088 112.962494 110.694031 108.883469 107.329216 105.039238 102.099075 100.361298 97.992409 96.141472 94.339371 92.704208 91.291626 90.194954 88.879333 88.298256 
80.224190 81.292259 82.269096 83.458412 84.837059 86.223534 86.117599 90.193848 93.019051 95.686729 98.337196 100.952736 103.500732 105.930023 108.239143 110.372635 112.290588 113.883141 114.659966 112.447945 115.709503 113.428009 115.067398 113.984535 110.436127 111.131088 106.506996 105.092232 105.992714 103.485519 98.986374 98.889557 96.781204 94.200401 92.297523 90.424324 88.673721 87.391502 84.454224 84.965538 
75.583649 76.914162 77.989830 79.103546 80.491608 82.199944 83.514839 86.447823 89.335663 92.233978 95.157768 98.078712 100.940613 103.671547 106.245369 108.589401 110.662132 112.410629 113.703773 114.219398 114.840080 114.935120 114.275734 110.410454 111.272385 110.017853 105.401665 105.933449 104.255119 99.549507 98.770401 96.708214 94.006256 89.395920 88.982124 86.998787 84.579712 83.559715 82.617699 79.704872 
70.061531 71.607910 72.838600 73.897148 75.288071 77.366943 77.465820 81.981834 84.964043 88.249023 91.537643 94.831383 98.065788 101.163017 104.077011 106.670906 108.896683 110.717094 112.142044 112.801163 110.881439 113.599251 113.182549 111.156769 110.246704 108.761116 106.485374 104.600533 101.896729 99.231987 96.600143 93.701347 90.737549 87.641487 85.459953 83.030045 78.662003 78.870872 78.383171 75.414085 
62.850258 64.413994 66.737595 67.801468 69.223953 71.235161 73.534805 77.460602 78.773293 83.689285 87.574760 91.317703 94.970177 98.478096 101.766678 104.608475 106.959076 108.765961 110.322243 111.462631 111.900230 112.355583 111.298683 107.172882 107.750778 106.766876 104.866798 102.185310 96.923630 96.524643 93.878700 90.652367 87.208817 83.334122 80.380608 77.276215 74.547859 73.448456 72.926826 72.124466 
56.283985 58.994747 60.127678 60.988060 62.714897 65.376282 68.082031 72.133492 75.062424 79.203362 83.482582 87.664154 91.757515 95.699417 99.340065 102.363617 104.735558 106.203476 108.149948 109.617325 110.502243 110.618362 109.730614 107.457222 103.565674 104.295547 102.568802 99.411980 93.966896 93.591537 90.748955 87.286781 83.558746 77.701515 75.695976 72.204575 69.026901 67.736877 67.091721 65.574585 
50.411564 53.733688 53.577213 53.623665 56.323380 59.551659 61.369808 67.106728 68.704094 74.423103 79.299568 83.912918 88.498428 92.859932 96.775482 99.851952 101.950592 101.096397 105.463043 107.493118 108.510117 108.256302 107.682930 105.936264 103.480133 102.205048 99.928986 94.769295 91.270882 90.475410 87.068398 82.928627 78.565842 74.309998 71.065598 67.362854 63.465260 62.048309 61.803795 60.056656 
43.299335 46.142017 46.312874 47.524151 49.778595 52.633301 56.838890 61.387077 63.403687 69.926216 74.989868 80.064560 85.240784 89.749870 93.922768 96.996361 99.128296 98.475044 103.041672 105.278076 106.136337 103.693878 105.144997 103.425270 99.174614 99.455437 97.519653 94.430237 91.038033 87.764450 83.650131 79.012909 73.958176 69.265282 66.278854 63.028687 57.980949 56.085613 55.942646 53.084255 
37.298058 40.134003 40.256752 41.548645 43.695786 47.066360 51.886589 54.345985 59.448380 66.002625 69.452263 75.983215 81.809624 84.823776 90.463387 93.720474 96.262115 98.191360 100.940231 103.098526 104.273308 103.612129 103.110039 101.201340 98.814148 97.039612 94.887611 92.081001 88.504250 84.534500 80.026611 75.306671 69.777885 63.866085 60.862015 58.804119 52.150852 49.920498 48.719646 48.001793 
31.384398 34.045818 33.312283 35.408463 37.856960 41.469158 45.204506 49.470406 54.775246 60.304062 65.705368 71.838303 77.358948 82.752525 86.841721 90.212502 93.088135 95.705887 98.537231 100.751938 101.919937 99.604385 100.620872 98.603607 96.258362 94.082077 91.869911 89.203812 85.212868 79.754173 75.056877 71.855675 66.556496 58.172447 54.376099 50.915112 47.965668 44.869904 43.644512 42.845768 
25.919348 26.403389 27.792763 30.282944 32.757561 36.407398 40.316978 45.081482 50.233292 55.973331 62.002575 68.117958 73.821693 79.766960 81.784454 86.583130 89.889435 92.904663 95.960747 98.070442 99.909325 99.779060 98.639488 95.813492 93.232353 90.720314 88.225540 85.362030 79.508369 77.002525 72.858887 68.010185 62.215614 56.264439 50.500809 46.047279 42.405624 39.528934 38.413048 37.849350 
21.946009 22.282202 23.732098 25.887005 28.116739 32.156837 35.742981 40.673649 45.830696 51.842651 58.091007 64.172356 70.147133 75.202003 79.206337 83.147362 86.761070 90.111450 93.128075 93.526405 97.441360 97.863823 96.234291 91.423141 89.831932 87.163300 84.058243 80.734383 76.878532 73.300827 69.405502 64.858086 58.954113 53.226288 47.342720 42.223026 38.656502 35.323200 34.203892 33.605999 
17.511295 18.248726 19.682243 21.834982 24.225683 29.052189 31.410538 37.070301 41.854515 48.332127 54.494373 60.522717 66.233887 71.326828 75.931686 80.048218 83.899414 87.460350 90.657799 93.107613 95.526642 95.602066 93.997597 90.901794 85.626495 83.846489 80.492409 76.720871 72.723106 68.976028 64.933571 61.144344 56.252487 51.386322 45.404202 39.247959 35.869373 31.867598 30.567604 29.926596 
15.001203 15.680285 16.934181 18.779877 21.127939 25.599791 27.899054 34.465805 37.863037 45.927689 51.550713 57.146732 62.657383 67.729980 72.624146 77.021858 81.218483 85.055840 88.514786 91.256584 93.779831 93.285805 91.512848 88.603729 84.752495 80.788635 76.952156 73.094788 68.778214 65.041656 59.023396 55.961895 51.852146 48.887463 44.096970 36.701717 34.968906 29.690191 27.987432 27.262106 
12.831215 13.421051 14.554363 16.247143 18.608921 22.366209 25.276741 30.232946 34.985054 45.261013 48.646091 54.030968 59.280235 64.425964 69.657249 74.378670 78.982697 83.173431 86.768234 88.045135 92.105270 89.817566 89.393105 86.437569 82.565369 76.547073 72.285294 69.660408 63.918587 61.015316 55.005699 51.211369 45.803566 41.527061 35.724525 33.731026 35.174839 28.123491 26.178150 25.487913 
11.579044 12.109770 13.109203 14.610164 16.807779 19.681662 23.162411 27.620127 32.972485 39.264019 43.876541 50.030876 55.892250 61.536087 67.178154 72.190987 77.240540 81.751579 85.619804 88.842964 91.583168 90.690521 88.237175 84.628815 80.320305 75.253159 70.836304 66.386093 61.801888 57.440624 53.152733 48.895554 43.667969 40.942497 32.663445 30.354408 28.780626 26.445049 24.877663 24.596397 
10.641501 11.108642 12.012663 13.418110 15.423587 18.126535 21.569147 25.921770 30.747177 36.627914 41.791748 49.299564 53.984463 60.098633 65.716469 70.727226 76.184639 80.676331 84.833527 88.464996 91.165283 90.497864 87.724625 83.846085 79.145264 73.396011 68.770981 63.686432 58.867989 54.059525 49.746181 45.514484 38.499363 35.570721 31.313631 28.631449 26.658739 25.052193 23.926975 23.425886 
10.260612 10.697171 11.547086 12.866838 14.776460 17.390717 20.716003 24.947495 29.713179 35.248196 40.951302 47.222504 52.980156 58.491547 64.291611 69.547356 75.649490 78.606445 84.343933 88.260582 91.033409 90.498329 87.731094 83.838226 78.941162 70.946968 67.300186 61.985504 56.865116 51.650280 46.906345 42.284462 37.385139 33.847744 30.450291 28.000446 26.038532 24.661015 23.677973 23.196522 
