0.064528 0.305614 1.357518 4.516780 1.479718 0.840759 1.360176 0.544292 0.138727 0.026898 0.004404 0.001742 0.008621 0.054973 0.300351 1.336546 4.413387 1.504050 1.105824 2.569119 2.177459 0.530748 0.109749 0.019167 0.003010 0.001078 0.003115 0.010250 0.022571 0.024322 0.042100 0.115561 0.424927 1.726575 0.331734 0.061122 0.012490 0.010114 0.033503 0.102613 
0.100523 0.526454 2.890387 14.830415 3.272077 2.658305 6.841523 2.130582 0.464929 0.081658 0.012354 0.003330 0.012866 0.085137 0.520157 2.875308 14.803000 3.171854 2.586848 10.598887 3.758002 0.936921 0.188575 0.032292 0.005284 0.003216 0.012260 0.045087 0.112755 0.108510 0.169402 0.346870 0.778571 0.651131 0.239053 0.074818 0.025498 0.027863 0.092411 0.390275 
0.059161 0.240449 0.977718 3.024059 2.155517 7.084999 36.804070 6.682493 1.164938 0.183587 0.026319 0.005551 0.010892 0.048441 0.229136 0.950763 2.883345 1.284818 1.660996 3.699897 9.949034 1.836236 0.321482 0.052922 0.009761 0.009522 0.043172 0.185130 0.582930 0.479773 0.765177 1.520620 4.017001 1.577088 0.721145 0.259979 0.101760 0.099182 0.181131 0.173660 
0.096012 0.204341 0.321723 0.742885 1.159744 2.950020 7.021713 2.835964 0.758292 0.158062 0.028950 0.012220 0.028661 0.066086 0.146181 0.272109 0.625554 0.826024 2.710187 1.394226 1.960894 0.603517 0.143072 0.046631 0.017611 0.020299 0.098282 0.535755 2.790048 1.752905 2.966190 5.072003 21.346426 4.899340 2.769698 0.938666 0.422089 0.509656 1.014281 0.552213 
0.462661 0.942990 0.512683 0.699336 1.877690 1.669202 2.773706 4.772901 1.484532 0.328275 0.065164 0.043771 0.136681 0.295763 0.541853 0.272143 0.215048 0.497101 2.874674 0.603553 0.400780 0.164895 0.115015 0.177745 0.082470 0.032771 0.052722 0.205456 0.685098 0.955255 2.639641 2.000681 4.125377 1.683474 1.514835 2.778203 1.556238 2.300313 5.793308 2.437488 
2.049220 5.403677 1.934909 1.942974 8.538881 3.540782 5.437820 23.054718 4.230209 0.745977 0.135807 0.125471 0.589254 1.312867 2.886877 0.967390 0.277707 0.398324 4.177804 0.384866 0.132022 0.154321 0.467164 1.117384 0.460804 0.132779 0.057617 0.098498 0.332062 1.307519 6.420414 1.503968 0.968744 0.809038 2.664430 13.018106 5.084402 7.815231 30.627499 7.867929 
6.256192 29.071354 5.389767 1.764122 3.413951 6.303153 3.289355 4.757225 1.603023 0.395279 0.095082 0.122085 0.611306 3.015565 14.694878 2.893860 0.565628 0.282837 3.091212 0.245190 0.220808 0.520276 2.097166 6.313505 2.094192 0.553148 0.202251 0.153008 0.219004 0.726246 2.280647 0.748448 0.297439 0.282838 0.885644 2.616881 1.523503 2.295912 5.798194 2.457405 
2.144133 5.409515 1.836299 1.381602 5.657291 28.878908 5.642765 2.098426 1.578252 0.557497 0.143835 0.085234 0.316226 1.314823 3.953853 1.483013 0.517768 0.364895 2.595709 0.555616 0.930384 1.451649 6.438077 29.973434 6.414990 1.833536 0.822187 0.657594 0.482225 1.311646 3.998363 1.227377 0.296163 0.115317 0.226877 0.515142 0.357459 0.505133 1.032932 0.624240 
0.790982 0.970510 0.445964 0.495407 1.800406 5.556398 2.221410 2.607879 6.851654 2.140008 0.475473 0.135039 0.294582 1.195692 3.464057 1.692340 1.003176 1.088772 2.307420 1.637908 3.518480 1.839380 2.726260 9.194439 4.145094 6.378027 3.161573 2.972896 1.326518 3.635802 17.166418 3.190354 0.573345 0.124355 0.129578 0.256105 0.142292 0.121303 0.231372 0.473875 
0.250513 0.180338 0.096851 0.148197 0.508574 1.290956 1.566963 6.863022 36.741051 6.714418 1.184368 0.262388 0.491649 2.384498 10.163430 4.958629 3.810782 3.920493 3.906029 5.474992 15.186291 4.029950 1.999713 4.824574 3.574809 1.991463 1.660395 1.125929 0.777429 1.644342 3.448431 1.100308 0.263417 0.130008 0.347242 0.950917 0.338897 0.099260 0.061400 0.096099 
0.047614 0.035716 0.034784 0.100794 0.482924 0.722848 0.626867 2.216464 7.016994 3.018674 0.763475 0.187680 0.234013 0.914510 2.941403 3.203682 7.677529 9.527053 6.055393 6.568920 15.314815 3.907045 2.410933 4.171496 10.368387 3.902403 4.579507 2.478243 1.667609 3.213975 1.496558 0.450082 0.139430 0.233238 1.052333 4.813385 1.006360 0.202610 0.043571 0.022873 
0.015767 0.027062 0.049722 0.050656 0.109581 0.166344 0.268150 0.654419 2.077695 5.546154 1.178638 0.252551 0.122805 0.382121 1.679993 5.846148 26.702761 15.684301 9.616253 8.761135 14.880925 5.127510 3.994943 5.029706 9.394599 9.274409 19.230572 9.009670 5.292332 15.689038 3.040168 0.596168 0.164567 0.293022 1.073784 3.482191 0.913736 0.198392 0.037807 0.009232 
0.038946 0.113088 0.252382 0.119243 0.066088 0.133321 0.604253 0.277629 0.577225 1.418372 1.331002 0.400292 0.136706 0.235000 1.099531 3.565835 11.324052 28.473110 14.991562 12.698186 17.303793 7.761720 6.664984 7.760088 11.381979 22.965918 16.793409 25.704042 7.212036 6.242911 1.941147 0.604278 0.303387 0.696806 2.173766 5.272593 1.117183 0.221122 0.038980 0.007190 
0.137631 0.478159 1.364612 0.472869 0.133166 0.111023 0.401851 0.150017 0.298503 1.220564 5.364616 1.181182 0.363463 0.413889 1.267227 4.374716 9.414319 18.519583 17.253944 17.070539 23.126379 12.911823 11.541848 11.036377 11.261292 12.180112 9.261429 9.688519 6.569385 11.195172 3.058909 1.709497 1.014539 2.336308 7.121243 3.046070 0.783287 0.159949 0.027879 0.005116 
0.332774 1.473395 7.028374 1.433897 0.293554 0.095460 0.110579 0.099160 0.212849 0.427154 1.399741 0.937120 0.759764 1.062068 2.458894 6.689862 27.862532 24.774334 23.585617 22.695660 25.624247 16.875956 15.575238 14.966572 11.574474 9.218216 6.753881 5.440896 4.497711 4.381230 3.232668 6.909420 3.269958 7.250329 37.083611 6.782733 1.194796 0.191420 0.028762 0.006583 
0.299344 1.147406 4.063931 1.141996 0.299672 0.176205 0.168824 0.268479 0.708014 0.435517 0.822382 1.148070 1.495170 2.046260 3.503774 5.602695 13.544686 17.043463 21.764235 25.841890 31.105131 26.548252 29.198385 16.462803 13.159648 9.176629 6.942205 6.407222 8.748252 6.385193 9.272153 31.419653 6.826234 3.241793 6.949185 2.155324 0.472671 0.085894 0.019722 0.017781 
0.339033 1.479605 7.055908 1.479155 0.476686 0.661316 0.621752 0.847876 0.816493 1.356420 2.488627 2.678509 3.178699 3.932589 5.578282 7.066957 11.335093 15.735859 21.729460 27.284788 35.175541 30.810658 27.526052 18.349474 16.554337 12.144148 10.222812 13.930251 32.045185 7.289509 3.929222 6.846735 2.244666 0.921807 1.221581 0.473997 0.121951 0.034463 0.039668 0.087918 
0.169930 0.491678 1.388678 0.582220 0.691063 2.839843 2.226326 4.123639 1.411873 2.436198 7.290050 4.854845 4.713406 5.683543 7.646263 9.639415 13.109728 17.723152 23.416351 29.750521 38.067017 35.714767 31.371561 25.713902 29.785557 14.337781 10.696237 8.382424 9.224439 3.476573 1.572415 1.423503 0.554362 0.209563 0.197248 0.086690 0.036810 0.057686 0.156977 0.432528 
0.193836 0.148702 0.279291 0.221457 0.457448 1.203724 0.953676 1.297823 1.994750 6.403477 30.694397 13.048206 9.486566 9.793122 11.664551 14.031181 17.741146 21.421806 26.637625 32.668766 40.898727 42.422760 37.208767 30.284899 22.099623 15.727296 11.081492 7.000895 4.644053 2.216460 1.052827 0.690303 0.249734 0.075493 0.037814 0.026164 0.064605 0.229860 0.560399 0.382681 
0.163655 0.065643 0.105835 0.294387 1.017379 2.664809 1.342683 1.645195 3.890735 3.435349 8.525743 6.923818 12.018235 14.247251 16.087284 18.057503 21.260683 28.158472 32.456474 38.972912 47.768108 46.000191 37.892670 30.294796 23.024979 18.156498 13.402687 8.859282 5.975761 3.784539 2.473780 1.643861 0.422641 0.098282 0.027932 0.048047 0.231531 0.990104 3.005471 1.320993 
0.038282 0.045451 0.191288 0.875001 3.413525 11.658375 3.820787 4.625805 17.978502 5.949613 4.637728 7.324404 28.439631 33.044384 34.180775 32.255077 30.842852 30.733122 35.941288 44.260612 61.306999 51.282753 43.644661 36.505791 31.024340 24.710138 12.542061 8.870335 5.185201 3.100424 1.723715 1.131169 0.365118 0.094496 0.036220 0.108953 0.593909 3.100279 15.649368 4.076578 
0.019992 0.088059 0.496439 2.312413 7.559798 4.504540 1.595439 1.421846 3.326976 1.421825 1.391727 3.112640 7.439933 10.057935 12.691439 15.620120 19.298639 24.008602 29.299503 36.426998 45.640316 45.116718 37.718220 29.980513 24.093569 18.246231 12.263864 8.459722 5.090276 3.329916 1.403534 1.777038 0.449370 0.123614 0.063200 0.172369 0.650954 2.007976 3.411053 1.423147 
0.027613 0.175892 1.158845 6.857996 37.248398 7.578862 1.570017 0.520164 0.630727 0.405759 0.633272 1.561032 3.428166 5.541158 8.328942 11.667982 15.457040 19.852270 25.048679 30.795830 38.073242 39.835705 35.291817 27.110224 21.447741 16.453287 10.302191 6.943086 3.956815 2.171977 0.848559 0.723878 0.658796 0.281210 0.212249 0.601930 2.068362 6.384049 2.474066 0.791259 
0.016297 0.085081 0.486387 2.268365 7.457017 5.251709 1.149513 0.271047 0.143314 0.126330 0.295757 0.780251 1.759829 3.192983 5.406385 8.208859 11.412282 16.099224 20.140743 27.194248 32.750244 33.353867 33.465458 24.357136 18.499653 14.810049 8.564943 6.247226 7.935694 4.270295 1.168932 1.264075 2.954207 1.085550 0.798376 2.123959 6.581647 33.611885 6.190723 1.261093 
0.019418 0.033026 0.146615 0.613143 1.840345 3.114011 0.826128 0.209803 0.061182 0.043347 0.121873 0.363087 0.917521 1.867267 3.611581 5.760647 8.507759 12.775033 16.340050 25.029398 27.552782 27.277861 26.422262 17.447182 14.072419 11.189811 7.823651 11.062467 29.081806 6.139228 1.949465 3.432215 14.416578 3.283204 2.543955 6.706633 3.893293 6.663131 2.452442 0.626123 
0.081295 0.039600 0.066943 0.263676 1.108079 4.602957 0.996756 0.351287 0.095152 0.031210 0.047874 0.149803 0.444879 1.020914 2.322950 3.767523 6.126546 9.615493 13.266484 22.346724 21.475405 20.862839 18.541458 13.851326 10.232727 7.526735 4.593279 4.290014 6.325839 3.253920 1.814728 1.977633 4.235164 2.395441 6.569092 34.029667 6.501611 2.174720 1.054629 0.355577 
0.388500 0.122706 0.093711 0.121929 0.381640 1.045496 0.578663 1.014021 0.230925 0.058680 0.027337 0.058752 0.205115 0.541462 1.457836 2.312562 4.302594 6.916244 11.010539 11.663145 16.344444 16.534803 16.947891 10.374258 7.180439 6.987819 5.403286 4.958488 2.447129 1.051580 0.665022 1.558131 4.129951 1.730319 2.265427 6.301076 2.040068 0.660373 0.392536 0.560647 
0.225814 0.332769 0.405149 0.195889 0.335978 0.925582 0.687534 1.534858 0.357738 0.145095 0.067126 0.069946 0.166087 0.338222 0.903579 1.338571 3.240674 4.667281 6.323414 8.179812 14.807071 11.831508 10.122866 8.985671 4.549522 4.793432 8.459102 13.378539 3.053554 0.757791 0.669342 2.998182 14.947467 3.004844 1.025669 1.315165 0.582292 0.383556 0.611748 0.408402 
0.417124 1.631792 2.163083 0.615290 0.901033 3.895372 1.423220 1.093936 0.442577 0.571563 0.312707 0.310825 0.570248 0.438970 0.557783 0.806655 2.639962 2.298123 3.763611 5.374169 13.322324 7.810208 6.703779 4.395999 2.810527 4.382110 12.866768 5.142284 1.427391 0.366646 0.299801 1.038925 3.058879 1.149690 0.775497 1.382293 0.759122 1.110267 3.029782 1.325456 
0.490747 1.057185 0.682475 0.256924 0.337996 1.030424 1.471831 0.794768 1.071707 2.944196 1.358872 1.372610 2.978668 1.242691 0.490710 0.388983 0.852092 0.889009 2.110853 3.819741 10.000875 5.577111 5.393154 4.050588 1.483626 1.503630 2.924743 1.564417 0.530347 0.233000 0.216486 0.623385 1.513535 1.055351 2.305127 6.906112 2.640775 3.406913 15.685440 4.059939 
1.619666 4.104240 1.330852 0.337647 0.257956 1.017789 4.824907 1.409701 3.028901 15.001190 4.423254 4.561209 15.267966 3.907458 1.004465 0.303926 0.264181 0.414256 1.435345 2.578862 3.608906 2.722220 3.185335 1.426502 1.451921 0.676584 1.087654 1.482261 0.746787 0.771859 0.629766 1.860424 5.618078 2.871707 7.167234 37.075714 6.834907 2.087038 3.162308 1.321537 
4.767615 21.231314 3.856850 0.680905 0.177621 0.324146 0.930268 0.508260 1.021792 2.945035 1.432859 1.807606 4.988502 7.722744 2.330820 0.531978 0.244717 0.492649 2.090837 1.563640 3.336605 1.900918 4.092447 1.217405 0.592138 0.720107 2.336207 6.927023 2.903313 3.794751 1.853819 5.803397 28.917870 5.691852 3.053035 6.935231 2.188969 0.680816 0.614561 0.310055 
1.724736 4.010457 1.257290 0.282200 0.073328 0.089431 0.183962 0.139937 0.256723 0.579043 0.488810 1.445989 7.271449 36.577618 6.652203 1.181476 0.473065 1.396925 5.402794 1.694222 1.352655 2.656112 9.433082 3.475564 1.184692 1.382333 6.830760 36.151798 6.771202 1.753360 0.762731 1.826295 5.413292 1.888476 1.008395 1.299577 0.524401 0.173236 0.112464 0.059675 
0.704694 0.742791 0.289938 0.081628 0.046873 0.091509 0.123415 0.118665 0.152001 0.277160 0.217177 0.539568 2.216130 6.792695 2.129437 0.564556 0.773159 4.057930 21.840614 4.223396 2.036483 6.998193 32.607124 12.794127 3.264925 1.095559 2.249128 6.781765 2.166072 0.608947 0.237973 0.434524 1.055194 0.883390 1.346889 0.729917 0.371287 0.130075 0.042635 0.015482 
0.136878 0.128405 0.059124 0.041381 0.118006 0.380226 0.481146 0.475287 0.570490 1.181060 0.498930 0.252157 0.500809 1.151698 0.468468 0.170647 0.330722 1.411630 4.684144 1.590284 1.076059 3.330032 13.079727 38.198601 7.050487 1.378681 0.753263 1.269530 0.582736 0.408564 0.152166 0.203217 0.694190 2.389992 6.982312 2.603418 1.607449 0.540510 0.130328 0.030771 
0.023626 0.021272 0.018340 0.059535 0.311070 1.611659 2.133174 2.021682 2.379432 6.828311 2.156858 0.559722 0.199317 0.196166 0.087589 0.047692 0.134876 0.550770 1.797263 0.981175 0.952942 1.146614 3.294758 7.215406 2.324364 0.847353 0.742189 0.671783 0.490981 1.535039 0.359221 0.424912 1.675522 8.000938 37.807896 8.786350 7.889102 2.273963 0.484095 0.108148 
0.004194 0.003716 0.006343 0.026987 0.116648 0.396817 0.624148 1.497150 6.883264 37.015823 6.817256 1.621692 0.393265 0.103187 0.029323 0.026674 0.115911 0.569608 2.615047 2.230935 3.150217 0.789600 0.749859 1.291460 0.792379 1.588944 2.723000 2.022278 0.536812 0.457351 0.404135 1.065742 2.826566 9.115750 10.005307 9.310485 37.420269 6.687206 1.153773 0.272713 
0.004844 0.001121 0.001860 0.007952 0.030393 0.087754 0.171869 0.539411 2.194430 6.989794 3.041312 3.268913 1.005573 0.227917 0.045284 0.021231 0.059902 0.198302 0.585993 0.585290 0.674148 0.247093 0.160512 0.233148 0.248649 0.388713 0.585477 0.459161 0.205805 0.325072 1.137542 3.982483 7.813671 37.661987 8.200404 3.698275 7.043222 2.157896 0.532360 0.473838 
0.000590 0.000213 0.000430 0.001798 0.006379 0.017376 0.040119 0.141910 0.551834 1.663820 3.330581 14.834044 2.821488 0.513430 0.089490 0.038810 0.085481 0.072244 0.124393 0.128351 0.133910 0.060614 0.044635 0.105243 0.287592 0.146035 0.127321 0.104498 0.124116 0.548956 2.957859 15.188770 4.913707 7.388046 2.479715 1.009119 1.244425 0.479792 0.142247 0.106103 
0.000072 0.000037 0.000093 0.000382 0.001291 0.003487 0.009337 0.036593 0.147753 0.498300 1.442394 4.511696 1.344680 0.303066 0.069886 0.088808 0.385508 0.092670 0.039778 0.029840 0.028329 0.019140 0.047031 0.255293 1.358455 0.262301 0.063243 0.032427 0.064990 0.310867 1.378370 4.619828 1.875704 1.626446 0.641554 0.249558 0.226297 0.097637 0.032953 0.023682 
