0.000000 0.000001 0.000066 0.002039 0.000066 0.000003 0.000033 0.000001 0.000000 0.000000 0.000000 0.000000 0.000000 0.000000 0.000001 0.000066 0.002031 0.000068 0.000081 0.002341 0.018091 0.000458 0.000009 0.000000 0.000000 0.000000 0.000000 0.000000 0.000005 0.000000 0.000001 0.000008 0.000352 0.012220 0.000350 0.000008 0.000000 0.000000 0.000015 0.000359 
0.000001 0.000032 0.001999 0.103419 0.002002 0.000105 0.001995 0.000065 0.000001 0.000000 0.000000 0.000000 0.000000 0.000000 0.000032 0.001990 0.102813 0.002034 0.002211 0.091568 0.004369 0.000114 0.000002 0.000000 0.000000 0.000000 0.000000 0.000011 0.000209 0.000012 0.000032 0.000003 0.000048 0.000347 0.000047 0.000002 0.000000 0.000007 0.000343 0.012137 
0.000000 0.000001 0.000065 0.002014 0.000444 0.002352 0.103259 0.001990 0.000032 0.000000 0.000000 0.000000 0.000000 0.000000 0.000001 0.000065 0.001998 0.000402 0.010754 0.004189 0.090130 0.001825 0.000030 0.000000 0.000000 0.000000 0.000006 0.000244 0.006455 0.000316 0.001932 0.000130 0.002015 0.000138 0.001971 0.000065 0.000001 0.000000 0.000015 0.000350 
0.000000 0.000001 0.000009 0.000372 0.011946 0.012451 0.002337 0.000104 0.000003 0.000000 0.000000 0.000000 0.000008 0.000008 0.000001 0.000002 0.000044 0.000666 0.035222 0.000758 0.001841 0.000061 0.000001 0.000000 0.000000 0.000001 0.000035 0.002091 0.102201 0.004851 0.096680 0.004108 0.104436 0.004098 0.100925 0.001996 0.000033 0.000002 0.000033 0.000009 
0.000001 0.000032 0.000002 0.000032 0.000790 0.000379 0.000113 0.001998 0.000065 0.000001 0.000000 0.000015 0.000348 0.000356 0.000047 0.000002 0.000003 0.000153 0.008997 0.000154 0.000033 0.000001 0.000000 0.000000 0.000000 0.000000 0.000006 0.000244 0.006460 0.000414 0.004035 0.000195 0.002016 0.000132 0.002035 0.002058 0.000067 0.000066 0.002004 0.000066 
0.000066 0.002001 0.000073 0.000401 0.015310 0.000474 0.002011 0.103284 0.001991 0.000032 0.000008 0.000340 0.012042 0.012375 0.002335 0.000072 0.000031 0.001717 0.077089 0.001713 0.000030 0.000000 0.000001 0.000032 0.000002 0.000000 0.000000 0.000012 0.000242 0.001992 0.101810 0.001976 0.000065 0.000036 0.002026 0.103093 0.002029 0.002045 0.103951 0.002040 
0.002046 0.103646 0.002007 0.000383 0.011794 0.002344 0.000137 0.001998 0.000065 0.000001 0.000000 0.000015 0.000380 0.002349 0.103132 0.001989 0.000034 0.000067 0.001717 0.000059 0.000002 0.000001 0.000065 0.001995 0.000072 0.000013 0.000003 0.000030 0.000008 0.000066 0.002020 0.000066 0.000002 0.000001 0.000065 0.001994 0.000066 0.000066 0.002005 0.000074 
0.000243 0.002009 0.000066 0.000049 0.002338 0.103664 0.001996 0.000066 0.000034 0.000001 0.000000 0.000000 0.000009 0.000074 0.002035 0.000066 0.000016 0.000341 0.000045 0.000003 0.000033 0.000034 0.001995 0.103329 0.002307 0.000698 0.000154 0.001734 0.000061 0.000067 0.002031 0.000066 0.000001 0.000000 0.000001 0.000033 0.000001 0.000002 0.000047 0.000352 
0.005563 0.000203 0.000005 0.000002 0.000080 0.002012 0.000066 0.000067 0.001999 0.000065 0.000001 0.000000 0.000002 0.000066 0.002032 0.000074 0.000349 0.011947 0.000348 0.000072 0.001992 0.000066 0.000073 0.002303 0.009693 0.035405 0.009093 0.078621 0.001768 0.002029 0.102758 0.001985 0.000032 0.000000 0.000001 0.000033 0.000002 0.000008 0.000343 0.012152 
0.005213 0.000166 0.000004 0.000015 0.000351 0.000386 0.000049 0.001999 0.103546 0.002003 0.000033 0.000001 0.000032 0.001991 0.102833 0.001999 0.000433 0.012985 0.000399 0.002004 0.102952 0.001987 0.000036 0.000132 0.003573 0.000754 0.000188 0.001736 0.000063 0.000098 0.001992 0.000064 0.000001 0.000001 0.000064 0.001973 0.000064 0.000002 0.000015 0.000350 
0.000166 0.000008 0.000008 0.000342 0.012130 0.012147 0.000350 0.000073 0.002018 0.000545 0.000024 0.000001 0.000001 0.000065 0.001992 0.000130 0.002019 0.000456 0.000020 0.000066 0.002004 0.000065 0.000032 0.001786 0.085068 0.001889 0.002025 0.000128 0.000068 0.001970 0.000096 0.000003 0.000001 0.000032 0.001974 0.101375 0.001969 0.000032 0.000001 0.000008 
0.000004 0.000000 0.000001 0.000015 0.000350 0.000365 0.000365 0.000027 0.000516 0.019566 0.000617 0.000017 0.000000 0.000002 0.000065 0.001999 0.103396 0.003994 0.000098 0.000019 0.000393 0.000017 0.000002 0.000062 0.001882 0.004031 0.102981 0.004002 0.002069 0.100981 0.001964 0.000032 0.000001 0.000003 0.000130 0.004019 0.000129 0.000003 0.000000 0.000000 
0.000000 0.000001 0.000032 0.000002 0.000016 0.000364 0.012484 0.000360 0.000162 0.004420 0.004262 0.000149 0.000004 0.000000 0.000002 0.000098 0.004030 0.103630 0.002008 0.000400 0.013101 0.000364 0.000009 0.000034 0.002010 0.102268 0.005943 0.102625 0.002167 0.004040 0.000129 0.000003 0.000001 0.000034 0.002010 0.101617 0.001973 0.000032 0.000000 0.000000 
0.000001 0.000064 0.001974 0.000064 0.000009 0.000349 0.012051 0.000348 0.000032 0.000618 0.019299 0.000476 0.000010 0.000000 0.000001 0.000067 0.002095 0.002066 0.000074 0.000349 0.011956 0.000348 0.000040 0.000003 0.000065 0.001981 0.000161 0.002024 0.002038 0.101225 0.001968 0.000064 0.000003 0.000066 0.002064 0.002042 0.000066 0.000001 0.000000 0.000000 
0.000033 0.001975 0.101415 0.001969 0.000032 0.000016 0.000342 0.000030 0.000342 0.000037 0.000475 0.000019 0.000000 0.000000 0.000032 0.001996 0.103320 0.002023 0.000034 0.000016 0.000342 0.000080 0.002001 0.000065 0.000003 0.000032 0.000003 0.000035 0.000098 0.001974 0.000129 0.002002 0.000097 0.002000 0.103559 0.002026 0.000034 0.000000 0.000000 0.000000 
0.000003 0.000129 0.004011 0.000129 0.000004 0.000033 0.000018 0.000381 0.012082 0.000348 0.000018 0.000001 0.000000 0.000000 0.000001 0.000065 0.001996 0.000065 0.000002 0.000003 0.000053 0.002003 0.103683 0.001997 0.000065 0.000002 0.000001 0.000065 0.002002 0.000129 0.002003 0.103694 0.001997 0.000097 0.001999 0.000065 0.000001 0.000000 0.000000 0.000008 
0.000037 0.001975 0.101424 0.001971 0.000096 0.001970 0.000137 0.002331 0.012454 0.000358 0.000040 0.000002 0.000000 0.000000 0.000000 0.000001 0.000032 0.000002 0.000004 0.000049 0.000400 0.000113 0.002007 0.000162 0.001999 0.000065 0.000034 0.002000 0.103673 0.001997 0.000097 0.002002 0.000065 0.000003 0.000032 0.000001 0.000000 0.000000 0.000015 0.000350 
0.000168 0.000072 0.001974 0.000096 0.001969 0.100898 0.004002 0.101366 0.002318 0.000112 0.002001 0.000065 0.000002 0.000000 0.000000 0.000000 0.000007 0.000020 0.000080 0.001060 0.009193 0.001044 0.000206 0.003982 0.103473 0.001993 0.000034 0.000065 0.002000 0.000065 0.000004 0.000065 0.000003 0.000000 0.000000 0.000000 0.000000 0.000007 0.000343 0.012152 
0.005248 0.000168 0.000036 0.000003 0.000066 0.002010 0.000131 0.001977 0.000136 0.002004 0.103682 0.001997 0.000065 0.000002 0.000000 0.000013 0.000282 0.000917 0.001396 0.016434 0.158196 0.015728 0.003272 0.101929 0.003971 0.000129 0.000003 0.000001 0.000032 0.000003 0.000064 0.001973 0.000064 0.000001 0.000000 0.000000 0.000000 0.000002 0.000047 0.000352 
0.005240 0.000166 0.000004 0.000002 0.000067 0.002038 0.000069 0.000098 0.001998 0.000129 0.002003 0.000129 0.002002 0.000065 0.000008 0.000264 0.008295 0.037832 0.018831 0.157956 0.918730 0.136565 0.016034 0.003042 0.000210 0.001996 0.000065 0.000001 0.000002 0.000064 0.001975 0.101262 0.001968 0.000032 0.000000 0.000000 0.000001 0.000065 0.001996 0.000074 
0.000167 0.000008 0.000001 0.000034 0.002030 0.103251 0.002032 0.002036 0.103214 0.001992 0.000097 0.002002 0.103677 0.001995 0.000033 0.000027 0.000678 0.010113 0.160708 0.925738 8.918359 0.946491 0.170485 0.009538 0.002404 0.102916 0.001987 0.000034 0.000064 0.001948 0.000193 0.004013 0.000129 0.000003 0.000000 0.000000 0.000032 0.001996 0.103216 0.002031 
0.000004 0.000000 0.000001 0.000066 0.002062 0.002096 0.000069 0.000066 0.001995 0.000065 0.000003 0.000065 0.002000 0.000065 0.000001 0.000002 0.000059 0.001253 0.022828 0.209113 0.918862 0.132780 0.015860 0.001081 0.000115 0.002001 0.000075 0.000034 0.001947 0.099026 0.003947 0.099084 0.001943 0.000032 0.000000 0.000000 0.000003 0.000097 0.001997 0.000066 
0.000000 0.000000 0.000032 0.001997 0.103398 0.003999 0.000098 0.000003 0.000032 0.000001 0.000000 0.000001 0.000032 0.000001 0.000000 0.000000 0.000016 0.000710 0.025894 0.023093 0.158145 0.015582 0.001374 0.001851 0.000095 0.000233 0.000478 0.000023 0.000162 0.004014 0.000193 0.001950 0.000096 0.000003 0.000000 0.000002 0.000065 0.001995 0.000104 0.000003 
0.000000 0.000000 0.000002 0.000097 0.003977 0.101883 0.001978 0.000033 0.000001 0.000000 0.000000 0.000000 0.000000 0.000000 0.000000 0.000000 0.000007 0.000301 0.009411 0.001541 0.009197 0.001127 0.003824 0.084255 0.003464 0.007158 0.018805 0.000570 0.003980 0.101169 0.001971 0.000129 0.001997 0.000065 0.000003 0.000065 0.001995 0.103191 0.002334 0.000048 
0.000008 0.000000 0.000000 0.000004 0.000162 0.004031 0.000131 0.000033 0.000001 0.000000 0.000000 0.000000 0.000000 0.000000 0.000000 0.000000 0.000000 0.000015 0.000352 0.002060 0.000495 0.002027 0.101531 0.003750 0.000579 0.018001 0.000963 0.002034 0.103406 0.003958 0.000129 0.001998 0.103231 0.001992 0.000097 0.001998 0.000137 0.002351 0.012362 0.000372 
0.000349 0.000015 0.000001 0.000032 0.001983 0.102071 0.002037 0.001753 0.000060 0.000001 0.000000 0.000000 0.000000 0.000000 0.000000 0.000000 0.000001 0.000033 0.001995 0.102637 0.001999 0.000163 0.004018 0.000192 0.000024 0.000460 0.000041 0.000291 0.002010 0.000097 0.000004 0.000066 0.002037 0.000098 0.001998 0.103322 0.002004 0.000421 0.012251 0.000715 
0.012095 0.000348 0.000015 0.000002 0.000066 0.002050 0.001796 0.077908 0.001717 0.000030 0.000000 0.000000 0.000000 0.000000 0.000000 0.000000 0.000007 0.000002 0.000065 0.001989 0.000097 0.001980 0.101580 0.003942 0.000097 0.000018 0.000262 0.006995 0.000283 0.000008 0.000002 0.000066 0.002036 0.000067 0.000066 0.001996 0.000065 0.000025 0.000691 0.012216 
0.000367 0.000375 0.000361 0.000017 0.000062 0.001782 0.000263 0.007583 0.000142 0.000003 0.000000 0.000000 0.000000 0.000000 0.000000 0.000015 0.000343 0.000015 0.000002 0.000034 0.000035 0.000098 0.003952 0.101510 0.001973 0.000081 0.002133 0.073745 0.001597 0.000029 0.000033 0.001995 0.103218 0.001990 0.000034 0.000033 0.000001 0.000002 0.000055 0.000354 
0.000370 0.012728 0.012839 0.000385 0.001750 0.079640 0.007044 0.026593 0.000581 0.000043 0.000002 0.000001 0.000032 0.000002 0.000008 0.000350 0.012152 0.000349 0.000009 0.000065 0.001969 0.000068 0.000163 0.004017 0.000139 0.000538 0.023247 0.003900 0.000143 0.000004 0.000001 0.000065 0.001996 0.000065 0.000003 0.000033 0.000003 0.000065 0.001996 0.000074 
0.000017 0.000396 0.000362 0.000017 0.000062 0.001822 0.003480 0.010866 0.000403 0.002010 0.000066 0.000066 0.001994 0.000065 0.000009 0.000350 0.012152 0.000349 0.000040 0.001970 0.100944 0.002004 0.002010 0.100882 0.001964 0.000052 0.000538 0.000127 0.000014 0.000008 0.000000 0.000003 0.000065 0.000004 0.000065 0.002001 0.000097 0.001997 0.103217 0.002031 
0.000067 0.002006 0.000072 0.000002 0.000033 0.001932 0.093827 0.002258 0.002052 0.103773 0.002038 0.002034 0.103093 0.002021 0.000034 0.000016 0.000343 0.000015 0.000004 0.000129 0.004010 0.000130 0.000067 0.001968 0.000064 0.000002 0.000012 0.000051 0.000355 0.000362 0.000017 0.000065 0.001997 0.000097 0.002002 0.103693 0.001997 0.000097 0.001996 0.000066 
0.002043 0.103029 0.001989 0.000032 0.000002 0.000064 0.001902 0.000072 0.000067 0.002003 0.000066 0.000067 0.002059 0.002064 0.000066 0.000002 0.000008 0.000002 0.000064 0.001976 0.101416 0.001971 0.000066 0.000034 0.000001 0.000002 0.000072 0.002341 0.012229 0.012946 0.000388 0.002008 0.103333 0.001993 0.000097 0.002001 0.000065 0.000003 0.000032 0.000001 
0.000422 0.002010 0.000065 0.000001 0.000000 0.000006 0.000032 0.000002 0.000001 0.000032 0.000002 0.000034 0.002031 0.103553 0.001993 0.000032 0.000002 0.000065 0.001997 0.000129 0.001977 0.000129 0.001999 0.000097 0.000003 0.000032 0.001995 0.103345 0.002342 0.000394 0.000017 0.000065 0.001997 0.000065 0.000003 0.000032 0.000001 0.000000 0.000000 0.000000 
0.012142 0.000374 0.000009 0.000000 0.000011 0.000209 0.000013 0.000032 0.000001 0.000001 0.000000 0.000001 0.000065 0.001999 0.000065 0.000002 0.000032 0.001995 0.103212 0.001992 0.000097 0.002000 0.103507 0.003985 0.000097 0.000003 0.000065 0.001996 0.000073 0.000017 0.000001 0.000001 0.000032 0.000003 0.000032 0.000002 0.000001 0.000000 0.000000 0.000000 
0.000350 0.000015 0.000001 0.000006 0.000244 0.006454 0.000316 0.001912 0.000064 0.000034 0.000001 0.000000 0.000001 0.000032 0.000001 0.000000 0.000001 0.000066 0.002036 0.000067 0.000036 0.000098 0.003996 0.103623 0.002002 0.000044 0.000004 0.000065 0.000018 0.000345 0.000015 0.000000 0.000002 0.000065 0.001997 0.000066 0.000034 0.000001 0.000000 0.000000 
0.000008 0.000000 0.000001 0.000035 0.002089 0.101971 0.004925 0.094762 0.001966 0.002030 0.000065 0.000002 0.000000 0.000000 0.000000 0.000000 0.000001 0.000066 0.002010 0.000130 0.001975 0.000067 0.000099 0.002015 0.000388 0.000677 0.000166 0.001992 0.000445 0.012305 0.000350 0.000009 0.000034 0.002029 0.103421 0.002057 0.002030 0.000065 0.000002 0.000008 
0.000000 0.000000 0.000000 0.000006 0.000244 0.006454 0.000317 0.001944 0.002062 0.103562 0.001995 0.000065 0.000002 0.000000 0.000000 0.000000 0.000032 0.001969 0.100938 0.003999 0.101404 0.001969 0.000041 0.000345 0.010021 0.036189 0.010135 0.099022 0.004179 0.010851 0.000332 0.000041 0.000068 0.002063 0.002095 0.002065 0.103448 0.001993 0.000047 0.000351 
0.000000 0.000000 0.000000 0.000000 0.000011 0.000209 0.000012 0.000033 0.000066 0.002000 0.000129 0.001997 0.000065 0.000001 0.000000 0.000000 0.000009 0.000064 0.001969 0.000129 0.001975 0.000064 0.000002 0.000015 0.000332 0.000676 0.000165 0.001984 0.000108 0.000327 0.000080 0.002027 0.002063 0.103460 0.002026 0.000098 0.001998 0.000072 0.000344 0.012171 
0.000000 0.000000 0.000000 0.000000 0.000000 0.000005 0.000000 0.000000 0.000002 0.000065 0.001997 0.103216 0.001990 0.000032 0.000001 0.000015 0.000343 0.000016 0.000032 0.000003 0.000032 0.000001 0.000000 0.000016 0.000361 0.000027 0.000003 0.000033 0.000003 0.000040 0.001994 0.103106 0.002054 0.002030 0.000066 0.000003 0.000032 0.000002 0.000015 0.000350 
0.000000 0.000000 0.000000 0.000000 0.000000 0.000000 0.000000 0.000000 0.000000 0.000002 0.000066 0.002036 0.000066 0.000002 0.000008 0.000350 0.012152 0.000349 0.000008 0.000000 0.000000 0.000000 0.000008 0.000360 0.012703 0.000358 0.000008 0.000001 0.000000 0.000002 0.000066 0.002035 0.000067 0.000034 0.000001 0.000000 0.000000 0.000000 0.000000 0.000008 
