129.728058 130.582825 130.866943 130.686020 130.082367 130.614899 130.832977 130.874374 131.046082 131.155807 131.204391 131.221069 131.222168 131.210831 131.174042 131.059418 130.730606 130.030365 130.350769 129.969666 128.653244 125.742798 129.734406 130.813141 131.111618 131.188980 131.191071 131.142517 131.030090 130.883575 130.967285 130.980698 130.803223 129.937729 126.400772 129.964218 130.874237 131.124619 131.196121 131.214722 
126.393318 130.078796 130.724335 130.203644 127.048691 129.907333 130.346237 130.148743 130.795120 131.084381 131.183624 131.211456 131.211197 131.194153 131.149216 130.982391 130.270233 127.026672 129.595901 128.822067 126.000076 128.294144 130.177704 130.897430 131.127457 131.186127 131.167023 131.051895 130.724838 130.073029 130.594894 130.750977 130.778839 130.473816 129.943787 130.525879 130.938293 131.119522 131.182556 131.197449 
130.003098 130.711411 130.905853 130.657318 129.816574 129.434189 129.032196 126.790924 130.175690 130.953003 131.147415 131.188889 131.175507 131.135803 131.102753 131.032837 130.752502 129.985443 129.486633 125.752991 128.149353 126.418526 130.044098 130.913971 131.135391 131.178253 131.124817 130.869644 129.903076 126.175919 129.533386 129.851120 130.334808 129.980911 130.249268 130.088852 130.743240 131.040253 131.128357 131.130737 
130.876785 130.994614 130.986679 130.750839 129.791550 126.017418 125.933273 129.156097 130.419754 130.938507 131.117767 131.142960 131.065948 130.905228 130.873306 130.958771 130.925659 130.619049 129.735107 126.025551 129.350220 129.862030 130.705795 131.048676 131.155640 131.170898 131.100769 130.795609 129.649536 125.430862 128.711456 126.507538 129.245834 126.801430 129.360382 126.950195 130.094589 130.847260 130.981995 130.892456 
131.041229 131.005798 130.884567 130.769226 130.205566 128.860535 129.325165 130.060135 130.065979 130.773621 131.046982 131.045486 130.759766 130.001205 129.929352 130.546600 130.861176 130.814697 130.340668 129.228546 130.262650 130.713745 130.995850 131.110489 131.134674 131.141052 131.088531 130.837524 129.859390 126.075623 129.222565 129.058121 130.066605 129.986542 130.356079 129.893997 129.960266 130.632202 130.641449 129.998993 
130.919998 130.723419 130.197861 130.467606 129.705902 125.987610 129.304230 129.759186 127.086006 130.281982 130.939484 130.918213 130.142593 126.379486 126.147232 129.302811 130.540527 130.744324 130.111389 126.984009 130.156937 130.874969 131.057632 131.055557 130.964035 131.013168 131.031433 130.950531 130.610672 129.844894 129.733887 126.854263 130.052444 130.666946 130.735901 130.102203 127.122047 130.086349 129.974274 126.428490 
130.474869 129.926376 127.008118 129.933167 129.646179 125.975739 128.968063 130.157364 130.119629 130.759491 131.022400 131.021912 130.714310 129.831696 129.162079 126.797699 130.109467 130.701340 130.526627 130.137344 130.731201 130.977081 131.010040 130.792572 130.204788 130.548950 130.736267 130.852188 130.758850 130.671356 130.543289 130.036133 130.675232 130.956467 130.995331 130.791855 130.287338 130.725922 130.665558 130.005768 
129.325882 129.344971 129.716736 130.467804 130.355118 129.175583 126.705353 130.008270 130.639359 130.829651 131.016724 131.079803 131.002396 130.761230 130.461029 129.977615 130.545319 130.544968 129.989227 130.500366 130.822571 130.865540 130.840500 130.169968 126.817337 129.111069 129.689972 130.331177 130.115829 130.609177 130.592010 130.098236 130.733063 131.027893 131.100586 131.051483 130.949036 131.024979 131.017517 130.899796 
125.016457 125.300957 129.547348 130.602280 130.681686 130.277695 129.863556 130.511642 130.618042 130.234100 130.773651 131.020523 131.069275 130.968292 130.668213 130.036636 130.412735 129.806915 126.334259 129.841995 130.512543 130.212021 130.665314 130.475876 129.180206 125.893570 126.038666 129.178177 126.921570 130.026062 130.057724 127.160278 130.303177 130.978470 131.104126 131.060303 130.959702 131.059647 131.119751 131.122482 
128.562103 125.949226 129.792191 130.669403 130.579315 129.813446 129.702240 130.364899 130.070175 127.066963 130.062241 130.804260 131.010849 130.933380 130.272507 127.115227 129.907608 129.585220 126.221863 129.728043 129.983246 127.120270 130.193695 130.637344 130.153198 128.970200 129.381317 130.037140 129.951370 130.525681 130.514435 130.199020 130.806442 131.054459 131.059494 130.836212 130.314774 130.843414 131.087402 131.160355 
130.323547 129.968307 130.628143 130.771362 130.072083 126.354828 126.244514 129.742401 130.313065 129.749542 129.673447 130.412750 130.865448 130.983429 130.788177 130.179611 130.332306 129.689484 129.559555 130.384933 130.511536 130.036667 130.637238 130.741425 130.043839 126.726616 129.429031 129.665680 130.208160 130.442108 130.088120 130.609192 130.962067 131.074188 130.952164 130.252213 127.104408 130.265701 130.981018 131.145996 
130.939148 130.887177 130.980331 130.950958 130.668243 129.849319 129.539169 129.590622 130.171783 129.499863 125.899414 128.953476 130.444656 130.930511 130.980011 130.745010 130.065796 126.737343 129.184845 130.340469 130.449310 129.904907 130.591827 130.833206 130.593124 129.695892 128.970810 126.405716 129.082748 129.640335 126.898659 130.156235 130.907242 131.061249 130.955276 130.497757 129.501099 130.537949 131.005035 131.147873 
131.117767 131.086502 131.033768 130.914307 130.866211 130.554260 129.681564 126.203018 129.532898 129.323395 125.207382 125.303574 129.727295 130.810837 131.034576 130.946472 130.523575 129.261200 126.728882 129.869476 129.746017 126.352509 129.931915 130.743240 130.741638 129.959961 126.627457 128.555771 126.535721 129.513489 129.253784 130.433823 130.908096 131.020126 130.847595 130.067841 127.011230 130.231613 130.972870 131.147003 
131.132370 131.060593 130.820526 130.276505 130.719147 130.698120 129.873199 126.292572 129.632355 129.907974 128.788010 125.985153 129.868866 130.851105 131.068954 131.005829 130.648621 129.807343 129.836670 130.414963 129.862122 126.383148 129.895172 130.655136 130.856522 130.675964 130.076431 130.246750 129.878189 129.791229 126.909393 130.097504 130.731293 130.907852 130.707748 129.993347 129.992004 130.752441 131.074554 131.173294 
131.047424 130.913666 130.227234 127.073647 130.185059 130.760513 130.578949 129.909271 130.158417 129.703812 130.025864 129.871902 130.663345 131.022064 131.108795 130.979965 130.291122 127.133133 130.094009 130.740784 130.644623 130.034210 130.405167 130.169739 130.728516 130.889267 130.848221 130.849274 130.705765 130.487549 130.058319 130.442856 130.181091 130.631912 130.212860 127.161987 130.165054 130.915909 131.133484 131.194565 
130.785309 130.788498 130.441650 129.466003 130.458160 130.797241 130.691620 130.424896 129.615631 126.203049 129.749252 130.569687 130.948242 131.112427 131.154205 131.092300 130.848358 130.307953 130.787033 130.994476 130.968201 130.727142 130.154678 127.136200 130.163223 130.733398 130.939423 130.959641 130.735382 130.163483 130.456436 130.129623 127.183151 130.231842 130.666809 130.296967 130.828918 131.085693 131.179718 131.208084 
129.778107 130.276657 129.977936 126.979584 130.104614 130.556320 130.069351 130.148590 129.011154 126.029160 129.753204 130.613022 130.973602 131.121231 131.167969 131.149567 131.063873 130.936646 131.012695 131.083908 131.065338 130.913986 130.571472 130.030518 130.290146 130.114456 130.727890 130.859238 130.288605 127.210358 130.191742 130.616165 130.248550 130.793732 130.988953 130.985596 131.097977 131.170425 131.198395 131.203384 
125.874573 128.983917 130.144501 130.059875 130.563370 130.135666 126.961868 129.300110 126.592461 129.120438 130.182617 130.130493 130.779694 131.041412 131.134216 131.131119 131.037109 130.869034 130.875214 131.012192 131.013809 130.761673 130.093231 130.141418 129.296402 126.861595 130.162170 130.840469 130.790894 130.305206 130.766281 130.874802 130.776886 130.977661 131.102753 131.146057 131.179321 131.191071 131.177505 131.149246 
128.553299 125.936401 129.760803 130.617538 130.846542 130.651062 130.000320 130.313782 129.928070 130.198456 129.993591 127.128227 130.222260 130.809753 131.028259 131.030334 130.756592 130.022949 130.012909 130.706955 130.849854 130.244919 127.018593 129.344940 126.702652 129.350143 130.452362 130.898361 130.996628 130.922104 130.920258 130.745178 130.250916 130.811768 131.078522 131.167999 131.188278 131.162460 131.074341 130.923294 
129.437393 126.251007 129.918564 130.785202 130.912964 130.659088 130.042114 130.509506 130.456314 130.045059 130.421494 130.125702 130.503860 130.245483 130.796402 130.866394 130.146942 126.458054 126.434753 130.082184 130.797943 130.719208 130.151886 130.407104 130.008347 130.282562 130.109543 130.747986 130.980652 130.949387 130.727478 130.126938 127.049469 130.241714 130.971924 131.146561 131.164139 131.074478 130.767487 130.031357 
130.549820 130.084167 130.710388 130.949677 130.828964 130.080750 127.035812 130.030518 130.059845 127.145103 130.181610 130.622940 130.217484 127.242584 130.321899 130.883362 130.715302 129.974442 129.890732 130.491226 130.819366 130.831497 130.679382 130.759460 130.621811 130.093689 127.102394 130.200165 130.807861 130.695221 130.076355 130.161270 129.395004 130.498260 130.985962 131.134369 131.128296 130.937469 130.118637 126.421967 
130.998871 130.930862 131.024078 131.002487 130.702347 129.898849 129.781738 130.534149 130.672821 130.283493 130.802597 130.958252 130.825180 130.351532 130.861633 131.049255 130.999512 130.758698 130.449905 129.947235 130.470901 130.442047 130.058624 130.545105 130.615005 130.488953 129.918335 130.438446 130.650574 130.057251 126.813980 129.278946 126.843399 130.156647 130.927368 131.108841 131.099289 130.936768 130.509674 129.797668 
131.125153 131.113800 131.103271 130.948990 130.200821 126.831276 129.266327 130.496765 130.886993 130.946640 131.073700 131.124832 131.097275 131.021820 131.107605 131.144684 131.085114 130.825378 129.909653 126.257111 129.416092 129.100906 126.631340 129.610519 129.782242 130.099625 129.476288 129.672470 130.335266 130.130325 129.233948 130.078659 129.986954 130.582184 130.949829 131.064499 130.997604 130.707855 129.990631 130.095795 
131.079712 131.094086 131.107086 131.016602 130.617813 129.380997 126.716354 130.083374 130.857132 131.065842 131.153137 131.186615 131.188446 131.177979 131.190491 131.185852 131.122025 130.872040 129.924622 126.138893 128.842438 126.402901 128.815445 128.810013 126.412766 128.781738 125.320702 125.868378 129.405853 129.076065 126.620407 129.911102 130.389191 130.159485 130.753967 130.918915 130.725983 130.037201 126.600830 128.623566 
130.762070 130.841568 131.001556 131.030930 130.855576 130.307846 129.348862 130.367401 130.768631 131.025955 131.149429 131.198166 131.213074 131.215103 131.215042 131.203049 131.156906 131.016876 130.620911 129.700989 129.475708 129.499802 129.437012 126.411804 128.941879 129.257858 125.846146 128.754776 129.333832 126.595634 129.301010 130.377029 130.106110 127.141823 130.194229 130.608978 130.110748 130.142288 128.757050 124.878189 
129.584885 129.859207 130.640289 130.911865 130.839386 130.119019 126.900391 129.839844 130.054840 130.773849 131.077393 131.180679 131.212204 131.219269 131.216339 131.199493 131.154831 131.056549 130.828979 130.043808 126.964577 129.828156 130.062317 129.121414 129.912384 130.208435 129.691345 129.890457 129.450714 129.667282 130.428772 130.776733 130.657806 130.091125 130.558487 130.180206 127.114838 129.865021 129.330292 125.143562 
125.417923 126.105667 129.808212 130.603073 130.818085 130.591095 129.840836 129.740479 126.894318 130.176620 130.944122 131.143326 131.195953 131.205261 131.198502 131.162949 131.072144 130.929642 130.924606 130.719650 130.173553 130.470367 129.931992 126.621597 129.200684 130.281769 130.279755 129.451828 125.975189 129.613968 130.641998 130.887299 130.705734 130.123230 130.653595 130.701752 130.238144 130.617737 130.421448 129.591721 
129.428925 129.446960 129.535553 129.832642 130.550720 130.525269 129.836670 129.927277 129.141418 130.351715 130.898544 131.099457 131.156448 131.156082 131.147110 131.060806 130.770981 130.160721 130.707291 130.886780 130.791901 130.688080 130.428772 129.274841 126.639748 129.868317 130.120941 128.727570 125.257774 129.503708 130.660492 130.850464 130.281876 127.212143 130.272461 130.855804 130.876801 130.928940 130.805939 130.505859 
130.449966 129.775436 126.257835 126.333061 129.899292 129.953186 126.751724 128.838013 125.947891 129.735626 130.643341 130.974335 131.042816 130.983383 131.026169 130.873367 130.024887 126.466331 129.986938 130.753189 130.688156 130.159454 130.492035 130.183975 129.290482 130.181244 129.773895 125.954681 125.400673 129.633652 130.698715 130.937347 130.789566 130.281830 130.783264 130.946243 130.892883 130.909592 130.659546 129.918610 
130.852280 130.544678 129.772003 129.863358 130.561584 130.526428 129.656998 128.781693 125.900856 129.532043 129.989716 130.680817 130.738770 130.292374 130.755081 130.784561 129.996735 126.454773 129.966522 130.656189 130.146423 126.998688 129.971832 129.947952 126.957428 130.057190 130.433884 129.752945 129.591095 130.296249 130.679108 130.918701 130.922333 130.772705 130.887299 130.775757 130.273956 130.619461 130.055389 126.423683 
130.930389 130.641464 130.014328 130.529144 130.847580 130.766388 129.971222 126.694893 129.081024 129.699692 127.052902 130.106934 130.120789 127.140076 130.125793 130.770020 130.684372 130.130600 130.680191 130.804413 130.450363 129.441650 130.369293 130.559937 130.184067 130.717194 130.831787 130.592880 130.209259 129.735199 129.886292 130.613480 130.691742 130.236786 130.643311 130.237961 127.225189 130.224396 130.576904 129.981918 
130.794067 130.098083 127.105255 130.228256 130.893707 130.947311 130.686264 130.120941 130.484879 130.606064 130.238190 130.716171 130.662994 130.001953 130.011963 130.718445 130.932388 130.884857 130.904572 130.720474 130.116409 126.997337 130.077866 130.625977 130.771271 130.941772 130.917679 130.519226 129.228867 126.080643 126.297485 129.932831 130.098694 127.195755 130.235931 130.665802 130.298935 130.812012 130.961487 130.882599 
130.626251 129.979782 129.997864 130.727264 130.988068 130.967377 130.800903 130.783661 130.895721 130.964966 130.936340 131.001099 130.870163 130.163101 127.188438 130.307739 130.941879 130.993683 130.787003 130.207977 130.455811 130.075653 130.413879 130.090912 130.568253 130.876282 130.853607 130.158112 126.805504 129.125259 129.746704 130.578293 130.703659 130.292862 130.793793 130.952118 130.951340 131.065338 131.122284 131.122650 
130.101501 127.130737 130.142715 130.857651 130.955460 130.690735 130.050064 130.572586 130.789078 130.975357 131.047668 131.094757 131.051163 130.827072 130.339111 130.855316 131.049362 130.961716 130.302719 127.177612 130.139587 130.527008 130.058487 126.871964 129.435791 130.549164 130.832672 130.680984 130.084991 130.397049 130.536392 130.847733 130.968689 130.926773 130.966431 130.929962 131.020157 131.094421 131.151947 131.175980 
130.681427 130.262665 130.786346 130.982315 130.823303 129.892761 126.185425 129.576035 129.977051 130.670380 130.873810 131.046127 131.108063 131.081833 131.010315 131.098389 131.130859 131.049332 130.749207 130.108521 130.594437 130.667709 130.484207 129.398087 126.793228 129.921738 130.582886 130.734680 130.563156 130.461319 130.002991 130.668335 130.956268 130.969864 130.771164 130.277206 130.749298 130.906693 131.076202 131.153992 
130.767578 130.851166 131.017685 131.044067 130.783295 129.662292 125.476807 128.839111 126.802109 129.924561 130.134827 130.794998 131.042084 131.127670 131.150146 131.170074 131.152679 131.047852 130.735077 130.058350 130.406281 130.129913 130.575623 130.420319 129.770325 129.600006 129.767731 130.286484 129.864471 129.607513 126.317825 129.932190 130.757416 130.786835 130.106064 127.081284 129.992203 130.164642 130.828720 131.074203 
129.999359 130.723328 131.029526 131.076675 130.858368 129.908127 126.192726 129.559921 129.837097 129.934006 127.134796 130.231201 130.818054 131.057831 131.150665 131.169952 131.124222 130.944122 130.260498 127.046555 129.477371 127.050690 130.181366 130.595245 129.857117 126.249634 126.186661 129.216995 126.744881 129.108078 126.221924 129.840759 130.566696 130.574615 129.926331 129.823914 129.927872 127.168739 130.329468 130.973175 
126.473434 130.169800 130.960342 131.112122 131.043747 130.735077 130.093277 130.614380 130.751648 130.698135 130.210236 130.524261 130.253265 130.841293 131.083771 131.125534 131.045624 130.863205 130.711563 130.201324 130.513718 130.232910 130.769104 130.867828 130.545258 129.724609 129.768265 130.329605 130.055557 130.358551 129.940887 130.347443 129.992722 129.930328 127.046646 130.037750 130.575073 130.285431 130.856018 131.082855 
130.026535 130.768646 131.076141 131.163437 131.152679 131.070831 130.951508 131.029984 131.059906 131.011581 130.796616 130.231445 127.213058 130.320633 130.966583 131.020416 130.755798 130.137817 130.658188 130.831543 130.954895 130.948044 131.025787 130.955475 130.594833 129.849533 130.418182 130.786499 130.847565 130.886185 130.705444 130.153610 127.081482 129.959732 130.103760 130.734482 130.961823 130.978333 131.100815 131.166687 
130.848602 131.033264 131.148758 131.192902 131.195099 131.171860 131.143555 131.154694 131.156174 131.121994 131.010071 130.739426 130.159607 130.755981 130.997818 130.878586 130.029083 126.467758 130.001038 130.845963 131.063293 131.104263 131.084030 130.871323 129.974014 126.380142 129.922913 130.810669 131.022461 131.057159 130.967926 130.699585 130.094360 130.624207 130.811813 131.009247 131.107819 131.140854 131.179169 131.201599 
