129.728073 130.582855 130.866974 130.686050 130.082413 130.614929 130.833023 130.874435 131.046158 131.155884 131.204468 131.221146 131.222229 131.210876 131.174088 131.059448 130.730652 130.030411 130.350800 129.969696 128.653259 125.742798 129.734436 130.813202 131.111664 131.189026 131.191116 131.142578 131.030151 130.883621 130.967331 130.980743 130.803284 129.937775 126.400772 129.964249 130.874283 131.124664 131.196152 131.214767 
126.393318 130.078842 130.724365 130.203674 127.048691 129.907364 130.346283 130.148804 130.795197 131.084457 131.183685 131.211517 131.211258 131.194199 131.149261 130.982422 130.270264 127.026672 129.595917 128.822098 126.000076 128.294159 130.177734 130.897476 131.127502 131.186188 131.167084 131.051956 130.724899 130.073074 130.594940 130.751007 130.778885 130.473862 129.943817 130.525909 130.938339 131.119568 131.182587 131.197495 
130.003143 130.711472 130.905899 130.657349 129.816605 129.434219 129.032211 126.790924 130.175751 130.953064 131.147476 131.188950 131.175568 131.135849 131.102814 131.032867 130.752533 129.985474 129.486664 125.752991 128.149368 126.418526 130.044128 130.914001 131.135437 131.178299 131.124878 130.869705 129.903122 126.175919 129.533417 129.851151 130.334854 129.980957 130.249313 130.088898 130.743286 131.040314 131.128387 131.130768 
130.876831 130.994659 130.986725 130.750885 129.791580 126.017418 125.933273 129.156128 130.419815 130.938568 131.117828 131.143021 131.066010 130.905273 130.873352 130.958801 130.925690 130.619080 129.735138 126.025551 129.350235 129.862045 130.705841 131.048721 131.155685 131.170944 131.100815 130.795654 129.649567 125.430862 128.711487 126.507538 129.245850 126.801430 129.360413 126.950195 130.094635 130.847305 130.982040 130.892502 
131.041290 131.005859 130.884613 130.769272 130.205612 128.860565 129.325195 130.060165 130.066025 130.773666 131.047028 131.045532 130.759811 130.001236 129.929382 130.546631 130.861206 130.814728 130.340698 129.228577 130.262680 130.713776 130.995880 131.110535 131.134705 131.141098 131.088562 130.837570 129.859436 126.075623 129.222595 129.058136 130.066635 129.986572 130.356125 129.894012 129.960297 130.632263 130.641495 129.999023 
130.920044 130.723465 130.197891 130.467636 129.705933 125.987610 129.304260 129.759201 127.086006 130.282013 130.939514 130.918243 130.142624 126.379486 126.147232 129.302841 130.540558 130.744354 130.111420 126.984009 130.156967 130.875000 131.057678 131.055618 130.964081 131.013214 131.031464 130.950562 130.610718 129.844925 129.733917 126.854263 130.052475 130.666992 130.735947 130.102219 127.122047 130.086395 129.974319 126.428490 
130.474899 129.926407 127.008118 129.933182 129.646210 125.975739 128.968079 130.157379 130.119659 130.759521 131.022446 131.021942 130.714340 129.831726 129.162109 126.797699 130.109497 130.701370 130.526657 130.137375 130.731232 130.977127 131.010101 130.792633 130.204834 130.548981 130.736298 130.852234 130.758911 130.671402 130.543335 130.036179 130.675262 130.956512 130.995377 130.791901 130.287384 130.725967 130.665604 130.005798 
129.325897 129.345001 129.716766 130.467834 130.355148 129.175613 126.705353 130.008301 130.639389 130.829681 131.016754 131.079849 131.002441 130.761261 130.461090 129.977661 130.545349 130.544998 129.989258 130.500412 130.822617 130.865585 130.840561 130.170013 126.817337 129.111084 129.690002 130.331207 130.115875 130.609222 130.592072 130.098267 130.733093 131.027924 131.100616 131.051529 130.949081 131.025024 131.017578 130.899841 
125.016457 125.300957 129.547379 130.602310 130.681717 130.277725 129.863602 130.511688 130.618073 130.234131 130.773682 131.020569 131.069305 130.968323 130.668259 130.036667 130.412766 129.806946 126.334259 129.842026 130.512589 130.212067 130.665359 130.475922 129.180237 125.893570 126.038666 129.178192 126.921570 130.026108 130.057770 127.160278 130.303207 130.978516 131.104156 131.060349 130.959747 131.059692 131.119812 131.122543 
128.562119 125.949226 129.792221 130.669449 130.579346 129.813477 129.702271 130.364929 130.070190 127.066963 130.062271 130.804306 131.010895 130.933411 130.272537 127.115227 129.907623 129.585251 126.221863 129.728073 129.983276 127.120270 130.193726 130.637390 130.153229 128.970215 129.381317 130.037140 129.951385 130.525711 130.514481 130.199066 130.806488 131.054520 131.059540 130.836273 130.314819 130.843475 131.087463 131.160416 
130.323578 129.968323 130.628174 130.771408 130.072113 126.354828 126.244514 129.742432 130.313095 129.749557 129.673477 130.412796 130.865494 130.983459 130.788223 130.179642 130.332321 129.689514 129.559601 130.384979 130.511581 130.036697 130.637268 130.741470 130.043869 126.726616 129.429062 129.665695 130.208191 130.442139 130.088165 130.609253 130.962112 131.074249 130.952209 130.252258 127.104408 130.265747 130.981079 131.146057 
130.939209 130.887222 130.980377 130.951004 130.668289 129.849350 129.539200 129.590637 130.171799 129.499893 125.899414 128.953506 130.444702 130.930557 130.980057 130.745056 130.065811 126.737343 129.184875 130.340500 130.449356 129.904938 130.591858 130.833237 130.593155 129.695908 128.970825 126.405716 129.082764 129.640366 126.898659 130.156281 130.907288 131.061295 130.955338 130.497803 129.501129 130.538010 131.005096 131.147934 
131.117828 131.086548 131.033813 130.914368 130.866272 130.554306 129.681595 126.203018 129.532913 129.323425 125.207382 125.303574 129.727341 130.810883 131.034622 130.946518 130.523621 129.261230 126.728882 129.869507 129.746048 126.352509 129.931946 130.743286 130.741684 129.959991 126.627457 128.555786 126.535721 129.513504 129.253815 130.433868 130.908157 131.020187 130.847656 130.067871 127.011230 130.231674 130.972931 131.147064 
131.132416 131.060638 130.820572 130.276550 130.719193 130.698151 129.873230 126.292572 129.632370 129.908005 128.788025 125.985153 129.868896 130.851135 131.069000 131.005875 130.648666 129.807373 129.836700 130.414993 129.862152 126.383148 129.895203 130.655182 130.856567 130.676010 130.076462 130.246780 129.878204 129.791245 126.909393 130.097534 130.731339 130.907898 130.707794 129.993378 129.992050 130.752502 131.074615 131.173355 
131.047470 130.913712 130.227264 127.073647 130.185089 130.760559 130.578979 129.909286 130.158447 129.703842 130.025894 129.871933 130.663391 131.022110 131.108841 130.980011 130.291153 127.133133 130.094040 130.740829 130.644669 130.034241 130.405212 130.169769 130.728546 130.889297 130.848251 130.849304 130.705795 130.487579 130.058350 130.442886 130.181137 130.631958 130.212906 127.161987 130.165100 130.915970 131.133560 131.194626 
130.785339 130.788528 130.441681 129.466019 130.458206 130.797272 130.691635 130.424927 129.615662 126.203049 129.749283 130.569733 130.948303 131.112488 131.154251 131.092346 130.848389 130.307983 130.787079 130.994522 130.968246 130.727188 130.154709 127.136200 130.163254 130.733429 130.939453 130.959686 130.735413 130.163513 130.456467 130.129654 127.183151 130.231873 130.666855 130.297028 130.828979 131.085754 131.179794 131.208145 
129.778137 130.276703 129.977966 126.979584 130.104645 130.556351 130.069366 130.148605 129.011169 126.029160 129.753235 130.613068 130.973648 131.121277 131.168015 131.149597 131.063904 130.936676 131.012741 131.083954 131.065399 130.914032 130.571503 130.030548 130.290176 130.114487 130.727936 130.859283 130.288635 127.210358 130.191772 130.616196 130.248581 130.793777 130.989014 130.985657 131.098038 131.170486 131.198456 131.203430 
125.874573 128.983932 130.144531 130.059921 130.563416 130.135696 126.961868 129.300140 126.592461 129.120468 130.182648 130.130524 130.779739 131.041458 131.134277 131.131165 131.037155 130.869064 130.875244 131.012222 131.013855 130.761719 130.093262 130.141434 129.296417 126.861595 130.162201 130.840500 130.790924 130.305237 130.766327 130.874847 130.776932 130.977707 131.102814 131.146133 131.179398 131.191147 131.177567 131.149292 
128.553329 125.936401 129.760849 130.617584 130.846588 130.651108 130.000351 130.313828 129.928101 130.198502 129.993622 127.128227 130.222290 130.809799 131.028320 131.030380 130.756638 130.022980 130.012924 130.706985 130.849884 130.244949 127.018593 129.344971 126.702652 129.350174 130.452408 130.898407 130.996658 130.922150 130.920303 130.745224 130.250946 130.811813 131.078583 131.168060 131.188339 131.162521 131.074387 130.923340 
129.437424 126.251007 129.918594 130.785248 130.912994 130.659119 130.042145 130.509552 130.456360 130.045090 130.421524 130.125732 130.503906 130.245514 130.796448 130.866440 130.146973 126.458054 126.434753 130.082214 130.797974 130.719238 130.151917 130.407135 130.008392 130.282593 130.109573 130.748016 130.980682 130.949432 130.727509 130.126953 127.049469 130.241760 130.971970 131.146606 131.164185 131.074524 130.767532 130.031403 
130.549866 130.084198 130.710419 130.949722 130.829010 130.080780 127.035812 130.030563 130.059875 127.145103 130.181641 130.622986 130.217529 127.242584 130.321945 130.883408 130.715347 129.974487 129.890778 130.491257 130.819412 130.831543 130.679413 130.759491 130.621857 130.093735 127.102394 130.200180 130.807892 130.695251 130.076385 130.161301 129.395020 130.498291 130.985992 131.134430 131.128342 130.937515 130.118683 126.421967 
130.998901 130.930908 131.024124 131.002533 130.702393 129.898880 129.781769 130.534195 130.672867 130.283539 130.802643 130.958298 130.825241 130.351578 130.861694 131.049301 130.999557 130.758759 130.449951 129.947250 130.470932 130.442093 130.058655 130.545151 130.615051 130.488998 129.918365 130.438477 130.650604 130.057281 126.813980 129.278976 126.843399 130.156677 130.927414 131.108902 131.099335 130.936829 130.509720 129.797699 
131.125198 131.113831 131.103302 130.949036 130.200867 126.831276 129.266342 130.496796 130.887039 130.946686 131.073761 131.124893 131.097336 131.021881 131.107681 131.144745 131.085175 130.825424 129.909683 126.257111 129.416122 129.100937 126.631340 129.610565 129.782288 130.099670 129.476318 129.672501 130.335297 130.130356 129.233978 130.078690 129.986984 130.582214 130.949875 131.064545 130.997650 130.707901 129.990662 130.095825 
131.079758 131.094131 131.107132 131.016647 130.617859 129.381027 126.716354 130.083405 130.857178 131.065887 131.153198 131.186676 131.188507 131.178055 131.190567 131.185928 131.122086 130.872086 129.924652 126.138893 128.842468 126.402901 128.815475 128.810043 126.412766 128.781769 125.320702 125.868378 129.405884 129.076096 126.620407 129.911133 130.389221 130.159515 130.753998 130.918945 130.726013 130.037247 126.600830 128.623596 
130.762115 130.841614 131.001587 131.030960 130.855621 130.307877 129.348892 130.367432 130.768677 131.026016 131.149490 131.198227 131.213135 131.215179 131.215103 131.203110 131.156967 131.016937 130.620956 129.701019 129.475739 129.499832 129.437042 126.411804 128.941895 129.257889 125.846146 128.754807 129.333862 126.595634 129.301041 130.377060 130.106140 127.141823 130.194260 130.609009 130.110779 130.142319 128.757065 124.878189 
129.584915 129.859238 130.640320 130.911911 130.839417 130.119049 126.900391 129.839874 130.054871 130.773895 131.077454 131.180740 131.212250 131.219330 131.216400 131.199554 131.154892 131.056610 130.829041 130.043839 126.964577 129.828186 130.062347 129.121429 129.912415 130.208481 129.691376 129.890488 129.450745 129.667313 130.428818 130.776764 130.657852 130.091156 130.558517 130.180237 127.114838 129.865051 129.330322 125.143562 
125.417923 126.105667 129.808243 130.603119 130.818115 130.591125 129.840851 129.740509 126.894318 130.176666 130.944183 131.143387 131.196014 131.205322 131.198563 131.163010 131.072205 130.929688 130.924652 130.719681 130.173569 130.470398 129.932022 126.621597 129.200699 130.281799 130.279800 129.451859 125.975189 129.613998 130.642044 130.887329 130.705780 130.123276 130.653625 130.701782 130.238174 130.617767 130.421494 129.591766 
129.428940 129.446991 129.535583 129.832672 130.550751 130.525314 129.836685 129.927307 129.141449 130.351761 130.898605 131.099533 131.156525 131.156143 131.147171 131.060852 130.771027 130.160767 130.707336 130.886810 130.791931 130.688110 130.428802 129.274872 126.639748 129.868347 130.120987 128.727600 125.257774 129.503738 130.660538 130.850494 130.281906 127.212143 130.272491 130.855835 130.876831 130.928986 130.806000 130.505920 
130.449997 129.775452 126.257835 126.333061 129.899307 129.953217 126.751724 128.838028 125.947891 129.735672 130.643402 130.974411 131.042877 130.983429 131.026230 130.873413 130.024918 126.466331 129.986969 130.753235 130.688187 130.159485 130.492065 130.184006 129.290512 130.181274 129.773926 125.954681 125.400673 129.633698 130.698761 130.937378 130.789597 130.281860 130.783295 130.946274 130.892929 130.909637 130.659592 129.918655 
130.852325 130.544708 129.772034 129.863373 130.561615 130.526459 129.657028 128.781708 125.900856 129.532074 129.989761 130.680878 130.738815 130.292404 130.755127 130.784607 129.996765 126.454773 129.966553 130.656219 130.146454 126.998688 129.971863 129.947983 126.957428 130.057220 130.433929 129.752975 129.591125 130.296295 130.679153 130.918747 130.922363 130.772736 130.887329 130.775787 130.273987 130.619507 130.055420 126.423683 
130.930435 130.641510 130.014343 130.529160 130.847610 130.766418 129.971252 126.694893 129.081055 129.699722 127.052902 130.106979 130.120819 127.140076 130.125824 130.770065 130.684418 130.130630 130.680237 130.804459 130.450409 129.441681 130.369324 130.559967 130.184082 130.717224 130.831833 130.592926 130.209290 129.735229 129.886337 130.613525 130.691788 130.236832 130.643356 130.238007 127.225189 130.224426 130.576950 129.981964 
130.794113 130.098114 127.105255 130.228287 130.893753 130.947357 130.686310 130.120987 130.484924 130.606110 130.238235 130.716217 130.663040 130.001984 130.011993 130.718506 130.932434 130.884888 130.904602 130.720505 130.116440 126.997337 130.077896 130.626007 130.771301 130.941818 130.917725 130.519272 129.228897 126.080643 126.297485 129.932877 130.098724 127.195755 130.235962 130.665863 130.298981 130.812057 130.961533 130.882660 
130.626282 129.979813 129.997894 130.727310 130.988113 130.967422 130.800934 130.783707 130.895767 130.965027 130.936401 131.001160 130.870209 130.163147 127.188438 130.307785 130.941925 130.993713 130.787033 130.208008 130.455841 130.075684 130.413910 130.090942 130.568283 130.876328 130.853638 130.158142 126.805504 129.125275 129.746735 130.578339 130.703705 130.292892 130.793839 130.952164 130.951385 131.065399 131.122345 131.122711 
130.101532 127.130737 130.142746 130.857697 130.955505 130.690781 130.050095 130.572632 130.789124 130.975403 131.047729 131.094818 131.051224 130.827133 130.339157 130.855362 131.049408 130.961761 130.302750 127.177612 130.139618 130.527039 130.058517 126.871964 129.435822 130.549194 130.832703 130.681015 130.085022 130.397079 130.536438 130.847778 130.968735 130.926819 130.966476 130.930023 131.020218 131.094482 131.152023 131.176056 
130.681473 130.262711 130.786407 130.982376 130.823349 129.892792 126.185425 129.576065 129.977081 130.670410 130.873856 131.046188 131.108124 131.081894 131.010376 131.098450 131.130905 131.049377 130.749252 130.108566 130.594482 130.667740 130.484253 129.398102 126.793228 129.921768 130.582916 130.734711 130.563187 130.461349 130.003021 130.668381 130.956314 130.969910 130.771210 130.277252 130.749359 130.906738 131.076263 131.154053 
130.767639 130.851227 131.017746 131.044128 130.783340 129.662323 125.476807 128.839127 126.802109 129.924591 130.134872 130.795044 131.042145 131.127747 131.150208 131.170135 131.152740 131.047897 130.735123 130.058395 130.406311 130.129944 130.575653 130.420349 129.770355 129.600037 129.767761 130.286514 129.864502 129.607529 126.317825 129.932236 130.757462 130.786865 130.106094 127.081284 129.992249 130.164673 130.828766 131.074265 
129.999405 130.723389 131.029602 131.076752 130.858429 129.908157 126.192726 129.559967 129.837128 129.934036 127.134796 130.231247 130.818115 131.057892 131.150726 131.170013 131.124283 130.944168 130.260544 127.046555 129.477402 127.050690 130.181396 130.595291 129.857147 126.249634 126.186661 129.217026 126.744881 129.108093 126.221924 129.840790 130.566742 130.574646 129.926361 129.823944 129.927917 127.168739 130.329498 130.973206 
126.473434 130.169861 130.960419 131.112198 131.043823 130.735138 130.093338 130.614441 130.751694 130.698181 130.210297 130.524323 130.253311 130.841339 131.083832 131.125595 131.045685 130.863251 130.711609 130.201355 130.513748 130.232941 130.769135 130.867859 130.545288 129.724640 129.768295 130.329636 130.055588 130.358582 129.940918 130.347473 129.992752 129.930359 127.046646 130.037781 130.575119 130.285477 130.856079 131.082901 
130.026581 130.768707 131.076202 131.163498 131.152740 131.070892 130.951569 131.030045 131.059967 131.011642 130.796677 130.231491 127.213066 130.320679 130.966644 131.020493 130.755859 130.137848 130.658234 130.831589 130.954941 130.948074 131.025833 130.955521 130.594879 129.849564 130.418213 130.786530 130.847595 130.886230 130.705490 130.153641 127.081482 129.959763 130.103790 130.734528 130.961868 130.978378 131.100876 131.166748 
130.848663 131.033325 131.148819 131.192963 131.195160 131.171921 131.143616 131.154755 131.156235 131.122055 131.010132 130.739487 130.159668 130.756042 130.997894 130.878647 130.029129 126.467758 130.001068 130.846024 131.063354 131.104309 131.084076 130.871368 129.974060 126.380142 129.922943 130.810715 131.022507 131.057220 130.967987 130.699615 130.094391 130.624237 130.811844 131.009277 131.107864 131.140900 131.179214 131.201660 
