0.012146 0.085629 0.461446 24.392622 0.482455 0.104178 0.024097 0.006980 0.001681 0.000308 0.000054 0.000113 0.001148 0.011070 0.086005 0.467676 23.897251 1.010823 0.611005 0.753329 11.204069 0.059085 0.020018 0.003740 0.000541 0.000232 0.000948 0.003623 0.007897 0.009335 0.008899 0.028996 0.086235 12.883063 0.080796 0.023573 0.010388 0.062118 0.461937 4.489988 
0.004073 0.019238 0.039463 29.112837 0.106089 0.085716 0.038772 0.018050 0.004912 0.000941 0.000172 0.000188 0.000747 0.003790 0.019149 0.039731 29.076099 1.139074 1.114231 28.777910 4.040751 0.147754 0.034271 0.005482 0.000774 0.000665 0.003245 0.012632 0.022363 0.042942 0.029271 0.101543 0.611919 6.549317 0.593584 0.075168 0.012064 0.018558 0.051359 6.092381 
0.002597 0.008547 0.032816 0.075634 0.134959 0.147722 32.472885 0.025559 0.010794 0.002156 0.000546 0.000973 0.002287 0.003344 0.007375 0.023328 0.053044 0.089397 2.525146 1.244262 28.239468 0.044379 0.015519 0.003026 0.000655 0.001541 0.007765 0.022441 0.864439 0.154859 0.060057 0.188351 0.634488 6.563258 0.620623 0.098649 0.025300 0.019790 0.039623 0.143834 
0.010643 0.009110 0.030153 0.055191 4.034964 8.053062 1.342229 0.226167 0.032271 0.004496 0.001851 0.005358 0.012113 0.012626 0.008014 0.011253 0.032670 0.068792 20.319521 0.105434 0.066252 0.026598 0.006799 0.001489 0.000655 0.002379 0.012468 0.045064 20.880798 18.954138 17.512861 18.965780 31.987711 17.224464 15.957813 0.132055 0.106476 0.089490 0.039636 0.114331 
0.075828 0.032029 0.120442 0.208051 5.261935 14.021301 1.438435 0.244867 0.044500 0.008379 0.006351 0.021886 0.043449 0.044337 0.025403 0.013960 0.027289 0.086002 14.787520 0.096388 0.037433 0.010624 0.003080 0.002032 0.001448 0.002233 0.008881 0.026039 1.068843 1.410285 19.204079 0.184229 0.072777 0.145254 0.101864 0.152572 0.447865 0.428103 0.054986 0.411213 
0.409478 0.049687 0.651763 0.699629 19.480001 20.526896 20.522156 30.564491 0.029701 0.011355 0.012942 0.044151 6.135374 6.324203 0.047728 0.032142 0.026081 0.051242 8.189535 0.041166 0.015849 0.005130 0.005351 0.008308 0.006958 0.005137 0.010346 0.041980 0.248571 0.297060 30.041536 0.088948 0.051353 0.054746 0.074730 28.511978 25.345804 25.349615 32.564262 25.197777 
7.966487 32.243736 9.051125 9.026665 3.324853 18.383690 0.601691 0.079492 0.026711 0.007598 0.007647 0.034208 0.142292 0.208597 29.336163 0.091035 0.070688 0.064054 0.175861 0.044890 0.011314 0.007420 0.017592 0.022852 0.029603 0.020459 0.029692 0.050106 0.245739 0.735835 21.152439 0.584222 0.104352 0.024442 0.027754 0.042059 0.426435 0.467050 0.448108 4.069771 
7.576926 0.191934 0.669015 0.751906 0.769031 32.191540 0.077382 0.060948 0.021433 0.007509 0.004428 0.018767 0.112493 0.505161 23.416052 0.818449 0.428541 0.094780 0.152646 0.104908 0.023021 0.017494 0.032039 32.506214 0.063593 0.049741 0.113956 0.108027 0.817884 1.350090 21.144955 0.575227 0.097863 0.014535 0.008945 0.021845 0.087730 0.126147 0.432025 3.988918 
6.785062 0.165726 0.126049 0.204170 0.769980 11.169445 0.809553 0.287953 0.036141 0.019377 0.007237 0.013600 0.090849 0.478593 23.395912 2.813540 2.716511 5.390854 0.685835 0.651259 0.042170 0.036763 0.053349 0.120443 1.537148 13.478202 27.039120 22.569035 16.452660 16.462147 28.722378 0.042334 0.020608 0.005503 0.006906 0.014081 0.018692 0.027307 0.059853 6.194713 
2.933744 0.066214 0.041993 0.135299 0.794142 11.146462 1.919078 1.929633 32.469425 0.030792 0.016161 0.007585 0.020498 0.041896 28.452394 7.923006 7.880270 10.134698 11.620498 11.634873 30.485483 0.078714 0.059604 0.108194 2.026780 7.485642 7.314270 1.268088 1.404161 2.854158 0.337547 0.050355 0.009884 0.007337 0.020207 0.037134 0.022389 0.013011 0.024717 0.044107 
0.035796 0.025159 0.020211 0.051847 6.187142 6.384437 0.503172 0.475056 0.831118 0.078874 0.041361 0.012051 0.008453 0.022584 0.046525 0.633919 7.910892 2.759147 2.669185 3.243926 12.730975 0.640823 0.124736 0.156887 26.643827 7.370982 7.318207 1.196969 0.868210 2.867578 0.315737 0.038169 0.008184 0.017584 0.040839 20.925480 0.041890 0.018637 0.009003 0.012713 
0.010857 0.006996 0.009370 0.028286 0.066287 0.106131 0.529109 0.765364 0.817114 16.525263 0.067836 0.025825 0.007437 0.008946 0.024947 0.042109 31.873037 2.721531 2.660499 3.265367 12.703155 0.668027 0.113878 0.058266 0.094032 3.140502 32.127800 1.268050 1.287473 30.155565 0.046453 0.021301 0.012184 0.051768 0.226724 28.918459 0.225106 0.050179 0.008750 0.003166 
0.003658 0.006358 0.011894 0.015146 0.034583 0.068369 6.847671 5.276368 5.263089 3.248676 1.313348 0.028608 0.010436 0.004912 0.014724 0.055425 0.096374 20.387222 6.138255 6.186206 13.923509 0.311268 0.210963 0.039722 0.057381 31.286346 2.438292 31.517696 9.237090 9.057319 0.266604 0.053920 0.014180 0.025120 0.048392 20.972130 0.040263 0.017026 0.003505 0.000846 
0.007693 0.020733 0.035235 0.026115 0.025378 0.056559 6.076087 1.129121 1.127074 0.977017 17.960100 0.061203 0.015384 0.004695 0.012871 0.056627 0.105356 15.863216 9.705151 9.666820 15.602630 1.840335 1.792668 0.189668 0.036766 0.044335 0.178871 0.055786 0.088092 29.743839 0.059709 0.034882 0.020034 0.038284 0.063144 0.052054 0.028947 0.007726 0.001545 0.000539 
0.023480 0.047022 23.459497 0.054243 0.030717 0.045944 0.138683 0.298552 1.134459 0.263831 0.086580 0.032822 0.007558 0.003136 0.011201 0.020255 16.584084 16.251831 14.670755 14.507799 19.185886 1.905555 1.814794 0.625932 0.117497 0.026534 0.043596 0.034177 0.075870 0.117637 0.080765 0.049343 0.046323 0.060848 32.513794 0.028246 0.013751 0.003510 0.001485 0.002203 
0.075486 0.288603 28.395542 0.287621 0.074089 0.043105 0.107549 0.144837 7.523244 0.077560 0.040208 0.011797 0.002666 0.003758 0.074370 0.431453 3.685405 12.783205 19.036741 19.528608 28.115982 6.152793 6.589564 0.634396 0.623656 0.110829 0.025692 0.038625 0.090357 0.092914 0.107415 32.518803 0.055212 0.040733 0.023619 0.017102 0.005645 0.002482 0.005490 0.012084 
0.046894 0.070476 23.486650 0.084055 0.060459 0.066254 0.254055 0.194016 6.317273 0.066103 0.033716 0.010285 0.003010 0.014658 0.216482 0.942374 3.835221 9.408381 19.335148 21.553452 31.820099 9.275754 6.924724 0.716331 0.636259 0.579117 0.176147 0.190988 32.467014 0.068954 0.054471 0.042150 0.027476 0.012845 0.009135 0.004861 0.002329 0.005635 0.021901 0.043474 
0.073361 0.067720 0.067752 0.064251 0.087906 17.149170 25.216236 19.307981 0.261306 0.137891 0.048218 0.025563 0.014981 0.134426 0.742656 2.131155 4.733810 10.145322 17.554644 22.450184 32.416145 11.891582 7.610060 3.251664 10.622011 0.963878 0.976223 0.244491 0.098536 0.029617 0.021740 0.027698 0.012880 0.004292 0.002223 0.001260 0.002580 0.013971 0.046773 6.190019 
3.296967 0.070570 0.044416 0.112006 0.593809 17.959036 5.110656 4.075869 0.617779 0.630729 32.513859 0.109936 0.095858 0.786017 1.928022 4.259270 8.387042 12.301100 19.165899 23.577391 30.721191 19.841040 15.267910 10.235810 7.963016 4.241992 2.352278 0.781576 0.084039 0.017222 0.028967 0.054322 0.023779 0.006435 0.001478 0.000842 0.004876 0.043694 0.396422 3.812480 
3.252309 0.054755 0.029089 0.102482 0.581678 17.974194 5.088339 4.080647 0.637526 0.173014 0.066434 0.066157 0.098672 0.858529 2.161973 4.848567 7.990737 14.500247 21.742422 25.113279 30.939644 22.727367 17.679016 13.055409 8.981236 5.655419 2.898732 1.171280 0.144918 0.032183 0.058873 18.077641 0.041948 0.015158 0.003160 0.001614 0.008096 0.055679 0.417090 3.890316 
0.037176 0.022333 0.011051 0.027394 0.049818 27.201977 22.112907 22.127356 29.585871 0.072076 0.051872 0.055231 5.803584 29.745770 30.574110 29.134384 27.318069 28.675711 30.250319 30.714508 32.549332 26.736219 25.208616 20.057219 13.447186 5.491857 1.626926 1.573578 0.342683 0.059904 0.252689 22.061693 0.167636 0.037124 0.006371 0.002815 0.010196 0.030308 29.228655 23.236713 
0.010871 0.006144 0.008315 0.029627 0.064703 0.211029 0.559456 0.499823 0.042167 0.027485 0.016544 0.026727 0.085799 0.968751 2.739872 5.244581 9.019377 15.120201 19.097462 23.192808 27.541475 29.727564 25.093199 19.690945 14.873398 9.585557 5.673016 5.269886 5.194889 16.035152 24.030712 13.727750 0.039319 0.016157 0.004027 0.003551 0.013717 0.051634 0.158769 0.564280 
0.002427 0.002730 0.009127 0.023697 32.505215 0.186869 0.154965 0.103667 0.021834 0.007286 0.003706 0.007985 0.082868 0.897184 2.475992 4.448150 7.646108 11.693097 15.301792 21.353798 26.798449 29.149649 24.835133 17.646231 15.029816 10.137663 6.929122 5.864490 5.786646 19.279957 0.300899 0.114766 0.051250 0.017981 0.007987 0.009416 0.028091 0.067824 0.138632 0.193620 
0.002590 0.002605 0.010171 0.050409 0.165439 18.473322 0.055176 0.031130 0.008037 0.001993 0.000719 0.001277 0.011199 0.183709 0.888294 2.480121 4.076861 8.595704 9.293339 17.471022 24.639694 24.773434 16.934204 9.886924 9.621708 15.530715 5.677392 4.686928 5.533710 16.704216 0.116562 0.091482 0.071367 0.068275 0.051185 0.027639 0.044062 32.137939 0.558662 0.584067 
0.012227 0.007066 0.010215 0.048243 0.182672 25.109558 0.193431 0.059138 0.013323 0.002507 0.000443 0.000208 0.000860 0.017062 0.218386 1.025883 2.200010 4.855941 5.134511 10.625644 19.513506 20.117149 11.438668 4.694299 3.977729 1.567030 0.319550 0.340003 31.357830 0.089071 0.078361 0.098710 29.183805 0.460346 0.439694 0.044563 0.615186 5.720455 6.837991 4.372484 
0.043261 0.028261 0.015889 0.037843 0.066611 24.157948 0.124577 0.086636 0.027454 0.006371 0.001217 0.000266 0.000127 0.000958 0.020268 0.231603 1.061278 1.923419 2.246133 5.246501 13.592466 15.277780 10.929579 4.709988 2.731985 0.278705 0.258708 0.411650 0.059149 0.052469 0.106781 0.483818 23.731808 4.461217 4.467174 32.238831 6.348655 6.309577 6.797657 4.579299 
6.075552 0.087988 0.057424 0.183638 0.633669 7.209012 7.106120 10.198708 0.042078 0.014248 0.003810 0.001507 0.000532 0.000433 0.002309 0.024823 0.256191 0.733012 1.709922 1.057636 8.751269 11.932676 16.494200 2.807760 1.134415 0.256667 0.244358 1.046078 0.044186 0.029760 0.092944 0.468536 23.756058 0.867682 0.491846 0.041994 0.518300 0.588776 0.569118 6.777554 
6.971858 0.171203 0.127248 0.784736 1.299617 7.217077 7.441699 18.639799 0.122402 0.032126 0.016014 0.011686 0.003674 0.002090 0.005803 0.027548 0.270152 0.130509 0.317279 0.790685 10.949794 12.028874 11.341116 19.854139 0.871943 0.823866 0.618433 29.105560 0.049367 0.019601 0.024205 0.044496 29.177755 0.082509 0.062177 0.025176 0.082752 0.134182 0.491558 3.862134 
7.271295 12.442727 17.343336 10.916760 10.924424 22.436066 12.662154 8.940440 0.074717 0.044016 0.090763 0.086137 0.019299 0.008422 0.014465 0.046828 6.453242 0.110060 0.083332 0.337946 11.772153 10.976163 10.661307 22.909346 8.836090 8.849291 28.963926 0.291493 0.026341 0.014596 0.018408 0.033880 0.057226 0.029729 0.016786 0.015299 0.025698 0.081906 0.511824 3.936485 
3.911130 11.562696 0.825505 0.805899 0.733878 0.301803 10.410488 2.718434 0.093590 0.064014 0.465786 0.460455 0.039614 0.023770 0.020912 0.052364 6.220818 0.073814 0.042598 0.076999 28.548481 11.012138 11.060762 17.157913 0.730204 0.705765 0.081214 0.068001 0.043523 0.035075 0.095259 0.099395 0.037216 0.021503 0.027265 0.029719 0.042870 0.063032 29.252058 23.135626 
4.089141 11.579430 0.718235 0.190748 0.125430 0.158653 23.441471 0.471312 0.494565 29.285944 24.448679 24.448006 29.052044 0.043096 0.023016 0.027925 0.045895 0.035648 0.056011 0.199107 26.757421 0.754669 0.618201 0.061194 0.101024 0.088623 0.037467 0.055924 0.067629 0.108823 0.670347 0.667137 0.054599 0.047461 0.061923 32.520100 0.057069 0.042606 0.040334 0.459859 
10.743856 30.286556 0.051298 0.030274 0.021132 0.037666 0.058336 0.131127 0.131747 0.042414 0.464232 0.485919 0.143054 0.057909 0.030455 0.013166 0.014542 0.016173 0.035117 0.058721 18.232939 0.181027 0.157417 0.037218 0.017525 0.015724 0.030293 0.069170 3.984838 21.883778 14.066912 14.077014 31.594812 0.058853 0.041742 0.025145 0.023529 0.013320 0.019998 0.085311 
9.775830 0.074749 0.033469 0.010076 0.007539 0.016148 0.024379 0.027762 0.025982 0.022403 0.089644 0.108026 0.122414 32.514065 0.025378 0.010904 0.010270 0.024651 0.054746 0.072107 0.099395 0.098783 0.171724 0.043973 0.013821 0.012306 0.026814 32.510159 0.145378 0.135531 0.680658 0.658611 0.036873 0.026003 0.014491 0.010716 0.006229 0.002962 0.003820 0.011057 
5.749957 0.047614 0.017422 0.007295 0.015251 0.032176 0.046115 0.021251 0.011620 0.007537 0.013544 0.018061 0.028570 0.022589 0.016775 0.008468 0.021033 0.040941 30.376999 0.096017 0.076053 0.090528 32.518326 0.050442 0.028021 0.015814 0.028309 0.058063 0.062972 0.061458 0.103990 0.092614 0.019518 0.011822 0.011675 0.008704 0.004243 0.001683 0.000947 0.001473 
0.041910 0.022521 0.007717 0.009420 0.025881 1.068243 0.147622 0.047282 0.030500 0.014544 0.007289 0.004425 0.006127 0.008112 0.005683 0.013027 0.095453 0.569642 20.574018 0.614747 0.134312 0.059355 0.069915 32.514488 0.047274 0.032769 0.036096 0.043542 0.064220 0.100021 0.043095 0.018491 0.010630 0.020034 0.026210 0.026706 0.013722 0.006406 0.002747 0.002572 
0.011819 0.005678 0.003591 0.011387 0.037071 13.425801 28.199717 13.233561 0.056191 0.029031 0.020342 0.007851 0.003000 0.002112 0.002111 0.012055 0.095616 0.571012 20.554525 0.748675 0.158953 0.054587 0.051557 0.077380 0.070861 0.060586 0.103393 0.072806 0.115299 9.235082 0.062520 0.023380 0.021535 0.036080 32.506996 0.043157 0.028279 0.024514 0.013131 0.013479 
0.002111 0.001144 0.001734 0.007900 0.024322 1.056931 0.145181 0.049380 0.064129 32.515171 0.037359 0.022859 0.007709 0.002116 0.001141 0.004636 0.022390 0.045613 16.747688 25.781490 19.127020 0.065637 0.041274 0.062601 1.760845 12.209167 24.855061 15.625989 4.672566 3.076337 0.062173 0.039888 0.048624 0.050924 0.095513 0.110890 32.506752 0.061300 0.046721 0.045137 
0.000298 0.000211 0.000627 0.003268 0.012871 0.022799 0.041730 0.023231 0.034188 0.050210 0.054813 0.042904 0.021585 0.006438 0.002713 0.006831 0.018695 0.028560 0.045922 0.190194 0.040857 0.030428 0.070806 0.516194 5.470535 0.570989 0.157513 0.053418 0.081887 0.062286 0.062627 0.059993 0.074874 32.512253 0.080504 0.065893 0.025594 0.043499 0.075264 6.263321 
0.000035 0.000035 0.000152 0.000800 0.003044 0.006465 0.007793 0.005713 0.012044 0.035737 0.056033 29.098295 0.040582 0.020328 0.009420 0.024408 0.050020 0.031387 0.023153 0.042738 0.016263 0.012718 0.064508 0.511971 5.513562 0.541292 0.089981 0.024210 0.026995 0.040336 0.060657 29.101433 0.148979 0.128362 0.041706 0.018315 0.011028 0.012997 0.029215 0.047210 
0.000004 0.000006 0.000031 0.000161 0.000593 0.001260 0.001355 0.002084 0.012823 0.089897 0.466906 24.396601 0.465962 0.089508 0.025612 0.056769 6.235026 0.048406 0.016891 0.009807 0.004247 0.004716 0.021388 0.074153 11.920695 0.079838 0.027024 0.008559 0.016294 0.091037 0.468521 24.359234 0.494808 0.113944 0.021171 0.005092 0.002775 0.003047 0.007573 0.015651 
