0.009913 0.042005 0.131742 31.256128 0.151886 0.061777 0.018177 0.005279 0.001336 0.000286 0.000074 0.000196 0.001376 0.008645 0.042631 0.137436 31.014507 0.970198 0.869660 0.921094 11.906332 0.026504 0.012326 0.002854 0.000539 0.000271 0.000937 0.003262 0.006473 0.008102 0.010171 0.033802 0.069270 22.520561 0.066510 0.031072 0.018692 0.088990 0.470723 5.583380 
0.003885 0.012633 0.017672 28.058632 0.071080 0.066010 0.020880 0.010442 0.003213 0.000720 0.000179 0.000231 0.000816 0.003395 0.012471 0.017586 28.254805 1.194345 1.187375 29.469374 4.349792 0.053003 0.017622 0.003605 0.000693 0.000636 0.002730 0.009780 0.013147 0.028782 0.030993 0.138470 0.728606 17.378155 0.713521 0.125092 0.022562 0.022575 0.035097 6.204437 
0.002932 0.007081 0.023200 0.046205 0.081182 0.083783 32.840218 0.010952 0.008238 0.001892 0.000566 0.000880 0.001770 0.002715 0.005509 0.013910 0.025629 0.044854 2.063729 1.010401 29.048470 0.016741 0.008340 0.002049 0.000585 0.001225 0.005425 0.012128 0.548635 0.068622 0.042673 0.162706 0.733583 17.361568 0.724213 0.140218 0.031142 0.018782 0.032329 0.081576 
0.010523 0.010537 0.032785 0.041084 2.774959 9.738845 0.692506 0.187573 0.036271 0.005826 0.001937 0.004028 0.007521 0.008032 0.006284 0.008464 0.020521 0.033475 20.021515 0.042976 0.029036 0.014388 0.004328 0.001140 0.000578 0.001644 0.007039 0.018158 17.343586 18.940851 14.031912 14.820457 32.475742 14.360983 13.727161 0.067862 0.057805 0.045664 0.031979 0.069806 
0.053793 0.035062 0.148650 0.167006 3.246751 16.670124 0.717750 0.191631 0.042509 0.008220 0.005096 0.013922 0.019370 0.020087 0.016705 0.011300 0.017411 0.038360 12.086415 0.041654 0.020632 0.006926 0.002292 0.001276 0.001148 0.001959 0.006970 0.015605 0.776039 0.787419 17.463207 0.080535 0.045299 0.059874 0.048537 0.072892 0.122023 0.109643 0.035325 0.132805 
0.211791 0.038570 0.731118 0.741509 28.660337 26.134106 26.172142 31.393780 0.010681 0.006681 0.008263 0.020100 6.166221 6.432095 0.023488 0.028915 0.027014 0.038172 7.515863 0.022068 0.010800 0.003952 0.003307 0.003917 0.004599 0.004441 0.011546 0.052402 0.249628 0.268719 32.028065 0.056906 0.040643 0.033196 0.038119 25.915951 31.737633 31.739449 32.855129 30.296883 
7.697289 32.760536 15.443630 15.436625 1.825147 25.058537 0.306428 0.116418 0.023535 0.006079 0.006715 0.025908 0.080189 0.094459 28.904367 0.103574 0.098451 0.071365 0.176478 0.052812 0.012545 0.005770 0.009519 0.006606 0.017533 0.013718 0.022907 0.060156 0.246076 0.427123 29.631290 0.251702 0.074605 0.021696 0.017930 0.019917 0.114669 0.202234 0.609102 6.492582 
7.490989 0.220039 0.789744 0.919608 0.918293 32.700115 0.115988 0.112458 0.022070 0.006121 0.004560 0.016764 0.068458 0.175821 30.518724 0.567875 0.457628 0.079574 0.165499 0.112909 0.025213 0.013262 0.015951 32.844635 0.027195 0.024519 0.061286 0.092859 0.572799 0.763765 29.627342 0.244840 0.068328 0.014957 0.007588 0.014982 0.050659 0.137711 0.605547 6.459150 
6.841669 0.213352 0.198443 0.308192 0.722256 21.172386 1.087722 0.688282 0.024817 0.011867 0.005719 0.011678 0.050095 0.156790 30.502220 2.132694 2.090617 3.297004 0.215169 0.200230 0.028068 0.030514 0.046096 0.128398 1.127765 12.489957 29.894209 28.925232 26.074932 26.059231 29.795683 0.022291 0.017434 0.005649 0.005078 0.009265 0.015402 0.029156 0.041794 6.227730 
2.861948 0.073862 0.064539 0.178517 0.721752 21.157448 5.788608 5.789842 32.821831 0.013205 0.010505 0.006627 0.014304 0.019696 28.090714 9.721168 9.677055 27.898853 2.438399 2.432019 23.742405 0.109615 0.106919 0.126913 1.352331 8.549100 8.430672 2.177412 2.361326 7.079098 0.731504 0.099054 0.014576 0.005814 0.011197 0.016866 0.013741 0.011111 0.017939 0.020006 
0.017688 0.023739 0.020463 0.032704 6.401615 7.223723 1.505538 1.495901 1.834097 0.027259 0.025319 0.009525 0.006654 0.013119 0.020216 0.349770 9.289655 17.158131 8.499981 8.350327 16.841000 1.144713 1.064955 1.079947 31.802973 8.469172 8.431311 2.137278 2.028881 7.081121 0.726443 0.093242 0.013180 0.010597 0.018220 18.648170 0.018768 0.011142 0.006958 0.008154 
0.007909 0.006686 0.008493 0.021562 0.039353 0.059542 1.506189 1.815697 1.831821 26.597616 0.030313 0.017424 0.006084 0.006297 0.014777 0.017594 29.646551 16.162106 14.980593 15.287802 16.669632 2.747134 2.521022 2.054603 4.876401 6.512215 31.440092 2.146569 2.151075 31.362823 0.026590 0.020313 0.009318 0.023887 0.077985 31.526325 0.076266 0.022172 0.005470 0.002488 
0.003077 0.004528 0.007406 0.012576 0.027178 0.041898 8.108668 11.189083 11.180953 4.109248 0.438690 0.012321 0.006971 0.004297 0.014757 0.061553 0.083922 25.180695 21.171623 21.226566 17.450092 4.389249 4.290996 4.725835 4.781496 31.616491 7.832856 32.666691 10.507961 10.402759 0.104522 0.030521 0.010781 0.015924 0.023548 18.672522 0.016830 0.009208 0.002473 0.000797 
0.005546 0.011512 0.014358 0.017196 0.019975 0.031716 5.996130 3.278105 3.348267 3.157259 27.669344 0.020656 0.008452 0.010362 0.072074 0.174584 0.099276 23.892740 25.448107 25.491716 22.105944 9.398556 8.921844 5.287752 3.715345 1.567959 0.460535 0.160422 0.165702 30.524368 0.028993 0.022920 0.015568 0.024861 0.026276 0.018036 0.015537 0.004851 0.001240 0.000524 
0.015366 0.022337 21.966352 0.030544 0.023577 0.037562 0.092202 0.690599 3.336989 0.644471 0.042074 0.019689 0.013036 0.129499 0.590986 0.592502 19.463806 29.094139 29.134901 28.873384 21.857414 10.137227 9.337813 6.949091 3.713709 1.556382 0.435014 0.157236 0.064881 0.081521 0.061552 0.025610 0.032213 0.034907 32.847897 0.010207 0.007521 0.002395 0.001286 0.001658 
0.041678 0.102769 31.572861 0.103817 0.042683 0.035392 0.079470 0.098556 10.058668 0.048605 0.029586 0.014740 0.088750 0.656442 2.661555 2.963594 10.615725 16.487106 25.515551 29.197636 28.709360 20.621439 16.866352 8.089046 7.858863 2.558379 1.302004 0.652106 0.067479 0.075446 0.078142 32.848457 0.029472 0.026780 0.007365 0.008660 0.003476 0.002097 0.004179 0.007454 
0.037636 0.044625 21.995243 0.051957 0.044965 0.044233 0.130961 0.116662 6.703095 0.040516 0.027393 0.074014 0.364426 1.355330 4.413381 6.115619 11.204567 16.557451 23.656624 28.021618 31.589474 23.530392 16.629225 8.473554 8.074694 6.262565 3.604670 3.610014 31.059877 0.046373 0.043752 0.022660 0.017897 0.009175 0.004679 0.002842 0.001975 0.005094 0.014695 0.019322 
0.048002 0.056632 0.049572 0.054089 0.063070 14.854314 26.353693 17.196428 0.615255 0.289905 0.030212 0.313245 0.932647 2.364019 5.776381 9.003614 13.495638 19.306744 24.942951 28.665922 32.024734 26.540827 19.708902 14.719370 22.223173 8.408274 8.200882 7.082119 2.988585 0.558571 0.079062 0.019976 0.009328 0.003440 0.001496 0.001132 0.003547 0.017677 0.030463 6.237435 
3.298935 0.052792 0.042613 0.095491 0.350305 21.851494 8.208803 7.085845 1.687400 1.689506 31.334446 8.369000 8.210969 9.198433 12.091278 15.447523 20.924397 22.487076 26.824265 29.619619 31.787838 31.148108 28.929367 22.306328 19.259661 15.193109 11.723682 7.016145 2.987574 0.976266 0.247310 0.030313 0.014429 0.004385 0.001247 0.001611 0.012340 0.099131 0.635078 6.555955 
3.263798 0.039879 0.029883 0.085856 0.339572 21.858280 8.210778 7.094071 1.691146 0.403172 0.047362 0.273566 8.005544 9.629241 12.701060 16.728872 20.214621 25.577124 30.307930 31.360245 32.106953 31.403910 28.424435 24.338343 20.138138 17.132942 16.452545 9.061861 6.018287 4.437733 4.391289 15.318841 0.018547 0.008287 0.002221 0.002095 0.013979 0.104331 0.640553 6.596659 
0.017850 0.018074 0.011357 0.023932 0.030166 27.898766 27.877865 27.886456 29.977392 0.049511 0.044318 0.045508 10.653501 32.208717 32.531769 32.032520 31.013475 29.999979 31.427168 31.839495 32.702728 32.171406 31.594738 30.109810 27.072155 18.673235 12.445498 11.198286 6.110647 4.533021 4.652645 18.797995 0.057423 0.016706 0.003827 0.002069 0.006421 0.011671 29.415855 28.616489 
0.007642 0.005370 0.006275 0.018552 0.032903 0.116272 0.239275 0.198625 0.021501 0.020631 0.070078 0.653013 2.362196 5.369514 9.507031 14.324807 19.732176 25.714054 29.063818 30.916658 31.897850 32.617069 32.278004 31.172789 29.736341 25.047899 16.328236 15.250753 12.947307 19.266369 19.799654 10.507751 0.018738 0.010447 0.004020 0.003259 0.011572 0.048328 0.192674 0.346543 
0.002042 0.002080 0.004817 0.007507 32.846878 0.109626 0.104554 0.065575 0.016348 0.007326 0.054629 0.667435 2.360246 5.304035 9.221802 13.560517 18.316252 23.468801 26.863989 30.052927 31.639647 32.112564 32.102993 30.037010 29.497152 30.174379 24.978731 16.944302 9.295227 4.852766 0.113230 0.080546 0.037856 0.024223 0.016880 0.008892 0.020587 0.051286 0.187470 0.229818 
0.002089 0.002293 0.006857 0.027923 0.071638 16.023054 0.032264 0.023091 0.007021 0.002217 0.012164 0.230765 1.249898 2.998458 5.455493 8.657476 12.657089 20.473539 22.929338 28.150602 30.625011 30.848986 30.134264 25.502615 24.731012 20.988829 13.026978 11.707488 10.084677 6.600070 0.076790 0.072235 0.043073 0.133346 0.122866 0.029128 0.032104 32.727631 0.623252 0.641740 
0.007800 0.006151 0.008152 0.027449 0.073947 25.651636 0.079108 0.032603 0.009271 0.002185 0.001636 0.034077 0.387672 1.447083 3.209735 5.392991 9.406861 17.589891 19.492483 27.081999 27.921900 28.627748 26.880871 22.466862 21.830555 16.921909 10.041754 9.923532 26.440430 0.065302 0.064561 0.069781 29.078434 0.804229 0.798714 0.032166 0.418710 6.424101 7.001077 5.488202 
0.019636 0.023761 0.018864 0.044971 0.056748 22.634056 0.059586 0.043849 0.017046 0.004623 0.001205 0.002793 0.054233 0.449709 1.526384 2.710990 7.170560 14.471207 15.879149 18.568220 23.271852 24.989256 25.688829 21.877827 19.528009 16.191467 9.873502 6.878481 0.087432 0.049292 0.067774 0.175268 28.859772 14.027738 14.028788 32.847015 6.782070 6.769893 7.034246 5.640499 
6.168563 0.078660 0.067079 0.220829 0.565515 7.435803 7.368092 8.773740 0.020467 0.009165 0.003380 0.001820 0.004031 0.062575 0.479453 1.139995 6.006662 11.065737 15.400752 9.859652 15.965061 19.416273 24.528646 19.525227 17.845800 19.283419 16.983265 6.851551 0.084579 0.031338 0.053739 0.161165 28.933443 0.918622 0.809158 0.039213 0.439920 0.574192 0.708729 7.071482 
14.400773 0.134078 0.104456 0.677164 1.056853 7.443142 7.583489 24.063839 0.066234 0.021512 0.012554 0.009211 0.003525 0.008052 0.122701 0.367657 6.996530 8.731979 7.127146 8.772414 14.119244 16.213079 10.434267 23.772404 14.146066 14.228084 15.574855 29.504425 0.018465 0.013937 0.018691 0.023897 29.076366 0.134423 0.129188 0.036185 0.107662 0.232741 0.819367 6.734458 
15.204175 18.634150 27.439886 23.420286 23.416189 29.144474 11.037309 7.815213 0.042918 0.031640 0.047277 0.042725 0.012637 0.006666 0.017923 0.039056 17.790195 3.863232 3.760071 3.637365 14.997586 5.228705 7.165452 15.698949 9.186672 9.188025 30.402699 0.077256 0.019517 0.014358 0.022174 0.031376 0.039254 0.031331 0.023607 0.015363 0.038247 0.153193 0.824618 6.773646 
11.458243 17.973970 0.689623 0.714310 0.624488 0.272899 10.087770 2.077876 0.048287 0.036643 0.136691 0.132046 0.017691 0.014753 0.014843 0.022379 3.752880 0.716619 0.754636 0.762419 28.601675 2.422763 2.388539 13.469099 0.336584 0.327891 0.043553 0.056026 0.039448 0.034737 0.092654 0.096008 0.034072 0.018924 0.020044 0.018043 0.031146 0.036410 29.450829 28.473608 
11.553384 17.976646 0.625668 0.250055 0.167292 0.178853 24.194252 0.267545 0.273637 28.168606 31.266718 31.266520 28.004204 0.021103 0.016064 0.019196 0.017716 0.085376 0.230053 0.252959 15.448483 0.796264 0.759602 0.053495 0.124536 0.116569 0.038480 0.050513 0.046445 0.062656 0.364583 0.366826 0.037367 0.034130 0.036820 32.848679 0.030755 0.028065 0.018812 0.163153 
17.783268 31.696859 0.048552 0.044108 0.032215 0.039142 0.030829 0.105984 0.104369 0.021544 0.136065 0.150472 0.068524 0.023838 0.018412 0.009826 0.010120 0.014948 0.033321 0.040597 12.678459 0.315957 0.310218 0.044535 0.026440 0.023539 0.025554 0.052541 2.374073 31.087662 27.838575 27.838995 31.993137 0.030908 0.027637 0.008723 0.014343 0.009813 0.013557 0.045398 
15.761960 0.030579 0.023274 0.010827 0.009217 0.015389 0.019068 0.026271 0.024321 0.016535 0.046684 0.060684 0.063370 32.847900 0.009369 0.006684 0.007997 0.016055 0.037591 0.054867 0.074759 0.104756 0.312920 0.045901 0.013814 0.009656 0.012342 32.847328 0.090204 0.088434 0.376384 0.360477 0.023291 0.017150 0.010327 0.006038 0.004151 0.002507 0.003493 0.008913 
5.835904 0.023998 0.012413 0.006860 0.013493 0.023083 0.033298 0.016827 0.009893 0.006543 0.011036 0.014679 0.019036 0.006601 0.008807 0.006952 0.017324 0.021642 31.233591 0.071860 0.067532 0.070224 32.839378 0.035635 0.020026 0.012220 0.019462 0.037040 0.054199 0.060443 0.103790 0.090234 0.020001 0.009094 0.006974 0.005447 0.002865 0.001405 0.001055 0.001710 
0.018983 0.014919 0.006348 0.007583 0.015471 0.867690 0.076407 0.027017 0.018489 0.008840 0.005442 0.004019 0.004467 0.003915 0.004297 0.013432 0.068496 0.266854 28.753473 0.307927 0.107785 0.054992 0.053508 32.847942 0.025177 0.022486 0.024691 0.034349 0.054029 0.077273 0.043280 0.022982 0.010044 0.012143 0.009662 0.014444 0.007594 0.004408 0.002427 0.002143 
0.007402 0.004364 0.002917 0.007194 0.017328 11.538066 30.623590 11.423820 0.022178 0.011526 0.011451 0.005191 0.002278 0.001454 0.002466 0.012830 0.068669 0.267416 28.745487 0.352385 0.117272 0.050321 0.046659 0.059958 0.035781 0.032688 0.052501 0.045294 0.064006 16.232912 0.036204 0.019303 0.015776 0.018465 32.847065 0.013021 0.010284 0.016094 0.010565 0.008940 
0.001581 0.001040 0.001500 0.005845 0.013688 0.855642 0.072382 0.026666 0.029394 32.848076 0.015645 0.012955 0.004974 0.001680 0.001361 0.005071 0.018944 0.027346 13.786202 26.780052 16.721832 0.056169 0.046771 0.057225 1.448131 10.475445 26.169680 13.229615 3.187782 1.669084 0.037462 0.030531 0.033192 0.021201 0.050452 0.053267 32.847042 0.037162 0.034466 0.020937 
0.000276 0.000234 0.000613 0.002843 0.010244 0.012837 0.028285 0.016444 0.022139 0.027253 0.035705 0.017988 0.012228 0.004668 0.002606 0.005829 0.013776 0.019707 0.023713 0.072304 0.019922 0.032731 0.126779 0.738852 12.761107 0.758369 0.163931 0.038175 0.035743 0.036906 0.047614 0.035572 0.038314 32.847771 0.047696 0.044993 0.009541 0.031005 0.043101 6.322219 
0.000042 0.000048 0.000172 0.000777 0.002681 0.004999 0.006347 0.004926 0.009627 0.024564 0.029612 28.040956 0.018913 0.013874 0.008176 0.017132 0.025690 0.022087 0.015405 0.020457 0.010447 0.019763 0.118709 0.726087 12.803556 0.747036 0.135936 0.027245 0.018954 0.030088 0.035141 28.058105 0.075579 0.070434 0.031238 0.014476 0.006850 0.010417 0.020886 0.022991 
0.000006 0.000010 0.000042 0.000184 0.000590 0.001140 0.001413 0.002342 0.010324 0.046192 0.135955 31.262381 0.136057 0.046345 0.019558 0.031448 6.302865 0.023598 0.011642 0.006543 0.003524 0.006323 0.027142 0.058032 18.808949 0.063175 0.032267 0.010041 0.013488 0.048245 0.138283 31.252134 0.158242 0.067745 0.018362 0.005088 0.002231 0.002887 0.006453 0.011019 
