0.000845 0.017062 0.295205 6.406619 0.299782 0.021590 0.010556 0.002789 0.000352 0.000028 0.000002 0.000002 0.000036 0.000813 0.017036 0.294845 6.373361 0.402418 0.149840 0.338896 10.855496 0.063635 0.010998 0.000967 0.000060 0.000019 0.000194 0.001417 0.004771 0.002810 0.002087 0.010207 0.058437 7.650209 0.057191 0.008865 0.001175 0.007121 0.112779 1.639866 
0.000955 0.009357 0.041721 31.196066 0.078486 0.045973 0.041232 0.017457 0.002541 0.000218 0.000015 0.000014 0.000104 0.000943 0.009360 0.042185 31.096363 0.708634 0.671721 28.183590 3.910658 0.182029 0.018860 0.001236 0.000069 0.000129 0.001361 0.008788 0.021546 0.025809 0.012549 0.026270 0.097497 1.501612 0.095322 0.007388 0.001297 0.007806 0.048964 6.116848 
0.000306 0.003252 0.024830 0.080383 0.119015 0.142740 32.014496 0.039582 0.008885 0.000882 0.000077 0.000173 0.000762 0.000978 0.002816 0.018757 0.054501 0.090511 2.377109 1.197079 27.828909 0.054028 0.010493 0.000978 0.000100 0.000554 0.005209 0.022447 0.977154 0.156120 0.050321 0.162810 0.134139 1.549857 0.128724 0.022177 0.003666 0.003069 0.017029 0.066085 
0.000887 0.001996 0.011248 0.047517 4.790933 6.921195 0.416859 0.048393 0.006178 0.000610 0.000289 0.002034 0.008213 0.008322 0.002721 0.004091 0.021880 0.067422 18.911697 0.120133 0.070526 0.020392 0.002748 0.000286 0.000093 0.000974 0.009816 0.050584 21.233774 17.820414 19.355022 21.664164 31.601824 20.832296 18.561769 0.059265 0.026456 0.018316 0.012351 0.026957 
0.016786 0.010722 0.029765 0.222847 6.653241 3.338170 0.440397 0.080094 0.020372 0.002864 0.002217 0.015296 0.049169 0.049672 0.017836 0.005008 0.017685 0.100430 18.126200 0.110140 0.027154 0.004075 0.000625 0.000889 0.000300 0.000640 0.005278 0.022471 0.975672 1.532305 19.792543 0.218060 0.059754 0.195520 0.100939 0.092263 0.306219 0.296738 0.043164 0.300452 
0.277831 0.042494 0.171171 0.242693 18.197279 4.128392 4.136201 31.574976 0.041063 0.009500 0.008478 0.049128 6.110343 6.260776 0.051627 0.020167 0.011902 0.040344 8.336946 0.038193 0.009700 0.001452 0.002621 0.008708 0.003237 0.001445 0.002802 0.011111 0.048909 0.097443 24.469872 0.063616 0.023208 0.034201 0.066382 31.157808 6.456975 6.457687 32.099560 6.527185 
5.366921 31.629951 2.369607 2.340472 3.533015 3.667564 0.372963 0.055558 0.019735 0.003003 0.002270 0.016026 0.064974 0.131831 31.183506 0.048140 0.015691 0.028269 0.064757 0.017675 0.003611 0.003001 0.017544 0.039336 0.025171 0.012730 0.016995 0.012118 0.037502 0.312486 5.885713 0.291103 0.018233 0.004891 0.019177 0.042847 0.295796 0.298356 0.076068 0.443178 
4.988937 0.105171 0.166843 0.164596 0.195809 32.029018 0.054612 0.023676 0.012760 0.002988 0.000641 0.002820 0.025245 0.305911 6.373044 0.319690 0.059790 0.067620 0.037174 0.015293 0.010522 0.011684 0.042302 32.027882 0.078970 0.051260 0.109959 0.050620 0.266101 0.544246 5.891397 0.289642 0.016923 0.001225 0.002884 0.010349 0.017525 0.020095 0.045401 0.445957 
5.672500 0.067782 0.019001 0.022089 0.184233 2.603133 0.174951 0.039784 0.043321 0.017818 0.002759 0.001219 0.017799 0.295876 6.372445 0.584676 0.579378 5.741417 0.218754 0.178635 0.042884 0.022656 0.032399 0.120231 1.703556 14.556708 24.110397 12.227188 4.391446 4.411197 30.728083 0.043061 0.009411 0.001253 0.002840 0.009968 0.004052 0.008706 0.049654 6.183683 
3.045645 0.042430 0.010043 0.026539 0.224622 2.577398 0.215099 0.243464 32.029804 0.041905 0.011266 0.002137 0.009509 0.042767 30.825016 2.692314 2.661330 7.121678 2.697114 2.722863 31.389280 0.059820 0.027523 0.095736 2.353705 3.409150 3.376657 0.291044 0.287768 0.353604 0.080340 0.020408 0.002935 0.002823 0.017935 0.045442 0.018138 0.004644 0.015583 0.049457 
0.039149 0.013504 0.009554 0.050297 6.147826 6.179842 0.104576 0.064277 0.210125 0.103621 0.028518 0.004031 0.002973 0.018667 0.053042 0.317500 2.689977 0.425080 0.252547 0.378520 2.875518 0.177674 0.022678 0.070475 25.863590 3.405158 3.384700 0.251806 0.104998 0.384854 0.046907 0.006198 0.001540 0.010116 0.045985 27.674768 0.046207 0.010341 0.002995 0.008300 
0.006681 0.002057 0.003138 0.016553 0.059712 0.106497 0.148766 0.119979 0.179586 14.081247 0.068435 0.015524 0.002258 0.003737 0.019743 0.051467 31.715694 0.371188 0.255128 0.378789 2.852873 0.172039 0.013859 0.029467 0.096223 1.675843 31.997843 0.369920 0.407041 29.292009 0.047032 0.010384 0.002387 0.026245 0.345632 16.403612 0.345380 0.026009 0.001542 0.000812 
0.000961 0.002717 0.009235 0.005534 0.018454 0.060738 6.422077 1.184453 1.164423 2.150507 1.677697 0.031389 0.006141 0.001162 0.005676 0.040350 0.137485 31.725012 2.903387 2.881262 10.003607 0.067743 0.011972 0.012638 0.044049 31.673050 2.516346 30.037621 8.837016 8.616131 0.301357 0.025115 0.002885 0.012880 0.048774 27.706617 0.045912 0.010108 0.000962 0.000113 
0.002866 0.017949 0.044697 0.019101 0.012082 0.052661 6.047377 0.169193 0.130316 0.158850 14.579349 0.069438 0.010118 0.001251 0.005193 0.045047 0.170790 0.085286 0.195370 0.232601 5.264514 0.056403 0.019020 0.006266 0.018284 0.041064 0.144982 0.051191 0.097181 29.287830 0.057676 0.021185 0.007467 0.028631 0.079981 0.078247 0.026400 0.003418 0.000284 0.000066 
0.011185 0.047039 28.887274 0.048681 0.012839 0.019626 0.084765 0.050705 0.164171 0.051408 0.080382 0.020347 0.002536 0.001065 0.008831 0.039566 32.014206 0.053066 0.022453 0.029728 0.136924 0.042016 0.049469 0.019645 0.006222 0.009603 0.010108 0.015533 0.045149 0.085736 0.046528 0.051659 0.032183 0.062745 32.040771 0.041841 0.011254 0.001240 0.000256 0.000755 
0.028114 0.370194 13.967235 0.371826 0.029362 0.014822 0.046166 0.086637 6.284686 0.062631 0.021115 0.003549 0.000386 0.000245 0.002536 0.017402 0.040201 0.018285 0.005167 0.023715 0.118210 0.147244 31.486933 0.050203 0.019692 0.004707 0.003743 0.021812 0.075628 0.049573 0.080045 32.051212 0.061473 0.030988 0.039394 0.017560 0.002724 0.000491 0.002051 0.008233 
0.020179 0.056039 28.890745 0.069064 0.033195 0.048338 0.293845 0.159088 6.241131 0.061495 0.020157 0.003724 0.000472 0.000072 0.000346 0.002684 0.009497 0.005871 0.046916 0.353190 1.369837 0.554371 1.300292 0.099334 0.050317 0.019621 0.011687 0.042144 32.048489 0.064230 0.033734 0.050589 0.020703 0.005551 0.008851 0.002558 0.000499 0.002026 0.015301 0.049391 
0.053850 0.036346 0.053925 0.033165 0.066728 22.775707 22.487995 23.732983 0.086092 0.047058 0.050636 0.019331 0.003613 0.000472 0.000279 0.001906 0.008400 0.047010 0.498127 4.046580 1.418231 3.625312 1.269747 0.773018 31.757381 0.042368 0.011808 0.018517 0.039662 0.020127 0.008466 0.020119 0.005480 0.000908 0.000908 0.000264 0.000719 0.007729 0.048781 6.182873 
3.258855 0.052184 0.018453 0.020770 0.294837 6.025396 0.961727 0.495335 0.071764 0.101891 32.048958 0.049899 0.019401 0.003709 0.002003 0.011339 0.029158 0.112130 1.974189 2.961965 4.272918 4.362256 4.560633 26.020329 0.448964 0.049464 0.006614 0.003184 0.009196 0.006336 0.020078 0.053440 0.018652 0.002671 0.000283 0.000064 0.000527 0.005451 0.044640 0.442197 
3.237550 0.042239 0.008704 0.018019 0.292415 6.032638 0.800901 0.470153 0.103986 0.050315 0.064040 0.043125 0.049898 0.019129 0.008305 0.027958 1.576290 26.234703 5.132290 5.158015 5.386734 6.118683 5.627161 6.854549 0.709272 0.081903 0.020760 0.003370 0.004706 0.019850 0.053625 20.396744 0.043579 0.009946 0.000966 0.000284 0.002665 0.019807 0.076886 0.438759 
0.040400 0.012882 0.003012 0.012135 0.045803 30.396572 6.369987 6.370792 31.192556 0.065722 0.033523 0.064010 32.050022 0.042249 0.011833 0.050253 0.390570 0.695664 3.530640 4.632915 32.728653 11.323925 10.170429 7.186043 7.189671 29.686922 0.044765 0.012453 0.020373 0.052303 0.301591 23.425426 0.222948 0.024021 0.001503 0.000948 0.008922 0.041102 31.183260 6.403919 
0.006742 0.001942 0.003575 0.026133 0.077236 0.169534 0.330637 0.298877 0.042127 0.019899 0.006599 0.019704 0.039115 0.017464 0.003152 0.016014 0.294970 1.142027 5.887626 7.923710 6.394613 8.767127 7.763815 5.421323 1.940709 2.263179 0.158804 0.025948 0.058013 17.839293 12.639815 17.749317 0.042376 0.010124 0.001031 0.000693 0.005560 0.031506 0.071207 0.300537 
0.000715 0.001011 0.008770 0.039445 32.026161 0.133118 0.054440 0.021582 0.009691 0.002725 0.000746 0.002677 0.008650 0.002532 0.000426 0.002003 0.031273 0.092394 11.569332 7.397913 5.257195 7.428037 9.458644 5.281714 1.872527 2.243113 0.207226 0.099695 0.300342 23.417490 0.333065 0.081110 0.032591 0.005781 0.001075 0.003746 0.020672 0.062682 0.038823 0.026965 
0.000803 0.000434 0.003364 0.032265 0.198259 22.832220 0.044310 0.011817 0.002068 0.000312 0.000062 0.000225 0.000853 0.000219 0.000073 0.000737 0.007928 0.037354 2.982772 3.216134 2.293525 4.640674 7.818643 23.380367 9.171108 7.497048 9.471980 0.456973 0.392392 20.485979 0.082606 0.048759 0.064777 0.022737 0.007343 0.019774 0.051191 31.818653 0.143796 0.123370 
0.008220 0.002176 0.001935 0.026744 0.258706 23.702295 0.265264 0.034367 0.003887 0.000386 0.000031 0.000015 0.000055 0.000014 0.000015 0.000219 0.002731 0.022939 0.092266 3.282683 2.172582 2.168540 30.099495 0.437153 0.402804 8.696642 0.227317 0.261575 31.977715 0.064841 0.037013 0.069462 31.187582 0.082774 0.050551 0.051422 0.294425 2.224687 6.303386 1.637488 
0.049077 0.016349 0.003903 0.011327 0.045610 25.443481 0.110372 0.069245 0.018010 0.002518 0.000218 0.000015 0.000006 0.000003 0.000024 0.000242 0.001807 0.010994 0.043255 29.835600 1.114669 1.106566 22.130846 0.377125 0.087427 0.070256 0.097253 0.316812 0.061675 0.026373 0.022107 0.299089 6.402786 0.446679 0.472106 31.758787 2.536268 2.506205 6.287827 1.727964 
6.123498 0.060000 0.018982 0.025548 0.258310 4.158720 4.122773 11.507546 0.045202 0.009601 0.000967 0.000094 0.000061 0.000033 0.000250 0.002004 0.007767 0.004712 0.018202 0.044511 0.079618 0.112798 25.412216 0.236770 0.045186 0.025092 0.045258 1.340618 0.029926 0.009501 0.018202 0.295791 6.402819 0.313731 0.054863 0.042560 0.164474 0.167257 0.147504 6.212182 
1.791018 0.119856 0.071587 0.172682 0.405971 4.151001 4.266070 17.542170 0.130641 0.019458 0.002255 0.000889 0.000908 0.000391 0.002065 0.015309 0.048651 0.015879 0.005024 0.012284 0.018681 0.062023 0.363930 23.473948 0.132506 0.099120 0.133278 27.145042 0.059925 0.011865 0.010541 0.042961 31.185436 0.045648 0.013238 0.011059 0.011070 0.014796 0.052244 0.442936 
1.805878 7.768484 8.844769 2.481803 2.499743 16.898754 12.262633 9.830019 0.063852 0.021871 0.018215 0.017137 0.009379 0.003340 0.008624 0.049775 6.183757 0.052738 0.011670 0.020923 0.052068 0.323391 0.581414 22.809517 1.468810 1.467652 21.659971 0.455042 0.021635 0.005919 0.003635 0.019157 0.052706 0.019312 0.005595 0.010126 0.006187 0.022870 0.084411 0.439350 
0.351943 2.725568 0.235469 0.169201 0.173627 0.142460 9.654255 2.962567 0.091262 0.053962 0.296599 0.295367 0.041883 0.018752 0.011355 0.052391 6.184939 0.061808 0.020857 0.054294 22.671234 5.770715 5.770389 22.469517 0.123623 0.090349 0.080904 0.042277 0.019979 0.011168 0.010537 0.013411 0.020551 0.008353 0.020047 0.040582 0.031085 0.063280 31.184441 6.402752 
0.518550 2.750760 0.180350 0.021043 0.020502 0.065723 23.483965 0.487428 0.523723 31.294207 6.415009 6.414886 31.168896 0.046011 0.013731 0.016873 0.049108 0.018029 0.028650 0.272813 22.635815 0.549450 0.315312 0.047318 0.022084 0.007870 0.015318 0.027042 0.057039 0.067701 0.170753 0.174386 0.052058 0.032327 0.062798 32.052113 0.061563 0.031085 0.041957 0.295127 
5.314896 30.925552 0.042963 0.009862 0.004121 0.019986 0.057897 0.074460 0.078606 0.041733 0.296365 0.306152 0.089973 0.077271 0.026432 0.005431 0.008234 0.005769 0.021278 0.054788 23.574972 0.073002 0.039497 0.013812 0.003498 0.003317 0.020215 0.057503 5.218341 10.163425 2.844571 2.866677 31.726265 0.062479 0.031099 0.039608 0.019523 0.005491 0.009515 0.017064 
5.034064 0.088776 0.025432 0.003443 0.001931 0.007266 0.012555 0.007869 0.007371 0.009685 0.018032 0.026515 0.056866 32.041332 0.039668 0.009134 0.004166 0.018860 0.053442 0.043934 0.068890 0.045389 0.069779 0.022220 0.004979 0.009249 0.039833 32.034466 0.104326 0.078703 0.172005 0.172901 0.040917 0.019863 0.006355 0.009148 0.002756 0.000582 0.000921 0.000815 
5.945200 0.050423 0.010166 0.002404 0.009090 0.024620 0.027623 0.011542 0.003957 0.002154 0.001279 0.003371 0.018146 0.039185 0.017395 0.003442 0.009607 0.042025 31.256838 0.068178 0.035725 0.066250 32.044605 0.051923 0.020667 0.006501 0.020240 0.054282 0.030739 0.021970 0.012534 0.010832 0.009427 0.005258 0.009340 0.004249 0.001445 0.000288 0.000098 0.000083 
0.048252 0.015532 0.002730 0.005446 0.023415 1.057161 0.161426 0.046923 0.026403 0.011318 0.002828 0.000755 0.002599 0.008654 0.002557 0.001133 0.016952 0.291799 6.061273 0.316783 0.031980 0.026049 0.058195 32.042007 0.052088 0.021506 0.020331 0.023713 0.031866 0.068568 0.017769 0.003024 0.003843 0.017968 0.039959 0.026020 0.011267 0.002814 0.000526 0.000779 
0.008178 0.002115 0.001217 0.009525 0.044242 16.511032 25.836639 16.297234 0.078588 0.041899 0.018604 0.003602 0.000669 0.000894 0.000254 0.000843 0.016970 0.291851 6.053378 0.549604 0.065433 0.024665 0.029380 0.072047 0.079608 0.058119 0.105338 0.060030 0.110667 7.702811 0.058164 0.011155 0.013214 0.043870 32.028534 0.073368 0.041938 0.019345 0.004937 0.008449 
0.000750 0.000210 0.000572 0.005233 0.023204 1.054003 0.161681 0.049212 0.080409 32.042286 0.050024 0.019469 0.003577 0.000450 0.000119 0.001069 0.010152 0.043594 22.625425 22.622431 23.582048 0.052578 0.019431 0.040881 1.890291 13.302602 24.641678 16.179947 5.037779 3.638557 0.052470 0.022049 0.036869 0.075243 0.111243 0.143607 32.027725 0.059104 0.028478 0.049716 
0.000048 0.000019 0.000127 0.001362 0.008825 0.021924 0.026615 0.013696 0.027432 0.050748 0.040806 0.051663 0.018533 0.002637 0.000485 0.002244 0.010395 0.020230 0.045737 0.269755 0.043506 0.018881 0.009173 0.097219 1.343621 0.149854 0.107960 0.047305 0.097490 0.049713 0.036989 0.054348 0.085706 32.034115 0.079640 0.048945 0.039765 0.029380 0.070294 6.208245 
0.000002 0.000001 0.000015 0.000179 0.001297 0.004294 0.002635 0.001564 0.004461 0.020199 0.052659 31.185898 0.041944 0.009516 0.002952 0.015551 0.051193 0.018458 0.012345 0.025276 0.010023 0.003007 0.006917 0.099745 1.367276 0.112800 0.022909 0.011010 0.016034 0.018967 0.051469 31.176746 0.091128 0.058029 0.022110 0.007139 0.009109 0.004906 0.017438 0.050303 
0.000000 0.000000 0.000001 0.000016 0.000124 0.000465 0.000201 0.000146 0.001115 0.018177 0.296426 6.399652 0.295428 0.017850 0.009129 0.050195 6.186895 0.050485 0.009352 0.002210 0.001103 0.001020 0.008803 0.055280 7.582674 0.056702 0.010231 0.001931 0.002139 0.018003 0.296168 6.396028 0.307242 0.027624 0.003823 0.000738 0.000967 0.000522 0.002351 0.009136 
