0.012754 0.044339 0.126892 31.393080 0.162279 0.079296 0.026858 0.008412 0.002293 0.000545 0.000175 0.000403 0.002128 0.010656 0.044998 0.133839 31.075871 1.694637 1.598437 1.650143 11.904580 0.029611 0.015514 0.004093 0.000919 0.000542 0.001661 0.005151 0.009590 0.013337 0.020375 0.058792 0.096880 24.670759 0.093704 0.055658 0.036033 0.121198 0.509815 5.657280 
0.006054 0.015906 0.020877 27.668348 0.095339 0.090334 0.029545 0.014280 0.004961 0.001266 0.000370 0.000458 0.001409 0.004959 0.015370 0.020434 27.965973 1.922733 1.916034 29.618366 4.349773 0.056013 0.020844 0.004837 0.001113 0.001077 0.004006 0.012514 0.016301 0.038284 0.052045 0.197835 0.799975 20.228968 0.780759 0.180748 0.043801 0.038836 0.051321 6.222765 
0.005404 0.011712 0.033824 0.068139 0.105471 0.108060 32.840588 0.015814 0.013115 0.003546 0.001130 0.001409 0.002581 0.004155 0.008146 0.018160 0.032411 0.058000 2.787697 1.332307 29.042990 0.018626 0.010270 0.002858 0.000961 0.001819 0.006947 0.013672 0.552091 0.080493 0.063694 0.221968 0.804949 20.205839 0.791519 0.197711 0.053466 0.031591 0.048729 0.108711 
0.016336 0.020174 0.054753 0.063088 2.791674 9.790545 0.727826 0.224343 0.053269 0.010574 0.003513 0.005529 0.009234 0.010235 0.009522 0.013147 0.027353 0.037034 14.845887 0.047238 0.036148 0.017395 0.005810 0.001734 0.000972 0.002372 0.008761 0.019824 17.312017 18.923460 14.011666 14.797794 32.477833 14.319434 13.702343 0.082491 0.072437 0.057182 0.049208 0.096995 
0.067249 0.057881 0.208210 0.226546 3.264496 16.706636 0.752995 0.228404 0.060083 0.013812 0.007702 0.016659 0.021029 0.022251 0.021763 0.019951 0.030309 0.061806 28.808136 0.059230 0.027798 0.009649 0.003541 0.001887 0.001866 0.003308 0.010273 0.019665 0.859528 0.870815 17.318415 0.096046 0.061261 0.072397 0.061110 0.087383 0.129746 0.114288 0.052534 0.159435 
0.224931 0.061367 0.818807 0.829211 28.704594 26.167517 26.205830 31.386286 0.013817 0.009819 0.011033 0.022817 6.167364 6.444806 0.033319 0.089918 0.108900 0.135328 25.505693 0.060674 0.034669 0.011407 0.007814 0.005005 0.006865 0.007913 0.020627 0.082989 0.332614 0.351178 32.147755 0.072596 0.056636 0.045943 0.050728 25.180956 31.866451 31.868422 32.835567 30.274803 
7.710404 32.777554 17.157660 17.150412 2.034400 25.101242 0.431838 0.242919 0.047792 0.011635 0.010681 0.033937 0.092615 0.101329 27.729296 0.756530 0.753186 1.118976 19.304079 0.614996 0.328379 0.136047 0.102290 0.007071 0.031516 0.028304 0.035326 0.096762 0.328599 0.489706 30.045048 0.241288 0.084556 0.030899 0.025218 0.026402 0.126145 0.253378 0.690180 6.710379 
7.520456 0.339327 0.939821 1.109405 1.106732 32.702560 0.242533 0.238988 0.049315 0.012311 0.008258 0.024184 0.080837 0.127284 14.635779 4.961278 4.359367 2.382537 17.014929 3.096286 2.004860 1.282523 1.280478 25.098196 0.042965 0.040628 0.072051 0.128981 0.625495 0.795187 30.040646 0.230331 0.074139 0.020815 0.012084 0.021605 0.068985 0.195600 0.686634 6.676853 
6.938909 0.332546 0.317780 0.462768 0.854666 21.010098 1.451472 1.072096 0.052069 0.018594 0.009402 0.016767 0.056702 0.102541 14.550312 6.127195 5.777028 4.431193 13.546541 4.513693 2.030914 2.545264 2.752040 18.453764 12.932567 31.452894 29.148949 29.037712 26.328285 26.303875 29.452423 0.029444 0.024639 0.009442 0.007920 0.013552 0.024420 0.048968 0.061614 6.246916 
2.889880 0.130399 0.121278 0.267204 0.847052 20.990875 8.563407 8.564754 32.806679 0.017602 0.014917 0.010743 0.020059 0.023782 18.779768 17.287374 15.776701 9.783268 16.511942 15.318294 12.288415 6.386142 6.431924 19.498007 13.404016 10.223518 10.105225 4.238807 4.413982 9.760842 1.030148 0.187558 0.033035 0.010359 0.014225 0.021126 0.018605 0.018067 0.024962 0.022234 
0.020830 0.039178 0.037596 0.049817 6.401038 8.999877 3.385910 3.375895 3.690097 0.032386 0.033073 0.017068 0.036798 0.304895 6.425711 6.842298 13.650796 25.363104 21.238821 20.965624 30.977367 11.396103 11.426836 13.749615 20.579042 10.163389 10.105759 4.195405 4.105184 9.763252 1.025043 0.182803 0.031407 0.015616 0.023210 18.588140 0.022316 0.014715 0.010165 0.010403 
0.010993 0.011739 0.014964 0.031212 0.051060 0.080695 3.374159 3.671913 3.688355 26.567207 0.097357 0.088739 0.173959 0.744855 6.462711 6.518496 22.634977 26.229139 25.744473 25.701769 31.542191 18.137541 18.116110 19.149536 25.994900 15.083766 21.395576 4.202678 4.207273 31.501070 0.046809 0.040498 0.016616 0.028256 0.082010 31.532967 0.078150 0.024397 0.007098 0.003605 
0.005050 0.007092 0.011153 0.019918 0.038947 0.056764 9.994755 13.811210 13.805523 7.411976 0.541188 0.839210 0.969803 1.992626 7.676654 8.247581 9.991585 25.267458 29.215569 29.217157 31.717907 23.481966 23.416231 24.569124 26.572037 28.110153 29.064577 23.009405 9.077065 9.451153 0.107180 0.040001 0.016969 0.022009 0.029608 18.610632 0.018492 0.010894 0.003406 0.001313 
0.008310 0.014643 0.018055 0.024828 0.030361 0.042086 6.012805 6.262950 6.449017 6.466800 29.216557 4.143525 4.012040 4.988425 8.391532 16.594564 11.571195 24.362732 30.889053 31.018389 32.607857 28.822344 28.921320 29.156500 31.429276 30.463909 28.645052 26.108534 25.303774 20.854744 0.036758 0.032416 0.024559 0.034105 0.032319 0.019966 0.017986 0.006317 0.001904 0.000897 
0.021242 0.028164 21.818514 0.043905 0.036990 0.057683 0.130185 1.231770 6.338042 6.578515 14.254967 12.667208 10.539962 10.726864 13.411703 14.043747 21.556425 32.470345 32.301685 32.170574 32.520859 30.706297 30.344736 32.507408 31.555481 30.446529 28.454065 25.846645 23.027760 20.144754 0.239102 0.034903 0.044740 0.047418 32.848392 0.012159 0.009489 0.003521 0.002054 0.002335 
0.053405 0.113366 31.548826 0.118734 0.058734 0.057096 0.116623 0.137639 10.719329 10.823180 14.733528 15.855321 15.631324 16.363806 18.985474 19.528091 27.458771 30.503647 32.058334 32.543884 32.791084 32.120525 32.184128 32.196259 31.838066 30.340353 28.560886 25.861818 23.165802 23.089521 22.068644 30.185328 0.040606 0.038089 0.011327 0.010469 0.004888 0.003488 0.005915 0.009061 
0.055577 0.062523 21.863914 0.072274 0.065328 0.065919 0.166097 0.155687 5.809007 22.531994 21.865343 22.372602 22.711132 23.369965 25.325947 25.554020 29.064703 31.100893 32.234077 32.613300 32.850609 32.720932 32.713333 32.409367 32.094833 31.554344 30.555744 30.275234 28.626801 15.331520 14.909967 2.666432 0.663534 0.082606 0.008662 0.004045 0.003601 0.008758 0.019184 0.020897 
0.065954 0.080035 0.071253 0.078592 0.087549 14.845581 25.346085 20.373011 3.967621 4.013632 20.684141 23.302483 25.027794 26.440327 28.343157 29.076424 30.657372 31.863441 32.501598 32.725086 32.868137 32.837334 32.802731 32.696262 32.414093 31.201485 30.504650 25.647341 20.377741 14.923064 9.629109 2.651678 0.941183 0.096606 0.005406 0.002414 0.008034 0.031967 0.044780 6.250494 
3.320319 0.074480 0.064337 0.120856 0.367992 21.192764 9.795127 8.745500 3.432203 3.433656 22.875719 29.478046 29.363050 30.003813 30.971046 31.457621 32.119713 32.406330 32.690811 32.808483 32.870808 32.885544 32.836342 32.672550 32.349884 31.548414 29.458813 25.349899 20.473444 14.752163 8.478623 2.585151 0.733531 0.085622 0.004828 0.004201 0.025613 0.151351 0.723550 6.858456 
3.273661 0.055585 0.045657 0.105150 0.351140 21.198656 9.799448 8.751212 3.453813 3.541888 16.055855 20.417721 28.602270 30.344015 31.311087 31.865499 32.304138 32.630585 32.811321 32.860134 32.882790 32.885735 32.840836 32.745373 32.518677 32.107807 31.309376 28.857969 26.757025 23.602057 20.341799 6.264701 0.021729 0.016771 0.003635 0.004782 0.027417 0.155577 0.729044 6.899511 
0.020286 0.025322 0.019305 0.034777 0.040931 27.586195 27.752075 27.762793 31.816538 18.446112 17.254736 17.838661 23.568743 31.951225 32.505615 32.769436 32.859322 32.787361 32.853447 32.874123 32.900311 32.891571 32.879692 32.819633 32.619404 31.525904 30.050018 28.756649 22.857450 17.309200 8.544090 4.167076 0.038928 0.029102 0.005896 0.003736 0.010779 0.016028 29.405695 28.569780 
0.010093 0.008520 0.010144 0.025084 0.043652 0.149780 0.263442 0.314686 0.909480 2.907798 6.522820 12.575237 16.398254 21.808084 26.504524 29.708469 31.417458 32.338917 32.681599 32.813190 32.867813 32.869431 32.730835 32.467770 31.822271 30.249910 28.219809 22.870552 15.829753 10.124079 5.502198 10.753163 0.028190 0.019615 0.008583 0.006730 0.020536 0.079338 0.305180 0.486452 
0.003215 0.003461 0.006761 0.009435 32.847210 0.143246 0.138227 0.184287 0.902505 2.946751 5.944077 10.259750 15.930223 21.467455 26.142639 29.349716 31.074532 32.071842 32.491753 32.738777 32.852478 32.864079 32.700142 32.326199 31.550154 28.965361 24.276142 17.836739 9.804876 5.608071 2.018025 1.975268 0.258872 0.061015 0.036848 0.018453 0.034075 0.082285 0.299983 0.370211 
0.003218 0.003924 0.009907 0.034036 0.080939 16.013094 0.077600 0.068771 0.459847 1.817279 4.286031 7.692006 12.173348 16.849640 22.035587 26.358955 28.988335 31.141205 31.882940 32.492363 32.809399 32.799213 32.556023 31.990202 31.287954 28.411568 23.170544 18.074192 10.569611 9.561221 1.993696 1.970240 0.264555 0.221279 0.196032 0.054556 0.057513 32.727566 0.775180 0.795699 
0.009988 0.010121 0.013879 0.037458 0.083705 25.640984 0.093485 0.047566 0.148144 0.895258 2.532884 5.091387 8.800424 12.799144 18.415310 23.016624 26.502157 29.601395 30.849651 32.137524 32.707668 32.585522 32.006859 31.218098 30.365309 27.955620 25.571215 25.489485 23.786858 4.322460 3.666116 3.675115 28.430399 0.928915 0.923402 0.057567 0.448000 6.576037 7.167209 5.684410 
0.021766 0.036152 0.034743 0.071756 0.083533 22.661028 0.074186 0.058539 0.044695 0.287301 1.242879 2.975894 5.871768 9.022173 14.654817 18.541420 22.873253 26.829124 29.084911 30.220886 32.301888 32.120052 31.399504 30.066856 27.838749 25.138439 19.106840 13.470768 8.187556 12.060305 11.829702 11.886827 22.420931 17.962374 17.964981 32.836010 6.942601 6.930464 7.220044 5.838478 
6.161948 0.117381 0.105944 0.284342 0.630377 7.517894 7.448154 8.786675 0.067859 0.057590 0.409162 1.463252 3.599516 6.077953 11.219080 13.640695 18.802490 22.571072 28.293306 27.165440 31.255390 31.170805 29.796741 26.806120 23.997719 24.741848 19.615038 13.316903 7.808529 7.353473 6.510953 6.561689 22.114161 1.018837 0.934033 0.073802 0.503238 0.713703 0.877961 7.258743 
19.119129 0.185471 0.143859 0.700457 1.078257 7.525194 7.665905 24.152475 0.075411 0.030862 0.083471 0.546021 2.053835 4.066650 7.985863 8.789939 14.952576 18.001648 21.914137 24.203773 31.347420 28.227419 26.714066 22.698736 17.859270 17.179502 19.267311 15.889598 1.439452 1.439533 1.065317 1.071031 28.701805 0.209797 0.204627 0.070794 0.165896 0.368324 1.017970 7.160379 
20.704554 22.715788 28.621792 25.321556 25.316065 29.801451 11.011214 7.834563 0.053357 0.042122 0.059886 0.188549 1.247609 2.804953 4.746319 4.901905 10.582249 10.314209 17.000469 18.665545 29.042931 25.238672 23.701309 16.169216 12.557890 12.056793 15.653873 0.515197 0.535597 0.474804 0.195451 0.147349 0.057297 0.057466 0.048163 0.033219 0.074656 0.252795 1.023171 7.199691 
17.461384 15.612597 0.713091 0.751545 0.650292 0.332348 10.083257 2.098557 0.058761 0.047058 0.141663 0.267024 1.265135 1.661612 2.159115 2.394482 3.740844 5.281513 11.795497 14.826442 19.888233 22.323040 21.606970 13.208042 6.960823 4.678004 1.398489 0.422740 0.145378 0.094294 0.120430 0.119400 0.052170 0.033638 0.033782 0.035880 0.047718 0.052985 29.446495 28.362396 
17.545015 15.613948 0.651204 0.327890 0.233576 0.245103 24.188324 0.293749 0.299788 27.785131 31.361368 31.356924 27.665071 0.662277 0.652100 1.211859 1.658782 2.815966 9.163476 16.113697 14.747094 15.220025 14.234496 6.889004 12.710310 3.324475 1.408298 0.406448 0.151667 0.120885 0.348366 0.347536 0.055435 0.049524 0.052198 32.849136 0.040166 0.037491 0.022877 0.167225 
22.636986 31.624046 0.080260 0.075843 0.058685 0.063606 0.040930 0.132797 0.129296 0.028400 0.135221 0.153600 0.079061 0.667169 0.162676 0.331473 1.488159 2.180254 12.231400 7.583073 11.838203 8.128108 16.108147 4.839404 3.689954 1.780244 1.009292 0.428212 2.684330 31.465786 28.849018 28.849155 31.804296 0.040694 0.037447 0.011446 0.019313 0.014567 0.017630 0.050390 
19.336834 0.036371 0.034068 0.020788 0.018525 0.026212 0.029217 0.040582 0.037051 0.023457 0.053098 0.071088 0.073756 32.796368 0.079925 0.077302 0.619484 0.777694 13.134192 0.630731 0.487790 0.601113 16.585491 3.190195 2.679229 0.908430 0.913023 32.763680 0.122431 0.120754 0.360487 0.335120 0.033321 0.024725 0.015874 0.008778 0.006343 0.004275 0.005370 0.011516 
5.802697 0.029297 0.017843 0.011861 0.020032 0.033810 0.043730 0.025502 0.016081 0.010697 0.015462 0.020538 0.024687 0.007797 0.012927 0.013954 0.066158 0.071305 32.404453 0.484098 0.479901 0.481379 26.505299 2.141443 1.125387 0.181991 0.072862 0.055820 0.083614 0.093667 0.129711 0.106346 0.030060 0.014786 0.010611 0.007948 0.004445 0.002481 0.001993 0.002809 
0.020476 0.018473 0.009588 0.010991 0.018937 0.881001 0.086292 0.035646 0.023691 0.012346 0.008349 0.006655 0.006706 0.005131 0.006398 0.018153 0.076231 0.258613 29.033672 0.395741 0.207741 0.133328 0.108335 32.505871 0.040919 0.038179 0.037754 0.053148 0.080954 0.110437 0.065125 0.036715 0.017794 0.017776 0.013282 0.017839 0.010067 0.006679 0.004162 0.003403 
0.009010 0.006103 0.004524 0.009342 0.019437 11.518172 30.632038 11.407170 0.025631 0.015016 0.014743 0.007552 0.003671 0.002340 0.004102 0.017136 0.075035 0.257207 29.025364 0.438221 0.216956 0.088106 0.078521 0.097064 0.050903 0.048190 0.065416 0.064028 0.084105 16.335056 0.047198 0.030342 0.025087 0.027758 32.847546 0.015462 0.012741 0.021923 0.015833 0.011938 
0.002187 0.001658 0.002351 0.007618 0.015469 0.859215 0.077891 0.032501 0.035212 32.848541 0.018965 0.016291 0.006987 0.002778 0.002625 0.008111 0.024895 0.033138 13.550341 26.672501 16.723625 0.092977 0.083615 0.094375 1.484652 10.507986 26.211206 13.217398 3.188503 1.671902 0.052194 0.045287 0.046654 0.030479 0.064180 0.066980 32.847527 0.047627 0.044946 0.023901 
0.000442 0.000431 0.001043 0.004141 0.012782 0.014539 0.033933 0.022317 0.029254 0.035463 0.044722 0.021254 0.015365 0.006860 0.004546 0.009046 0.019129 0.026209 0.029031 0.075761 0.024962 0.057633 0.197486 0.873759 15.154302 0.889652 0.231961 0.059132 0.045859 0.048758 0.064964 0.050262 0.052988 32.848309 0.061439 0.058750 0.013294 0.041009 0.053068 6.333503 
0.000081 0.000105 0.000330 0.001299 0.003929 0.006672 0.008997 0.007946 0.014667 0.032790 0.037768 27.640015 0.023178 0.018211 0.012388 0.022390 0.030991 0.028799 0.020874 0.024303 0.015494 0.038090 0.182311 0.852733 15.205766 0.878180 0.203983 0.048253 0.029130 0.041939 0.046924 27.665287 0.092477 0.087398 0.044791 0.022668 0.010618 0.015873 0.027735 0.027103 
0.000016 0.000027 0.000097 0.000360 0.001025 0.001839 0.002461 0.004036 0.014049 0.051770 0.134310 31.401066 0.134599 0.052114 0.026371 0.038208 6.309011 0.027813 0.015906 0.009334 0.006278 0.013881 0.049110 0.082849 20.819628 0.091400 0.057637 0.020269 0.020426 0.056294 0.139149 31.390030 0.168052 0.084724 0.028331 0.009352 0.004149 0.005223 0.010132 0.015173 
