0.000001 0.000057 0.003267 0.142984 0.003298 0.000125 0.001324 0.000052 0.000001 0.000000 0.000000 0.000000 0.000000 0.000001 0.000057 0.003266 0.142968 0.004182 0.005165 0.153028 4.523704 0.058932 0.001120 0.000016 0.000000 0.000000 0.000001 0.000045 0.001058 0.000050 0.000034 0.001109 0.057673 4.253901 0.057673 0.001108 0.000016 0.000050 0.002646 0.099708 
0.000017 0.001306 0.076249 8.186116 0.078872 0.004938 0.076251 0.002613 0.000051 0.000001 0.000000 0.000000 0.000000 0.000017 0.001306 0.076233 8.182265 0.154739 0.147645 8.155077 0.725672 0.010838 0.000151 0.000002 0.000000 0.000001 0.000045 0.002102 0.052629 0.002534 0.001355 0.000161 0.003521 0.059435 0.003519 0.000098 0.000017 0.001080 0.056933 4.252544 
0.000001 0.000056 0.003017 0.110072 0.094857 0.127548 8.179893 0.076241 0.001307 0.000017 0.000000 0.000001 0.000016 0.000016 0.000052 0.002631 0.077649 0.094275 4.267294 0.772817 8.129788 0.076103 0.001306 0.000017 0.000000 0.000015 0.001075 0.053568 3.441470 0.090952 0.077113 0.006590 0.077449 0.007861 0.077337 0.002639 0.000053 0.000047 0.002191 0.057675 
0.000001 0.000033 0.001135 0.058048 4.239229 4.292989 0.091486 0.004527 0.000114 0.000002 0.000001 0.000046 0.001107 0.001110 0.000060 0.000069 0.002438 0.059933 4.600354 0.099571 0.077001 0.002626 0.000052 0.000001 0.000000 0.000019 0.001412 0.079872 8.663976 0.588970 8.180194 0.295053 8.198069 0.300497 8.175111 0.077257 0.001365 0.000076 0.001353 0.001166 
0.000058 0.001307 0.000158 0.005561 0.234308 0.104934 0.006699 0.077868 0.002628 0.000052 0.000046 0.002173 0.057592 0.057880 0.002972 0.000090 0.000169 0.012122 1.015119 0.012597 0.001458 0.000053 0.000002 0.000017 0.000001 0.000016 0.001076 0.053569 3.442152 0.169755 0.302132 0.010921 0.077015 0.007099 0.118837 0.118820 0.003744 0.003271 0.076274 0.003283 
0.003287 0.076258 0.004254 0.059634 4.352900 0.112245 0.131251 8.183713 0.076243 0.001321 0.001097 0.056871 4.240401 4.291728 0.089802 0.003201 0.001371 0.076254 8.158648 0.076226 0.001324 0.000019 0.000052 0.001306 0.000065 0.000017 0.000047 0.002136 0.053821 0.108898 8.177795 0.076911 0.002645 0.001441 0.077321 8.183230 0.142972 0.142983 8.186901 0.143006 
0.144562 8.185908 0.129890 0.109310 4.267851 0.132900 0.006890 0.076923 0.002636 0.000053 0.000046 0.002185 0.058313 0.114558 8.183419 0.076287 0.001405 0.003737 0.077262 0.002624 0.000070 0.000053 0.002613 0.076233 0.003502 0.001163 0.000152 0.001353 0.001161 0.003671 0.142950 0.003273 0.000075 0.000054 0.002628 0.076245 0.003267 0.003277 0.077353 0.004421 
0.096829 0.105315 0.003546 0.003528 0.090331 8.182877 0.076921 0.002678 0.001375 0.000053 0.000002 0.000046 0.001157 0.004157 0.142995 0.003320 0.002257 0.057948 0.003520 0.000154 0.001325 0.001358 0.076254 8.180212 0.114713 0.059853 0.012130 0.076249 0.003289 0.003926 0.142966 0.003266 0.000058 0.000002 0.000052 0.001323 0.000059 0.000103 0.003509 0.058896 
2.788903 0.048252 0.001025 0.000158 0.004862 0.129763 0.003231 0.002700 0.076268 0.002626 0.000052 0.000002 0.000073 0.003281 0.142993 0.004929 0.059369 4.245979 0.059177 0.004249 0.076254 0.002677 0.003258 0.092730 4.247467 4.603018 1.015694 8.161941 0.142902 0.142969 8.182920 0.076236 0.001306 0.000018 0.000052 0.001323 0.000067 0.001082 0.056946 4.252905 
2.772196 0.046957 0.001009 0.002207 0.059489 0.109051 0.004086 0.077556 8.183989 0.077130 0.001363 0.000036 0.001306 0.076236 8.182841 0.130569 0.110838 4.290275 0.109291 0.129827 8.182847 0.076315 0.001502 0.013008 1.012754 0.115939 0.014537 0.078160 0.003347 0.004625 0.077506 0.002624 0.000052 0.000052 0.002612 0.076213 0.002613 0.000097 0.002175 0.057657 
0.046929 0.001915 0.001123 0.056945 4.252103 4.255557 0.059088 0.004206 0.111863 0.095654 0.003158 0.000084 0.000053 0.002618 0.076889 0.006371 0.131628 0.123343 0.003529 0.003738 0.129312 0.003184 0.001365 0.076254 8.160262 0.122228 0.082417 0.005364 0.003618 0.077714 0.003949 0.000103 0.000019 0.001306 0.076236 8.175655 0.076236 0.001307 0.000063 0.001107 
0.000962 0.000043 0.000064 0.002182 0.058353 0.086971 0.086146 0.004113 0.062441 4.706140 0.072954 0.002575 0.000054 0.000070 0.002625 0.076893 8.181597 0.142527 0.004387 0.003288 0.108281 0.002720 0.000107 0.003101 0.119365 0.183570 8.179128 0.153761 0.159223 8.173738 0.076238 0.001307 0.000019 0.000115 0.006567 0.294134 0.006550 0.000114 0.000002 0.000016 
0.000015 0.000052 0.001307 0.000113 0.002229 0.059168 4.270142 0.092890 0.080489 2.571477 2.559556 0.045707 0.000954 0.000016 0.000086 0.003909 0.153061 8.183935 0.129816 0.109189 4.276824 0.057757 0.001144 0.001376 0.077238 8.167153 0.243368 8.176482 0.217280 0.296127 0.006583 0.000132 0.000021 0.001360 0.077298 8.178267 0.076246 0.001307 0.000017 0.000000 
0.000052 0.002612 0.076206 0.002629 0.001175 0.057678 4.249228 0.059634 0.005240 0.074323 4.691905 0.059776 0.001123 0.000017 0.000061 0.003538 0.158451 0.119110 0.004744 0.059326 4.248763 0.058180 0.002426 0.000119 0.002630 0.076207 0.006783 0.077316 0.119366 8.174809 0.076882 0.002626 0.000125 0.003101 0.118836 0.118806 0.003089 0.000056 0.000001 0.000000 
0.001324 0.076243 8.175661 0.076257 0.001354 0.002214 0.057432 0.004419 0.058626 0.005000 0.059666 0.002216 0.000046 0.000018 0.001306 0.076239 8.182986 0.077311 0.001411 0.002212 0.057468 0.004823 0.076815 0.002625 0.000120 0.001308 0.000125 0.001414 0.004453 0.078136 0.005287 0.076904 0.003953 0.077512 8.184025 0.077291 0.001359 0.000018 0.000001 0.000016 
0.000130 0.006551 0.293319 0.006558 0.000167 0.001370 0.002309 0.058811 4.241236 0.058084 0.002235 0.000062 0.000001 0.000001 0.000051 0.002612 0.076240 0.002628 0.000054 0.000067 0.002427 0.076821 8.184729 0.076900 0.002626 0.000087 0.000055 0.002643 0.077714 0.005298 0.078174 8.184762 0.077511 0.003947 0.076249 0.002628 0.000052 0.000002 0.000046 0.001107 
0.002298 0.076756 8.175720 0.077505 0.003949 0.076280 0.007566 0.115609 4.292480 0.058434 0.002444 0.000068 0.000002 0.000000 0.000001 0.000052 0.001321 0.000069 0.000015 0.000119 0.001071 0.002765 0.078253 0.006037 0.076888 0.002637 0.001358 0.076264 8.184655 0.077526 0.003960 0.076882 0.002631 0.000103 0.001306 0.000052 0.000002 0.000045 0.002174 0.057657 
0.047423 0.004548 0.076730 0.003952 0.077475 8.174724 0.297606 8.180947 0.091552 0.005694 0.076832 0.002624 0.000069 0.000002 0.000001 0.000046 0.001111 0.001254 0.000806 0.003784 0.007070 0.004614 0.005425 0.100905 8.181224 0.076271 0.001359 0.002630 0.076242 0.002626 0.000155 0.002627 0.000103 0.000003 0.000017 0.000001 0.000015 0.001081 0.056946 4.252905 
2.774325 0.047414 0.002280 0.000123 0.003279 0.142973 0.007287 0.077798 0.005928 0.078551 8.184709 0.076892 0.002624 0.000069 0.000046 0.002142 0.055861 0.068159 0.043075 0.031754 2.773482 0.079047 0.123598 8.188203 0.101093 0.004664 0.000116 0.000053 0.001307 0.000120 0.002626 0.076834 0.002618 0.000052 0.000001 0.000000 0.000002 0.000097 0.003509 0.058896 
2.773952 0.046947 0.000981 0.000073 0.003283 0.142992 0.003989 0.004641 0.078534 0.005306 0.077549 0.005274 0.076892 0.002634 0.001116 0.055047 3.888943 6.063300 2.104608 2.021100 5.212047 1.070143 0.133607 0.146860 0.007510 0.077926 0.002629 0.000054 0.000087 0.002626 0.076895 8.175634 0.076235 0.001306 0.000017 0.000001 0.000052 0.002623 0.077341 0.004421 
0.046938 0.001899 0.000060 0.001360 0.077297 8.185430 0.142995 0.142988 8.183788 0.077522 0.003959 0.077526 8.184667 0.076262 0.001352 0.002180 0.056429 0.067325 2.836813 5.269396 32.783638 5.357348 2.913063 0.141811 0.145018 8.182618 0.076268 0.001359 0.002637 0.076859 0.010826 0.294203 0.006557 0.000114 0.000002 0.000017 0.001306 0.076248 8.183803 0.142984 
0.000962 0.000042 0.000057 0.003092 0.119085 0.158491 0.004195 0.003276 0.076241 0.002625 0.000121 0.002625 0.076241 0.002612 0.000053 0.000060 0.002037 0.055155 3.001681 4.075260 5.182978 0.976035 0.012869 0.007108 0.004040 0.120829 0.004216 0.001417 0.076258 8.166592 0.293357 8.166698 0.076211 0.001307 0.000017 0.000002 0.000103 0.003951 0.077867 0.003283 
0.000014 0.000018 0.001306 0.076240 8.182343 0.153106 0.003910 0.000125 0.001307 0.000052 0.000002 0.000052 0.001306 0.000051 0.000001 0.000018 0.001254 0.066090 5.575616 3.040422 2.758065 0.014502 0.008955 0.079193 0.013306 0.088034 0.061408 0.003101 0.007876 0.297446 0.010873 0.078142 0.003954 0.000103 0.000003 0.000069 0.002631 0.077501 0.004567 0.000151 
0.000016 0.000002 0.000063 0.003329 0.100554 8.185607 0.076296 0.001326 0.000035 0.000001 0.000000 0.000001 0.000017 0.000001 0.000000 0.000016 0.001095 0.056131 3.960131 0.117619 0.016404 0.009171 0.103569 8.153802 0.997274 2.618809 4.726510 0.127397 0.144791 8.180740 0.078208 0.005303 0.077520 0.002637 0.000121 0.002626 0.076887 8.179992 0.090293 0.003484 
0.001107 0.000046 0.000004 0.000155 0.007347 0.297685 0.007084 0.001422 0.000053 0.000001 0.000000 0.000000 0.000000 0.000000 0.000000 0.000001 0.000050 0.002561 0.090977 0.142808 0.006836 0.079119 8.181767 0.146753 0.133339 4.697474 0.126919 0.147623 8.186687 0.099851 0.004712 0.077938 8.183890 0.077513 0.003955 0.076912 0.006876 0.132252 4.280949 0.101448 
0.057656 0.002193 0.000078 0.001309 0.076253 8.178323 0.118950 0.077233 0.002628 0.000052 0.000001 0.000000 0.000000 0.000000 0.000000 0.000001 0.000033 0.001353 0.077089 8.181919 0.079341 0.008101 0.293976 0.008567 0.003179 0.059739 0.006128 0.111408 0.109180 0.003724 0.000154 0.003283 0.142979 0.004625 0.077749 8.183803 0.130385 0.110285 4.274385 0.163720 
4.253356 0.058344 0.002201 0.000123 0.003291 0.144409 0.144733 8.157722 0.076210 0.001307 0.000017 0.000000 0.000000 0.000000 0.000001 0.000045 0.001081 0.000098 0.002627 0.076263 0.003982 0.077556 8.182277 0.100996 0.003422 0.002293 0.054841 3.508659 0.055045 0.001144 0.000075 0.003267 0.142971 0.003321 0.002684 0.076256 0.003188 0.003386 0.078540 4.273220 
0.100821 0.086779 0.058409 0.002732 0.003828 0.143717 0.024639 1.014183 0.012114 0.000167 0.000003 0.000001 0.000017 0.000001 0.000046 0.002174 0.056933 0.002175 0.000098 0.001360 0.001423 0.003402 0.100746 8.182300 0.077964 0.004702 0.108944 8.145026 0.077858 0.001413 0.001325 0.076249 8.183800 0.076264 0.001359 0.001340 0.000059 0.000140 0.004202 0.059022 
0.099899 4.272216 4.272239 0.108245 0.129246 8.162694 1.018423 4.588256 0.059890 0.002438 0.000073 0.000058 0.001306 0.000067 0.001108 0.057658 4.252910 0.057680 0.001161 0.002651 0.076257 0.003375 0.007999 0.297678 0.007884 0.062222 4.798876 1.955194 0.041719 0.000935 0.000066 0.002619 0.076866 0.002620 0.000104 0.001325 0.000104 0.002639 0.077724 0.004427 
0.003218 0.109159 0.059261 0.002738 0.003662 0.120547 0.439640 4.276302 0.094317 0.077666 0.003286 0.003267 0.076237 0.002644 0.001160 0.057676 4.252908 0.058172 0.002428 0.076785 8.174757 0.142982 0.142987 8.174711 0.077350 0.003564 0.060285 0.042568 0.002936 0.001149 0.000053 0.000108 0.002627 0.000155 0.002626 0.076261 0.003947 0.077506 8.183803 0.142984 
0.003857 0.129796 0.004249 0.000124 0.001366 0.077263 8.173020 0.147263 0.154568 8.186113 0.142980 0.142971 8.183229 0.077308 0.001406 0.002193 0.056934 0.002181 0.000177 0.006559 0.293496 0.007235 0.003350 0.076241 0.002624 0.000100 0.001217 0.003944 0.058659 0.057698 0.002718 0.003171 0.076880 0.003953 0.077513 8.184752 0.077511 0.003947 0.076252 0.003267 
0.144766 8.185166 0.076254 0.001307 0.000070 0.002644 0.076228 0.003788 0.003496 0.076251 0.003271 0.003744 0.118828 0.118834 0.003090 0.000101 0.001082 0.000114 0.002626 0.076887 8.175772 0.076915 0.002684 0.001387 0.000054 0.000064 0.003202 0.090175 4.287666 4.264614 0.108172 0.129273 8.183851 0.077506 0.003948 0.076254 0.002624 0.000103 0.001306 0.000057 
0.114582 0.110172 0.003017 0.000056 0.000047 0.001096 0.001356 0.000086 0.000061 0.001306 0.000075 0.001365 0.077293 8.183948 0.076241 0.001307 0.000084 0.002619 0.076888 0.005275 0.077521 0.005276 0.076913 0.003341 0.000110 0.001308 0.076232 8.180274 0.114585 0.058843 0.002735 0.003165 0.076241 0.002625 0.000120 0.001307 0.000052 0.000002 0.000017 0.000001 
4.253242 0.058092 0.001135 0.000061 0.002102 0.052641 0.002552 0.001354 0.000057 0.000035 0.000002 0.000052 0.002628 0.076237 0.002612 0.000069 0.001307 0.076241 8.183776 0.077534 0.003977 0.077531 8.181447 0.099280 0.003337 0.000131 0.002621 0.076885 0.003560 0.002246 0.000097 0.000058 0.001307 0.000103 0.001307 0.000073 0.000019 0.000001 0.000000 0.000000 
0.057657 0.002190 0.000062 0.001076 0.053568 3.441464 0.090958 0.077052 0.003102 0.001360 0.000052 0.000002 0.000052 0.001305 0.000051 0.000002 0.000057 0.003267 0.142975 0.003344 0.001446 0.003384 0.099425 8.183950 0.077661 0.002440 0.000220 0.002679 0.002704 0.057402 0.002179 0.000048 0.000070 0.002629 0.076238 0.003089 0.001359 0.000052 0.000002 0.000016 
0.001107 0.000046 0.000020 0.001412 0.079873 8.664292 0.594596 8.169378 0.118778 0.077291 0.002634 0.000069 0.000002 0.000017 0.000001 0.000001 0.000058 0.003267 0.142966 0.007229 0.076301 0.002717 0.003778 0.110233 0.093540 0.060015 0.012185 0.077917 0.098784 4.252289 0.057668 0.001143 0.001380 0.077296 8.183366 0.118918 0.077290 0.002639 0.000098 0.001108 
0.000016 0.000001 0.000015 0.001075 0.053568 3.441447 0.091414 0.078164 0.119313 8.184009 0.076888 0.002624 0.000069 0.000002 0.000000 0.000018 0.001321 0.076211 8.174718 0.293514 8.175695 0.076777 0.002465 0.058443 4.214030 4.617062 1.021046 8.210781 1.024595 4.241941 0.058175 0.002485 0.003584 0.118844 0.120597 0.137306 8.183752 0.077336 0.003507 0.057672 
0.000000 0.000000 0.000001 0.000045 0.002102 0.052624 0.002539 0.001407 0.003100 0.076891 0.005262 0.076887 0.002618 0.000051 0.000002 0.000046 0.001132 0.002659 0.076252 0.006547 0.076235 0.002618 0.000103 0.002658 0.098729 0.060548 0.012169 0.076437 0.012248 0.057497 0.004840 0.077865 0.119060 8.183692 0.078759 0.004553 0.076262 0.003720 0.057974 4.253342 
0.000000 0.000000 0.000000 0.000001 0.000045 0.001043 0.000049 0.000020 0.000073 0.002624 0.076891 8.183788 0.076241 0.001306 0.000063 0.002174 0.056951 0.002227 0.001353 0.000114 0.001306 0.000052 0.000052 0.002643 0.098494 0.003732 0.000200 0.001310 0.000168 0.002399 0.076799 8.183307 0.118832 0.077298 0.002657 0.000109 0.001307 0.000097 0.002184 0.057664 
0.000000 0.000000 0.000000 0.000000 0.000001 0.000015 0.000001 0.000000 0.000002 0.000075 0.003273 0.142964 0.003267 0.000073 0.001108 0.057658 4.252919 0.057664 0.001125 0.000017 0.000018 0.000016 0.001108 0.057713 4.270156 0.057726 0.001109 0.000033 0.000003 0.000073 0.003272 0.142968 0.003748 0.001383 0.000053 0.000002 0.000017 0.000002 0.000047 0.001123 
