0.014886 0.047114 0.128000 31.424072 0.175894 0.094528 0.034613 0.011408 0.003298 0.000837 0.000287 0.000577 0.002652 0.012061 0.047563 0.135184 31.058981 2.344581 2.248204 2.299607 11.955370 0.031990 0.017884 0.005127 0.001273 0.000825 0.002360 0.006791 0.012378 0.018389 0.030038 0.077823 0.116376 25.206591 0.112964 0.074461 0.050330 0.140190 0.529852 5.682258 
0.007852 0.018604 0.023559 27.571653 0.113040 0.108048 0.037290 0.017745 0.006651 0.001860 0.000589 0.000678 0.001901 0.006140 0.017598 0.022724 28.288816 2.581825 2.574697 29.286715 4.405629 0.058497 0.023161 0.005839 0.001494 0.001489 0.005029 0.014482 0.019115 0.046104 0.068013 0.230511 0.824938 20.967476 0.803291 0.211178 0.060547 0.052100 0.064556 6.237938 
0.007777 0.016049 0.042650 0.084624 0.123184 0.125764 32.840858 0.019779 0.017089 0.005141 0.001730 0.001905 0.003302 0.005479 0.012365 0.067213 1.069058 1.087965 3.432818 4.934083 30.562654 0.021659 0.012889 0.003668 0.001398 0.002415 0.008114 0.014861 0.555131 0.090009 0.079645 0.254577 0.829901 20.942579 0.814070 0.229109 0.071107 0.043701 0.063391 0.131998 
0.021395 0.028768 0.071230 0.079590 2.805452 9.825800 0.747906 0.244308 0.064490 0.014484 0.005001 0.006758 0.010575 0.012890 0.038285 0.236906 1.063607 1.074906 8.555602 6.338829 6.053916 0.313034 0.044358 0.005719 0.004720 0.005884 0.010783 0.021806 17.280918 18.926466 14.005531 14.790191 32.479408 14.305844 13.695448 0.096765 0.086718 0.069523 0.064956 0.120321 
0.077330 0.074838 0.242270 0.260593 3.278722 16.731207 0.773099 0.248370 0.071555 0.018412 0.010008 0.018686 0.021608 0.025554 0.319464 1.308845 2.444365 2.471509 14.360972 6.283857 6.072686 0.816109 0.311818 0.069874 0.090875 0.081583 0.029326 0.036400 0.928827 0.939562 17.259853 0.108274 0.073711 0.082805 0.071577 0.101621 0.142363 0.124975 0.068277 0.182712 
0.234874 0.078307 0.856414 0.866805 28.736561 26.184250 26.222607 31.385815 0.017012 0.013015 0.013840 0.025203 5.737786 6.607792 0.453929 2.063599 5.223528 5.321666 20.884699 8.238929 8.065571 2.813230 2.024521 0.882773 0.814690 0.700598 0.262381 0.135808 0.401085 0.419353 32.177551 0.084917 0.069105 0.056464 0.061212 24.982122 31.897463 31.899467 32.829956 30.272804 
7.726169 32.782066 17.592941 17.585625 2.147817 25.124891 0.529019 0.339887 0.071989 0.018283 0.024525 0.250746 3.748594 3.808489 22.822872 8.413439 8.967426 9.159496 28.287956 9.944047 9.733341 4.464844 2.578310 0.885920 4.092484 4.341615 1.025508 0.317927 0.398179 0.551626 30.142149 0.244186 0.093534 0.038406 0.031565 0.032591 0.140179 0.286745 0.729433 6.764431 
7.547240 0.425793 1.031617 1.221062 1.218067 32.699097 0.339520 0.335962 0.077305 0.020345 0.027722 0.317995 3.722771 4.061307 7.725449 13.322536 16.105473 15.706175 32.289089 15.284489 14.905382 8.871703 8.625175 15.005526 4.478180 4.466957 1.049558 0.331903 0.498606 0.657868 30.135832 0.229994 0.079886 0.025523 0.016169 0.027830 0.084660 0.230556 0.725887 6.730918 
7.011011 0.419013 0.404292 0.567791 0.952108 20.717764 1.613428 1.241300 0.080060 0.034277 0.043115 0.353789 3.607501 3.909061 7.639235 14.112955 19.274639 19.686504 30.853325 16.894833 15.733994 14.536655 14.478034 30.515404 12.928522 16.421637 9.046891 10.322436 6.442708 6.579522 29.103640 0.035694 0.030947 0.012924 0.010716 0.017762 0.032801 0.064540 0.077175 6.263710 
2.912408 0.178305 0.169318 0.332537 0.940430 20.697271 9.584511 9.585913 32.811344 0.237885 0.234821 0.640278 3.881478 3.914599 13.176180 28.299170 27.022270 25.127523 31.459394 24.983364 22.291708 20.807884 20.833696 31.394787 17.622358 19.300806 15.097578 8.550116 5.470567 1.863136 0.697068 0.225280 0.048630 0.015147 0.017358 0.025329 0.023211 0.024327 0.030900 0.024066 
0.023683 0.053489 0.054243 0.066445 6.400556 10.455003 4.955163 4.944251 5.223012 0.298060 0.770263 1.602184 5.153099 5.585238 15.225204 19.492455 25.590792 28.043959 32.079998 29.827156 30.664536 26.121937 26.148331 29.393614 22.924974 17.475201 15.385386 8.735756 5.575758 1.860458 0.692168 0.228670 0.047754 0.021072 0.028655 18.574150 0.025545 0.017950 0.012953 0.012241 
0.013783 0.016796 0.021572 0.039952 0.060704 0.097701 4.928177 5.205963 5.220663 21.782669 5.156750 5.290493 8.628378 9.326791 17.107800 18.069132 26.766619 30.640129 32.371635 31.923426 31.788548 29.843157 29.849337 31.227812 27.625040 21.083841 21.041334 9.370631 9.880841 24.668919 0.198688 0.191660 0.034268 0.033355 0.086999 31.534634 0.080139 0.026475 0.008541 0.004581 
0.007029 0.009762 0.015060 0.026606 0.048627 0.068624 11.330174 13.182246 13.173485 12.021128 6.960194 8.537359 12.537268 13.966154 20.556112 22.612143 25.097988 29.516142 32.748993 32.653633 32.348537 31.597696 31.589287 32.210865 31.409487 27.361120 30.209892 17.062201 8.627160 8.151301 1.601885 1.213703 0.112843 0.032201 0.039754 18.594275 0.019862 0.012271 0.004198 0.001778 
0.010966 0.017673 0.021953 0.032013 0.039596 0.050951 5.813459 10.595361 11.172762 11.156991 20.670980 17.737461 18.747074 19.714983 23.343029 28.486496 26.687469 29.489975 32.266777 32.768955 32.744774 32.490562 32.502926 32.632420 32.458447 31.767990 28.786518 24.096371 17.149464 10.798680 0.372719 0.370194 0.090323 0.060128 0.042424 0.021684 0.019760 0.007491 0.002490 0.001247 
0.026651 0.033565 21.788996 0.056461 0.049557 0.075327 0.165894 1.059033 10.308442 10.754265 14.987686 20.624214 24.223284 25.379421 27.666250 28.498444 30.120699 32.894329 32.894440 32.882492 32.846279 32.748703 32.720070 32.820309 32.587173 31.584841 28.884169 23.957674 16.230579 7.693421 0.393861 0.371501 0.369003 0.371643 32.536140 0.013882 0.011231 0.004553 0.002770 0.002929 
0.064078 0.123842 31.552906 0.133935 0.074131 0.077008 0.153397 0.174852 11.233633 12.207974 15.659840 20.919970 25.921745 28.345564 30.188959 30.703304 32.190029 32.683250 32.839046 32.883118 32.888264 32.848675 32.839855 32.802380 32.565403 31.561293 29.255625 24.709358 18.444771 28.732204 22.316452 15.554786 1.680605 1.686952 1.507330 0.188271 0.013669 0.005035 0.007419 0.010290 
0.070415 0.077357 21.842531 0.089863 0.082923 0.085561 0.175515 0.181897 6.234984 13.042636 19.328245 24.414547 28.454372 30.462448 31.678574 31.992762 32.532505 32.766148 32.858624 32.885330 32.897877 32.887676 32.889843 32.860641 32.801270 32.890976 32.516628 32.330849 27.696461 22.521753 20.981045 12.862216 5.070498 4.897929 1.486827 0.230204 0.015371 0.012325 0.022832 0.022110 
0.080793 0.097874 0.087589 0.097172 0.105754 14.418923 11.040238 12.132581 14.788856 23.683966 20.352999 25.110800 29.071218 31.146521 32.185944 32.500401 32.720459 32.831776 32.877167 32.891205 32.899582 32.898323 32.899918 32.889046 32.818771 32.651546 32.376961 31.276344 29.235359 25.484470 20.256269 13.605711 8.454441 4.239512 1.616417 0.260374 0.025200 0.042643 0.055416 6.262034 
3.337136 0.090827 0.080672 0.126880 0.185407 1.882862 4.897603 9.509788 18.966541 20.273783 27.758404 31.261248 31.648188 32.250267 32.630962 32.764133 32.841419 32.871868 32.888878 32.895512 32.899826 32.901878 32.895786 32.881313 32.840851 32.719021 32.303135 31.312122 29.252232 25.372168 19.725882 13.768272 9.225236 5.514069 1.252430 0.257646 0.052236 0.178951 0.757165 6.917720 
3.281212 0.067447 0.057530 0.106465 0.164241 1.877623 4.923077 9.543947 18.929525 23.637245 31.099430 32.170368 32.100941 32.472466 32.722809 32.821968 32.864723 32.887165 32.896008 32.899033 32.901131 32.900517 32.895386 32.885151 32.854202 32.765049 32.485992 31.946573 30.653212 28.096954 23.531908 14.168936 8.106236 7.148483 0.927224 0.164151 0.046728 0.182333 0.762662 6.958798 
0.022270 0.031126 0.026110 0.042502 0.044931 10.717085 31.624828 31.368399 31.834131 31.971004 32.086441 32.212002 32.540657 32.827602 32.865635 32.887367 32.895058 32.895229 32.898254 32.899696 32.904236 32.900017 32.897274 32.884693 32.830276 32.576054 32.103565 31.363321 28.892586 25.384716 19.607916 12.984504 9.116616 6.966993 1.095090 0.203508 0.026805 0.032024 29.411564 28.586599 
0.012088 0.011334 0.013733 0.030202 0.048799 21.652565 24.293468 25.901258 27.752577 29.480228 30.812626 31.800722 32.094559 32.424065 32.648666 32.783649 32.849426 32.880451 32.891869 32.896564 32.899670 32.899105 32.892418 32.880466 32.843163 32.726559 32.438309 31.619295 29.694750 25.883936 20.960821 15.532882 6.926621 6.354631 0.946902 0.138192 0.036800 0.105957 0.391344 0.598170 
0.004346 0.004886 0.008717 0.011228 30.911146 24.117172 24.452051 25.887745 27.744661 29.457867 30.639137 31.344799 31.940483 32.317547 32.579529 32.745655 32.829582 32.870651 32.886967 32.894306 32.898655 32.899097 32.891727 32.876026 32.830627 32.651474 32.153545 30.870432 28.140963 24.337128 18.278547 12.518324 7.070156 4.813360 0.970538 0.169305 0.062425 0.108895 0.386150 0.481703 
0.004331 0.005582 0.012735 0.038725 0.069931 18.273161 27.544373 27.144180 27.672117 28.253433 28.817146 29.438496 30.309029 31.157757 31.935659 32.453396 32.705959 32.831268 32.869556 32.887943 32.896290 32.897266 32.891079 32.869724 32.820213 32.604576 32.036167 30.982927 28.614296 23.945715 16.637287 12.902804 6.905295 3.654707 1.207278 0.269172 0.272096 32.723587 0.889972 0.911970 
0.011911 0.013887 0.019403 0.045637 0.070739 15.754888 22.304949 22.857697 24.507284 24.744463 24.807642 25.624168 27.397747 29.191227 30.892551 31.975248 32.515320 32.762196 32.836868 32.874989 32.890472 32.892334 32.880161 32.849361 32.782196 32.523056 32.155773 31.958431 30.176767 25.685989 24.904688 25.619795 16.259449 1.735474 1.524695 0.272903 0.582061 6.676624 7.292512 5.812576 
0.023659 0.046501 0.048410 0.091360 0.100493 17.388754 20.665945 22.680613 24.106689 19.653667 18.461130 19.818729 22.876595 25.962124 29.119638 31.133795 32.188042 32.602184 32.763210 32.796223 32.872330 32.882843 32.867443 32.813099 32.619438 31.945890 30.418535 27.807899 23.531612 29.582214 21.678940 18.002966 13.594383 28.795326 28.881668 30.189821 7.039968 7.028360 7.328429 5.966966 
6.162119 0.145657 0.134306 0.321609 0.666582 7.497138 7.688321 20.726786 10.004541 8.796894 10.449909 13.463022 17.792997 22.109673 26.949280 30.049925 31.753752 32.192265 32.581547 32.608711 32.808498 32.856239 32.844170 32.768333 32.678226 32.157269 30.312035 27.506363 22.481720 19.036415 16.031706 16.269156 11.538832 0.485507 0.443712 0.106313 0.551608 0.805045 0.977279 7.367305 
20.921495 0.218068 0.172111 0.719932 1.095407 7.506935 7.750679 19.898365 4.050915 4.102148 6.299390 9.613954 14.103354 18.987318 25.259895 28.904844 30.979340 31.060236 31.832594 32.279655 32.733463 32.758102 32.751682 32.495163 32.420570 32.312992 31.779137 24.938326 16.889389 15.585978 10.925182 10.239338 20.819445 0.267884 0.264094 0.103077 0.211300 0.456946 1.125091 7.296852 
22.970032 24.294884 28.919706 25.813383 25.807659 29.959949 12.420835 9.877848 2.882626 2.886791 4.994232 8.129872 12.226866 17.476040 24.625776 27.266920 28.117365 28.281551 30.551464 31.498569 32.372581 32.489555 32.582359 31.711334 31.706854 31.366381 28.440222 21.387772 19.259281 11.064812 6.433488 2.983921 0.342277 0.100059 0.070871 0.051744 0.105655 0.317922 1.130256 7.336077 
20.040791 14.286400 0.729028 0.778626 0.675728 0.373690 11.160225 2.732894 2.632952 2.889063 5.051048 8.073893 12.145198 19.101707 22.835085 22.848688 22.614887 24.117085 28.047815 30.512156 31.509989 31.731874 32.560326 29.800762 30.038162 28.865316 26.738504 22.328823 16.200451 10.259655 5.806684 2.953377 0.340361 0.063364 0.048302 0.054394 0.062924 0.068192 29.450729 28.341570 
20.111858 14.287308 0.668541 0.372840 0.276686 0.288138 24.089485 0.309300 0.314991 25.986462 15.550632 15.206510 23.086788 17.490412 15.603433 15.212664 17.545826 18.538795 24.675220 30.544336 30.336790 30.210426 30.768547 24.666183 26.206100 26.059690 26.503382 22.189077 16.089418 10.047242 5.542768 2.991240 0.344092 0.078141 0.080785 32.849022 0.047517 0.044851 0.025990 0.170817 
24.530733 31.586176 0.104060 0.099659 0.080103 0.083083 0.049904 0.149692 0.144739 0.034108 0.091972 0.112683 0.092107 16.793695 9.039921 8.912559 11.666715 11.866664 21.927221 26.269529 28.192884 27.214516 29.942080 20.053783 19.016823 18.009367 18.757872 22.565180 10.368507 12.825438 10.272395 10.366196 31.643309 0.048596 0.045365 0.014102 0.023354 0.018469 0.020749 0.054160 
20.602354 0.041340 0.043368 0.030102 0.027593 0.036282 0.038271 0.051915 0.046971 0.029481 0.058120 0.078621 0.080600 24.213812 4.277935 4.328550 6.332799 6.398807 20.983486 22.736410 20.624449 21.016590 30.066891 16.206749 15.341639 11.955633 11.066872 23.124521 0.132365 0.131252 0.244897 0.212938 0.041152 0.031043 0.020743 0.011443 0.008449 0.005959 0.006915 0.013397 
5.784528 0.034080 0.022714 0.016657 0.025946 0.043807 0.052443 0.033231 0.021763 0.014605 0.019355 0.025277 0.029195 0.015052 0.595877 1.372927 3.319692 3.346678 20.205652 17.694424 16.563253 15.248329 14.676317 13.516479 10.892436 8.389284 2.013188 0.250227 0.115099 0.120072 0.146770 0.115589 0.037920 0.019972 0.014154 0.010335 0.006032 0.003600 0.002900 0.003723 
0.021618 0.021221 0.012429 0.013993 0.021993 0.892575 0.094683 0.043344 0.028302 0.015559 0.011008 0.009058 0.008849 0.013017 0.181368 0.468260 1.536870 1.654121 9.381431 15.679235 7.857666 2.499784 1.998240 28.943571 9.096645 9.061719 1.928855 0.248639 0.116883 0.136797 0.082539 0.047948 0.024949 0.023157 0.016815 0.020618 0.012216 0.008732 0.005799 0.004599 
0.010225 0.007543 0.006021 0.011229 0.021297 11.508269 30.637741 11.398920 0.028809 0.018219 0.017465 0.009643 0.005023 0.003625 0.014418 0.074252 0.484079 0.522846 9.270218 12.910285 7.492270 1.811952 1.468596 0.422643 6.439918 9.350594 1.951150 0.263760 0.256157 16.376637 0.056986 0.040186 0.033589 0.036250 32.847855 0.017592 0.014879 0.026301 0.019959 0.014453 
0.002701 0.002223 0.003131 0.008991 0.016844 0.861929 0.081730 0.037029 0.039731 32.848827 0.021521 0.018857 0.008723 0.003861 0.004083 0.012923 0.051394 0.055626 6.863858 4.876393 10.304024 0.393831 0.396128 0.412554 2.613936 10.090569 24.270390 13.165507 3.189642 1.675924 0.064244 0.057357 0.057639 0.038961 0.073455 0.076245 32.847828 0.054608 0.051937 0.026394 
0.000594 0.000624 0.001440 0.005130 0.014415 0.015846 0.037748 0.026869 0.034763 0.041862 0.050761 0.023803 0.017876 0.008788 0.006378 0.011872 0.023944 0.031432 0.029163 0.036205 0.026022 0.088247 0.251922 0.944393 15.886705 0.940460 0.269026 0.075860 0.055051 0.058465 0.077917 0.062317 0.065034 32.848637 0.070723 0.068043 0.016894 0.048000 0.060033 6.341370 
0.000121 0.000166 0.000489 0.001757 0.004886 0.007965 0.011107 0.010630 0.018906 0.039199 0.044159 27.537043 0.026792 0.021843 0.015911 0.026518 0.035731 0.033780 0.024955 0.025795 0.020119 0.052963 0.219040 0.901260 15.937176 0.929418 0.243119 0.065041 0.038364 0.051649 0.056618 27.566830 0.107200 0.102136 0.055565 0.029482 0.014228 0.020393 0.032932 0.030610 
0.000027 0.000048 0.000157 0.000540 0.001434 0.002486 0.003440 0.005594 0.017270 0.057332 0.138198 31.433432 0.138632 0.057827 0.031835 0.043636 6.314376 0.031295 0.019420 0.011845 0.009235 0.021307 0.066219 0.100684 21.409533 0.112208 0.077717 0.030300 0.027286 0.064454 0.145651 31.421801 0.181164 0.099471 0.037194 0.013566 0.006285 0.007590 0.013423 0.018707 
