0.006525 0.064719 0.487769 19.317822 0.501985 0.076521 0.017183 0.005271 0.001129 0.000168 0.000021 0.000036 0.000471 0.006084 0.064815 0.490554 19.003326 0.831437 0.393352 0.545538 11.137835 0.059015 0.016829 0.002582 0.000295 0.000118 0.000612 0.002717 0.006477 0.006641 0.005637 0.019766 0.071680 10.603900 0.067729 0.015779 0.005136 0.035123 0.340721 3.679750 
0.002425 0.014234 0.036395 29.957819 0.089565 0.067258 0.034792 0.017290 0.004164 0.000657 0.000090 0.000091 0.000412 0.002331 0.014196 0.036744 29.879240 0.920246 0.893651 28.619541 4.019991 0.154791 0.030291 0.003914 0.000428 0.000421 0.002509 0.011014 0.021494 0.037133 0.021190 0.062996 0.394058 4.274046 0.383395 0.038798 0.005733 0.012760 0.047397 6.092149 
0.001387 0.006300 0.028744 0.070691 0.120707 0.135792 32.390957 0.027098 0.009415 0.001624 0.000318 0.000619 0.001692 0.002368 0.005500 0.020996 0.050676 0.085218 2.377756 1.185476 28.161097 0.045654 0.013718 0.002211 0.000391 0.001148 0.006766 0.022058 0.892305 0.156026 0.053857 0.160409 0.419551 4.297729 0.411642 0.057610 0.013952 0.011646 0.028959 0.116081 
0.005953 0.005540 0.021133 0.048324 4.187424 7.947464 1.189072 0.149854 0.018590 0.002428 0.001113 0.004144 0.010787 0.011094 0.005925 0.008451 0.028382 0.066846 19.903807 0.107623 0.065961 0.024431 0.005363 0.000974 0.000390 0.001867 0.011502 0.046451 21.165743 18.937401 18.042547 19.639595 31.911819 17.998407 16.538517 0.107294 0.080264 0.067581 0.026001 0.084845 
0.056959 0.021129 0.079151 0.181872 5.574844 10.581112 1.286807 0.170506 0.030997 0.005838 0.004759 0.019670 0.044362 0.045039 0.022379 0.010433 0.023704 0.087508 15.435763 0.098134 0.034087 0.008334 0.002076 0.001623 0.000971 0.001540 0.007291 0.023937 1.006343 1.406180 19.555012 0.186101 0.063055 0.150551 0.098081 0.129799 0.486005 0.469836 0.044012 0.458967 
0.405482 0.041547 0.477186 0.530365 19.670509 14.631912 14.626293 31.080788 0.030765 0.010404 0.011344 0.044743 6.129890 6.305979 0.046194 0.025730 0.019080 0.045108 8.201684 0.039487 0.013370 0.003643 0.004478 0.008362 0.005734 0.003603 0.006753 0.025252 0.159959 0.210643 28.590803 0.077402 0.038361 0.047350 0.069306 29.668419 20.001066 20.003574 32.474972 20.502851 
7.841104 32.029408 6.322209 6.297515 3.129050 13.144175 0.635175 0.059655 0.022908 0.005822 0.005302 0.025948 0.114005 0.186613 30.041145 0.062353 0.040116 0.045741 0.120930 0.030087 0.007664 0.005736 0.017286 0.025880 0.027801 0.017517 0.024305 0.030013 0.156318 0.657508 16.284456 0.566018 0.073027 0.015553 0.023650 0.038445 0.468341 0.485382 0.232125 2.360254 
7.433735 0.142624 0.477874 0.516167 0.536665 32.185154 0.057704 0.038970 0.017120 0.005754 0.002538 0.011004 0.082278 0.516095 18.783701 0.688007 0.265661 0.078338 0.096538 0.061976 0.015974 0.014723 0.032240 32.419823 0.065591 0.049064 0.110126 0.082278 0.667533 1.209181 16.282368 0.559443 0.068972 0.007842 0.006193 0.016203 0.065995 0.081427 0.213810 2.296873 
6.693758 0.114135 0.070826 0.110865 0.553434 7.604516 0.551002 0.147550 0.034701 0.018295 0.005352 0.007561 0.067361 0.495543 18.773727 2.123848 2.044355 5.523623 0.536877 0.501932 0.037349 0.030076 0.043876 0.110562 1.567028 13.782574 25.881596 19.058825 11.985703 12.000893 29.521463 0.038431 0.014674 0.003384 0.005355 0.011985 0.012027 0.017911 0.051989 6.204612 
2.944267 0.050528 0.024400 0.080531 0.583964 7.583826 0.992409 1.006508 32.401031 0.031600 0.014041 0.005030 0.014916 0.038264 29.309923 6.246320 6.207652 8.551013 8.015046 8.034600 31.059927 0.064995 0.043631 0.095681 2.086416 6.578454 6.430203 0.843082 0.904679 1.571534 0.184770 0.031801 0.006400 0.005555 0.019119 0.037143 0.020212 0.009497 0.021030 0.044830 
0.035734 0.019963 0.015236 0.048918 6.178136 6.216354 0.258766 0.227475 0.499008 0.082692 0.036834 0.008877 0.006131 0.020581 0.046073 0.582831 6.239375 1.440597 1.302534 1.755925 8.787834 0.526083 0.074967 0.110439 26.443838 6.487130 6.435265 0.781197 0.444328 1.589258 0.161154 0.019355 0.004752 0.014741 0.040133 22.312782 0.040850 0.015461 0.006578 0.011116 
0.009217 0.004898 0.006775 0.023570 0.061908 0.101591 0.291422 0.429329 0.481944 15.955000 0.066817 0.021968 0.005304 0.007002 0.022602 0.042359 31.889082 1.405516 1.334391 1.792553 8.768132 0.520207 0.062118 0.042233 0.078625 2.847765 32.116325 0.861275 0.881664 29.795673 0.043850 0.016223 0.008364 0.047846 0.253687 28.093365 0.252758 0.046942 0.006208 0.002154 
0.002527 0.005017 0.010603 0.011292 0.027982 0.063147 6.594531 3.434757 3.417926 2.639775 1.405454 0.028439 0.008708 0.003315 0.011316 0.049024 0.108193 31.639500 8.982630 8.955024 11.118532 0.075380 0.023995 0.018061 0.038061 31.401409 3.065079 31.162579 7.963214 7.753170 0.244658 0.045754 0.009624 0.020369 0.045777 22.358513 0.039912 0.014546 0.002408 0.000478 
0.005766 0.019370 0.036215 0.022775 0.019822 0.053194 6.072750 0.589399 0.567707 0.511861 17.073479 0.062987 0.013686 0.003307 0.010069 0.051311 0.127349 0.857231 0.795629 0.936948 18.682503 0.082808 0.036973 0.012362 0.020124 0.033190 0.225571 0.051058 0.085310 29.578262 0.056477 0.029066 0.014972 0.033732 0.063554 0.056230 0.027821 0.006252 0.000989 0.000304 
0.018293 0.044156 24.965012 0.048762 0.022912 0.034522 0.116536 0.157184 0.584800 0.142708 0.082225 0.028540 0.005667 0.002262 0.008888 0.026388 32.109375 0.839231 0.821845 1.014969 30.092630 0.193251 0.041874 0.023448 0.011279 0.013101 0.034812 0.025844 0.062115 0.100452 0.065437 0.046479 0.039961 0.057451 32.428440 0.030314 0.012849 0.002665 0.000940 0.001649 
0.064028 0.323238 26.874571 0.323008 0.063274 0.030539 0.083866 0.120236 6.860013 0.069349 0.032648 0.008448 0.001571 0.000851 0.004412 0.030472 0.463842 0.808562 1.523275 2.239913 16.660746 8.077124 5.624785 0.028711 0.023710 0.009094 0.009719 0.027892 0.079567 0.073163 0.090613 32.434612 0.053884 0.036450 0.026329 0.017093 0.004725 0.001643 0.004221 0.010793 
0.035153 0.061041 24.980976 0.074136 0.048231 0.055206 0.245503 0.173045 6.257573 0.062067 0.027920 0.007631 0.001626 0.000453 0.001913 0.030524 0.440247 1.355677 3.779459 4.072989 15.109282 13.509335 8.223915 0.111175 0.035974 0.023327 0.014728 0.032120 32.432392 0.062291 0.044839 0.041681 0.024420 0.010210 0.008879 0.004196 0.001582 0.004223 0.019614 0.044499 
0.063230 0.053837 0.057226 0.049179 0.074336 17.937950 25.733625 19.781075 0.153027 0.085050 0.045358 0.021569 0.006430 0.001923 0.010196 0.175257 0.964990 3.801411 5.850596 8.966544 17.300606 18.708271 9.040763 3.506194 15.761207 0.038960 0.025636 0.019901 0.027855 0.024033 0.016424 0.024273 0.010142 0.002889 0.001727 0.000842 0.001710 0.010786 0.045125 6.199914 
3.280985 0.059569 0.031619 0.077708 0.559093 15.150596 3.248918 2.424381 0.292492 0.308817 32.431408 0.038571 0.021139 0.014781 0.074629 0.665766 1.651103 3.845592 7.603355 10.762678 18.151136 26.039848 14.898755 6.367909 2.909055 2.151825 0.240792 0.016542 0.010462 0.011675 0.025002 0.052244 0.021529 0.005040 0.000953 0.000405 0.002288 0.020278 0.199785 2.208055 
3.246065 0.046627 0.019097 0.071360 0.550585 15.164578 3.200880 2.422289 0.314443 0.098335 0.061332 0.053772 0.038316 0.186673 0.431059 0.829761 1.592630 8.610987 12.001174 13.983761 19.231991 23.633627 12.975440 6.476624 3.063416 2.200032 0.317631 0.023087 0.009542 0.023760 0.052077 18.471779 0.041429 0.013266 0.002262 0.000982 0.005288 0.032718 0.222042 2.266683 
0.037324 0.018376 0.007310 0.019901 0.044193 28.178469 18.278471 18.286964 30.141590 0.065836 0.043849 0.060935 30.881594 5.024030 4.989618 5.646409 9.334166 11.889396 16.446793 17.840340 30.085434 26.854303 25.496519 20.010679 12.213803 3.787820 0.029016 0.023766 0.028672 0.048837 0.258986 22.575596 0.177762 0.034485 0.004717 0.002054 0.009421 0.031361 29.961842 18.996748 
0.009320 0.004439 0.006552 0.027446 0.062118 0.182806 0.558486 0.508259 0.037840 0.023771 0.012653 0.022357 0.025584 0.212894 0.733775 2.241379 4.778147 8.252789 9.725607 12.674504 16.430914 21.008242 15.300038 9.223976 5.768099 2.874033 0.410632 0.090652 0.114555 14.555693 22.445646 14.497449 0.038650 0.013751 0.002670 0.002302 0.010484 0.041112 0.107842 0.534705 
0.001725 0.002046 0.008778 0.026325 32.418667 0.156739 0.117409 0.075911 0.015629 0.005340 0.002415 0.004703 0.008441 0.017869 0.166222 0.907732 3.292000 3.502892 6.465398 11.043242 15.144282 19.109116 16.337227 8.645431 5.888093 2.932002 0.467739 0.215041 0.353991 22.557055 0.309371 0.097133 0.042819 0.012212 0.004187 0.007135 0.024530 0.059989 0.085764 0.118705 
0.001865 0.001624 0.007655 0.044988 0.168579 19.144211 0.047673 0.022237 0.005188 0.001174 0.000376 0.000701 0.001414 0.001343 0.016589 0.224787 1.046299 2.258564 2.842407 12.154276 11.242790 11.048452 23.009422 8.960088 9.454462 11.866788 6.148602 0.433600 0.396672 18.552792 0.100495 0.072087 0.064778 0.040160 0.024468 0.023163 0.042316 32.070911 0.388755 0.401418 
0.010818 0.005022 0.006922 0.042168 0.191592 25.346622 0.201126 0.051917 0.009804 0.001539 0.000218 0.000098 0.000173 0.000111 0.001002 0.022063 0.253385 1.805956 1.678339 13.523816 6.439682 5.943624 15.558665 0.399358 0.392985 5.550117 0.241653 0.261818 32.378986 0.073899 0.058531 0.080781 29.962734 0.237562 0.215343 0.042760 0.570360 4.846428 6.626349 3.581573 
0.044103 0.023092 0.009992 0.024043 0.053742 24.252445 0.119532 0.080965 0.023828 0.004902 0.000754 0.000117 0.000044 0.000035 0.000187 0.001819 0.021279 0.158087 0.164602 5.970629 2.477153 2.584787 16.414083 0.341973 0.205583 0.106547 0.164478 0.319688 0.053423 0.039292 0.077829 0.501387 19.135073 2.407841 2.416770 32.084301 5.403058 5.366380 6.573522 3.750665 
6.087380 0.070982 0.037902 0.112030 0.527975 6.606308 6.525262 10.424645 0.041872 0.012440 0.002462 0.000691 0.000266 0.000205 0.000877 0.004107 0.010942 0.015414 0.033510 0.032356 1.284204 1.363704 19.877413 0.251124 0.120153 0.081988 0.096124 1.037142 0.035149 0.020050 0.068721 0.490777 19.141939 0.674014 0.258055 0.036367 0.418864 0.454258 0.379050 6.511732 
4.782834 0.143280 0.100467 0.563461 1.025933 6.608832 6.827155 18.213581 0.121333 0.027457 0.009705 0.006457 0.002239 0.001320 0.004312 0.019675 0.044397 0.021995 0.011095 0.024977 0.212635 0.504421 0.781223 19.732145 0.529664 0.503118 0.380344 28.711288 0.049878 0.015997 0.017284 0.039485 29.957705 0.054582 0.032365 0.016892 0.049333 0.070689 0.243918 2.222764 
4.905626 10.504881 13.892765 7.291398 7.303437 20.117676 12.657540 9.077609 0.066825 0.033835 0.067991 0.065012 0.014287 0.006374 0.012222 0.045981 6.215561 0.052866 0.019181 0.032444 0.235049 0.813229 0.997449 25.325809 5.734911 5.739923 27.197021 0.323164 0.022858 0.010333 0.010528 0.025344 0.049954 0.023746 0.011354 0.012357 0.015572 0.045591 0.265937 2.279490 
1.952325 8.164978 0.617505 0.563424 0.528209 0.227310 10.278914 2.761758 0.086820 0.055736 0.490703 0.487004 0.036552 0.021179 0.017260 0.050972 6.220062 0.065730 0.032071 0.057120 18.167915 14.019553 14.016326 18.052599 0.483125 0.457451 0.076560 0.055562 0.032988 0.023162 0.054839 0.058629 0.028064 0.016068 0.023681 0.029739 0.037359 0.059339 29.970394 18.960262 
2.151906 8.183986 0.533068 0.106101 0.071181 0.107167 23.426517 0.463417 0.488539 30.101265 19.369038 19.368610 29.912182 0.041120 0.019135 0.023726 0.045596 0.028788 0.047462 0.209107 26.328419 0.783328 0.627324 0.050768 0.056670 0.044209 0.026687 0.042852 0.060257 0.091635 0.522093 0.519744 0.047793 0.040513 0.057933 32.435757 0.054846 0.037425 0.036970 0.485217 
8.860262 30.486923 0.041089 0.017994 0.011834 0.028392 0.055960 0.110883 0.112507 0.037859 0.489365 0.506299 0.120181 0.058954 0.028236 0.010292 0.011999 0.011943 0.029138 0.054962 19.572634 0.133872 0.108033 0.025105 0.009751 0.008865 0.025105 0.059591 4.371943 17.480619 9.221876 9.235184 31.749868 0.056499 0.037016 0.027288 0.021620 0.010286 0.014748 0.064603 
8.265187 0.075778 0.029737 0.007069 0.004826 0.012150 0.019413 0.019657 0.018374 0.015958 0.067136 0.080336 0.097625 32.428852 0.027359 0.009919 0.007815 0.021629 0.050783 0.059028 0.081539 0.071763 0.125224 0.032536 0.009888 0.010530 0.028008 32.424339 0.124284 0.111313 0.527946 0.514147 0.033257 0.023022 0.011542 0.009900 0.005009 0.001921 0.002319 0.006092 
5.773669 0.047009 0.014666 0.005227 0.012469 0.028499 0.039569 0.016938 0.008472 0.005026 0.007641 0.011040 0.022961 0.025636 0.016757 0.006345 0.015105 0.037060 30.711271 0.077981 0.055974 0.073411 32.432571 0.045866 0.024366 0.012218 0.024469 0.052147 0.047962 0.042486 0.060185 0.053684 0.013555 0.009328 0.010518 0.007281 0.003220 0.001064 0.000489 0.000663 
0.042810 0.020033 0.005775 0.007728 0.024499 1.057420 0.147096 0.044405 0.028517 0.013205 0.005477 0.002692 0.004708 0.008195 0.004474 0.007117 0.067558 0.545000 16.204407 0.579086 0.094606 0.042586 0.059029 32.429279 0.045377 0.027904 0.030059 0.034662 0.050172 0.083076 0.030707 0.010407 0.007649 0.018748 0.028027 0.026128 0.012822 0.005139 0.001781 0.001820 
0.010582 0.004363 0.002652 0.010529 0.037601 13.809753 27.971664 13.610128 0.059261 0.030663 0.019417 0.006394 0.002062 0.001655 0.001129 0.006365 0.067668 0.546264 16.188145 0.729616 0.120490 0.039710 0.040625 0.068804 0.069683 0.057707 0.101416 0.065660 0.109309 8.780763 0.059285 0.018232 0.017899 0.035421 32.420452 0.048278 0.030357 0.022019 0.009948 0.011611 
0.001604 0.000734 0.001252 0.006849 0.023606 1.049778 0.146005 0.047042 0.064813 32.429848 0.038830 0.021364 0.006313 0.001422 0.000598 0.002807 0.016153 0.041093 17.711103 26.062401 19.646252 0.055726 0.030095 0.050998 1.784615 12.432849 24.761877 15.768716 4.767547 3.213270 0.056277 0.032193 0.042837 0.053303 0.094178 0.112673 32.420067 0.057046 0.039499 0.045491 
0.000183 0.000111 0.000405 0.002523 0.011197 0.022128 0.036809 0.019462 0.030795 0.045438 0.048603 0.043304 0.019979 0.004897 0.001687 0.004964 0.015375 0.024654 0.043356 0.200430 0.039577 0.023773 0.038080 0.332351 3.695196 0.387233 0.127158 0.048571 0.082524 0.054192 0.051309 0.054196 0.072107 32.425743 0.076115 0.058530 0.027492 0.037621 0.071525 6.247858 
0.000017 0.000015 0.000083 0.000532 0.002354 0.005508 0.005832 0.003950 0.008811 0.027997 0.050235 29.948177 0.037055 0.014857 0.006509 0.020901 0.048915 0.026497 0.018858 0.038852 0.013720 0.007645 0.033849 0.332536 3.729330 0.356123 0.055671 0.017630 0.022342 0.030281 0.052547 29.945162 0.123491 0.100957 0.032161 0.013875 0.009952 0.009860 0.024774 0.046935 
0.000001 0.000002 0.000013 0.000087 0.000386 0.000920 0.000798 0.000996 0.007168 0.067494 0.491775 19.305752 0.490617 0.067048 0.017901 0.051361 6.222275 0.047639 0.013889 0.007007 0.002853 0.002877 0.014894 0.063600 10.103416 0.067455 0.018717 0.005273 0.009632 0.067840 0.492316 19.277630 0.512007 0.083631 0.012795 0.002936 0.001999 0.001896 0.005436 0.013150 
