0.022577 0.057237 0.136817 31.446331 0.221610 0.141426 0.067740 0.164073 0.343278 1.152417 3.269796 5.870164 11.247886 15.922990 23.592709 25.818495 28.734655 31.469084 32.872631 32.859730 32.754166 32.422913 31.565336 29.475815 25.954302 20.533012 14.945086 9.853089 5.982575 3.471744 1.188969 0.567371 0.605968 24.622847 0.165652 0.128584 0.095482 0.187659 0.578061 5.740620 
0.015036 0.028476 0.033422 27.501192 0.162710 0.157722 0.070101 0.652849 1.279497 2.442576 4.770040 7.617613 13.024608 17.620373 24.974564 26.247833 29.851332 32.723198 32.869015 32.858505 32.757198 32.546673 31.689556 30.071960 26.961151 22.189024 17.003242 12.143729 8.403893 6.288282 2.935001 2.083672 2.201307 20.093252 0.831850 0.278724 0.111146 0.095318 0.107701 6.287248 
0.017818 0.032046 0.069476 0.126409 0.172004 0.173597 27.249756 3.019484 3.025184 4.312457 6.898966 10.306377 15.758781 20.275187 26.394897 28.588911 31.278315 32.182663 32.678349 32.887440 32.768635 32.512871 32.033058 30.489397 27.841087 23.433308 18.448826 13.473055 8.978190 5.577802 3.022116 2.136829 2.206403 20.058872 0.839268 0.299181 0.125580 0.089240 0.116093 0.207372 
0.039661 0.056717 0.113755 0.121373 2.521086 4.163644 18.026274 11.331167 9.600357 9.908093 12.038259 14.878969 19.870211 24.021414 28.502285 30.420698 31.914711 32.388046 32.744064 32.881733 32.831760 32.674599 32.302364 31.242929 29.404493 26.269781 22.565113 18.926556 13.612556 11.941751 13.968401 12.191842 23.754017 10.354167 8.948841 0.144885 0.138210 0.118008 0.122161 0.195807 
0.107020 0.118729 0.279834 0.293763 2.178898 9.431964 17.799322 11.843098 13.600286 15.430649 17.852261 20.918064 24.229908 26.761467 29.993782 31.522835 32.379845 32.626244 32.819736 32.887020 32.860752 32.776543 32.557789 31.989792 30.967396 29.002541 26.647848 24.349541 18.497766 13.756468 16.169403 22.548365 28.047186 20.421951 14.508405 0.155855 0.189948 0.169426 0.125471 0.258143 
0.254448 0.121803 0.515443 0.521725 9.474062 24.822958 24.727509 21.610271 20.457308 20.983236 23.126728 25.510733 27.731236 30.385656 30.976505 31.970079 32.571579 32.722191 32.850449 32.892139 32.881302 32.843159 32.740707 32.450485 31.844465 30.914305 29.777239 28.975100 29.584810 26.369995 28.022118 29.418825 28.426439 25.556656 25.036573 31.311096 31.189671 31.236326 32.817455 30.275177 
7.192332 28.896038 3.357274 3.329083 7.242777 22.901638 25.138784 31.777708 25.457787 25.706793 27.222322 28.769987 30.486046 31.286707 32.081558 32.572979 32.768528 32.819035 32.877983 32.895054 32.889118 32.864918 32.796486 32.616344 32.594566 32.153828 31.809975 31.998449 32.170982 31.150124 29.174194 25.840998 19.078970 12.212555 8.226305 3.301211 1.150488 0.552946 0.872699 6.882008 
7.838028 21.211864 10.677991 7.435421 7.722323 19.576656 31.538364 31.888382 30.034914 29.830534 30.402697 31.055555 31.883427 32.186981 32.676914 32.796741 32.857594 32.868446 32.892773 32.897873 32.895695 32.886890 32.871765 32.782749 32.689682 32.581818 32.554192 32.443207 32.156296 31.176800 29.267805 25.405167 18.112650 12.277237 7.936116 3.265718 1.101762 0.500376 0.869210 6.849230 
19.069767 21.353863 24.677895 27.768112 26.626400 21.563450 26.456491 29.823914 30.686487 31.381430 31.820711 32.143520 32.487175 32.643173 32.779514 32.848980 32.880135 32.886620 32.900082 32.898987 32.897942 32.895985 32.893044 32.886326 32.821014 32.790821 32.770836 32.719551 32.574654 32.376667 28.494583 22.279526 20.721872 13.120619 8.492221 3.890587 1.658540 0.516917 0.527938 6.753912 
4.758780 7.211533 11.401445 11.916769 14.328084 19.258141 26.881094 27.965591 31.601242 32.568619 32.565395 32.639309 32.753960 32.801472 32.853268 32.883675 32.894054 32.896206 32.902008 32.901276 32.902134 32.899464 32.899002 32.895508 32.875195 32.885742 32.837177 32.750168 32.401226 31.431570 29.199594 24.495440 20.783001 13.101769 8.469935 3.992999 2.166687 0.644072 0.207447 0.204887 
0.309209 1.539154 7.218223 8.348504 11.152350 17.972906 23.134180 30.124893 31.071585 32.168125 32.675117 32.801693 32.848991 32.864296 32.887016 32.896881 32.897717 32.899632 32.902714 32.902691 32.903271 32.901325 32.901249 32.900749 32.890850 32.880814 32.855080 32.764572 32.458401 31.731140 30.414833 27.555603 24.620775 19.542730 17.631859 10.629202 1.759435 1.664481 0.610253 0.193825 
0.280834 1.205673 6.360438 8.579108 12.974555 18.871975 23.601053 28.640600 30.557751 31.877638 32.636890 32.832943 32.879852 32.887619 32.895432 32.898148 32.902771 32.901844 32.903378 32.903545 32.903694 32.902557 32.902496 32.901211 32.896046 32.890434 32.879692 32.832722 32.846733 32.013695 30.838196 29.849159 26.776117 22.280182 17.213913 8.731522 4.123736 3.869130 1.920296 1.023682 
0.452821 1.529857 5.472065 8.525283 14.284484 18.912205 24.009666 29.085718 31.134642 32.137718 32.649887 32.829979 32.882206 32.894016 32.898689 32.900223 32.901699 32.903904 32.904221 32.904137 32.904209 32.903358 32.903313 32.902706 32.900261 32.899841 32.900463 32.826672 32.689209 32.535313 31.947437 31.338261 29.774799 27.523497 25.725874 14.076696 7.186928 6.949955 3.977225 2.764130 
0.856013 2.017109 5.500922 8.564489 14.547723 19.293966 24.793106 28.940155 31.393066 32.210892 32.642124 32.832947 32.883499 32.896484 32.900017 32.902084 32.902328 32.903553 32.904236 32.904430 32.904556 32.904003 32.903969 32.903568 32.902180 32.900787 32.895824 32.882030 32.830486 32.736832 32.441002 32.122570 30.774343 28.798426 25.011381 17.225960 12.451736 11.781063 8.368083 7.078134 
2.080630 2.131253 13.073531 18.524727 21.018927 23.802807 27.568064 30.218500 31.778849 32.447521 32.743889 32.850716 32.885700 32.896343 32.900578 32.901699 32.904099 32.904587 32.904667 32.904625 32.904568 32.904331 32.904285 32.903957 32.902637 32.901154 32.897797 32.890156 32.866894 32.801281 32.627766 32.394238 32.393154 32.029701 26.954634 18.400902 17.701710 16.143934 12.214383 10.706310 
3.512619 3.552648 9.128213 16.827915 22.811096 26.795305 29.647141 31.257071 32.236832 32.671467 32.818192 32.872112 32.891235 32.897797 32.900970 32.902245 32.903465 32.904156 32.904533 32.904678 32.904667 32.904579 32.904594 32.903767 32.902927 32.901276 32.898746 32.893833 32.883461 32.876034 32.824078 32.676598 32.212528 31.848740 29.534082 24.361008 24.221878 22.568174 19.476994 18.348476 
8.949143 8.962029 15.846071 26.142582 29.238037 29.560545 31.321186 31.986031 32.540398 32.770931 32.856541 32.885422 32.895531 32.899391 32.901585 32.902756 32.903637 32.904213 32.904556 32.904675 32.904716 32.904659 32.904564 32.904125 32.903721 32.903381 32.902031 32.901005 32.898087 32.887089 32.870884 32.781845 32.511158 32.014584 30.534996 28.280210 27.954887 26.227802 23.482759 21.664532 
13.830153 14.120491 20.895002 27.264277 29.949886 31.402405 32.184761 32.516754 32.749233 32.850521 32.874119 32.890064 32.896885 32.899986 32.901855 32.903015 32.903793 32.904312 32.904594 32.904686 32.904728 32.904716 32.904686 32.904564 32.904575 32.903961 32.903324 32.902145 32.899731 32.893589 32.880203 32.831791 32.699631 32.403000 31.660511 30.638046 30.313316 29.122398 27.429626 25.961847 
17.745405 18.078220 22.896143 27.693417 30.419529 32.016979 32.547230 32.771965 32.851254 32.873177 32.893520 32.898579 32.900433 32.901733 32.902794 32.903557 32.904140 32.904476 32.904648 32.904705 32.904728 32.904736 32.904724 32.904716 32.904572 32.904224 32.903568 32.902439 32.900654 32.897484 32.891006 32.872913 32.831833 32.720139 32.488003 32.163353 32.028290 31.556145 31.010084 30.169199 
25.407885 24.838820 27.433449 30.197802 31.995523 32.445580 32.696159 32.823021 32.870712 32.884418 32.896305 32.901081 32.901474 32.902279 32.903099 32.903755 32.904404 32.904675 32.904694 32.904716 32.904732 32.904732 32.904716 32.904686 32.904587 32.904339 32.903751 32.902744 32.901295 32.899017 32.895100 32.884853 32.858921 32.803379 32.683891 32.524166 32.431992 32.158855 31.855034 32.148422 
32.832348 32.497532 32.343529 32.781437 32.828632 32.845791 32.864803 32.880005 32.894184 32.897198 32.901226 32.902401 32.904305 32.904541 32.904617 32.904671 32.904705 32.904716 32.904728 32.904732 32.904732 32.904732 32.904724 32.904705 32.904675 32.904675 32.904388 32.904083 32.903442 32.902500 32.901409 32.898792 32.893154 32.881783 32.860115 32.837337 32.835995 32.814396 32.831779 32.885983 
32.836960 32.839386 32.849449 32.854946 32.843704 32.861824 32.876663 32.886555 32.894478 32.898369 32.900135 32.901562 32.902039 32.902786 32.903469 32.903996 32.904346 32.904564 32.904678 32.904716 32.904732 32.904732 32.904716 32.904686 32.904606 32.904396 32.903984 32.903397 32.902637 32.901890 32.900242 32.899254 32.896473 32.894695 32.891815 32.889072 32.885700 32.882664 32.879734 32.880245 
32.828106 32.831059 32.844715 32.845959 32.879253 32.896896 32.898125 32.896328 32.895683 32.896912 32.898472 32.899788 32.901184 32.902264 32.903107 32.903748 32.904186 32.904469 32.904697 32.904701 32.904728 32.904736 32.904720 32.904678 32.904583 32.904373 32.903950 32.903366 32.902508 32.901550 32.900230 32.898712 32.896713 32.894638 32.891918 32.889107 32.885746 32.882702 32.879280 32.878830 
32.831100 32.834877 32.844032 32.851654 32.838406 32.821384 32.819405 32.860615 32.879326 32.887993 32.893429 32.896877 32.899147 32.900738 32.902012 32.903011 32.903717 32.904217 32.904587 32.904636 32.904728 32.904728 32.904701 32.904678 32.904480 32.904408 32.903980 32.903328 32.902672 32.902054 32.900230 32.899086 32.897118 32.890884 32.894676 32.892204 32.823242 32.838989 32.875198 32.874783 
32.837116 32.842056 32.848419 32.857224 32.819324 32.749260 32.739773 32.823631 32.852825 32.870121 32.883953 32.892033 32.896511 32.899067 32.900928 32.902271 32.903248 32.903904 32.904228 32.904499 32.904610 32.904686 32.904686 32.904423 32.904179 32.903900 32.903099 32.902702 32.903343 32.900761 32.897900 32.887867 32.855045 32.801842 32.770668 32.742218 32.244419 32.056641 32.877594 32.868362 
32.667164 32.524197 32.647491 32.158192 31.877491 31.821623 32.251469 32.659950 32.745808 32.809406 32.856716 32.880741 32.891678 32.896572 32.899513 32.901337 32.902664 32.903442 32.903885 32.904377 32.904419 32.904564 32.904499 32.904133 32.903706 32.903004 32.901825 32.900158 32.897861 32.896759 32.883961 32.851227 32.761330 32.596653 32.344570 31.505049 31.584064 31.539900 32.432354 32.459576 
30.581457 30.992937 30.804192 28.564320 28.704729 29.596582 31.117760 32.233047 32.446945 32.647812 32.788837 32.855518 32.882397 32.892799 32.897827 32.900349 32.902046 32.902843 32.903477 32.903584 32.904087 32.904354 32.904419 32.903629 32.903210 32.902809 32.901840 32.900028 32.895943 32.891933 32.877239 32.819164 32.628674 32.099537 31.263987 28.769407 28.153902 28.146322 30.171202 23.763163 
29.013559 29.734615 28.530773 24.446033 24.762720 27.149187 30.028881 31.682890 31.779358 32.295486 32.648300 32.805794 32.865372 32.886852 32.895786 32.899326 32.901398 32.902103 32.902637 32.903076 32.903854 32.904095 32.903725 32.902813 32.901840 32.901382 32.902409 32.896927 32.890068 32.880974 32.835609 32.718151 32.232208 31.568665 30.757601 27.655344 23.385454 23.818438 27.510605 16.992477 
28.976732 29.673229 24.602758 20.087046 21.100498 21.119965 25.611532 29.960646 30.212778 31.556595 32.381691 32.715965 32.835388 32.877354 32.893372 32.898235 32.900894 32.901001 32.901810 32.902363 32.903450 32.903671 32.903042 32.900970 32.900146 32.898853 32.897228 32.890526 32.884731 32.853928 32.719059 32.234486 31.151890 30.400719 28.942499 24.543184 18.333910 18.516691 28.015255 14.165173 
27.049471 28.781462 14.883332 14.288217 16.014696 14.491748 20.487831 26.080612 27.335745 30.510918 32.074471 32.592396 32.796799 32.867622 32.891987 32.897480 32.899353 32.899628 32.900730 32.901661 32.903191 32.903194 32.903236 32.899734 32.897980 32.895432 32.891869 32.887077 32.875423 32.851753 32.694530 32.000805 30.115910 27.163469 27.577124 22.973778 11.858200 11.823490 14.898617 6.430300 
26.938385 28.788113 11.758104 9.229758 9.259732 10.919023 17.810659 22.123192 23.619551 28.661333 31.988585 32.376144 32.625237 32.876957 32.896061 32.896088 32.897232 32.897934 32.899609 32.901173 32.902267 32.902645 32.901432 32.896290 32.896011 32.892517 32.888454 32.877800 32.853901 32.833424 32.706985 31.986696 28.587734 22.563150 22.397985 22.990610 7.390590 7.141076 4.346759 3.358924 
28.373432 28.823538 2.755453 2.777163 3.956253 8.609552 11.349929 15.819923 22.417135 27.210102 29.879616 31.887751 32.295929 32.724480 32.891628 32.892685 32.894993 32.895744 32.898670 32.900177 32.902138 32.902039 32.900005 32.891232 32.888103 32.882011 32.874737 32.866016 32.786072 32.762703 32.670036 32.448566 26.985268 17.478121 16.399973 10.852371 17.338600 5.375400 4.309465 3.159420 
20.945866 0.146556 0.559534 1.207443 2.365595 5.692542 10.172583 15.999331 21.894934 26.795816 29.758978 31.842859 32.171597 32.730618 32.881977 32.886658 32.891426 32.892792 32.897659 32.899876 32.900848 32.901001 32.897308 32.881493 32.872189 32.851776 32.818836 32.756718 32.638084 32.585464 32.404449 30.913836 25.980597 20.483995 13.391747 10.429898 6.169221 2.495704 1.056084 0.385393 
5.536314 0.134602 0.123635 0.380171 0.922247 4.715243 9.470182 15.257274 21.215244 26.182133 29.659222 31.444519 32.452385 32.719280 32.845032 32.872261 32.885025 32.888649 32.897522 32.898209 32.899746 32.898987 32.888718 32.864796 32.830315 32.784191 32.645336 32.404644 32.514240 32.263996 32.072773 31.649073 25.296373 18.329140 12.132611 7.776130 5.760569 1.212920 0.298485 0.042074 
0.024648 0.032216 0.027810 0.083430 0.129458 4.782052 11.233402 16.642899 19.468531 25.039589 28.850620 31.308481 32.273079 32.640415 32.798233 32.838028 32.869598 32.884052 32.890285 32.894234 32.897839 32.890453 32.865818 32.845825 32.728802 32.663342 32.486797 32.234482 31.668362 31.414183 31.137028 31.961763 29.038605 19.014273 11.904903 6.657577 5.434935 0.628769 0.086808 0.013052 
0.013774 0.012349 0.011724 0.019693 0.026974 8.204047 7.508152 10.761880 5.871918 21.622143 24.824917 27.411806 30.956951 31.953777 32.565865 32.717560 32.829308 32.866787 32.886608 32.892948 32.897896 32.873749 32.816765 32.691097 32.608204 32.173512 31.809048 31.035618 30.031221 29.602266 29.594166 31.037621 31.513887 31.499601 21.082699 5.460342 5.457953 0.372837 0.066042 0.023777 
0.004480 0.004378 0.006069 0.013321 0.021142 0.867278 0.158776 0.239523 0.241254 13.418040 12.752816 17.179596 27.140816 30.326593 32.029804 32.419518 32.737221 32.838867 32.878624 32.890728 32.898544 32.857372 32.785610 32.595043 32.173222 31.517229 30.975101 29.310070 28.055292 27.027443 27.380463 29.777035 28.971172 24.521374 0.098511 0.101531 31.817572 0.072747 0.070163 0.035584 
0.001220 0.001460 0.002937 0.008031 0.018640 0.020461 0.121688 0.232939 0.240826 0.070400 0.092700 9.218785 22.520853 27.144623 30.735977 31.609024 32.387955 32.765186 32.860775 32.887428 32.892651 32.818886 32.672897 32.351955 31.792164 31.025927 30.288622 28.367704 27.816320 25.774603 25.987823 29.617781 23.406271 17.640572 0.094288 0.092840 0.030398 0.066414 0.078364 6.362216 
0.000308 0.000460 0.001155 0.003310 0.007711 0.012116 0.021758 0.031466 0.046805 0.069106 0.070892 10.040674 19.854807 22.576250 28.311127 30.013248 31.668751 32.567757 32.818233 32.880169 32.890717 32.817516 32.666092 32.315189 31.635317 30.627035 29.810566 27.376898 25.987801 24.028484 24.027250 26.020739 0.159945 0.147425 0.088691 0.051417 0.027838 0.034772 0.048192 0.042534 
0.000089 0.000163 0.000461 0.001318 0.003012 0.005012 0.007562 0.012569 0.030354 0.085201 0.097078 3.026100 9.354801 15.865053 24.802765 27.453604 30.311426 32.298096 32.772263 32.878159 32.892017 32.825699 32.645203 32.175911 30.981728 29.381126 28.599623 25.259542 23.564610 20.991512 21.014664 16.465601 0.180221 0.145990 0.068571 0.030894 0.016453 0.017473 0.025097 0.030714 
