0.019790 0.053731 0.133518 31.442879 0.206359 0.125992 0.052408 0.018933 0.006104 0.001917 0.003534 0.050549 0.516256 1.585973 8.649091 9.150734 17.631126 30.807703 27.606354 21.680305 16.340551 12.215762 11.472523 5.641354 3.875481 2.555939 1.269441 0.667133 0.059912 0.032812 0.052146 0.114105 0.152815 25.623339 0.149466 0.110817 0.080132 0.172459 0.562831 5.722698 
0.012309 0.024912 0.029859 27.511351 0.146715 0.141727 0.055066 0.026501 0.011548 0.007911 0.044867 0.325711 1.272256 2.714792 9.928042 10.277107 21.574154 31.710114 31.125471 22.503586 16.240995 15.517741 13.350117 7.524352 5.534098 4.106311 2.642581 1.502647 0.101129 0.075175 0.098852 0.279739 0.861443 21.549433 0.837601 0.258424 0.094189 0.080351 0.092754 6.270257 
0.013995 0.026345 0.060718 0.114914 0.156854 0.159397 32.837231 0.054035 0.051356 0.099314 0.397577 1.185807 2.708933 4.700291 11.744767 13.282300 21.870352 27.277315 32.299591 30.220314 21.380926 17.109556 16.406445 10.914292 9.152198 7.302876 5.245418 3.300332 0.560902 0.096724 0.108695 0.300275 0.866354 21.523293 0.848407 0.278170 0.107186 0.072849 0.097400 0.181812 
0.033143 0.047349 0.101496 0.109887 2.829149 9.654812 0.711409 0.332831 0.497624 0.822372 1.581612 2.616767 5.245047 8.241771 15.333969 17.992067 24.047760 27.470243 32.513111 29.325182 26.726954 21.583107 20.887728 15.929548 13.619717 11.758937 9.800179 8.608594 4.794537 6.380037 11.841654 12.636855 32.466320 14.294000 13.690015 0.130206 0.120181 0.100494 0.101885 0.170213 
0.097380 0.105927 0.292930 0.311150 3.288171 12.473186 0.728831 0.337932 0.879927 1.684906 3.233293 6.023764 7.773085 10.289667 16.976908 21.609846 26.672375 29.201029 32.736526 30.322140 28.575453 25.468063 24.641476 20.757874 19.754692 17.727938 15.587924 15.019183 17.850798 7.619058 8.255506 0.377323 0.359214 0.132573 0.121433 0.135047 0.174731 0.154862 0.105199 0.232568 
0.254705 0.109367 0.904232 0.914439 28.359432 17.436678 16.991072 29.807968 6.311267 6.185578 6.935322 9.156518 11.929794 18.888313 18.536024 22.911274 27.873369 29.646519 32.615685 31.438013 30.628202 28.966476 28.698805 26.724306 24.358686 22.777790 21.358522 22.049179 22.792976 28.338100 2.822111 0.356719 0.354414 0.106632 0.111308 24.862881 31.918089 31.920107 32.826370 30.274057 
7.743684 32.784290 17.747482 17.738098 2.597203 17.608019 21.695770 22.893307 24.676813 21.374838 15.935399 15.715507 19.078737 20.824429 25.725584 28.326359 30.352173 31.070763 32.709530 32.146236 31.808746 30.956007 30.267834 27.573816 28.981270 28.029161 26.445784 23.426989 14.780519 8.519500 4.188435 1.470382 1.311889 0.198905 0.059654 0.053958 0.170194 0.340038 0.787332 6.832142 
7.591741 0.610696 1.203523 1.618091 1.611754 29.085629 22.906263 22.910368 24.667835 26.490023 26.507145 25.114403 26.342726 26.592192 30.546867 31.251534 31.959620 32.104492 32.803162 32.609406 32.503757 32.078941 31.928284 30.381302 30.314209 29.955370 28.531389 22.423122 14.614015 8.552634 4.331376 2.880431 2.433111 0.519013 0.126781 0.049246 0.115747 0.284855 0.783788 6.798705 
7.160228 0.604053 0.590336 1.136942 1.223986 14.033469 24.816496 24.677389 24.739611 26.561605 28.131275 28.800079 29.748999 30.481762 31.338913 31.980259 32.452866 32.544617 32.885937 32.739285 32.668106 32.593098 32.560627 32.855843 31.738529 31.548279 30.206339 27.738861 23.378960 21.914045 13.976008 4.367881 4.304373 1.678560 0.765998 0.087557 0.053765 0.094665 0.107258 6.296695 
2.969893 0.297677 0.290081 0.752618 0.973787 13.763081 26.013792 26.029844 31.181412 30.195637 30.392776 30.841442 31.480232 31.770269 32.237881 32.622345 32.771324 32.780163 32.888378 32.840115 32.810604 32.791531 32.786335 32.862576 32.486984 32.662365 31.751713 30.568792 27.512424 22.605675 16.112555 7.201821 6.490866 2.674727 1.119432 0.092224 0.036271 0.038430 0.043633 0.028044 
0.030845 0.087644 0.096381 0.102576 2.171763 11.052137 29.760740 29.151638 22.823866 28.606033 30.957333 31.703581 32.220043 32.392097 32.704559 32.849018 32.838219 32.859940 32.894722 32.883751 32.890530 32.863461 32.862522 32.893604 32.698120 32.496502 31.995340 30.636732 27.725161 23.127075 18.066669 11.918674 10.723788 6.868532 6.370253 12.779407 0.031556 0.026298 0.019346 0.016232 
0.020779 0.030528 0.058412 0.367430 4.866191 5.243053 8.363050 18.913139 21.599133 26.967638 31.720062 32.325138 32.608723 32.694756 32.816605 32.850830 32.886856 32.886940 32.898579 32.897022 32.898075 32.888359 32.888206 32.891396 32.812130 32.703613 32.413200 31.512686 31.890404 25.817259 19.190670 17.609316 15.199550 11.264172 10.013895 6.127746 0.074013 0.062118 0.015116 0.007096 
0.012486 0.018762 0.078431 0.835310 4.933865 5.202250 9.139411 19.067030 23.339958 27.170282 30.877493 32.297482 32.698673 32.797859 32.859138 32.876991 32.888237 32.898338 32.901989 32.901295 32.900856 32.896545 32.896481 32.898716 32.877621 32.849007 32.880783 31.711332 29.941555 28.749361 24.241104 22.971481 21.624773 18.837534 19.828381 8.895126 0.390693 0.391259 0.069075 0.007702 
0.017992 0.027222 0.083273 1.181915 5.702776 6.150102 10.429824 16.805206 24.346363 27.253082 30.114603 32.126019 32.725643 32.848179 32.877998 32.891659 32.892471 32.898361 32.901917 32.902832 32.902908 32.900440 32.900467 32.901150 32.894531 32.878822 32.809540 32.590595 31.740622 31.037842 28.972664 28.289965 25.401388 22.381294 17.881290 4.617932 2.184574 1.697085 0.515147 0.083099 
0.040219 0.045395 16.255939 7.937940 9.139867 9.238570 13.449759 18.952513 24.849354 28.462181 30.951736 32.153507 32.654652 32.829422 32.883015 32.891647 32.899586 32.903568 32.904160 32.903851 32.903408 32.902115 32.901978 32.901970 32.897514 32.888741 32.854980 32.750374 32.427303 31.700365 30.173149 29.187937 30.759920 30.382494 21.348450 5.396393 5.222430 3.625232 1.568002 0.674713 
0.107432 0.124525 8.402326 12.016396 14.047251 15.588511 19.326750 23.237358 27.616354 30.374573 31.766657 32.449383 32.745396 32.849731 32.886532 32.895477 32.900082 32.902245 32.903450 32.904144 32.904079 32.903427 32.903484 32.901165 32.898731 32.890690 32.867947 32.798824 32.627979 32.576363 32.051075 31.056124 27.816067 26.675264 19.173988 11.121990 10.951634 7.327523 5.262223 3.930671 
0.344187 0.346511 13.164865 21.026743 21.316948 19.244776 24.178347 25.922153 29.150251 31.151073 32.213943 32.648430 32.816200 32.872063 32.891697 32.897877 32.900791 32.902431 32.903515 32.904083 32.904495 32.903980 32.903580 32.902122 32.901157 32.899963 32.891941 32.878277 32.814545 32.709316 32.541882 31.580359 29.180338 26.309418 20.123283 14.763747 12.385607 8.032868 5.574865 3.998001 
0.374076 0.466253 8.790389 19.592081 23.919350 25.350967 27.527414 29.152916 30.958342 32.166729 32.419823 32.710316 32.834797 32.878170 32.893307 32.898746 32.901230 32.902699 32.903645 32.904160 32.904579 32.904396 32.904209 32.903526 32.903576 32.901752 32.900127 32.895184 32.878925 32.809654 32.634346 32.054424 30.751215 28.600285 24.545605 20.798496 18.195528 14.167203 12.903032 13.271670 
6.689237 7.579290 12.908055 18.983097 23.532169 28.785563 30.568340 31.942476 32.320026 32.504913 32.726715 32.847195 32.880054 32.892498 32.897980 32.900578 32.902245 32.903179 32.903877 32.904285 32.904575 32.904697 32.904438 32.904129 32.903217 32.902199 32.900475 32.897289 32.889404 32.864552 32.793385 32.593094 32.233700 31.380035 30.189054 29.076622 28.985943 28.841980 32.402443 32.686260 
7.702436 8.900552 10.945551 15.368715 16.277264 23.983166 29.428034 31.702248 32.471527 32.652195 32.821918 32.883469 32.890457 32.895828 32.899105 32.901085 32.902626 32.903782 32.904175 32.904461 32.904636 32.904636 32.904392 32.904018 32.903320 32.902378 32.900864 32.898315 32.893299 32.879356 32.839634 32.717831 32.463551 31.989304 31.219973 30.508808 30.303617 30.324743 32.581940 32.698078 
1.163149 2.748194 6.788634 12.303330 13.121270 18.846949 29.632189 31.342609 32.502926 32.845020 32.888329 32.894650 32.901661 32.903786 32.904072 32.904236 32.904381 32.904499 32.904625 32.904667 32.904732 32.904636 32.904541 32.904301 32.903923 32.903355 32.901775 32.900867 32.899158 32.896553 32.887947 32.865250 32.778675 32.573936 32.034920 31.122637 29.607250 28.257198 24.312653 20.917765 
1.099690 2.391973 7.048883 9.830894 12.924652 17.682167 24.473476 29.093918 31.884382 32.647686 32.837933 32.886662 32.894424 32.897671 32.899803 32.901394 32.902592 32.903534 32.904163 32.904491 32.904648 32.904625 32.904404 32.904099 32.903591 32.902737 32.901325 32.898655 32.892437 32.872921 32.814247 32.634270 32.146664 31.226997 29.149763 26.149658 21.969194 17.992697 14.501390 14.200720 
0.327769 1.302921 7.171572 7.266605 17.844179 31.595106 32.453030 32.449715 32.633018 32.777897 32.850262 32.878010 32.890869 32.896168 32.898960 32.900799 32.902107 32.903084 32.903980 32.904278 32.904564 32.904682 32.904381 32.904003 32.903500 32.902699 32.901188 32.898453 32.891621 32.872868 32.813461 32.641968 32.192013 31.198898 29.186871 26.143471 22.002110 18.005548 14.409769 13.937326 
0.524471 1.813448 4.778217 8.536689 13.649332 19.836613 26.601046 30.153603 31.850811 32.527939 32.766224 32.848465 32.878239 32.889942 32.895565 32.898705 32.900665 32.902161 32.903202 32.903793 32.904362 32.904518 32.904163 32.903641 32.902870 32.902245 32.900711 32.898598 32.893654 32.879295 32.835690 32.742287 32.503601 32.242840 31.133572 30.457964 31.055384 22.837917 9.906950 9.753290 
0.649292 2.257789 3.929579 10.378721 14.440764 20.033722 25.920218 29.533825 31.478739 32.317287 32.657520 32.795036 32.853943 32.878937 32.890858 32.896328 32.899277 32.901127 32.902054 32.903164 32.903652 32.904179 32.903740 32.902576 32.901722 32.900257 32.897621 32.894932 32.889812 32.874016 32.851402 32.785419 32.569698 32.220795 31.839342 29.676929 26.099117 24.940260 12.633356 10.417700 
0.684396 1.938026 4.595322 11.738868 12.871327 20.054096 26.627825 29.612682 31.133577 31.899752 32.401531 32.659340 32.789623 32.850864 32.880280 32.891880 32.897125 32.899387 32.900784 32.902134 32.902718 32.903446 32.902954 32.901829 32.900291 32.897457 32.891712 32.878128 32.842854 32.821182 32.710022 32.512596 32.120308 31.723442 31.464109 30.046940 25.520365 25.144424 16.581532 10.486530 
13.847163 7.956963 8.289768 11.975944 14.408323 19.610477 22.913933 27.245522 29.113579 30.562180 31.742512 32.321560 32.628784 32.783123 32.857449 32.883034 32.893257 32.896198 32.898930 32.899281 32.901340 32.902260 32.902637 32.900730 32.899479 32.897240 32.890549 32.870262 32.803791 32.736095 32.698315 32.446453 31.829206 30.482515 29.391802 26.239037 25.557619 21.793739 20.733650 25.453028 
24.937557 8.862167 8.444173 12.226026 14.076792 19.423086 23.381876 26.953386 25.850145 28.378176 30.661924 31.634207 32.274540 32.637291 32.811882 32.861530 32.882835 32.888206 32.893864 32.896877 32.900349 32.900642 32.900887 32.898170 32.894444 32.888172 32.893951 32.692295 32.588776 32.451714 32.256424 32.339890 31.515867 29.876507 29.247559 25.995787 23.318293 20.379896 17.847284 15.624312 
25.042612 26.782063 19.843489 8.623286 8.270966 9.609695 25.370192 20.854790 19.443089 24.871592 28.915413 30.122471 31.528242 32.360897 32.727566 32.794868 32.842995 32.863953 32.883823 32.891953 32.898010 32.897892 32.899483 32.891403 32.881512 32.846085 32.628441 32.287540 32.112804 31.538696 30.707933 30.290442 28.796865 29.558990 27.622948 25.228302 21.398369 20.581339 17.851801 15.597457 
22.376472 12.871390 0.791293 0.712344 0.993026 0.836412 9.598046 11.934026 12.679706 22.473015 26.269943 27.047638 30.343830 32.045078 32.533245 32.579079 32.713966 32.795132 32.856758 32.883163 32.893841 32.893772 32.900627 32.878479 32.846863 32.725094 32.394852 31.874817 30.697674 29.932171 28.091093 28.250738 26.911976 20.761843 24.417824 23.802425 7.286969 7.596774 30.642729 22.520538 
22.429846 12.870749 0.760030 0.514097 0.657739 0.664440 8.029423 7.613671 8.303900 18.731585 20.504042 22.078220 25.072407 32.181744 31.881163 31.985161 32.425945 32.606773 32.793930 32.871330 32.886036 32.886250 32.898163 32.857628 32.827042 32.615707 32.065254 30.579275 28.074797 26.632483 23.088522 22.762562 25.435637 10.464232 10.544523 23.539034 0.469908 0.454819 0.041534 0.142036 
26.156366 31.533333 0.156484 0.152100 0.162011 0.291116 0.654907 2.561522 10.791469 8.082454 12.427809 20.081038 18.743698 29.136971 30.355331 30.661474 31.786531 32.141479 32.689629 32.838837 32.872383 32.871689 32.897854 32.785717 32.709801 32.470615 31.676666 29.305883 22.802179 21.526199 17.720716 17.042408 19.615530 5.853487 5.348947 0.932748 0.527097 0.210419 0.036130 0.060619 
21.552364 0.052738 0.064205 0.052382 0.054433 0.127112 0.660619 2.642475 4.077219 7.604197 12.100586 16.142685 16.705673 24.735905 27.210171 28.078009 30.479767 31.187115 32.531456 32.807606 32.831631 32.838223 32.893951 32.574249 32.348427 31.790777 31.113554 26.401203 17.075317 16.045620 12.182440 9.170693 5.673794 12.376543 4.659959 0.924926 0.178324 0.026050 0.011137 0.017247 
5.762904 0.045306 0.034074 0.028539 0.042166 0.130200 0.304763 1.642223 3.170983 6.104513 9.141260 11.341724 15.857749 15.434139 20.506598 24.104559 28.439760 29.666735 32.348358 32.668198 32.767006 32.775822 32.804634 32.143520 31.353745 30.003517 26.866243 22.394815 19.125246 12.272195 8.473586 8.190172 5.490145 3.554052 4.450144 0.406484 0.039195 0.007884 0.005367 0.005966 
0.023901 0.026976 0.018901 0.020996 0.029441 0.980757 0.606049 1.712941 2.757828 5.244041 7.303118 9.303155 11.257993 14.929342 19.198288 21.429466 26.061037 30.387556 32.252583 32.294872 32.597313 32.662430 32.676590 32.803806 29.470488 27.986015 25.699627 21.576700 14.105985 7.474497 3.552913 3.492175 2.440158 2.062404 4.476240 0.215732 0.027070 0.013639 0.009692 0.007579 
0.012606 0.010654 0.009571 0.015483 0.025419 11.388330 27.684650 17.583178 5.533321 5.280512 6.031825 6.682059 8.214629 10.261074 13.648026 15.148856 22.627644 28.183987 32.039726 31.879408 32.302345 32.442932 32.650051 32.564285 30.554621 18.093899 18.015911 15.149426 8.043505 4.546161 1.630943 1.628749 0.841843 0.847442 32.334785 0.032377 0.029706 0.034738 0.027885 0.019791 
0.003853 0.003592 0.005003 0.011818 0.019668 0.867298 0.085518 0.050072 0.053076 32.020508 5.281489 5.297695 5.953249 7.015860 9.923146 10.779464 21.148981 28.134346 29.867046 30.848530 31.257008 31.858009 32.328312 32.520947 22.238304 10.854205 10.226559 3.557858 1.269850 1.677888 0.425731 0.443480 0.284873 0.853292 0.089917 0.092688 32.848179 0.066441 0.063789 0.031682 
0.000982 0.001139 0.002392 0.007070 0.017283 0.018505 0.044547 0.035913 0.045879 0.055000 0.278386 5.273144 4.046463 4.200440 6.494974 6.710096 23.349438 28.270882 28.019257 29.831949 30.173243 31.029856 32.023445 32.299652 16.787540 7.972227 7.151099 1.297978 0.409704 0.108742 0.144856 0.448518 0.451287 32.761974 0.087176 0.084521 0.025567 0.060589 0.072563 6.355630 
0.000232 0.000341 0.000903 0.002770 0.006770 0.010611 0.015486 0.016750 0.028225 0.052405 0.057656 28.924862 1.870165 1.844966 3.846978 3.929276 23.627275 27.311899 27.383451 28.786688 29.707745 30.530111 31.706402 31.966625 17.739321 7.745237 7.083528 1.273398 0.388175 0.100761 0.105724 27.649517 0.138762 0.133577 0.077645 0.043918 0.022920 0.029887 0.043162 0.038364 
0.000062 0.000114 0.000338 0.001021 0.002432 0.004071 0.005926 0.009656 0.024978 0.069780 0.148779 31.163654 0.562503 0.488242 2.284764 2.301592 27.188622 24.732777 24.723791 27.022032 28.126806 29.321587 31.157278 31.441368 20.349638 6.545515 6.401305 0.796901 0.143520 0.090042 0.169876 31.446594 0.211616 0.130936 0.057598 0.024448 0.012467 0.013766 0.020968 0.026520 
