0.000601 0.013688 0.251276 8.910122 0.253985 0.016167 0.005500 0.001477 0.000182 0.000014 0.000001 0.000001 0.000022 0.000581 0.013683 0.251527 8.854816 0.333352 0.103104 0.197171 11.522304 0.033085 0.006667 0.000579 0.000034 0.000010 0.000105 0.000809 0.002784 0.001662 0.001182 0.006149 0.031740 7.864968 0.031033 0.005417 0.000725 0.005405 0.099381 1.731576 
0.000512 0.004890 0.014546 32.005135 0.034539 0.024849 0.013879 0.008826 0.001345 0.000113 0.000007 0.000007 0.000056 0.000508 0.004887 0.014680 31.971434 0.459310 0.447690 29.122799 4.222285 0.090619 0.011884 0.000797 0.000041 0.000069 0.000777 0.005158 0.011441 0.016209 0.007017 0.014770 0.085468 1.556962 0.084263 0.005146 0.000771 0.004809 0.026485 6.201252 
0.000164 0.001769 0.013305 0.033488 0.054077 0.061692 32.678513 0.012850 0.004466 0.000465 0.000040 0.000098 0.000455 0.000567 0.001502 0.009584 0.021514 0.040545 1.758269 0.886916 28.899225 0.023080 0.005762 0.000545 0.000053 0.000311 0.003005 0.011833 0.601928 0.095534 0.026081 0.072928 0.098849 1.577438 0.100113 0.013322 0.002169 0.001927 0.010497 0.040492 
0.000611 0.001117 0.006657 0.023708 4.072269 7.691597 0.378595 0.031456 0.003464 0.000321 0.000161 0.001226 0.005019 0.005070 0.001550 0.002200 0.011780 0.034946 18.398380 0.057232 0.032245 0.011022 0.001512 0.000151 0.000048 0.000537 0.005485 0.025088 21.971188 19.876289 17.860487 19.319946 32.254650 19.420479 17.978884 0.034511 0.018933 0.014356 0.006770 0.019783 
0.013085 0.005779 0.018876 0.084913 5.389829 3.826584 0.398397 0.040407 0.010591 0.001528 0.001319 0.009404 0.026490 0.026736 0.010126 0.002767 0.009807 0.050766 15.446208 0.056002 0.014954 0.002249 0.000330 0.000469 0.000157 0.000356 0.003046 0.011963 0.612213 0.851288 20.908304 0.098939 0.026033 0.085943 0.043958 0.044321 0.255896 0.250334 0.015213 0.251970 
0.224294 0.015025 0.139338 0.171114 23.663736 5.052525 5.053555 32.425152 0.013765 0.004848 0.005115 0.026500 6.174762 6.330621 0.020750 0.010563 0.006750 0.023345 7.907533 0.022189 0.005579 0.000790 0.001387 0.004372 0.001748 0.000789 0.001590 0.006644 0.033679 0.058943 24.192471 0.033436 0.012725 0.018033 0.027663 31.968956 9.039876 9.040067 32.693497 9.198648 
6.046484 32.357090 2.358627 2.349014 2.026606 4.771321 0.318480 0.021269 0.010048 0.001594 0.001349 0.009939 0.039705 0.068581 32.010201 0.018414 0.008745 0.016768 0.040266 0.010435 0.001987 0.001586 0.008870 0.012738 0.013432 0.007090 0.009691 0.007238 0.028766 0.274229 7.211130 0.258182 0.014350 0.002790 0.009838 0.015113 0.249891 0.251672 0.041675 0.479855 
5.776072 0.051360 0.136790 0.137432 0.146541 32.627972 0.020796 0.012269 0.006516 0.001576 0.000348 0.001799 0.018892 0.258762 8.844329 0.276252 0.047220 0.037426 0.024040 0.010572 0.005408 0.005952 0.014317 32.682560 0.035517 0.027488 0.060577 0.030940 0.230489 0.482667 7.213814 0.256701 0.013612 0.000794 0.001536 0.005412 0.013919 0.015646 0.033260 0.473382 
6.050231 0.039986 0.012956 0.016231 0.155261 2.792121 0.148501 0.025460 0.014873 0.009014 0.001466 0.000801 0.014148 0.252325 8.844034 0.591423 0.579666 5.687074 0.172465 0.151278 0.014605 0.011708 0.017556 0.053692 1.335947 14.032631 22.618652 12.365721 4.769342 4.776542 31.965061 0.015046 0.004916 0.000667 0.001513 0.005157 0.002357 0.005392 0.026917 6.254838 
2.967344 0.023447 0.006230 0.017811 0.176777 2.784393 0.185765 0.193486 32.682652 0.014220 0.005855 0.001148 0.004972 0.015048 31.824385 2.753858 2.742449 7.194838 2.912322 2.920345 32.380718 0.024153 0.014962 0.046159 1.688387 3.543118 3.509266 0.241198 0.246105 0.314105 0.039423 0.010610 0.001563 0.001510 0.009300 0.018268 0.009418 0.002627 0.009555 0.026643 
0.021393 0.008412 0.005839 0.027338 6.243118 6.214603 0.061797 0.040518 0.131940 0.045475 0.016585 0.002353 0.001591 0.009521 0.020153 0.253343 2.752194 0.294058 0.216537 0.341532 3.158279 0.153984 0.014687 0.033792 28.666773 3.527582 3.512452 0.216129 0.070946 0.325167 0.029346 0.003446 0.000826 0.005404 0.018592 27.555365 0.018721 0.005534 0.001747 0.005065 
0.004147 0.001228 0.001822 0.010135 0.032901 0.057098 0.085212 0.092856 0.123588 19.730843 0.037687 0.009521 0.001320 0.001987 0.010069 0.018898 32.544319 0.266238 0.221234 0.346116 3.151468 0.151888 0.009858 0.015866 0.036553 1.661191 32.175564 0.254523 0.265964 30.536638 0.018493 0.005510 0.001448 0.017296 0.184731 23.799562 0.184605 0.017176 0.000998 0.000486 
0.000552 0.001454 0.004741 0.003143 0.011223 0.033295 6.496405 1.166414 1.152818 1.386367 1.050816 0.015204 0.003653 0.000643 0.002999 0.020521 0.047268 32.534782 3.184108 3.177605 11.181290 0.037788 0.007148 0.006561 0.015919 31.884253 3.038703 31.853619 8.374216 8.195357 0.157308 0.016062 0.001684 0.006865 0.020045 27.571138 0.018570 0.005401 0.000522 0.000061 
0.001532 0.009241 0.017023 0.009915 0.007134 0.028409 6.071551 0.123552 0.102995 0.118081 20.413956 0.036482 0.006215 0.000724 0.002735 0.022673 0.056221 0.031486 0.163709 0.182588 4.762554 0.029197 0.010574 0.003370 0.009271 0.014296 0.111807 0.019878 0.036182 30.514755 0.024018 0.011069 0.003965 0.014619 0.028533 0.027455 0.013523 0.001821 0.000148 0.000036 
0.005971 0.018340 29.945681 0.019362 0.006995 0.011914 0.047464 0.032687 0.120977 0.033262 0.043172 0.012553 0.001542 0.000571 0.004433 0.012819 32.679752 0.022554 0.014201 0.018712 0.049663 0.022075 0.018953 0.010050 0.003296 0.004917 0.007739 0.008117 0.023266 0.038686 0.024232 0.019406 0.016530 0.024889 32.685604 0.014073 0.005721 0.000651 0.000140 0.000451 
0.019923 0.243393 19.060551 0.244029 0.020352 0.008276 0.026559 0.048213 6.350880 0.034720 0.012888 0.002133 0.000218 0.000127 0.001343 0.008795 0.013178 0.009306 0.002249 0.006764 0.033660 0.041959 32.637367 0.018410 0.010021 0.002490 0.002042 0.011151 0.031612 0.025782 0.034128 32.687843 0.024222 0.015878 0.012793 0.008874 0.001439 0.000267 0.001234 0.005030 
0.011517 0.023890 29.947460 0.030020 0.017640 0.021631 0.122422 0.075315 6.278562 0.032962 0.011311 0.002038 0.000247 0.000036 0.000179 0.001424 0.004795 0.002389 0.011787 0.125489 0.426104 0.166865 0.456163 0.044555 0.018407 0.009973 0.005944 0.014276 32.687336 0.025711 0.017365 0.018834 0.010575 0.002939 0.004445 0.001353 0.000267 0.001219 0.009405 0.026608 
0.029662 0.020619 0.022827 0.017569 0.031042 19.833712 28.027252 20.716166 0.043927 0.025909 0.019649 0.009893 0.001916 0.000244 0.000150 0.001082 0.004425 0.014451 0.198304 1.642994 0.441149 0.985670 0.448151 0.295242 32.657307 0.014381 0.006006 0.009385 0.012958 0.010251 0.004504 0.010498 0.002924 0.000472 0.000478 0.000139 0.000427 0.004722 0.026290 6.254226 
3.259671 0.028702 0.010542 0.015823 0.259436 7.716867 0.867399 0.502941 0.046452 0.054689 32.687408 0.018216 0.009874 0.001967 0.001138 0.006620 0.014139 0.042407 0.760741 1.150099 3.195448 1.666695 1.779341 30.650774 0.288779 0.028419 0.003589 0.001679 0.004624 0.003383 0.010736 0.025977 0.009982 0.001439 0.000147 0.000032 0.000287 0.003256 0.032620 0.467173 
3.245979 0.023419 0.005403 0.014323 0.257653 7.721213 0.804224 0.494948 0.056066 0.026605 0.025620 0.022230 0.018215 0.009746 0.004688 0.014145 1.082953 25.053360 1.549018 2.383045 4.331292 3.551722 3.273957 5.143982 0.447569 0.037859 0.010692 0.001781 0.002520 0.010610 0.026197 18.831331 0.020882 0.005343 0.000523 0.000148 0.001422 0.010447 0.042247 0.472857 
0.022267 0.008052 0.001733 0.006381 0.017068 31.411818 8.792602 8.793020 32.024178 0.026875 0.017272 0.025615 32.687611 0.013999 0.005669 0.015037 0.097625 0.203350 2.946137 4.064256 32.673912 9.369555 8.170733 5.203950 5.209373 32.146725 0.015850 0.006448 0.010939 0.025214 0.148903 25.185282 0.101925 0.012770 0.000848 0.000503 0.004505 0.014109 32.001698 8.902330 
0.004196 0.001162 0.001897 0.013205 0.025595 0.062670 0.272700 0.254719 0.014719 0.010177 0.003498 0.010035 0.012676 0.008828 0.001558 0.004240 0.077813 0.253728 4.122579 6.592306 5.387094 3.982861 2.902147 2.334112 0.875230 2.264642 0.127189 0.015869 0.030324 16.226635 17.522823 16.144100 0.020009 0.005434 0.000556 0.000359 0.002949 0.016262 0.031701 0.255774 
0.000427 0.000540 0.004404 0.012778 32.682346 0.051343 0.033006 0.016123 0.005060 0.001447 0.000386 0.001416 0.004343 0.001341 0.000216 0.000809 0.010165 0.036956 12.283493 6.359616 4.227035 2.979712 3.272171 2.349894 0.882477 2.256740 0.153188 0.057437 0.146996 25.183435 0.164800 0.040445 0.017282 0.003095 0.000563 0.001982 0.010554 0.024921 0.022040 0.020693 
0.000478 0.000236 0.001851 0.017399 0.090299 20.419508 0.019770 0.006422 0.001113 0.000162 0.000030 0.000116 0.000451 0.000114 0.000039 0.000417 0.004422 0.019201 2.567311 2.297359 1.379332 2.397523 3.017934 22.824020 8.314118 6.710484 11.089287 0.203256 0.171098 18.921728 0.041392 0.025812 0.026892 0.011930 0.004109 0.010065 0.018778 32.579220 0.109396 0.106369 
0.005026 0.001304 0.001111 0.014211 0.105446 27.396502 0.109924 0.018789 0.002228 0.000210 0.000015 0.000007 0.000029 0.000007 0.000007 0.000119 0.001552 0.012825 0.040989 2.349063 1.160772 1.172655 27.095755 0.214842 0.205548 10.628183 0.119055 0.128225 32.671631 0.028459 0.019716 0.029396 32.003036 0.043804 0.034180 0.018862 0.240953 2.411974 6.343619 1.718265 
0.026501 0.010024 0.002287 0.006194 0.020825 23.688843 0.055022 0.037374 0.010497 0.001427 0.000117 0.000008 0.000003 0.000001 0.000012 0.000134 0.001011 0.005718 0.015779 31.887053 1.321383 1.319419 26.372141 0.181481 0.054418 0.040857 0.057523 0.162554 0.022155 0.014052 0.016413 0.253777 8.902789 0.475026 0.481514 32.561829 2.598657 2.588421 6.334255 1.772935 
6.204812 0.033241 0.011702 0.019698 0.221793 4.283047 4.257472 10.409398 0.024311 0.005557 0.000549 0.000053 0.000032 0.000017 0.000142 0.001208 0.004737 0.002649 0.009329 0.016416 0.063804 0.075899 25.592413 0.104004 0.026791 0.015870 0.023995 0.589449 0.013552 0.005362 0.014310 0.251732 8.902853 0.269879 0.041067 0.014450 0.139092 0.143125 0.110277 6.289409 
1.880742 0.065597 0.040180 0.152019 0.358679 4.280590 4.366617 18.683205 0.070897 0.011116 0.001407 0.000623 0.000487 0.000211 0.001241 0.009410 0.026236 0.009707 0.002809 0.006352 0.010723 0.041802 0.253613 20.599941 0.110422 0.096828 0.087685 30.347881 0.023597 0.006434 0.005540 0.015208 32.002380 0.016820 0.007154 0.005686 0.008013 0.010437 0.038079 0.467733 
1.890470 7.889492 9.293447 2.670291 2.679843 17.434629 11.159671 8.537971 0.032340 0.012020 0.014337 0.013726 0.004900 0.001825 0.005232 0.026809 6.255362 0.028429 0.006869 0.011081 0.024219 0.280726 0.385476 27.921288 2.016549 2.017426 28.464291 0.180589 0.010838 0.003434 0.002024 0.009851 0.020154 0.009857 0.002967 0.005117 0.003351 0.012194 0.047686 0.473310 
0.325862 2.940929 0.183774 0.148563 0.149261 0.085658 9.656699 2.379446 0.040800 0.021581 0.251952 0.251222 0.014589 0.009604 0.006681 0.028233 6.256244 0.033414 0.011846 0.025282 19.807278 7.056260 7.056182 19.763117 0.104726 0.091181 0.033279 0.023040 0.011966 0.006794 0.008011 0.009438 0.010551 0.004426 0.010208 0.013448 0.015954 0.025570 32.002216 8.901172 
0.469392 2.949182 0.153044 0.015724 0.013586 0.035289 24.231358 0.281468 0.292488 32.041550 8.923644 8.923619 31.995117 0.016823 0.007200 0.010232 0.026476 0.010960 0.015536 0.110819 28.126163 0.367452 0.273429 0.021024 0.012861 0.005496 0.008677 0.015535 0.030464 0.037815 0.150928 0.151613 0.019340 0.016603 0.024944 32.688030 0.024317 0.015975 0.014640 0.251252 
5.970885 32.009869 0.015083 0.005144 0.002331 0.011342 0.028926 0.047020 0.048379 0.014635 0.251750 0.257134 0.036746 0.025323 0.013359 0.003015 0.004979 0.003217 0.011130 0.024622 20.577204 0.039196 0.025701 0.007398 0.001892 0.001799 0.010613 0.024197 4.733933 11.387627 3.145801 3.152290 32.536816 0.024700 0.015941 0.012930 0.009940 0.002915 0.004969 0.013689 
5.765898 0.038756 0.013701 0.001875 0.001084 0.004193 0.007149 0.004754 0.004410 0.005080 0.014202 0.018633 0.026929 32.685719 0.012946 0.004600 0.002258 0.009631 0.020621 0.022987 0.032182 0.024040 0.033989 0.011611 0.002644 0.004651 0.013007 32.684101 0.051859 0.044589 0.151739 0.150750 0.013601 0.010118 0.003364 0.004598 0.001456 0.000301 0.000494 0.000582 
5.962411 0.027042 0.006037 0.001379 0.005377 0.013765 0.016927 0.006475 0.002166 0.001144 0.000822 0.001942 0.009347 0.012690 0.008795 0.001829 0.005016 0.014571 32.178844 0.028316 0.018748 0.027098 32.686386 0.019450 0.010630 0.003466 0.010357 0.021264 0.017101 0.013486 0.009258 0.008077 0.004819 0.002783 0.004696 0.002240 0.000756 0.000148 0.000050 0.000049 
0.025972 0.009505 0.001608 0.003162 0.012964 0.737965 0.092251 0.023269 0.014152 0.005784 0.001497 0.000395 0.001378 0.004344 0.001358 0.000747 0.013697 0.256550 7.785370 0.268965 0.021642 0.013662 0.023001 32.685783 0.019838 0.011483 0.011210 0.012907 0.018906 0.040676 0.011255 0.001840 0.002039 0.009084 0.013059 0.013095 0.005717 0.001490 0.000281 0.000463 
0.004997 0.001266 0.000674 0.005294 0.021903 15.266642 29.163641 15.105888 0.031508 0.014135 0.009436 0.001907 0.000347 0.000471 0.000135 0.000597 0.013722 0.256963 7.781100 0.362105 0.035132 0.013138 0.015680 0.031558 0.035600 0.029832 0.055502 0.032119 0.058817 9.937753 0.034026 0.006758 0.006805 0.015171 32.682964 0.022614 0.014086 0.009940 0.002773 0.005139 
0.000448 0.000117 0.000322 0.003045 0.012848 0.736147 0.092137 0.024422 0.032908 32.685921 0.018283 0.009930 0.001897 0.000233 0.000061 0.000583 0.005491 0.018973 19.712305 28.063128 20.601591 0.024185 0.010753 0.023066 1.591369 11.822162 23.922001 15.665260 4.307304 2.827565 0.026802 0.012054 0.018725 0.023691 0.041891 0.050637 32.682728 0.024777 0.016407 0.026741 
0.000027 0.000010 0.000069 0.000781 0.005234 0.012223 0.016347 0.007600 0.014308 0.018825 0.021040 0.019540 0.009449 0.001402 0.000264 0.001333 0.006155 0.010749 0.020068 0.108958 0.018791 0.009941 0.006112 0.081841 1.344479 0.109775 0.058212 0.025484 0.044990 0.025356 0.020465 0.021679 0.030201 32.684036 0.033326 0.024942 0.012953 0.016020 0.037638 6.268536 
0.000001 0.000001 0.000008 0.000097 0.000747 0.002540 0.001559 0.000850 0.002383 0.010474 0.020152 32.002644 0.014647 0.004978 0.001718 0.009543 0.027634 0.011100 0.006687 0.013581 0.005300 0.001650 0.004954 0.083549 1.359192 0.091200 0.013905 0.006303 0.008969 0.010587 0.020274 32.000561 0.037341 0.027531 0.011451 0.003775 0.004583 0.002752 0.010572 0.027136 
0.000000 0.000000 0.000001 0.000008 0.000067 0.000266 0.000111 0.000079 0.000737 0.014281 0.252024 8.901992 0.251585 0.014165 0.005664 0.027201 6.257259 0.027208 0.005635 0.001309 0.000598 0.000590 0.005368 0.029998 7.688632 0.030791 0.006161 0.001106 0.001339 0.014239 0.251985 8.896016 0.257971 0.019223 0.002176 0.000385 0.000509 0.000283 0.001400 0.005561 
