32.902008 32.902119 32.902245 32.902420 32.902607 32.902821 32.903042 32.903263 32.903481 32.903690 32.903893 32.904072 32.904243 32.904381 32.904514 32.904613 32.904694 32.904720 32.904736 32.904736 32.904736 32.904736 32.904724 32.904705 32.904678 32.904644 32.904598 32.904545 32.904488 32.904423 32.904358 32.904293 32.904236 32.904305 32.904102 32.904060 32.904003 32.903965 32.903927 32.903912 
32.902058 32.902180 32.902225 32.902893 32.902817 32.903152 32.903130 32.903316 32.903522 32.903721 32.903919 32.904095 32.904263 32.904392 32.904530 32.904621 32.904728 32.904728 32.904736 32.904736 32.904736 32.904736 32.904724 32.904709 32.904686 32.904652 32.904606 32.904556 32.904507 32.904442 32.904373 32.904312 32.904247 32.904190 32.904129 32.904079 32.904030 32.903992 32.903961 32.904095 
32.902168 32.902298 32.902351 32.902580 32.902855 32.902950 32.903763 32.903614 32.903702 32.903847 32.904007 32.904160 32.904308 32.904430 32.904549 32.904633 32.904709 32.904728 32.904736 32.904736 32.904736 32.904736 32.904724 32.904709 32.904690 32.904655 32.904613 32.904572 32.904617 32.904449 32.904388 32.904324 32.904266 32.904209 32.904152 32.904110 32.904057 32.904030 32.904003 32.904011 
32.902298 32.902412 32.902485 32.902622 32.903080 32.903240 32.903416 32.903660 32.903831 32.903980 32.904125 32.904255 32.904381 32.904488 32.904587 32.904659 32.904709 32.904732 32.904736 32.904736 32.904736 32.904732 32.904728 32.904713 32.904694 32.904667 32.904633 32.904598 32.904648 32.904499 32.904560 32.904388 32.904484 32.904255 32.904366 32.904167 32.904129 32.904106 32.904083 32.904079 
32.902500 32.902641 32.902714 32.902855 32.903011 32.903164 32.903450 32.903683 32.903885 32.904060 32.904209 32.904343 32.904461 32.904549 32.904625 32.904682 32.904716 32.904728 32.904736 32.904736 32.904736 32.904732 32.904728 32.904716 32.904705 32.904678 32.904648 32.904617 32.904663 32.904510 32.904472 32.904411 32.904354 32.904270 32.904243 32.904190 32.904167 32.904133 32.904114 32.904144 
32.902683 32.902714 32.902851 32.902985 32.903378 32.903393 32.903500 32.904037 32.904057 32.904190 32.904316 32.904430 32.904640 32.904701 32.904686 32.904705 32.904724 32.904732 32.904736 32.904736 32.904732 32.904732 32.904732 32.904724 32.904713 32.904694 32.904667 32.904640 32.904613 32.904556 32.904629 32.904488 32.904461 32.904385 32.904388 32.904461 32.904266 32.904263 32.904438 32.904224 
32.902958 32.903503 32.903156 32.903206 32.903664 32.903515 32.903614 32.903881 32.904083 32.904251 32.904388 32.904495 32.904594 32.904671 32.904732 32.904724 32.904728 32.904732 32.904736 32.904736 32.904732 32.904732 32.904732 32.904732 32.904724 32.904713 32.904690 32.904667 32.904636 32.904594 32.904579 32.904533 32.904503 32.904453 32.904446 32.904400 32.904346 32.904346 32.904392 32.904308 
32.903156 32.903580 32.903385 32.903423 32.903545 32.904034 32.903873 32.904011 32.904179 32.904327 32.904457 32.904552 32.904633 32.904686 32.904720 32.904728 32.904732 32.904736 32.904736 32.904736 32.904736 32.904736 32.904736 32.904736 32.904736 32.904728 32.904713 32.904697 32.904663 32.904633 32.904617 32.904583 32.904549 32.904514 32.904495 32.904453 32.904419 32.904411 32.904427 32.904373 
32.903614 32.903702 32.903667 32.903671 32.903736 32.903980 32.904049 32.904205 32.904278 32.904392 32.904507 32.904594 32.904663 32.904705 32.904728 32.904732 32.904736 32.904736 32.904736 32.904736 32.904736 32.904736 32.904736 32.904736 32.904736 32.904736 32.904732 32.904736 32.904697 32.904678 32.904713 32.904629 32.904598 32.904568 32.904541 32.904507 32.904480 32.904476 32.904480 32.904556 
32.903900 32.903900 32.903908 32.903919 32.903950 32.904110 32.904209 32.904289 32.904594 32.904533 32.904587 32.904644 32.904694 32.904724 32.904736 32.904736 32.904736 32.904736 32.904736 32.904736 32.904736 32.904736 32.904736 32.904736 32.904736 32.904736 32.904732 32.904728 32.904713 32.904697 32.904682 32.904652 32.904629 32.904602 32.904579 32.904556 32.904537 32.904522 32.904514 32.904503 
32.903957 32.904083 32.904121 32.904133 32.904324 32.904442 32.904381 32.904442 32.904549 32.904617 32.904655 32.904690 32.904716 32.904728 32.904736 32.904736 32.904736 32.904736 32.904736 32.904736 32.904736 32.904736 32.904736 32.904736 32.904736 32.904736 32.904736 32.904732 32.904724 32.904720 32.904701 32.904675 32.904655 32.904636 32.904625 32.904678 32.904579 32.904560 32.904549 32.904541 
32.904160 32.904255 32.904301 32.904308 32.904346 32.904430 32.904488 32.904541 32.904617 32.904724 32.904716 32.904720 32.904728 32.904732 32.904736 32.904736 32.904736 32.904736 32.904736 32.904736 32.904736 32.904736 32.904736 32.904736 32.904736 32.904736 32.904736 32.904736 32.904736 32.904736 32.904716 32.904694 32.904675 32.904655 32.904640 32.904633 32.904606 32.904591 32.904583 32.904575 
32.904343 32.904404 32.904453 32.904465 32.904484 32.904545 32.904678 32.904633 32.904678 32.904736 32.904736 32.904732 32.904732 32.904732 32.904732 32.904736 32.904736 32.904736 32.904736 32.904736 32.904736 32.904736 32.904736 32.904736 32.904736 32.904736 32.904736 32.904736 32.904736 32.904736 32.904724 32.904709 32.904694 32.904678 32.904675 32.904713 32.904640 32.904621 32.904610 32.904606 
32.904491 32.904533 32.904568 32.904572 32.904587 32.904625 32.904720 32.904690 32.904709 32.904732 32.904736 32.904736 32.904732 32.904732 32.904732 32.904736 32.904736 32.904736 32.904736 32.904736 32.904736 32.904736 32.904736 32.904736 32.904736 32.904736 32.904736 32.904736 32.904736 32.904736 32.904732 32.904724 32.904709 32.904697 32.904690 32.904682 32.904655 32.904648 32.904640 32.904636 
32.904602 32.904633 32.904713 32.904663 32.904663 32.904678 32.904709 32.904720 32.904732 32.904732 32.904736 32.904732 32.904732 32.904732 32.904732 32.904736 32.904736 32.904736 32.904736 32.904736 32.904736 32.904736 32.904736 32.904736 32.904736 32.904736 32.904736 32.904736 32.904736 32.904736 32.904736 32.904732 32.904724 32.904720 32.904732 32.904697 32.904678 32.904671 32.904663 32.904659 
32.904675 32.904686 32.904709 32.904705 32.904709 32.904716 32.904728 32.904736 32.904736 32.904736 32.904736 32.904732 32.904732 32.904732 32.904732 32.904736 32.904736 32.904736 32.904736 32.904736 32.904736 32.904736 32.904736 32.904736 32.904736 32.904736 32.904736 32.904736 32.904736 32.904736 32.904736 32.904736 32.904732 32.904728 32.904724 32.904705 32.904697 32.904694 32.904690 32.904686 
32.904716 32.904724 32.904736 32.904728 32.904728 32.904732 32.904736 32.904736 32.904736 32.904736 32.904736 32.904732 32.904732 32.904732 32.904732 32.904736 32.904736 32.904736 32.904736 32.904736 32.904736 32.904736 32.904736 32.904736 32.904736 32.904736 32.904736 32.904736 32.904736 32.904736 32.904736 32.904736 32.904732 32.904732 32.904728 32.904720 32.904713 32.904709 32.904709 32.904716 
32.904732 32.904732 32.904736 32.904732 32.904736 32.904736 32.904736 32.904736 32.904736 32.904736 32.904736 32.904736 32.904732 32.904732 32.904736 32.904736 32.904736 32.904736 32.904736 32.904736 32.904736 32.904736 32.904736 32.904736 32.904736 32.904736 32.904736 32.904736 32.904736 32.904736 32.904736 32.904732 32.904732 32.904732 32.904732 32.904728 32.904728 32.904724 32.904728 32.904736 
32.904736 32.904736 32.904732 32.904732 32.904736 32.904736 32.904736 32.904736 32.904736 32.904736 32.904736 32.904736 32.904736 32.904736 32.904736 32.904736 32.904736 32.904736 32.904736 32.904736 32.904736 32.904736 32.904736 32.904736 32.904736 32.904736 32.904736 32.904736 32.904736 32.904736 32.904736 32.904736 32.904732 32.904732 32.904732 32.904732 32.904732 32.904732 32.904732 32.904736 
32.904736 32.904736 32.904732 32.904732 32.904736 32.904736 32.904736 32.904736 32.904736 32.904736 32.904736 32.904736 32.904736 32.904736 32.904736 32.904736 32.904736 32.904736 32.904736 32.904736 32.904736 32.904736 32.904736 32.904736 32.904736 32.904736 32.904736 32.904736 32.904736 32.904736 32.904736 32.904736 32.904736 32.904732 32.904732 32.904732 32.904732 32.904732 32.904736 32.904736 
32.904736 32.904736 32.904732 32.904732 32.904736 32.904736 32.904736 32.904736 32.904736 32.904736 32.904736 32.904736 32.904736 32.904736 32.904736 32.904736 32.904736 32.904736 32.904736 32.904736 32.904736 32.904736 32.904736 32.904736 32.904736 32.904736 32.904736 32.904736 32.904736 32.904736 32.904736 32.904736 32.904736 32.904732 32.904732 32.904732 32.904732 32.904736 32.904736 32.904736 
32.904728 32.904732 32.904732 32.904732 32.904736 32.904736 32.904736 32.904736 32.904736 32.904736 32.904732 32.904736 32.904736 32.904736 32.904736 32.904736 32.904736 32.904736 32.904736 32.904736 32.904736 32.904736 32.904736 32.904736 32.904736 32.904736 32.904736 32.904736 32.904736 32.904736 32.904736 32.904736 32.904736 32.904732 32.904732 32.904732 32.904732 32.904732 32.904736 32.904732 
32.904705 32.904716 32.904720 32.904728 32.904736 32.904736 32.904732 32.904732 32.904732 32.904732 32.904732 32.904732 32.904732 32.904732 32.904736 32.904736 32.904736 32.904736 32.904736 32.904736 32.904736 32.904736 32.904736 32.904736 32.904736 32.904736 32.904736 32.904736 32.904736 32.904736 32.904736 32.904736 32.904736 32.904732 32.904732 32.904732 32.904732 32.904736 32.904736 32.904732 
32.904648 32.904671 32.904682 32.904697 32.904716 32.904736 32.904720 32.904720 32.904728 32.904732 32.904732 32.904732 32.904732 32.904732 32.904732 32.904736 32.904736 32.904736 32.904736 32.904736 32.904736 32.904736 32.904736 32.904736 32.904736 32.904736 32.904736 32.904736 32.904736 32.904736 32.904736 32.904736 32.904736 32.904732 32.904732 32.904732 32.904732 32.904736 32.904736 32.904728 
32.904552 32.904594 32.904617 32.904633 32.904655 32.904690 32.904690 32.904705 32.904716 32.904724 32.904728 32.904732 32.904732 32.904732 32.904732 32.904736 32.904736 32.904736 32.904736 32.904736 32.904736 32.904736 32.904736 32.904736 32.904736 32.904736 32.904736 32.904736 32.904736 32.904736 32.904736 32.904736 32.904736 32.904732 32.904728 32.904724 32.904709 32.904720 32.904736 32.904705 
32.904388 32.904446 32.904476 32.904503 32.904541 32.904682 32.904625 32.904671 32.904690 32.904705 32.904716 32.904724 32.904732 32.904732 32.904732 32.904732 32.904736 32.904736 32.904736 32.904736 32.904736 32.904736 32.904736 32.904736 32.904736 32.904736 32.904736 32.904736 32.904736 32.904736 32.904736 32.904732 32.904732 32.904720 32.904709 32.904728 32.904659 32.904655 32.904713 32.904633 
32.904270 32.904221 32.904255 32.904289 32.904350 32.904423 32.904495 32.904678 32.904640 32.904671 32.904697 32.904713 32.904724 32.904732 32.904732 32.904732 32.904736 32.904736 32.904736 32.904736 32.904736 32.904736 32.904736 32.904736 32.904736 32.904736 32.904736 32.904736 32.904736 32.904736 32.904732 32.904724 32.904713 32.904671 32.904636 32.904591 32.904549 32.904533 32.904545 32.904617 
32.903645 32.903881 32.903927 32.903973 32.904060 32.904224 32.904312 32.904465 32.904530 32.904602 32.904659 32.904694 32.904713 32.904724 32.904732 32.904736 32.904736 32.904736 32.904736 32.904736 32.904736 32.904736 32.904736 32.904736 32.904736 32.904736 32.904736 32.904736 32.904736 32.904732 32.904720 32.904701 32.904720 32.904617 32.904568 32.904495 32.904419 32.904408 32.904396 32.904331 
32.903255 32.903698 32.903736 32.903584 32.903713 32.904079 32.904049 32.904446 32.904385 32.904499 32.904594 32.904655 32.904694 32.904716 32.904732 32.904736 32.904736 32.904736 32.904736 32.904736 32.904736 32.904736 32.904736 32.904736 32.904736 32.904736 32.904736 32.904736 32.904736 32.904724 32.904686 32.904629 32.904575 32.904514 32.904461 32.904385 32.904274 32.904255 32.904278 32.904194 
32.902603 32.902863 32.902828 32.903046 32.903263 32.903427 32.903755 32.904171 32.904144 32.904362 32.904499 32.904591 32.904671 32.904705 32.904724 32.904736 32.904736 32.904736 32.904736 32.904736 32.904736 32.904736 32.904736 32.904736 32.904736 32.904736 32.904736 32.904736 32.904728 32.904701 32.904644 32.904572 32.904480 32.904385 32.904350 32.904289 32.904114 32.904083 32.904251 32.904003 
32.901993 32.902355 32.902336 32.902531 32.902740 32.903034 32.903625 32.903637 32.903862 32.904350 32.904369 32.904503 32.904694 32.904686 32.904713 32.904728 32.904736 32.904736 32.904736 32.904736 32.904736 32.904736 32.904736 32.904736 32.904736 32.904736 32.904736 32.904732 32.904716 32.904678 32.904594 32.904503 32.904392 32.904243 32.904202 32.904354 32.903961 32.903889 32.903835 32.903824 
32.901249 32.901829 32.901554 32.901863 32.902145 32.902561 32.902840 32.903214 32.903606 32.903877 32.904129 32.904381 32.904518 32.904640 32.904694 32.904720 32.904732 32.904732 32.904736 32.904736 32.904736 32.904736 32.904736 32.904736 32.904732 32.904732 32.904728 32.904728 32.904728 32.904713 32.904556 32.904457 32.904476 32.904110 32.903999 32.903870 32.903873 32.903728 32.903713 32.903641 
32.900555 32.900455 32.900803 32.901245 32.901550 32.902008 32.902424 32.902882 32.903259 32.903633 32.903969 32.904247 32.904434 32.904690 32.904686 32.904709 32.904728 32.904732 32.904736 32.904736 32.904736 32.904736 32.904736 32.904736 32.904732 32.904728 32.904720 32.904732 32.904655 32.904587 32.904484 32.904354 32.904213 32.904102 32.903900 32.903774 32.903629 32.903534 32.903503 32.903458 
32.900059 32.899994 32.900208 32.900593 32.900871 32.901512 32.901905 32.902435 32.902882 32.903324 32.903736 32.904060 32.904358 32.904526 32.904633 32.904690 32.904720 32.904732 32.904736 32.904736 32.904736 32.904736 32.904736 32.904736 32.904728 32.904716 32.904690 32.904659 32.904602 32.904518 32.904427 32.904308 32.904129 32.903973 32.903801 32.903637 32.903530 32.903378 32.903355 32.903294 
32.898849 32.899048 32.899387 32.899864 32.900211 32.901337 32.901398 32.902077 32.902500 32.903046 32.903519 32.903927 32.904236 32.904457 32.904598 32.904675 32.904713 32.904728 32.904736 32.904736 32.904736 32.904736 32.904736 32.904736 32.904728 32.904705 32.904671 32.904617 32.904537 32.904449 32.904339 32.904243 32.904095 32.903942 32.903736 32.903511 32.903412 32.903217 32.903194 32.903137 
32.898258 32.898460 32.898796 32.899246 32.899666 32.900784 32.900852 32.902031 32.902100 32.902832 32.903358 32.903797 32.904144 32.904381 32.904549 32.904648 32.904697 32.904724 32.904736 32.904736 32.904736 32.904736 32.904736 32.904732 32.904724 32.904697 32.904652 32.904587 32.904503 32.904518 32.904240 32.904114 32.903988 32.903965 32.903980 32.903427 32.903397 32.903091 32.903076 32.903023 
32.897526 32.897743 32.898121 32.898613 32.899170 32.900177 32.900574 32.901230 32.901581 32.903095 32.903339 32.903679 32.904015 32.904278 32.904488 32.904613 32.904686 32.904724 32.904736 32.904736 32.904736 32.904736 32.904732 32.904728 32.904736 32.904724 32.904640 32.904652 32.904457 32.904472 32.904171 32.904007 32.903782 32.903591 32.903332 32.903347 32.903748 32.903000 32.902973 32.902935 
32.897068 32.897293 32.897678 32.898170 32.898800 32.899452 32.900154 32.900867 32.901638 32.902287 32.902771 32.903328 32.903797 32.904148 32.904419 32.904579 32.904671 32.904713 32.904732 32.904732 32.904736 32.904732 32.904728 32.904716 32.904701 32.904663 32.904598 32.904518 32.904423 32.904301 32.904175 32.904034 32.903843 32.903969 32.903282 32.903236 32.903057 32.903011 32.902908 32.903061 
32.896641 32.896870 32.897263 32.897797 32.898426 32.899139 32.899879 32.900677 32.901352 32.902149 32.902626 32.903553 32.903843 32.904156 32.904423 32.904575 32.904675 32.904709 32.904724 32.904732 32.904732 32.904732 32.904724 32.904713 32.904694 32.904633 32.904572 32.904469 32.904366 32.904228 32.904095 32.904091 32.903622 32.903515 32.903328 32.903179 32.903042 32.902935 32.902855 32.902813 
32.896469 32.896694 32.897091 32.897617 32.898258 32.898987 32.899734 32.900532 32.901272 32.901997 32.902649 32.903214 32.903706 32.904068 32.904373 32.904545 32.904716 32.904713 32.904724 32.904728 32.904732 32.904732 32.904724 32.904716 32.904728 32.904625 32.904552 32.904442 32.904324 32.904175 32.904018 32.903843 32.903660 32.903496 32.903316 32.903175 32.903034 32.902931 32.902851 32.902809 
