0.011376 0.042920 0.127852 31.347702 0.155294 0.069964 0.022277 0.006723 0.001764 0.000400 0.000119 0.000296 0.001766 0.009703 0.043600 0.134305 31.068045 1.307852 1.210662 1.262222 11.906364 0.028041 0.013906 0.003451 0.000718 0.000393 0.001268 0.004157 0.007943 0.010490 0.014803 0.046052 0.083325 23.937988 0.080345 0.043109 0.026999 0.106368 0.493129 5.631948 
0.004952 0.014250 0.019244 27.803299 0.083281 0.078255 0.024971 0.012238 0.004006 0.000958 0.000262 0.000335 0.001104 0.004186 0.013940 0.019021 28.058966 1.535279 1.528433 29.539875 4.350889 0.054516 0.019238 0.004204 0.000892 0.000841 0.003350 0.011168 0.014636 0.033350 0.041311 0.170829 0.774036 19.237511 0.756789 0.155549 0.032872 0.030431 0.042934 6.213284 
0.004076 0.009218 0.028271 0.056990 0.093399 0.095993 32.840420 0.013283 0.010577 0.002641 0.000815 0.001127 0.002153 0.003398 0.006774 0.015964 0.028838 0.051083 2.404459 1.163161 29.045961 0.017651 0.009275 0.002434 0.000761 0.001506 0.006181 0.012895 0.550275 0.074367 0.052977 0.195008 0.779016 19.216728 0.767525 0.171723 0.042022 0.024682 0.040052 0.094392 
0.013303 0.015017 0.043598 0.051915 2.782684 9.765404 0.711134 0.207507 0.045003 0.008106 0.002662 0.004755 0.008362 0.009095 0.007812 0.010634 0.023764 0.036807 20.225365 0.045331 0.031204 0.015819 0.005035 0.001418 0.000759 0.001977 0.007856 0.018946 17.326664 18.932837 14.022144 14.809829 32.475483 14.337487 13.713568 0.074431 0.064372 0.050618 0.040032 0.082651 
0.060513 0.046345 0.180696 0.199044 3.254946 16.691309 0.736303 0.211567 0.051576 0.010906 0.006324 0.015297 0.020181 0.021125 0.019110 0.014649 0.021270 0.042778 12.523893 0.044408 0.022827 0.008118 0.002840 0.001550 0.001470 0.002567 0.008523 0.017540 0.817786 0.829052 17.378963 0.088188 0.053204 0.065897 0.054571 0.079372 0.124015 0.110045 0.043364 0.145214 
0.218334 0.049843 0.782793 0.793198 28.679607 26.153769 26.191969 31.388002 0.012087 0.008088 0.009557 0.021366 6.166319 6.436968 0.026436 0.037629 0.036566 0.048296 7.973244 0.024703 0.012838 0.005013 0.003984 0.004374 0.005454 0.005840 0.015790 0.067485 0.291119 0.309886 32.105770 0.064655 0.048563 0.039338 0.044173 25.445066 31.822571 31.824492 32.842861 30.279882 
7.702058 32.771564 16.548851 16.541679 1.942425 25.082886 0.366157 0.177063 0.034185 0.008438 0.008562 0.029957 0.086830 0.100407 28.802547 0.127178 0.122080 0.107238 0.605145 0.087338 0.018061 0.008050 0.011301 0.007007 0.019500 0.016240 0.028440 0.077990 0.287269 0.455476 29.901295 0.243386 0.079324 0.026227 0.021401 0.022889 0.118664 0.228444 0.656239 6.644774 
7.504282 0.280112 0.870792 1.022900 1.020713 32.704426 0.176658 0.173121 0.033909 0.008713 0.006237 0.020431 0.075116 0.174664 28.964489 0.527452 0.427155 0.113304 0.595107 0.348217 0.043297 0.030071 0.032718 32.243900 0.033147 0.030336 0.066400 0.110504 0.595170 0.772415 29.897064 0.234552 0.071040 0.017902 0.009713 0.018042 0.059195 0.168402 0.652692 6.611265 
6.890124 0.273353 0.258535 0.387696 0.788786 21.235470 1.292971 0.905160 0.036661 0.014781 0.007393 0.014145 0.053681 0.152343 28.878935 0.763162 0.706068 1.842414 1.033197 0.928600 0.045881 0.277432 0.535836 4.785161 5.389949 17.429483 29.913200 29.097019 26.363302 26.341692 29.578711 0.025724 0.020900 0.007448 0.006381 0.011225 0.019559 0.038785 0.051431 6.236382 
2.875245 0.100754 0.091537 0.223078 0.784429 21.217882 7.387651 7.388934 32.813675 0.015281 0.012588 0.008534 0.016672 0.020857 21.702871 10.932677 9.990230 9.909117 2.856320 2.848818 16.655771 1.720611 1.730518 4.845870 5.786039 9.383916 9.263841 3.109068 3.324802 8.675389 0.912004 0.144727 0.023045 0.007801 0.012555 0.018808 0.015986 0.014355 0.021292 0.021080 
0.019168 0.030882 0.028231 0.040463 6.400670 8.058241 2.387634 2.377898 2.701886 0.029668 0.028393 0.011763 0.008458 0.016787 0.076610 0.156835 8.610595 25.367374 6.866149 6.829075 24.781874 4.379467 4.375218 4.859720 19.537991 9.303196 9.263377 3.068789 3.006488 8.677662 0.906917 0.139223 0.021448 0.012767 0.020371 18.607922 0.020422 0.012813 0.008483 0.009244 
0.009364 0.008968 0.011389 0.026091 0.045006 0.069652 2.382651 2.683542 2.699841 26.579838 0.032895 0.020049 0.008059 0.014087 0.072638 0.074944 21.994650 18.234932 12.438535 12.542401 24.811337 9.522652 9.411187 9.051987 20.707340 13.790175 25.559523 3.077796 3.083384 31.498381 0.035820 0.029506 0.012468 0.025782 0.079653 31.530668 0.077032 0.023165 0.006244 0.003023 
0.003975 0.005675 0.009070 0.016003 0.032863 0.049049 8.999967 12.703479 12.696125 5.544992 0.440415 0.022417 0.018041 0.114591 0.572484 1.339015 2.167004 20.802153 19.378561 19.423315 25.543863 14.906370 14.808387 16.402035 18.091141 29.610193 14.067809 29.407850 10.446043 10.457526 0.108837 0.034924 0.013602 0.018783 0.026390 18.631472 0.017632 0.010026 0.002927 0.001043 
0.006826 0.012953 0.015986 0.020720 0.024866 0.036598 6.005609 4.747327 4.870403 4.579195 27.751265 0.177183 0.164674 0.661020 1.802168 5.659511 2.947896 19.558727 24.176922 24.719501 29.074213 23.615326 23.779293 23.862875 19.438028 13.360440 8.407750 4.189069 4.305984 28.584137 0.033152 0.027466 0.019824 0.029340 0.029109 0.018967 0.016765 0.005567 0.001557 0.000699 
0.018112 0.025047 21.861164 0.036697 0.029768 0.047112 0.110709 0.981995 4.853187 0.940373 0.146363 0.184895 0.707677 2.065372 4.162676 4.323459 14.856064 30.902285 31.084324 29.937706 30.044815 26.355536 25.480583 25.432707 18.887428 13.374935 8.331972 4.090265 1.178910 0.265719 0.083078 0.030146 0.038384 0.041069 32.848145 0.011153 0.008476 0.002922 0.001645 0.001980 
0.047069 0.107361 31.564810 0.110284 0.049952 0.045517 0.097527 0.119623 11.607008 0.158502 0.134083 0.607824 1.807210 3.722040 7.449562 8.040405 18.344866 24.333023 28.947878 31.391428 31.975639 30.313456 28.189137 22.632219 21.213816 13.305408 8.802323 4.061758 1.177503 0.260841 0.263391 32.817253 0.033873 0.031191 0.008122 0.009501 0.004126 0.002728 0.005003 0.008247 
0.046284 0.053240 21.898893 0.061604 0.054647 0.054349 0.148762 0.137205 7.020470 0.668781 0.661743 2.012059 4.263656 6.762629 11.641108 13.606171 19.842291 24.993258 29.211628 31.160072 32.598537 31.080589 28.730877 24.232553 22.249048 18.384296 13.763268 13.256212 25.501493 0.504234 0.503353 0.334929 0.033879 0.011685 0.005445 0.003355 0.002684 0.006775 0.016850 0.020095 
0.056657 0.068240 0.060215 0.066128 0.075097 14.850017 26.269972 17.470020 0.968172 0.575651 0.663597 2.154818 4.845084 8.037441 13.438011 17.547070 22.430017 27.010895 30.155775 31.588087 32.707333 31.759312 30.162607 28.083982 28.472160 20.892162 19.978626 15.006289 7.377439 2.547369 1.968948 0.331164 0.025541 0.004808 0.001917 0.001647 0.005569 0.024724 0.037534 6.243100 
3.309356 0.063451 0.053290 0.108200 0.358772 21.547861 8.925119 7.766735 2.291039 2.292558 27.085390 14.357845 13.699494 15.758119 20.057167 23.621120 27.702753 29.244587 31.145945 32.074184 32.666172 32.628345 32.077969 30.449011 28.873455 25.383154 20.934711 13.705618 7.522179 3.600134 2.118767 0.331455 0.028946 0.005472 0.001668 0.002737 0.018885 0.127846 0.689171 6.770016 
3.268615 0.047579 0.037617 0.095585 0.345039 21.554537 8.927043 7.774920 2.295901 1.455425 2.104561 2.189118 12.660439 16.587208 21.003775 24.985825 27.854950 30.473845 32.136089 32.533554 32.752174 32.702991 32.206570 31.245073 29.637449 27.503952 25.383551 17.244965 12.610714 8.863951 7.679695 8.287655 0.014262 0.008625 0.002692 0.003294 0.020621 0.132654 0.694659 6.810983 
0.019033 0.021614 0.015131 0.029279 0.035505 27.890322 27.732790 27.741570 30.462721 2.109217 2.104050 2.105731 10.532844 31.588928 32.236816 32.579372 32.623932 32.219593 32.603405 32.717049 32.875122 32.800663 32.699360 32.421524 31.701290 29.166018 25.984272 23.681313 19.308960 15.363394 10.480844 4.024404 0.024756 0.015399 0.004379 0.002772 0.008349 0.013598 29.406410 28.573593 
0.008833 0.006849 0.008058 0.021719 0.038233 0.129828 0.251763 0.205988 0.040398 0.469382 2.268805 3.767917 7.958243 12.895947 18.543079 23.703192 27.489746 30.408665 31.778589 32.413265 32.699772 32.866631 32.722672 32.342781 31.658632 30.221197 29.475368 24.698044 15.790336 8.585233 3.613041 9.651843 0.020360 0.012762 0.005909 0.004733 0.015629 0.063167 0.248347 0.414524 
0.002582 0.002698 0.005688 0.008369 32.847118 0.123187 0.118131 0.074033 0.035012 0.284919 1.480219 4.181430 7.972134 12.729293 18.160973 23.016855 26.490551 29.378220 30.958776 32.099899 32.640530 32.768307 32.643673 31.821129 30.817028 27.715799 21.917595 15.699201 7.826358 3.579333 0.112842 0.103523 0.046715 0.035087 0.026225 0.013105 0.026740 0.066119 0.243147 0.298286 
0.002607 0.003032 0.008280 0.030898 0.076034 16.013435 0.036813 0.027651 0.012473 0.094550 0.794614 2.419488 5.044613 8.441156 13.139307 17.813032 21.584845 26.827076 28.896099 31.239161 32.468082 32.522984 32.021164 29.954670 28.516254 23.976400 18.086905 14.705332 8.629060 6.582386 0.100470 0.095932 0.051935 0.173803 0.162325 0.041287 0.044253 32.727566 0.699601 0.719155 
0.008838 0.007975 0.010760 0.032206 0.078547 25.633129 0.082815 0.036473 0.011537 0.017558 0.249161 1.209686 2.957116 5.427103 9.722116 13.461097 17.437168 23.770937 26.363281 30.453405 31.989300 31.908409 30.484474 27.480938 25.034700 19.065191 14.060802 13.854203 21.759104 0.222487 0.110119 0.115318 29.069038 0.882109 0.876562 0.044311 0.432889 6.505196 7.084660 5.595837 
0.020640 0.029685 0.026359 0.058383 0.070160 22.655045 0.063449 0.047697 0.019101 0.006789 0.036676 0.384408 1.434090 3.077973 6.807913 9.123325 13.207081 20.060184 23.199263 26.347694 30.603909 30.418604 29.242735 25.410788 20.256674 15.874407 8.345545 3.981144 1.170311 1.130807 0.211415 0.308522 28.565395 16.563709 16.564951 32.844543 6.867899 6.855742 7.135075 5.749367 
6.164432 0.098064 0.086562 0.255289 0.601113 7.486565 7.417366 8.773142 0.021772 0.010493 0.006746 0.057312 0.461389 1.476923 4.461832 5.605643 9.919655 16.188429 25.308453 21.282072 28.092554 27.699129 26.044342 19.340788 14.646808 16.357386 9.406123 3.980215 1.162793 1.026093 0.174617 0.272302 28.649570 0.994102 0.886582 0.055605 0.471413 0.646330 0.800379 7.173435 
17.136648 0.160996 0.124416 0.689170 1.068036 7.493923 7.634432 24.106739 0.069101 0.024393 0.014705 0.014868 0.087306 0.583128 2.542562 2.782780 8.164577 16.087324 17.075594 18.851254 28.038284 21.821363 20.039787 17.747105 8.179608 7.807761 9.191338 20.130821 0.095946 0.092885 0.031869 0.037056 29.064682 0.174823 0.169587 0.052587 0.136279 0.302819 0.930334 7.013638 
18.341070 21.005362 28.235832 24.692640 24.687574 29.585030 11.021845 7.823373 0.048041 0.036782 0.049953 0.044340 0.022696 0.137542 0.793498 0.799393 11.552963 10.004508 12.485875 12.206444 29.087194 16.332945 16.921515 10.569889 4.341452 4.345216 20.342909 0.086895 0.027554 0.022196 0.028895 0.039312 0.048085 0.043830 0.035188 0.023207 0.055467 0.204682 0.935560 7.052955 
14.846336 16.771507 0.703450 0.734239 0.636721 0.303975 10.083875 2.088777 0.053437 0.041742 0.134576 0.128863 0.027665 0.025898 0.090120 0.094953 2.131905 4.447411 7.402058 7.523359 22.102510 12.087082 11.611217 10.138207 1.251357 1.169133 0.094055 0.070245 0.049185 0.043519 0.101567 0.105808 0.042909 0.025704 0.026247 0.025877 0.038842 0.044107 29.444855 28.393507 
14.937938 16.773390 0.640384 0.292606 0.202163 0.213707 24.189953 0.281261 0.287317 27.918242 31.358662 31.358444 27.744753 0.027440 0.022457 0.028691 0.041660 1.100370 4.520328 4.826861 13.414659 9.134708 6.760663 0.662551 1.097690 0.753687 0.090673 0.064750 0.056064 0.070960 0.347529 0.350886 0.046187 0.041590 0.044271 32.848938 0.035391 0.032709 0.020835 0.164883 
20.599932 31.655996 0.064328 0.059899 0.045044 0.051076 0.035562 0.120084 0.117545 0.024799 0.134106 0.150632 0.073427 0.030160 0.021598 0.013114 0.035649 0.440504 2.823076 2.674137 11.484447 6.867062 7.357829 0.553331 0.167341 0.071653 0.036161 0.066652 2.334574 31.341991 28.502535 28.502846 31.882040 0.035729 0.032472 0.009954 0.016748 0.012105 0.015585 0.047830 
17.881512 0.033345 0.028386 0.015397 0.013433 0.020390 0.023825 0.033238 0.030562 0.019834 0.049512 0.065639 0.068317 32.848076 0.011071 0.008396 0.014799 0.143800 2.833214 0.317204 0.096224 0.408019 7.474030 0.386516 0.063625 0.016159 0.018830 32.847618 0.105906 0.104194 0.363505 0.343098 0.028301 0.020786 0.012933 0.007278 0.005152 0.003323 0.004414 0.010249 
5.818101 0.026475 0.014957 0.009147 0.016577 0.028037 0.038340 0.020896 0.012768 0.008479 0.013161 0.017557 0.021848 0.007139 0.009936 0.008734 0.020410 0.024810 31.626875 0.092151 0.087685 0.090268 31.548241 0.215747 0.040048 0.016373 0.024266 0.045900 0.068393 0.076674 0.116869 0.098572 0.025028 0.011746 0.008619 0.006591 0.003577 0.001887 0.001489 0.002249 
0.019720 0.016677 0.007880 0.009197 0.017113 0.874195 0.081153 0.031063 0.020942 0.010475 0.006806 0.005260 0.005528 0.004463 0.005299 0.015852 0.071829 0.261569 28.972046 0.317661 0.126039 0.071277 0.068768 32.829819 0.029809 0.027127 0.030159 0.043218 0.067010 0.093473 0.054021 0.029714 0.013648 0.014719 0.011298 0.016088 0.008761 0.005464 0.003225 0.002725 
0.008199 0.005203 0.003661 0.008204 0.018317 11.527321 30.627840 11.415347 0.023785 0.013152 0.013036 0.006300 0.002917 0.001854 0.003272 0.015107 0.071947 0.262039 28.963839 0.361576 0.135518 0.065218 0.061005 0.077591 0.040516 0.037316 0.057917 0.054130 0.073536 16.283779 0.041363 0.024485 0.020100 0.022779 32.847332 0.014170 0.011441 0.018968 0.013127 0.010373 
0.001871 0.001330 0.001898 0.006721 0.014569 0.857422 0.075184 0.029524 0.032242 32.848335 0.017275 0.014594 0.005929 0.002184 0.001948 0.006578 0.022010 0.030334 13.669945 26.743456 16.725456 0.073589 0.064211 0.074870 1.465357 10.489739 26.190020 13.223009 3.188127 1.670245 0.044572 0.037652 0.039710 0.025507 0.057489 0.060296 32.847309 0.042537 0.039849 0.022351 
0.000354 0.000325 0.000813 0.003483 0.011572 0.013679 0.031185 0.019321 0.025639 0.031314 0.040362 0.019582 0.013760 0.005712 0.003504 0.007360 0.016404 0.022921 0.026299 0.073946 0.022217 0.044624 0.164124 0.819350 14.266610 0.837282 0.200269 0.048250 0.040450 0.042680 0.056295 0.042650 0.045383 32.848068 0.054741 0.052047 0.011247 0.036076 0.048151 6.327950 
0.000060 0.000074 0.000244 0.001023 0.003295 0.005825 0.007641 0.006346 0.012050 0.028635 0.033636 27.779974 0.020980 0.015988 0.010213 0.019725 0.028289 0.025440 0.018066 0.022265 0.012744 0.028572 0.152712 0.802566 14.314735 0.825861 0.172280 0.037346 0.023694 0.035860 0.040868 27.801544 0.083529 0.078427 0.037862 0.018400 0.008564 0.013032 0.024277 0.024951 
0.000010 0.000017 0.000066 0.000263 0.000791 0.001466 0.001902 0.003145 0.012136 0.048639 0.133572 31.355139 0.133764 0.048884 0.022913 0.034774 6.305897 0.025628 0.013700 0.007853 0.004736 0.009699 0.037786 0.070523 20.085957 0.077271 0.044513 0.014642 0.016672 0.051787 0.137019 31.344368 0.161439 0.075747 0.023084 0.007032 0.003066 0.003939 0.008179 0.013002 
