0.012068 0.043574 0.127122 31.373873 0.158476 0.074514 0.024506 0.007537 0.002015 0.000469 0.000145 0.000349 0.001950 0.010186 0.044254 0.133857 31.075596 1.495815 1.399300 1.450928 11.905590 0.028824 0.014710 0.003767 0.000815 0.000464 0.001457 0.004643 0.008745 0.011858 0.017484 0.052399 0.090161 24.362188 0.087080 0.049357 0.031447 0.114055 0.501957 5.646068 
0.005496 0.015067 0.020048 27.725403 0.089331 0.084318 0.027196 0.013230 0.004464 0.001103 0.000313 0.000394 0.001255 0.004573 0.014654 0.019725 28.004004 1.723810 1.717034 29.578011 4.350394 0.055265 0.020047 0.004517 0.000999 0.000955 0.003675 0.011846 0.015447 0.035780 0.046662 0.184954 0.788538 19.808889 0.770282 0.168749 0.038291 0.034579 0.047073 6.217997 
0.004716 0.010422 0.031001 0.062553 0.099457 0.102049 32.840504 0.014530 0.011828 0.003075 0.000964 0.001263 0.002362 0.003768 0.007447 0.017045 0.030567 0.054471 2.592295 1.246445 29.044004 0.018133 0.009768 0.002641 0.000858 0.001659 0.006563 0.013282 0.551160 0.077397 0.058319 0.209111 0.793517 19.786743 0.781031 0.185340 0.047695 0.028012 0.044274 0.101397 
0.014786 0.017523 0.049165 0.057492 2.787175 9.778126 0.719828 0.216309 0.049205 0.009321 0.003072 0.005137 0.008795 0.009657 0.008645 0.011840 0.025503 0.038175 19.646353 0.046458 0.032550 0.016568 0.005413 0.001571 0.000861 0.002167 0.008299 0.019376 17.319324 18.927845 14.016489 14.803412 32.476749 14.327626 13.707399 0.078291 0.068234 0.053713 0.044480 0.089669 
0.063877 0.052112 0.194992 0.213335 3.259719 16.699442 0.744993 0.220369 0.055909 0.012337 0.006995 0.015979 0.020602 0.021677 0.020369 0.016577 0.023740 0.050974 16.999966 0.051482 0.024185 0.008770 0.003147 0.001709 0.001655 0.002917 0.009374 0.018579 0.838609 0.849873 17.346354 0.092089 0.057209 0.069096 0.057788 0.083204 0.126524 0.111794 0.047808 0.152153 
0.221613 0.055604 0.802248 0.812654 28.691874 26.161528 26.199814 31.386887 0.012912 0.008913 0.010273 0.022069 6.166399 6.439682 0.028145 0.044198 0.044503 0.062107 12.579813 0.032696 0.014874 0.005826 0.004513 0.004640 0.005949 0.006666 0.018129 0.075182 0.311819 0.330473 32.129326 0.068599 0.052577 0.042592 0.047399 25.294041 31.847795 31.849743 32.838726 30.276678 
7.705636 32.774990 16.898897 16.891699 1.990680 25.092899 0.398703 0.209744 0.040663 0.009929 0.009586 0.031958 0.089889 0.102401 28.673119 0.217635 0.212602 0.348771 4.978260 0.335554 0.043932 0.016651 0.018048 0.007056 0.021218 0.018287 0.031531 0.087253 0.307886 0.472048 29.983501 0.241774 0.081862 0.028536 0.023267 0.024579 0.122108 0.241153 0.674317 6.682987 
7.511806 0.309857 0.906370 1.067715 1.065251 32.703835 0.209350 0.205809 0.041210 0.010381 0.007201 0.022298 0.078168 0.165843 25.882063 1.702204 1.550043 0.422580 4.824054 1.594723 0.260497 0.189316 0.191400 29.545992 0.037972 0.035361 0.069043 0.119639 0.609607 0.782553 29.979166 0.231889 0.072519 0.019348 0.010866 0.019760 0.063980 0.182426 0.670771 6.649465 
6.914433 0.303083 0.288294 0.425771 0.821833 21.132088 1.378089 0.994904 0.043964 0.016573 0.008353 0.015433 0.055318 0.142124 25.780926 1.999869 1.917325 2.150905 4.284142 2.721816 0.266506 0.867040 1.185387 13.780410 11.172116 26.936201 29.685287 29.098814 26.374758 26.351175 29.507341 0.027538 0.022725 0.008417 0.007120 0.012341 0.021906 0.043832 0.056479 6.241510 
2.882405 0.115289 0.106121 0.245186 0.815771 21.113604 8.029805 8.031121 32.810020 0.016402 0.013713 0.009569 0.017894 0.021683 19.585974 12.585698 11.253560 8.452174 6.687114 6.563692 13.880817 3.977066 4.012032 14.246091 11.838792 9.772420 9.661317 3.628280 3.851230 9.285125 0.978079 0.166796 0.027908 0.009010 0.013349 0.019920 0.017250 0.016158 0.023092 0.021650 
0.019977 0.034895 0.032725 0.044951 6.400944 8.520640 2.876701 2.866829 3.184527 0.030980 0.030007 0.013066 0.010684 0.054113 0.925949 0.995853 9.266346 30.303452 11.230759 11.167836 29.666096 7.884938 7.903520 9.507571 21.140514 9.703488 9.660836 3.587675 3.537266 9.287519 0.972982 0.161616 0.026272 0.014107 0.021706 18.597986 0.021341 0.013736 0.009305 0.009816 
0.010157 0.010292 0.013091 0.028579 0.047989 0.075090 2.868500 3.166257 3.182624 26.570248 0.038120 0.025623 0.018968 0.121707 0.924521 0.927597 20.920214 22.772997 16.909624 16.970692 29.876392 13.907301 13.854752 14.254246 24.388821 14.712572 22.924635 3.596107 3.601842 31.535177 0.041156 0.034835 0.014419 0.026952 0.080764 31.531816 0.077569 0.023759 0.006660 0.003308 
0.004489 0.006349 0.010059 0.017903 0.035862 0.052852 9.489902 13.289866 13.283022 6.358985 0.454233 0.172656 0.181363 0.692654 2.067147 2.249154 3.732291 22.554371 23.083384 23.112663 30.031729 19.269794 19.176823 20.259253 22.296412 28.461327 18.711313 26.146156 9.890792 10.095242 0.108520 0.037325 0.015215 0.020351 0.027954 18.621044 0.018056 0.010454 0.003162 0.001174 
0.007541 0.013766 0.016967 0.022703 0.027542 0.039270 6.009165 5.505435 5.659336 5.400939 28.244761 1.444251 1.400443 2.197191 3.635706 10.164456 5.141638 21.064970 26.855961 27.226421 31.704460 26.228504 26.383190 26.838593 25.892178 19.718452 13.922584 8.677411 9.307367 25.280632 0.034960 0.029886 0.022139 0.031693 0.030669 0.019462 0.017380 0.005938 0.001726 0.000795 
0.019628 0.026555 21.835611 0.040175 0.033255 0.052280 0.120401 1.114657 5.635763 2.129804 1.995093 2.265630 3.058180 4.676684 7.281449 7.653441 16.974361 31.539288 31.203852 30.634670 31.815842 28.831915 28.191027 30.320015 24.948242 19.703379 13.620081 8.354078 4.806436 3.083205 0.214485 0.032547 0.041532 0.044213 32.848251 0.011651 0.008978 0.003212 0.001843 0.002154 
0.050138 0.110215 31.547016 0.114290 0.054173 0.051138 0.107018 0.130211 12.143744 2.001595 1.983781 3.093072 4.840585 7.218906 11.485872 12.356151 22.703247 27.702261 30.803648 31.978395 32.564907 31.415558 30.552631 27.819664 26.225098 19.261887 13.886436 8.304165 4.806885 3.149263 3.139169 32.465168 0.036189 0.033528 0.008677 0.009955 0.004494 0.003092 0.005449 0.008652 
0.050859 0.057808 21.877895 0.066819 0.059869 0.059968 0.158077 0.148471 8.021323 6.664588 6.380068 7.519600 9.783855 12.468268 17.282001 18.902100 24.546200 28.468187 31.071249 32.062294 32.756744 32.223614 31.358181 29.116131 27.354750 24.362257 20.026106 19.345840 24.140667 4.018380 4.017416 1.304936 0.162088 0.017738 0.006004 0.003662 0.003116 0.007735 0.018001 0.020494 
0.061234 0.074119 0.065693 0.072314 0.081280 14.850576 26.191734 18.790726 2.596810 2.571018 6.325484 7.981981 11.099841 14.732955 19.984261 23.274353 26.968735 29.928455 31.661285 32.331570 32.803127 32.555027 32.035542 31.170801 30.625338 26.235367 25.086460 19.009914 12.352885 6.631331 5.378571 1.289365 0.181714 0.011539 0.002309 0.001977 0.006756 0.028355 0.041168 6.246719 
3.314778 0.068926 0.058774 0.114533 0.363885 21.448399 9.256986 8.105531 2.671628 2.673183 24.876438 21.061750 20.190706 22.183378 25.641592 28.013288 30.369629 31.270294 32.180290 32.577915 32.803017 32.827362 32.603443 31.917942 30.947090 28.696629 24.749594 18.321781 12.604387 7.932359 5.208426 1.271296 0.166925 0.011425 0.002040 0.003412 0.022258 0.140219 0.708071 6.822794 
3.271114 0.051545 0.041600 0.100391 0.348602 21.455021 9.258986 8.112883 2.686037 3.079374 19.355701 19.656675 20.824455 23.166876 26.446053 28.962400 30.612013 31.871040 32.586193 32.759201 32.841671 32.839466 32.645554 32.240135 31.414944 30.081486 27.737419 21.969160 18.127636 14.459143 12.934729 7.545060 0.014265 0.009026 0.002952 0.004003 0.024032 0.144753 0.713562 6.863817 
0.019652 0.023449 0.017173 0.032009 0.038228 27.872948 27.706341 27.715889 32.751347 19.647669 19.748434 19.749910 24.614643 31.886211 32.446449 32.731537 32.797462 32.625183 32.785465 32.833355 32.893459 32.877232 32.852512 32.765289 32.423813 31.029278 29.081738 27.292477 22.608912 17.102812 8.845512 4.025243 0.024972 0.015594 0.004674 0.003209 0.009507 0.014757 29.405756 28.569780 
0.009456 0.007662 0.009066 0.023381 0.040952 0.136697 0.257933 0.217113 0.204800 1.397637 5.325390 11.369925 12.309484 17.456327 22.884199 27.259859 29.975769 31.693150 32.398960 32.693432 32.817326 32.872021 32.693954 32.346573 31.624746 29.950445 28.193727 22.404472 14.557432 8.387249 3.728930 9.737366 0.021923 0.014257 0.007050 0.005661 0.017982 0.071117 0.276665 0.450128 
0.002886 0.003060 0.006201 0.008878 32.847218 0.130064 0.125017 0.085466 0.198449 1.198403 3.257281 6.979438 11.811500 17.138969 22.467583 26.727804 29.354935 31.147429 31.991755 32.535915 32.787701 32.844807 32.634468 32.031471 31.107025 28.121922 22.735786 16.272964 7.959291 3.729273 0.249095 0.239645 0.064074 0.041504 0.031240 0.015647 0.030275 0.074066 0.271468 0.333914 
0.002900 0.003457 0.009068 0.032448 0.078432 16.009720 0.040936 0.031812 0.066223 0.603121 2.166836 4.644366 8.174347 12.248493 17.506300 22.472250 25.919416 29.516607 30.823835 32.056801 32.711399 32.712776 32.153999 30.888639 29.810972 26.054972 20.456528 16.257656 8.768324 6.966464 0.237394 0.232435 0.069318 0.192248 0.179769 0.047837 0.050799 32.727566 0.737276 0.757312 
0.009400 0.009009 0.012258 0.034780 0.081067 25.635059 0.085006 0.038739 0.021760 0.187088 1.040064 2.782584 5.438824 8.591759 13.792992 18.384937 22.421732 27.188934 29.109869 31.488432 32.554966 32.347012 30.992382 29.118706 27.397497 22.776354 18.596127 18.405037 22.644634 0.950384 0.566157 0.571477 29.026901 0.909290 0.903736 0.050855 0.440391 6.541671 7.125843 5.641495 
0.021189 0.032863 0.030459 0.065090 0.076868 22.658777 0.065691 0.049941 0.021115 0.032541 0.332892 1.331989 3.192507 5.447764 10.305520 13.627155 18.073366 23.678679 26.555883 29.283098 31.912613 31.403444 29.978901 27.346586 23.598076 19.757715 12.723402 7.999197 4.478290 4.521726 1.956512 2.007230 28.778074 17.407110 17.408360 32.840405 6.906381 6.894233 7.179123 5.795363 
6.162946 0.107757 0.096289 0.270357 0.616353 7.503640 7.433943 8.774748 0.024403 0.013225 0.052394 0.438694 1.556937 3.142625 7.307089 9.108012 13.944677 19.183296 27.747961 26.217710 30.770573 29.809490 27.513245 22.470848 18.731668 20.052216 13.614666 7.973076 4.422119 3.925799 1.592570 1.647744 28.772427 1.021727 0.914224 0.064526 0.487271 0.680651 0.840568 7.217690 
18.219948 0.173540 0.134199 0.694686 1.073002 7.510966 7.651515 24.129049 0.070684 0.025981 0.019341 0.086375 0.581116 1.666903 4.629520 5.087778 10.732868 16.848686 21.633184 23.682816 30.880806 25.180738 23.056433 18.750626 12.302064 11.863400 13.401837 19.049150 0.555236 0.552912 0.189255 0.194444 29.043959 0.192992 0.187758 0.061512 0.150990 0.336203 0.976312 7.096382 
19.620453 21.939825 28.458654 25.055269 25.049944 29.709675 11.016230 7.829255 0.050605 0.039352 0.051775 0.052780 0.162993 0.758951 2.122129 2.150949 9.228209 10.214399 17.096422 17.722090 31.187927 20.964418 19.517206 11.906518 7.980904 7.882729 18.947657 0.128561 0.080482 0.072122 0.041586 0.049564 0.052626 0.050552 0.041543 0.027960 0.064864 0.229203 0.981525 7.135705 
16.253693 16.167046 0.708335 0.742901 0.643152 0.318395 10.083224 2.093953 0.056016 0.044299 0.135008 0.135683 0.168120 0.180637 0.556226 0.574808 2.215078 4.116101 11.697454 13.006603 20.364954 17.575190 16.053284 10.437409 4.097060 3.292708 0.419701 0.101729 0.058068 0.049919 0.106091 0.110567 0.047453 0.029542 0.029859 0.030625 0.043142 0.048408 29.445244 28.374285 
16.341686 16.168642 0.645868 0.310964 0.218219 0.229754 24.189096 0.287647 0.293692 27.841667 31.387175 31.387089 27.674438 0.082501 0.077508 0.149762 0.269137 1.559172 9.272674 11.878405 14.035797 13.576982 8.430338 2.713047 5.967492 2.406311 0.418242 0.095305 0.064825 0.077093 0.343113 0.346805 0.050725 0.045508 0.048186 32.849041 0.037764 0.035086 0.021852 0.166024 
21.711275 31.639212 0.072294 0.067871 0.051785 0.057284 0.038174 0.126605 0.123586 0.026554 0.134440 0.151930 0.076099 0.085211 0.028505 0.035411 0.263199 1.143335 9.734506 8.112602 11.697849 7.280350 9.854644 1.685791 1.107362 0.423282 0.106581 0.098439 2.345952 31.418287 28.697586 28.697853 31.839897 0.038201 0.034950 0.010669 0.018015 0.013318 0.016604 0.049105 
18.685051 0.034828 0.031166 0.018000 0.015876 0.023204 0.026449 0.036876 0.033785 0.021601 0.051222 0.068312 0.070987 32.845917 0.015031 0.012366 0.078054 0.354341 9.973019 0.430176 0.129312 0.286422 10.235702 0.871743 0.521370 0.082435 0.085078 32.845837 0.114071 0.112382 0.361040 0.338196 0.030798 0.022724 0.014368 0.007998 0.005725 0.003782 0.004886 0.010886 
5.810079 0.027846 0.016361 0.010452 0.018256 0.030827 0.040993 0.023137 0.014373 0.009551 0.014283 0.019029 0.023262 0.007456 0.010623 0.009787 0.024289 0.029127 32.765137 0.126075 0.121058 0.123364 28.947775 0.545868 0.215175 0.028292 0.028903 0.050734 0.075893 0.085082 0.123253 0.102453 0.027532 0.013221 0.009574 0.007244 0.003992 0.002169 0.001732 0.002525 
0.020097 0.017571 0.008714 0.010072 0.018003 0.877499 0.083677 0.033293 0.022282 0.011383 0.007555 0.005937 0.006103 0.004784 0.005826 0.016973 0.073481 0.260512 29.036440 0.328160 0.138872 0.082306 0.078171 32.759686 0.032596 0.029910 0.033258 0.048055 0.073878 0.101867 0.059522 0.033171 0.015656 0.016191 0.012249 0.016953 0.009399 0.006054 0.003677 0.003052 
0.008604 0.005646 0.004078 0.008759 0.018863 11.522719 30.629940 11.411224 0.024680 0.014056 0.013877 0.006910 0.003280 0.002086 0.003683 0.016141 0.073512 0.260855 29.027781 0.371791 0.148332 0.073676 0.068993 0.087137 0.043315 0.040083 0.060988 0.058950 0.078697 16.309374 0.044203 0.027336 0.022518 0.025193 32.847446 0.014801 0.012076 0.020442 0.014469 0.011141 
0.002026 0.001489 0.002117 0.007168 0.015017 0.858316 0.076552 0.031004 0.033719 32.848446 0.018116 0.015439 0.006446 0.002469 0.002276 0.007341 0.023469 0.031764 13.629959 26.730314 16.727625 0.083075 0.073704 0.084426 1.474747 10.497727 26.200506 13.219334 3.188264 1.671025 0.048331 0.041417 0.043137 0.027917 0.060885 0.063687 32.847427 0.045123 0.042439 0.023111 
0.000397 0.000376 0.000925 0.003811 0.012191 0.014107 0.032580 0.020810 0.027437 0.033376 0.042579 0.020412 0.014555 0.006273 0.004007 0.008185 0.017758 0.024560 0.027663 0.074866 0.023538 0.051033 0.181329 0.849018 14.769129 0.865990 0.216717 0.053628 0.043075 0.045680 0.060635 0.046402 0.049131 32.848198 0.058140 0.055449 0.012231 0.038567 0.050634 6.330756 
0.000070 0.000089 0.000285 0.001158 0.003611 0.006247 0.008313 0.007125 0.013336 0.030700 0.035688 27.699486 0.022059 0.017081 0.011283 0.021050 0.029632 0.027123 0.019457 0.023259 0.014066 0.033277 0.168081 0.830142 14.819160 0.854542 0.188735 0.042737 0.026332 0.038860 0.043854 27.723015 0.087893 0.082805 0.041294 0.020499 0.009552 0.014430 0.026003 0.026006 
0.000013 0.000022 0.000080 0.000309 0.000904 0.001647 0.002173 0.003578 0.013073 0.050131 0.133671 31.381769 0.133912 0.050425 0.024625 0.036475 6.307445 0.026704 0.014786 0.008571 0.005464 0.011699 0.043405 0.076719 20.503048 0.084346 0.051010 0.017336 0.018470 0.053931 0.137778 31.370781 0.164441 0.080128 0.025639 0.008143 0.003575 0.004552 0.009129 0.014066 
