0.000231 0.006180 0.147400 3.352898 0.149599 0.008760 0.009182 0.001758 0.000154 0.000009 0.000000 0.000000 0.000008 0.000224 0.006171 0.147139 3.343158 0.204094 0.091484 0.316316 10.495625 0.070339 0.008483 0.000526 0.000023 0.000006 0.000091 0.000942 0.004274 0.001621 0.001172 0.007503 0.058054 6.704027 0.057663 0.007028 0.000580 0.002899 0.056769 0.977678 
0.000585 0.008466 0.055488 31.103029 0.086053 0.038927 0.055690 0.016686 0.001654 0.000097 0.000004 0.000004 0.000045 0.000580 0.008467 0.055893 30.993973 0.694521 0.642964 27.741598 3.742853 0.181746 0.011520 0.000495 0.000019 0.000060 0.000916 0.008089 0.023246 0.020602 0.010134 0.016759 0.040444 0.668009 0.039827 0.003423 0.000648 0.006460 0.054080 6.116105 
0.000124 0.002042 0.022681 0.102192 0.137753 0.169774 31.491072 0.054923 0.008408 0.000562 0.000031 0.000075 0.000450 0.000547 0.001765 0.017351 0.066296 0.107417 2.523136 1.269112 27.420113 0.065024 0.008968 0.000581 0.000042 0.000351 0.004610 0.024283 1.065547 0.167501 0.056674 0.235092 0.089475 0.731946 0.083565 0.018081 0.001978 0.001552 0.013719 0.060254 
0.000254 0.001139 0.008366 0.054108 5.358026 6.501016 0.216538 0.032847 0.003632 0.000261 0.000121 0.001242 0.006844 0.006914 0.001618 0.002461 0.018956 0.072547 18.997965 0.137375 0.078508 0.017862 0.001698 0.000124 0.000036 0.000611 0.008882 0.058946 23.095123 15.560016 21.834236 23.546963 30.935839 21.505724 22.579233 0.058080 0.014593 0.006881 0.009991 0.013566 
0.006233 0.008863 0.013707 0.215761 6.333788 1.764818 0.200878 0.079657 0.018094 0.001782 0.001320 0.012924 0.054530 0.055066 0.015589 0.002961 0.014244 0.121999 21.519695 0.130706 0.022710 0.002370 0.000266 0.000564 0.000131 0.000382 0.004631 0.024141 1.048849 3.641196 18.047789 0.300342 0.068499 0.283204 0.116192 0.106703 0.156098 0.148227 0.056478 0.149323 
0.147317 0.055645 0.091996 0.170908 14.773614 2.029197 2.047541 31.260357 0.055538 0.008784 0.006987 0.054253 6.089785 6.230777 0.063080 0.018114 0.009823 0.041010 8.692127 0.039720 0.008482 0.000804 0.001686 0.008336 0.002048 0.000779 0.001623 0.009137 0.033052 0.089160 25.062637 0.066153 0.019168 0.023982 0.070745 31.071745 3.362454 3.362920 31.580418 3.378843 
3.281144 31.310308 1.455655 1.418228 4.385232 1.755510 0.185182 0.067000 0.017979 0.001852 0.001336 0.013146 0.059908 0.122936 31.078468 0.058983 0.011876 0.023988 0.056544 0.015734 0.002286 0.001856 0.016725 0.054795 0.023179 0.010677 0.013627 0.009412 0.016147 0.155567 3.242516 0.146283 0.006898 0.002398 0.017258 0.056248 0.147661 0.148745 0.074187 0.180843 
2.918652 0.111472 0.089265 0.083160 0.128694 31.532488 0.066667 0.020061 0.010810 0.001846 0.000271 0.001439 0.012635 0.153835 3.344801 0.154096 0.027800 0.069824 0.026119 0.007175 0.009214 0.010154 0.056591 31.501284 0.098800 0.059007 0.124797 0.046851 0.134820 0.266125 3.248244 0.145753 0.006184 0.000392 0.001779 0.009081 0.006364 0.007655 0.027853 0.205804 
4.688640 0.059978 0.010418 0.008947 0.095698 1.531209 0.088952 0.025249 0.057155 0.016869 0.001739 0.000401 0.006605 0.147629 3.344585 0.250247 0.271407 5.820595 0.139885 0.093735 0.056435 0.019518 0.027056 0.148447 1.847624 16.158567 24.799442 11.029218 2.605084 2.629548 30.738249 0.056163 0.008475 0.000714 0.001778 0.009002 0.002289 0.006765 0.054343 6.155133 
3.121069 0.045141 0.007165 0.017168 0.142658 1.496509 0.101817 0.146133 31.510925 0.056377 0.009855 0.001278 0.008520 0.056043 30.851429 1.622852 1.587667 6.872872 1.550123 1.584040 31.093367 0.069010 0.021942 0.115159 2.647647 1.892910 1.891429 0.153516 0.141651 0.164392 0.079814 0.018054 0.001806 0.001760 0.016779 0.057557 0.016860 0.002896 0.013059 0.054783 
0.043575 0.011020 0.007545 0.054875 6.124380 6.174292 0.089231 0.042191 0.179044 0.127672 0.023878 0.002370 0.001830 0.017305 0.065494 0.177923 1.621957 0.343146 0.117624 0.168182 1.617801 0.088618 0.013776 0.072901 25.086271 1.905327 1.900317 0.116818 0.059426 0.209218 0.032332 0.003614 0.000823 0.008705 0.057651 29.511738 0.057750 0.008806 0.001818 0.006888 
0.005520 0.001184 0.001893 0.013577 0.062707 0.117347 0.141061 0.065474 0.132323 12.626975 0.071498 0.012717 0.001310 0.002346 0.017944 0.064887 31.302895 0.277081 0.117421 0.162796 1.586059 0.082622 0.006032 0.025555 0.121194 1.024208 31.481272 0.276164 0.332225 29.685381 0.058117 0.008821 0.001016 0.011738 0.265059 8.445467 0.264916 0.011634 0.000498 0.000460 
0.000515 0.001721 0.008504 0.003410 0.014729 0.063925 6.371461 0.698420 0.676979 2.177442 1.882335 0.035691 0.005091 0.000591 0.003418 0.035415 0.181959 31.328823 1.630042 1.598469 8.271523 0.065662 0.008749 0.010645 0.057790 31.348938 1.145967 30.031996 6.913048 6.879509 0.248105 0.011951 0.001260 0.010421 0.059453 29.538525 0.057570 0.008705 0.000575 0.000047 
0.001778 0.016787 0.057108 0.017397 0.009154 0.056346 6.027421 0.113272 0.067153 0.113068 12.836221 0.074927 0.008140 0.000656 0.003110 0.040478 0.233237 0.108945 0.103954 0.148091 5.554381 0.061226 0.016304 0.003927 0.017082 0.055764 0.065589 0.060571 0.119932 29.720228 0.067485 0.018363 0.004609 0.025913 0.107182 0.106557 0.024622 0.002156 0.000121 0.000026 
0.009340 0.058296 29.852324 0.059167 0.010225 0.014965 0.071924 0.033572 0.109582 0.035481 0.082944 0.016202 0.001463 0.000639 0.008379 0.054941 31.482748 0.060655 0.014121 0.018032 0.064458 0.032523 0.062570 0.017883 0.003971 0.008689 0.004664 0.012250 0.038555 0.089979 0.039575 0.064645 0.028426 0.074756 31.518826 0.056453 0.009974 0.000722 0.000107 0.000448 
0.012088 0.254409 7.434861 0.255437 0.013228 0.011002 0.027078 0.073740 6.170969 0.064112 0.016399 0.002011 0.000155 0.000105 0.001653 0.016667 0.055295 0.016969 0.002041 0.003051 0.021406 0.067490 31.501083 0.064257 0.017966 0.002947 0.002138 0.019145 0.084756 0.041300 0.087492 31.533781 0.074035 0.027788 0.054769 0.016776 0.001737 0.000213 0.001248 0.006861 
0.016007 0.064952 29.853876 0.077304 0.028391 0.059752 0.297203 0.162231 6.231169 0.064962 0.016939 0.002272 0.000202 0.000022 0.000152 0.001720 0.008772 0.002355 0.003135 0.033496 0.123785 0.062572 0.196228 0.045185 0.064370 0.017967 0.010175 0.056439 31.530643 0.075466 0.029214 0.064413 0.018549 0.003493 0.008397 0.001663 0.000220 0.001233 0.012946 0.054759 
0.054647 0.030264 0.063771 0.028485 0.076969 28.289837 11.245527 28.759016 0.087951 0.038435 0.063212 0.017746 0.002295 0.000205 0.000118 0.001177 0.006288 0.011668 0.066304 0.529966 0.132046 0.513665 0.153018 0.147480 31.498465 0.056615 0.010232 0.017325 0.054823 0.018132 0.005283 0.018148 0.003462 0.000398 0.000570 0.000116 0.000423 0.006479 0.054105 6.154910 
3.249528 0.053835 0.015162 0.008404 0.147762 3.293777 0.487281 0.234730 0.047487 0.093503 31.531422 0.064137 0.017844 0.002343 0.001225 0.010256 0.034468 0.086287 0.444785 0.493115 2.900015 0.748776 0.854558 29.999626 0.209269 0.033424 0.003843 0.001925 0.008538 0.004014 0.018087 0.064066 0.017301 0.001693 0.000123 0.000020 0.000224 0.003103 0.027705 0.205188 
3.233428 0.045187 0.006421 0.006714 0.146595 3.296107 0.323101 0.191607 0.094353 0.041215 0.075392 0.037982 0.064139 0.017679 0.006804 0.034011 2.246250 20.879391 4.267180 3.308567 4.093880 2.183344 1.625208 2.741356 0.283710 0.080778 0.018250 0.001996 0.002943 0.018034 0.064658 25.463202 0.055122 0.008690 0.000577 0.000124 0.001695 0.017701 0.074628 0.180060 
0.044359 0.010635 0.001767 0.010190 0.057746 30.706272 3.348467 3.348726 31.087242 0.075997 0.029113 0.075359 31.532000 0.055824 0.009556 0.013502 0.073875 0.148587 2.944946 4.137355 32.816971 6.899048 5.654508 2.748453 2.765571 30.888687 0.057628 0.010381 0.018203 0.065205 0.415899 17.573990 0.296027 0.013809 0.000503 0.000577 0.008406 0.055340 31.087391 3.351796 
0.005547 0.001132 0.002241 0.024593 0.105819 0.230147 0.173579 0.149067 0.055706 0.017995 0.004117 0.017957 0.054597 0.016681 0.001790 0.002380 0.036050 0.257138 5.339427 6.754210 4.236797 1.819838 0.840721 0.747760 0.293931 1.306526 0.082549 0.015651 0.062470 23.874937 7.255637 23.726580 0.055560 0.008786 0.000596 0.000301 0.003493 0.027932 0.077692 0.149215 
0.000407 0.000620 0.008355 0.054867 31.495518 0.177693 0.039529 0.008872 0.008603 0.001716 0.000326 0.001707 0.008311 0.001652 0.000177 0.000667 0.010009 0.072116 11.371248 5.706521 3.049769 0.829491 0.893616 0.787595 0.362761 1.271341 0.139432 0.062639 0.339780 17.341131 0.437741 0.087785 0.028588 0.003559 0.000459 0.002342 0.018527 0.074553 0.030668 0.010421 
0.000467 0.000184 0.001920 0.023385 0.209760 28.774351 0.057650 0.009520 0.001229 0.000132 0.000019 0.000099 0.000554 0.000098 0.000028 0.000423 0.006193 0.043021 3.614615 0.681560 0.324102 0.707166 0.872941 22.007984 7.634224 6.213480 9.687455 0.531541 0.473617 25.584303 0.087709 0.040921 0.075469 0.019360 0.004267 0.017979 0.064812 31.372667 0.103049 0.062278 
0.006853 0.001288 0.000660 0.013106 0.290611 11.656055 0.294346 0.020178 0.002031 0.000159 0.000009 0.000004 0.000025 0.000004 0.000004 0.000092 0.001644 0.019582 0.103992 0.760941 0.291038 0.338180 30.186136 0.402268 0.381875 8.938468 0.241389 0.293349 31.447504 0.073812 0.031180 0.078242 31.090504 0.080133 0.033244 0.064893 0.161750 1.316894 6.226766 0.987545 
0.054550 0.013525 0.002301 0.009078 0.057216 29.514565 0.116288 0.062411 0.015946 0.001611 0.000096 0.000004 0.000002 0.000001 0.000007 0.000103 0.001084 0.009676 0.057108 30.914747 0.447716 0.413189 8.659813 0.302257 0.053596 0.071675 0.074178 0.356042 0.081818 0.023262 0.009182 0.149090 3.351290 0.184849 0.226778 31.321480 1.547012 1.511273 6.213623 1.065201 
6.123302 0.062484 0.014564 0.009944 0.137109 2.734660 2.705263 12.974175 0.051538 0.008380 0.000574 0.000032 0.000026 0.000010 0.000109 0.001226 0.006500 0.002946 0.016993 0.057681 0.040666 0.089145 29.710009 0.209877 0.028867 0.017162 0.042901 1.675252 0.033701 0.007143 0.006770 0.147517 3.351277 0.152490 0.029010 0.056428 0.085747 0.083432 0.102306 6.151698 
1.028697 0.124053 0.069263 0.082742 0.202268 2.720168 2.779766 17.450581 0.152803 0.014899 0.000918 0.000248 0.000563 0.000171 0.001253 0.012946 0.054022 0.013183 0.003077 0.010372 0.012960 0.034002 0.283478 28.600655 0.093912 0.045997 0.111268 25.685280 0.071046 0.009937 0.009147 0.056235 31.088921 0.057594 0.010525 0.009628 0.004529 0.006420 0.031086 0.205295 
1.034149 7.031955 7.627473 1.431493 1.453356 16.755625 12.546153 11.086437 0.072699 0.018369 0.006794 0.006207 0.008478 0.002114 0.007027 0.054916 6.155107 0.056655 0.008868 0.018482 0.061330 0.160381 0.438239 11.664680 0.497329 0.525226 17.909502 0.586478 0.024128 0.004653 0.002131 0.017453 0.065142 0.017580 0.003502 0.009126 0.003690 0.019240 0.077962 0.180243 
0.143879 1.546911 0.148431 0.081934 0.091209 0.140082 9.587102 3.210992 0.110349 0.065207 0.148119 0.147476 0.055655 0.017362 0.008764 0.056505 6.155519 0.064468 0.016902 0.065528 28.243097 3.249273 3.249120 28.104197 0.088551 0.040317 0.086727 0.040086 0.015883 0.008261 0.003995 0.005983 0.018260 0.005236 0.018102 0.055403 0.027804 0.074691 31.087931 3.351630 
0.232848 1.580556 0.093774 0.008473 0.012768 0.066796 23.681158 0.543597 0.596584 31.199730 3.355235 3.355111 31.072382 0.058478 0.011382 0.013798 0.054207 0.014039 0.014132 0.287135 11.402223 0.417383 0.158642 0.059558 0.018284 0.003785 0.011284 0.021926 0.061046 0.065455 0.082163 0.087362 0.065042 0.028476 0.074707 31.534605 0.074034 0.027790 0.055651 0.147352 
3.257066 30.866413 0.056044 0.008666 0.002419 0.017375 0.064092 0.055883 0.060471 0.055350 0.148022 0.156039 0.109506 0.106269 0.024713 0.003393 0.006699 0.003551 0.018390 0.066723 28.713247 0.073304 0.025000 0.011122 0.002033 0.001972 0.018151 0.067369 5.603696 8.293677 1.580188 1.611789 31.317789 0.074489 0.027822 0.054808 0.017886 0.003465 0.008536 0.006180 
3.014445 0.108129 0.022959 0.002124 0.001153 0.005754 0.010129 0.004187 0.003867 0.008578 0.006766 0.014657 0.060961 31.519352 0.054882 0.008517 0.002647 0.017390 0.065300 0.038197 0.077910 0.038579 0.071148 0.019508 0.003133 0.008564 0.054990 31.509443 0.112374 0.073648 0.082751 0.086640 0.055357 0.018013 0.004024 0.008522 0.001739 0.000253 0.000568 0.000225 
6.051572 0.055772 0.008071 0.001485 0.008188 0.024852 0.021607 0.009733 0.002366 0.001286 0.000427 0.001873 0.016892 0.054672 0.016664 0.002216 0.008578 0.055680 31.095810 0.077104 0.030037 0.076347 31.522394 0.065333 0.018801 0.004090 0.018128 0.066271 0.025174 0.016307 0.005175 0.004334 0.008565 0.003372 0.008606 0.002714 0.000815 0.000119 0.000037 0.000028 
0.054221 0.013135 0.001657 0.004702 0.024690 1.105761 0.173651 0.057767 0.024548 0.009999 0.001771 0.000327 0.001672 0.008313 0.001657 0.000369 0.006164 0.146380 3.300071 0.159378 0.017721 0.021686 0.069790 31.520243 0.065281 0.018839 0.015760 0.019891 0.025377 0.067846 0.013960 0.001585 0.002392 0.016940 0.055055 0.024580 0.009983 0.001771 0.000228 0.000455 
0.006844 0.001282 0.000720 0.008804 0.055704 20.640366 19.949249 20.441423 0.106375 0.056473 0.017381 0.002291 0.000296 0.000566 0.000105 0.000234 0.006172 0.146356 3.297385 0.417060 0.065998 0.020610 0.025547 0.087274 0.097346 0.064729 0.118467 0.061693 0.121220 7.076022 0.060580 0.008463 0.011065 0.057610 31.502031 0.104570 0.056543 0.017728 0.003035 0.006953 
0.000447 0.000091 0.000356 0.004616 0.024607 1.103991 0.174287 0.059487 0.107202 31.520359 0.064215 0.017854 0.002279 0.000198 0.000044 0.000633 0.008921 0.057366 28.243511 11.384634 28.719345 0.064308 0.016411 0.039871 1.999653 14.891657 25.030046 16.860209 5.239346 3.988375 0.054792 0.018095 0.033597 0.105545 0.138191 0.187724 31.501060 0.070102 0.023701 0.054963 
0.000020 0.000006 0.000060 0.000915 0.008089 0.023322 0.021053 0.011241 0.025244 0.064388 0.036643 0.064779 0.017269 0.001685 0.000211 0.001329 0.008175 0.018183 0.058706 0.285455 0.057033 0.017313 0.004466 0.050444 0.808606 0.108365 0.118798 0.050995 0.122136 0.053252 0.031676 0.065202 0.113086 31.508257 0.089998 0.043515 0.054989 0.025481 0.072648 6.175412 
0.000001 0.000000 0.000005 0.000086 0.000883 0.003951 0.001542 0.000857 0.002786 0.018023 0.065131 31.088657 0.055635 0.008535 0.001809 0.013039 0.055575 0.014846 0.010055 0.012191 0.008695 0.001802 0.002937 0.052238 0.830447 0.062291 0.016053 0.009145 0.012474 0.015894 0.063056 31.075949 0.110205 0.061668 0.019135 0.004401 0.008500 0.003016 0.014120 0.055272 
0.000000 0.000000 0.000000 0.000005 0.000059 0.000308 0.000084 0.000049 0.000351 0.006833 0.147996 3.349996 0.147383 0.006631 0.007104 0.054964 6.156850 0.055358 0.007496 0.000893 0.000636 0.000556 0.007055 0.057958 6.964909 0.058648 0.007756 0.001100 0.000858 0.006681 0.147801 3.348880 0.156539 0.015310 0.002058 0.000304 0.000595 0.000221 0.001370 0.007369 
