0.010665 0.042393 0.129288 31.310707 0.152980 0.065700 0.020170 0.005971 0.001538 0.000340 0.000095 0.000245 0.001575 0.009196 0.043054 0.135392 31.050070 1.132133 1.033703 1.085199 11.905972 0.027265 0.013109 0.003147 0.000626 0.000329 0.001095 0.003696 0.007186 0.009238 0.012358 0.039821 0.076364 23.347227 0.073491 0.036981 0.022732 0.098042 0.482928 5.612571 
0.004416 0.013443 0.018456 27.910475 0.077193 0.072149 0.022868 0.011306 0.003588 0.000831 0.000217 0.000281 0.000958 0.003794 0.013216 0.018311 28.138659 1.358358 1.351449 29.503735 4.350036 0.053755 0.018428 0.003900 0.000790 0.000735 0.003035 0.010479 0.013869 0.031011 0.036059 0.155343 0.754827 18.453388 0.738643 0.141015 0.027603 0.026418 0.038931 6.208742 
0.003482 0.008103 0.025661 0.051513 0.087303 0.089901 32.840313 0.012086 0.009376 0.002246 0.000683 0.000999 0.001956 0.003047 0.006128 0.014918 0.027188 0.047867 2.227698 1.084081 29.047203 0.017186 0.008797 0.002237 0.000670 0.001362 0.005801 0.012509 0.549432 0.071428 0.047732 0.179550 0.759807 18.434410 0.749361 0.156707 0.036486 0.021606 0.036070 0.087760 
0.011884 0.012681 0.038112 0.046418 2.778262 9.752898 0.701877 0.197921 0.040685 0.006939 0.002284 0.004385 0.007936 0.008552 0.007024 0.009508 0.022101 0.035110 20.141106 0.044129 0.030092 0.015092 0.004673 0.001275 0.000665 0.001803 0.007434 0.018538 17.334042 18.937260 14.026981 14.815174 32.475410 14.348519 13.720147 0.070945 0.060887 0.047927 0.035868 0.076006 
0.057146 0.040639 0.165254 0.183605 3.250251 16.681904 0.727071 0.201980 0.047103 0.009530 0.005690 0.014611 0.019770 0.020593 0.017888 0.012900 0.019233 0.040181 12.105787 0.042723 0.021701 0.007505 0.002557 0.001406 0.001302 0.002248 0.007721 0.016549 0.796963 0.808248 17.417297 0.084338 0.049236 0.062815 0.051478 0.075925 0.122422 0.109238 0.039205 0.138718 
0.215059 0.044142 0.759520 0.769921 28.668398 26.144232 26.182394 31.389929 0.011343 0.007343 0.008886 0.020709 6.167081 6.433638 0.024937 0.033214 0.031671 0.042841 7.539220 0.023055 0.011764 0.004452 0.003625 0.004131 0.005011 0.005106 0.013592 0.059893 0.270423 0.289332 32.073235 0.060759 0.044588 0.036197 0.041070 25.646940 31.787737 31.789614 32.848259 30.286161 
7.699674 32.766930 16.078613 16.071503 1.888084 25.071112 0.335039 0.145650 0.028452 0.007158 0.007606 0.027940 0.083525 0.097563 28.842150 0.116394 0.111283 0.081772 0.199669 0.059371 0.014811 0.006691 0.010230 0.006812 0.018459 0.014891 0.025569 0.068958 0.266706 0.440333 29.789452 0.246507 0.076923 0.023955 0.019620 0.021335 0.116068 0.215387 0.635006 6.586956 
7.497646 0.250132 0.832311 0.973996 0.972184 32.703720 0.145233 0.141700 0.027507 0.007298 0.005359 0.018587 0.071804 0.176572 30.261276 0.527640 0.421159 0.087007 0.189019 0.121803 0.028693 0.015889 0.018572 32.796688 0.028779 0.026084 0.063753 0.101584 0.582732 0.765761 29.785347 0.238689 0.069669 0.016450 0.008622 0.016451 0.054722 0.153496 0.631457 6.553470 
6.865942 0.243401 0.228543 0.348504 0.755693 21.276854 1.195821 0.802528 0.030258 0.013214 0.006516 0.012895 0.051873 0.155914 30.225515 0.951788 0.902729 1.896008 0.315741 0.294624 0.031093 0.057196 0.107668 0.712445 1.681663 13.036799 29.936409 29.048262 26.279762 26.260803 29.672276 0.023983 0.019145 0.006528 0.005701 0.010201 0.017390 0.033874 0.046517 6.231695 
2.868397 0.086903 0.077634 0.200856 0.753182 21.260435 6.637580 6.638833 32.817631 0.014213 0.011517 0.007554 0.015488 0.020510 26.126059 10.155714 9.874958 16.912598 1.906313 1.903914 19.678850 0.465173 0.464181 0.717607 1.903522 8.958841 8.840530 2.623644 2.825477 7.938042 0.830077 0.121885 0.018563 0.006736 0.011838 0.017791 0.014817 0.012669 0.019571 0.020532 
0.018405 0.027158 0.024136 0.036373 6.400859 7.622242 1.927492 1.917843 2.249393 0.028425 0.026850 0.010617 0.007507 0.014126 0.023643 0.178617 8.871411 18.581923 5.789623 5.740972 18.465580 2.786385 2.768081 2.822585 26.371384 8.878979 8.840803 2.583452 2.501246 7.940182 0.825002 0.116167 0.017049 0.011598 0.019210 18.623312 0.019563 0.011948 0.007701 0.008689 
0.008614 0.007766 0.009856 0.023751 0.042122 0.064447 1.925433 2.230998 2.247225 26.588873 0.031523 0.018648 0.006864 0.007271 0.018628 0.021078 24.663744 15.069423 11.491271 11.596534 18.271610 7.290749 7.121135 6.650753 15.447605 11.990914 29.588844 2.592895 2.598036 31.437376 0.030927 0.024628 0.010769 0.024756 0.078715 31.528988 0.076582 0.022628 0.005849 0.002751 
0.003506 0.005070 0.008186 0.014225 0.029964 0.045387 8.536564 12.014900 12.007178 4.817986 0.439174 0.013251 0.007944 0.011390 0.083883 0.372777 0.544444 20.018526 18.855856 18.911608 19.456362 11.476154 11.381106 14.080428 14.572765 31.848707 10.140471 31.978334 10.602878 10.510760 0.107022 0.032626 0.012125 0.017307 0.024920 18.647293 0.017223 0.009611 0.002698 0.000917 
0.006162 0.012201 0.015115 0.018883 0.022341 0.034077 6.000721 4.000444 4.095597 3.855551 27.675812 0.029312 0.017225 0.111527 0.547206 1.332388 0.700299 19.691820 24.975523 25.169220 24.768440 19.360279 19.098846 16.462839 11.731494 6.059437 3.193295 1.578316 1.560745 30.292784 0.031157 0.025133 0.017628 0.027058 0.027644 0.018489 0.016151 0.005205 0.001396 0.000609 
0.016693 0.023641 21.901651 0.033483 0.026540 0.042200 0.101284 0.838798 4.081313 0.783370 0.049210 0.028801 0.123806 0.745491 1.827224 1.848706 15.105857 30.687399 31.396355 30.309305 26.162292 20.857096 19.934736 17.528357 10.824107 6.045609 3.191578 1.568493 0.253341 0.098255 0.068535 0.027819 0.035269 0.037959 32.848022 0.010670 0.007988 0.002649 0.001460 0.001815 
0.044234 0.104850 31.582664 0.106763 0.046106 0.040261 0.088322 0.108914 10.828851 0.057071 0.036750 0.099030 0.595890 1.784317 4.499565 4.835946 14.190975 20.370878 26.620646 30.516132 30.170866 26.978949 23.684181 14.732558 13.847688 6.777468 4.290548 1.951151 0.255003 0.092242 0.094920 32.847324 0.031662 0.028974 0.007718 0.009068 0.003786 0.002397 0.004579 0.007846 
0.041871 0.048839 21.933554 0.056645 0.049675 0.049096 0.139668 0.126720 6.827194 0.078573 0.066581 0.575150 1.644887 3.275004 7.307267 9.216934 15.235551 20.907177 26.694239 29.886185 32.138573 28.137161 23.183388 15.937858 14.543718 11.440535 7.742844 7.612933 28.526939 0.087306 0.084880 0.052058 0.020245 0.010263 0.005037 0.003083 0.002304 0.005891 0.015744 0.019702 
0.052240 0.062405 0.054836 0.060048 0.069021 14.850186 26.307131 17.288271 0.735853 0.359794 0.069689 0.745910 2.149841 4.262012 8.729416 12.618102 17.751987 23.400770 27.970816 30.463907 32.521042 29.659391 25.676916 21.722845 25.202190 14.167775 13.655934 11.412456 5.278286 1.200759 0.505268 0.049386 0.011110 0.003947 0.001689 0.001366 0.004492 0.021137 0.033937 6.239855 
3.304069 0.058067 0.047898 0.101867 0.354138 21.673872 8.585877 7.439209 1.988806 1.990665 28.777885 10.464142 9.988690 11.515043 15.474202 19.304420 24.532177 26.358593 29.476965 31.203911 32.407230 32.052612 30.839931 27.253099 25.069519 20.650801 16.676947 10.648263 5.342052 2.103387 0.734927 0.056737 0.015845 0.004783 0.001443 0.002135 0.015553 0.114156 0.665512 6.688022 
3.266180 0.043689 0.033710 0.090757 0.341921 21.680601 8.587813 7.447441 1.992330 0.521954 0.164081 0.270490 9.447035 12.294465 16.409389 20.866091 24.425238 28.478901 31.436716 32.129089 32.568401 32.292873 31.027645 28.884781 26.075407 23.263641 23.847689 16.201023 12.623611 9.570108 8.648880 11.174379 0.016095 0.008537 0.002452 0.002655 0.017243 0.119189 0.670995 6.728888 
0.018432 0.019821 0.013189 0.026587 0.032817 27.892332 27.793015 27.801668 29.999901 0.166257 0.161090 0.162381 9.288093 31.195997 31.877903 32.271099 32.224297 31.381474 32.206005 32.442860 32.830585 32.603386 32.341866 31.639547 30.076107 25.976078 21.976126 20.326490 15.185407 12.697797 20.229616 8.411132 0.035741 0.016411 0.004115 0.002393 0.007316 0.012565 29.408886 28.586927 
0.008228 0.006084 0.007126 0.020106 0.035549 0.123098 0.245437 0.201912 0.023895 0.063336 0.490933 1.657224 4.751812 8.763613 13.825853 19.045498 23.774332 28.255201 30.668880 31.887194 32.474232 32.809589 32.685535 32.263115 31.540291 29.441870 26.500952 25.862465 24.792658 16.126053 7.052985 9.732774 0.019233 0.011558 0.004899 0.003935 0.013489 0.055547 0.220303 0.379875 
0.002301 0.002371 0.005226 0.007912 32.846996 0.116455 0.111391 0.069564 0.018735 0.033592 0.416851 2.030981 4.760879 8.662979 13.495767 18.272867 22.446127 26.601580 29.255423 31.372995 32.358418 32.594311 32.603199 31.771585 31.225636 29.046377 23.281897 15.936137 7.652573 3.480720 0.101409 0.088087 0.041842 0.029498 0.021411 0.010846 0.023502 0.058502 0.215102 0.263514 
0.002337 0.002645 0.007544 0.029388 0.073769 16.018276 0.034472 0.025304 0.008143 0.008491 0.148400 0.985502 2.809842 5.423169 8.960262 12.791316 16.590260 23.349224 26.178152 30.094044 31.939028 32.028160 31.701885 29.779888 28.964415 23.971319 17.065727 14.415833 8.550742 6.532986 0.084894 0.080395 0.047059 0.154361 0.143357 0.035006 0.037976 32.727577 0.661769 0.680820 
0.008304 0.007022 0.009391 0.029754 0.076173 25.642397 0.080937 0.034513 0.010184 0.003170 0.023326 0.321046 1.318775 3.101014 5.989968 8.714461 12.461791 20.033953 22.988916 29.222786 30.612738 30.804901 29.858274 27.847095 26.848814 19.831072 13.367660 13.073950 23.388659 0.083805 0.073669 0.078885 29.069139 0.848058 0.842525 0.038037 0.425613 6.466317 7.043464 5.546247 
0.020123 0.026642 0.022481 0.051660 0.063439 22.646891 0.061494 0.045747 0.018045 0.005088 0.003126 0.045574 0.426412 1.447600 3.612857 5.131575 8.939093 16.614815 19.363613 21.961445 27.748438 28.275145 28.310936 26.369497 22.357166 17.725449 9.346509 3.359935 0.189853 0.144878 0.079510 0.185313 28.656330 15.454489 15.455652 32.850067 6.826830 6.814659 7.086999 5.699352 
6.166281 0.088342 0.076802 0.238878 0.584317 7.465161 7.396605 8.772367 0.021070 0.009778 0.003876 0.004993 0.060988 0.472169 1.903733 2.680637 6.705108 13.346915 19.725424 14.419538 22.744310 23.813681 24.142395 20.014967 15.353693 18.412987 10.349742 3.333488 0.186610 0.118853 0.062397 0.168192 28.736980 0.960664 0.852473 0.047131 0.455617 0.610798 0.756753 7.125124 
15.860476 0.147817 0.114503 0.683662 1.063014 7.472525 7.612953 24.085527 0.067650 0.022941 0.013568 0.010034 0.008807 0.101243 0.871982 1.082940 6.392409 12.669792 10.559887 12.478379 21.924444 16.299946 14.004705 20.906500 7.795138 7.485846 9.288064 21.944357 0.023379 0.019994 0.021226 0.026427 29.067169 0.155301 0.150066 0.044108 0.121817 0.268268 0.878694 6.899981 
16.863438 19.902386 27.916565 24.178104 24.173422 29.407928 11.028735 7.818117 0.045479 0.034211 0.048524 0.043309 0.013747 0.015565 0.134907 0.148935 16.424181 5.990777 6.512254 6.237758 23.426622 9.309112 10.953366 12.113581 3.499780 3.506403 22.519569 0.080452 0.021979 0.016813 0.025359 0.035217 0.043629 0.037386 0.029177 0.018998 0.046559 0.179297 0.883932 6.939260 
13.240658 17.398319 0.697651 0.725039 0.630741 0.288906 10.085402 2.083356 0.050860 0.039189 0.135105 0.129794 0.018771 0.016270 0.020530 0.025716 2.454285 2.275908 2.791144 2.802842 25.483057 5.691175 5.616972 11.768068 0.373433 0.361495 0.049283 0.062394 0.044176 0.039081 0.097281 0.101082 0.038451 0.022154 0.022969 0.021673 0.034837 0.040102 29.445906 28.424620 
13.334777 17.400585 0.634031 0.272439 0.185248 0.196800 24.190901 0.274556 0.280626 28.023363 31.321424 31.321217 27.853106 0.022830 0.017818 0.020555 0.018021 0.460917 1.361576 1.395434 14.717965 3.540425 3.275926 0.165481 0.176769 0.150868 0.045490 0.056929 0.051113 0.066761 0.354566 0.357391 0.041737 0.037788 0.040473 32.848808 0.033050 0.030365 0.019823 0.163880 
19.289543 31.674997 0.056389 0.051953 0.038501 0.045013 0.033109 0.113212 0.111144 0.023132 0.134543 0.150041 0.070901 0.025559 0.019877 0.010969 0.012111 0.054851 0.224510 0.229935 12.478833 2.531044 2.582840 0.155798 0.036882 0.028532 0.029367 0.058871 2.351777 31.238350 28.234398 28.234749 31.932467 0.033292 0.030028 0.009303 0.015520 0.010934 0.014570 0.046585 
16.908922 0.031927 0.025747 0.012998 0.011209 0.017780 0.021360 0.029693 0.027399 0.018148 0.047994 0.063090 0.065773 32.848019 0.010118 0.007438 0.009191 0.024733 0.228668 0.077938 0.083903 0.300643 2.589942 0.139334 0.019053 0.011421 0.014103 32.847446 0.097948 0.096209 0.368397 0.350318 0.025807 0.018922 0.011583 0.006624 0.004627 0.002898 0.003950 0.009595 
5.826747 0.025190 0.013639 0.007948 0.014990 0.025451 0.035773 0.018789 0.011273 0.007478 0.012086 0.016113 0.020442 0.006853 0.009348 0.007827 0.018841 0.023154 31.218481 0.081007 0.076682 0.079372 32.698975 0.083935 0.023450 0.013974 0.021727 0.041326 0.061147 0.068455 0.110446 0.094574 0.022526 0.010367 0.007751 0.005991 0.003202 0.001633 0.001263 0.001978 
0.019347 0.015792 0.007090 0.008367 0.016268 0.871038 0.078727 0.028968 0.019675 0.009626 0.006101 0.004622 0.004982 0.004172 0.004789 0.014680 0.070207 0.263509 28.883303 0.311710 0.116588 0.062844 0.060876 32.847843 0.027411 0.024725 0.027313 0.038640 0.060381 0.085269 0.048609 0.026324 0.011774 0.013367 0.010434 0.015249 0.008156 0.004914 0.002809 0.002422 
0.007797 0.004775 0.003274 0.007680 0.017804 11.532209 30.625740 11.419546 0.022950 0.012307 0.012225 0.005726 0.002584 0.001643 0.002866 0.014011 0.070355 0.264021 28.875261 0.355860 0.126071 0.057504 0.053561 0.068496 0.038067 0.034920 0.055096 0.049568 0.068629 16.258287 0.038692 0.021802 0.017848 0.020531 32.847198 0.013575 0.010842 0.017513 0.011821 0.009637 
0.001723 0.001181 0.001692 0.006280 0.014125 0.856529 0.073791 0.028073 0.030797 32.848206 0.016449 0.013764 0.005437 0.001921 0.001643 0.005822 0.020508 0.028865 13.719312 26.758646 16.723381 0.064583 0.055196 0.065769 1.456449 10.482276 26.179731 13.226813 3.188109 1.669567 0.040940 0.034014 0.036387 0.023264 0.054004 0.056815 32.847176 0.039877 0.037185 0.021625 
0.000314 0.000277 0.000709 0.003160 0.010923 0.013255 0.029751 0.017861 0.023868 0.029274 0.038069 0.018770 0.012983 0.005178 0.003037 0.006572 0.015073 0.021299 0.024978 0.073087 0.021009 0.038490 0.145897 0.783238 13.610995 0.802010 0.182631 0.043070 0.038001 0.039757 0.051951 0.039030 0.041767 32.847923 0.051252 0.048553 0.010349 0.033550 0.045636 6.325097 
0.000051 0.000060 0.000206 0.000896 0.002984 0.005408 0.006985 0.005613 0.010813 0.026591 0.031612 27.889887 0.019935 0.014923 0.009177 0.018417 0.026973 0.023758 0.016713 0.021329 0.011535 0.024041 0.136217 0.768487 13.656612 0.790627 0.154639 0.032153 0.021230 0.032937 0.037964 27.909361 0.079415 0.074296 0.034506 0.016386 0.007662 0.011690 0.022568 0.023944 
0.000008 0.000013 0.000053 0.000221 0.000686 0.001297 0.001649 0.002735 0.011227 0.047320 0.134226 31.317436 0.134372 0.047518 0.021228 0.033103 6.304364 0.024591 0.012650 0.007178 0.004092 0.007902 0.032333 0.064285 19.534922 0.070203 0.038232 0.012206 0.015019 0.049886 0.137080 31.306992 0.159263 0.071611 0.020662 0.006015 0.002619 0.003385 0.007286 0.011984 
