0.001602 0.025481 0.283453 17.961515 0.287718 0.029129 0.006349 0.001907 0.000310 0.000032 0.000003 0.000004 0.000076 0.001533 0.025526 0.285130 17.787104 0.418072 0.154211 0.228488 11.701760 0.028509 0.007620 0.000880 0.000069 0.000023 0.000178 0.001070 0.003043 0.002432 0.001788 0.007586 0.030693 9.094845 0.029529 0.006408 0.001375 0.011843 0.177201 2.763803 
0.000732 0.005493 0.012553 31.537287 0.034860 0.027771 0.011445 0.008254 0.001650 0.000188 0.000017 0.000017 0.000103 0.000722 0.005480 0.012637 31.512812 0.487359 0.478536 29.238964 4.286462 0.070720 0.013509 0.001305 0.000096 0.000119 0.001013 0.005514 0.010859 0.018203 0.008444 0.021663 0.172424 2.685273 0.169848 0.011512 0.001451 0.005507 0.023073 6.198102 
0.000322 0.002314 0.013369 0.028102 0.049844 0.054708 32.772678 0.009336 0.004232 0.000589 0.000076 0.000178 0.000642 0.000829 0.001971 0.009461 0.019752 0.036302 1.603407 0.810548 28.997507 0.019131 0.006125 0.000765 0.000098 0.000426 0.003260 0.011187 0.564176 0.077976 0.024473 0.063106 0.181282 2.697245 0.183408 0.020173 0.003936 0.003475 0.012422 0.049429 
0.001527 0.001682 0.008159 0.020959 3.504920 8.799918 0.685471 0.056260 0.005592 0.000593 0.000299 0.001677 0.005414 0.005491 0.002159 0.002983 0.012642 0.031493 19.105133 0.049062 0.028874 0.011337 0.002005 0.000265 0.000093 0.000716 0.005646 0.021492 20.218403 19.554701 16.363085 17.459772 32.357235 17.261986 16.257383 0.044744 0.031514 0.026189 0.008919 0.032838 
0.023070 0.007264 0.028152 0.065290 4.405360 7.653869 0.722168 0.062213 0.011854 0.002028 0.001836 0.010070 0.022622 0.022893 0.010655 0.003775 0.010717 0.042474 13.657772 0.047717 0.015877 0.003068 0.000575 0.000595 0.000270 0.000515 0.003364 0.011627 0.602391 0.725609 20.047840 0.079895 0.023802 0.067022 0.040712 0.051967 0.276862 0.270283 0.014166 0.259538 
0.242141 0.013492 0.236285 0.257602 26.897911 10.671330 10.671889 32.338596 0.010642 0.004727 0.005532 0.022685 6.177140 6.364509 0.018470 0.010999 0.007911 0.022551 7.735528 0.020877 0.006222 0.001185 0.001730 0.004026 0.002234 0.001182 0.002304 0.009005 0.060213 0.085297 26.515350 0.034667 0.015067 0.019732 0.026824 31.374935 18.623636 18.624020 32.768974 19.362024 
7.418769 32.465168 3.989376 3.981977 1.452153 10.197241 0.392654 0.020057 0.010007 0.002092 0.001927 0.011574 0.048917 0.075837 31.574234 0.019815 0.012762 0.019705 0.050654 0.012484 0.002720 0.002071 0.008300 0.009110 0.013488 0.007955 0.010981 0.010345 0.057734 0.388634 13.054816 0.356438 0.028612 0.004690 0.010062 0.013322 0.269806 0.273925 0.078626 1.218356 
7.150116 0.054757 0.234542 0.244186 0.250372 32.642956 0.019516 0.014075 0.006930 0.002056 0.000647 0.003289 0.032311 0.295437 17.667776 0.358057 0.100099 0.036191 0.036504 0.020979 0.005976 0.006161 0.011244 32.778049 0.029712 0.024754 0.056442 0.036562 0.370111 0.719104 13.056244 0.353612 0.027400 0.001962 0.002076 0.006177 0.025604 0.029487 0.073360 1.190160 
6.590246 0.046205 0.023447 0.035242 0.273714 5.143437 0.266975 0.047195 0.012016 0.008557 0.001911 0.001925 0.026305 0.287581 17.665985 1.217368 1.183077 5.505122 0.279141 0.261839 0.012059 0.012422 0.018883 0.045217 1.210258 13.937794 23.584055 15.756186 8.394127 8.399446 31.800810 0.012793 0.005565 0.000997 0.001970 0.005285 0.003817 0.006853 0.024188 6.268272 
2.893199 0.022313 0.008539 0.029088 0.290800 5.137754 0.399948 0.404329 32.776299 0.011197 0.006111 0.001622 0.005648 0.013138 31.298237 4.429153 4.416688 7.729137 5.421276 5.427114 32.382355 0.023195 0.017112 0.040492 1.499474 5.031269 4.966025 0.396222 0.422991 0.664108 0.059131 0.011803 0.002115 0.001997 0.009170 0.015977 0.009422 0.003540 0.010365 0.022797 
0.018379 0.009482 0.006754 0.024090 6.285950 6.182855 0.086295 0.069495 0.198188 0.034822 0.017643 0.003294 0.002136 0.009322 0.017545 0.353585 4.425805 0.552346 0.485270 0.730416 6.095302 0.274596 0.025665 0.039278 29.244457 4.987739 4.968445 0.366137 0.139590 0.671607 0.051946 0.005503 0.001316 0.006074 0.016813 24.217085 0.017041 0.006303 0.002436 0.005494 
0.004547 0.001782 0.002527 0.011260 0.030277 0.049736 0.104646 0.169459 0.193169 22.515671 0.032415 0.010511 0.001894 0.002567 0.010029 0.015618 32.625992 0.532317 0.501957 0.749011 6.090827 0.273097 0.020593 0.017168 0.029322 2.245671 32.144306 0.387822 0.394442 30.914034 0.016246 0.006257 0.002527 0.021190 0.130382 30.004709 0.130163 0.020976 0.001890 0.000732 
0.000837 0.001877 0.004741 0.004250 0.012819 0.030603 6.567556 2.022465 2.009995 1.266532 0.786745 0.012589 0.003996 0.001007 0.003980 0.021147 0.037960 32.580811 6.177773 6.173549 14.873946 0.038695 0.009094 0.007222 0.014326 31.690523 0.194728 32.439072 7.343907 7.220206 0.125513 0.019780 0.002875 0.008030 0.018763 24.237980 0.016781 0.006055 0.000759 0.000115 
0.002039 0.009068 0.014721 0.010139 0.008412 0.025460 6.052669 0.220452 0.205259 0.206120 23.405270 0.029261 0.006652 0.001095 0.003596 0.022692 0.043391 0.036217 0.284126 0.299902 4.490283 0.026240 0.011342 0.004387 0.009104 0.012301 0.042149 0.016777 0.029148 30.850956 0.021942 0.011972 0.005253 0.014834 0.023916 0.021754 0.013247 0.002347 0.000260 0.000072 
0.007060 0.017096 28.050896 0.018664 0.008631 0.014264 0.049403 0.051251 0.217656 0.049911 0.037380 0.013680 0.002176 0.000782 0.004142 0.009237 32.776394 0.030535 0.025479 0.041332 0.407131 0.044652 0.016676 0.010068 0.004179 0.005195 0.010483 0.009472 0.025212 0.038854 0.026648 0.017040 0.017171 0.022252 32.779987 0.010822 0.005748 0.000899 0.000255 0.000634 
0.027919 0.189679 27.736990 0.189766 0.027847 0.010900 0.032523 0.050322 6.523675 0.032612 0.014731 0.003085 0.000415 0.000223 0.001643 0.008164 0.009988 0.009814 0.010668 0.077624 0.413240 0.417341 32.259785 0.015282 0.009923 0.003226 0.003018 0.011610 0.030288 0.028902 0.033978 32.781292 0.021226 0.016153 0.009229 0.008282 0.001810 0.000467 0.001694 0.005425 
0.013968 0.024008 28.055016 0.029992 0.019946 0.022444 0.109343 0.074549 6.265909 0.029774 0.012409 0.002751 0.000433 0.000082 0.000303 0.001788 0.004897 0.011648 0.144749 0.602745 3.462352 1.392885 4.025528 0.185023 0.015190 0.009813 0.006111 0.011176 32.780933 0.023599 0.018525 0.015936 0.010715 0.003772 0.004156 0.001663 0.000456 0.001675 0.010057 0.022728 
0.028644 0.023469 0.022611 0.019929 0.031653 17.850513 28.062990 19.099941 0.056085 0.031660 0.017479 0.009791 0.002429 0.000418 0.000274 0.001539 0.008211 0.107390 0.761560 6.902075 3.723800 4.488084 4.017167 2.673655 32.450493 0.011475 0.006233 0.008995 0.009552 0.010365 0.005910 0.010870 0.003787 0.000801 0.000615 0.000235 0.000609 0.005120 0.022514 6.267205 
3.265211 0.027289 0.012630 0.030354 0.350187 13.506962 1.708995 1.236430 0.093742 0.098645 32.780910 0.014718 0.009647 0.002511 0.001565 0.007091 0.015110 0.124900 2.576760 4.730823 6.696647 6.551386 6.824086 26.430792 0.530540 0.053578 0.005707 0.002267 0.004488 0.004375 0.011428 0.024524 0.010318 0.001889 0.000255 0.000075 0.000549 0.005802 0.070364 1.148256 
3.248811 0.021682 0.007179 0.028233 0.346931 13.512478 1.680353 1.235120 0.100727 0.033378 0.023406 0.023281 0.014717 0.009595 0.005308 0.012325 0.644890 30.522364 5.085422 6.204653 7.828174 10.209838 11.418012 17.408642 0.751162 0.060263 0.011995 0.002479 0.003328 0.011146 0.024888 17.695971 0.019520 0.005825 0.000741 0.000257 0.001857 0.012122 0.077422 1.174018 
0.019214 0.008952 0.002500 0.007518 0.015810 30.642817 17.317295 17.318888 31.636978 0.025304 0.018329 0.023401 32.781296 0.015139 0.010092 0.119695 0.845469 1.268524 4.161466 5.262723 32.174297 21.674873 20.839487 18.643206 18.603477 30.121479 0.014166 0.007447 0.012030 0.023432 0.131617 24.134144 0.085749 0.014657 0.001417 0.000680 0.004297 0.011313 31.537567 17.863968 
0.004615 0.001657 0.002438 0.012698 0.020984 0.066070 0.316777 0.295864 0.012830 0.010301 0.004551 0.009966 0.009039 0.008349 0.003308 0.049134 0.749493 1.411076 4.323629 8.930643 9.642348 15.891430 14.912052 9.397494 4.226309 3.391592 0.220289 0.026790 0.038863 14.274115 23.509577 14.203683 0.018194 0.005942 0.000816 0.000617 0.003809 0.017174 0.037884 0.297041 
0.000624 0.000722 0.004103 0.009190 32.778084 0.057311 0.046966 0.029169 0.005812 0.001885 0.000658 0.001782 0.003975 0.001642 0.000462 0.004393 0.067650 0.088792 11.664673 11.476859 8.454679 13.853561 18.938541 9.137987 4.147329 3.388928 0.241379 0.075165 0.146350 24.100861 0.150273 0.041607 0.018693 0.004190 0.001026 0.002564 0.010674 0.022599 0.030833 0.041222 
0.000687 0.000430 0.002602 0.019370 0.080665 18.776585 0.019860 0.008103 0.001606 0.000290 0.000070 0.000195 0.000553 0.000188 0.000081 0.000705 0.006903 0.018342 2.115030 8.851492 5.125014 7.557543 14.737426 24.513695 9.484456 7.947458 11.036018 0.184920 0.159763 17.784847 0.043037 0.029292 0.025716 0.014278 0.006911 0.010050 0.015523 32.663094 0.190202 0.194009 
0.005425 0.001855 0.001943 0.016675 0.087951 26.775198 0.092806 0.021572 0.003302 0.000393 0.000038 0.000017 0.000048 0.000015 0.000019 0.000220 0.002210 0.015455 0.051872 8.870101 4.189257 4.137858 29.973543 0.179725 0.174959 10.625160 0.117127 0.122711 32.770813 0.028232 0.022894 0.029973 31.537937 0.080132 0.073080 0.015599 0.344547 3.783803 6.460019 2.706754 
0.022630 0.011074 0.003346 0.008207 0.021818 23.337543 0.054135 0.036972 0.011346 0.001912 0.000207 0.000019 0.000007 0.000004 0.000030 0.000242 0.001389 0.006004 0.013336 30.633383 1.771881 1.770931 27.163523 0.145123 0.065934 0.046274 0.069936 0.155579 0.018557 0.015691 0.029481 0.287764 17.904850 1.211177 1.213856 32.658653 4.024471 4.014391 6.420526 2.780897 
6.199769 0.032024 0.014804 0.040836 0.319711 5.602893 5.565481 9.613610 0.021522 0.006011 0.000811 0.000133 0.000059 0.000040 0.000255 0.001650 0.005095 0.003495 0.009147 0.014461 0.139964 0.150270 22.411154 0.094637 0.039628 0.026734 0.032700 0.425341 0.013330 0.007052 0.026525 0.284433 17.905867 0.345199 0.090435 0.011810 0.227914 0.239161 0.176316 6.380334 
3.153529 0.063526 0.042391 0.278760 0.576339 5.602611 5.723442 20.386477 0.065732 0.012664 0.002785 0.001620 0.000689 0.000369 0.001710 0.010070 0.022350 0.010608 0.003793 0.007112 0.018326 0.072606 0.333150 19.033884 0.238027 0.225946 0.156736 31.263454 0.017620 0.006715 0.006431 0.013498 31.536863 0.017122 0.010053 0.006284 0.016742 0.022062 0.082755 1.150596 
3.178325 9.011754 11.694551 4.799778 4.807295 19.122665 11.280314 8.174468 0.030108 0.013831 0.026478 0.025541 0.005507 0.002379 0.005784 0.023093 6.271953 0.025371 0.008072 0.012109 0.030101 0.412193 0.504498 27.709881 4.002775 4.004754 30.694321 0.116543 0.010271 0.004102 0.003154 0.010306 0.018237 0.010003 0.003907 0.005149 0.004887 0.015378 0.089781 1.176047 
0.755290 5.474407 0.303814 0.273664 0.265234 0.105422 9.961138 2.238068 0.036656 0.020818 0.284106 0.282985 0.012594 0.009521 0.007648 0.024945 6.273776 0.030925 0.013607 0.025293 17.947481 11.659641 11.659477 17.989449 0.224998 0.213064 0.024900 0.024476 0.014171 0.008715 0.018054 0.019611 0.011223 0.005745 0.010277 0.010212 0.016347 0.023373 31.539000 17.857433 
0.900460 5.480681 0.270050 0.034715 0.024245 0.041454 24.276123 0.256101 0.264241 31.580893 17.998753 17.998699 31.522291 0.014969 0.007936 0.011300 0.022775 0.012666 0.018567 0.095189 28.359112 0.466941 0.391392 0.021178 0.020047 0.013252 0.010012 0.018042 0.027794 0.039020 0.271592 0.270459 0.016827 0.017279 0.022350 32.781448 0.021474 0.016403 0.012695 0.283177 
7.610290 31.989985 0.013145 0.006109 0.003624 0.012471 0.025622 0.054518 0.055153 0.012885 0.283716 0.289983 0.043431 0.020130 0.012945 0.003947 0.005519 0.004338 0.012052 0.023924 18.922754 0.054129 0.042253 0.009197 0.002902 0.002688 0.010942 0.023164 4.017573 15.547554 6.137556 6.141580 32.585255 0.021841 0.016273 0.009487 0.009789 0.003760 0.005625 0.025479 
7.341283 0.032157 0.013885 0.002509 0.001588 0.005057 0.008282 0.007131 0.006596 0.005900 0.026202 0.031220 0.036260 32.780064 0.009506 0.004435 0.002914 0.009550 0.018628 0.024957 0.033381 0.028017 0.047275 0.012897 0.003472 0.004538 0.009615 32.779049 0.051550 0.047349 0.273276 0.268834 0.010763 0.010108 0.004287 0.004424 0.001857 0.000516 0.000702 0.001534 
5.892236 0.023561 0.006767 0.001919 0.005966 0.014042 0.019286 0.007377 0.003008 0.001609 0.001944 0.003288 0.009684 0.009049 0.008168 0.002331 0.005725 0.012360 32.104839 0.028204 0.021558 0.026631 32.780579 0.016889 0.010754 0.004486 0.010579 0.019613 0.019683 0.016939 0.019930 0.017867 0.005164 0.003501 0.004588 0.002796 0.001064 0.000266 0.000102 0.000126 
0.022143 0.010193 0.002228 0.003565 0.012713 0.760566 0.081522 0.021421 0.014125 0.005876 0.001954 0.000700 0.001745 0.003978 0.001702 0.001838 0.027071 0.341273 13.953299 0.354097 0.036746 0.015939 0.021592 32.780071 0.017355 0.012278 0.012861 0.014534 0.022044 0.040006 0.013489 0.003138 0.002683 0.008671 0.009669 0.012396 0.005724 0.001910 0.000491 0.000663 
0.005368 0.001743 0.000956 0.005392 0.019310 13.696088 29.831612 13.548220 0.025510 0.010950 0.009068 0.002414 0.000581 0.000600 0.000264 0.001602 0.027148 0.342338 13.948135 0.427672 0.048646 0.015480 0.017116 0.028575 0.030912 0.027121 0.049977 0.030397 0.052908 11.833190 0.031084 0.007967 0.007347 0.012430 32.778366 0.015983 0.010808 0.009934 0.003732 0.005621 
0.000627 0.000211 0.000451 0.003341 0.012488 0.757826 0.081156 0.022695 0.027847 32.780212 0.014848 0.009772 0.002397 0.000394 0.000126 0.000868 0.006481 0.018181 17.695669 28.151173 18.991949 0.024254 0.012407 0.023412 1.512612 11.262346 24.367172 14.958279 3.909850 2.373767 0.024661 0.013472 0.018850 0.017600 0.035937 0.041246 32.778236 0.023222 0.018134 0.022952 
0.000050 0.000022 0.000117 0.001024 0.005676 0.011808 0.018402 0.008628 0.014344 0.016400 0.021618 0.016792 0.009192 0.001796 0.000466 0.001874 0.006963 0.011356 0.019276 0.092360 0.017663 0.010489 0.012025 0.151559 2.305764 0.177977 0.057632 0.023186 0.036566 0.023351 0.022452 0.020501 0.025676 32.779163 0.030736 0.025640 0.009503 0.017044 0.034445 6.286224 
0.000003 0.000002 0.000017 0.000162 0.000971 0.002735 0.002227 0.001277 0.003143 0.011327 0.018403 31.535501 0.012723 0.005656 0.002382 0.010346 0.024209 0.012422 0.007732 0.015706 0.005770 0.002434 0.010547 0.152745 2.321176 0.162779 0.020491 0.007357 0.009744 0.012226 0.019307 31.534924 0.044339 0.037179 0.012673 0.004942 0.004417 0.003696 0.011756 0.023531 
0.000000 0.000000 0.000002 0.000018 0.000114 0.000356 0.000209 0.000191 0.001809 0.026336 0.284675 17.947588 0.284350 0.026229 0.007130 0.024378 6.274732 0.023644 0.006337 0.002138 0.000879 0.000905 0.006266 0.028354 8.738007 0.029579 0.007489 0.001675 0.002684 0.026383 0.284841 17.931450 0.291893 0.032133 0.003712 0.000712 0.000674 0.000509 0.002005 0.006223 
