0.014940 0.092165 0.442123 25.659807 0.467177 0.114757 0.027865 0.007952 0.001972 0.000387 0.000077 0.000173 0.001574 0.013463 0.092726 0.450205 25.099283 1.115885 0.738869 0.877612 11.226258 0.059388 0.021498 0.004320 0.000684 0.000303 0.001134 0.004110 0.008690 0.010745 0.010899 0.034688 0.094500 14.015892 0.088419 0.028647 0.013852 0.075937 0.505180 4.739053 
0.005082 0.021758 0.041343 28.768021 0.115293 0.095557 0.041535 0.018762 0.005311 0.001085 0.000221 0.000251 0.000959 0.004648 0.021633 0.041570 28.760555 1.268523 1.244258 28.848577 4.046644 0.145403 0.035898 0.006187 0.000960 0.000799 0.003622 0.013456 0.022950 0.045654 0.034150 0.123508 0.707157 7.719917 0.685194 0.096041 0.016385 0.022267 0.054338 6.096365 
0.003342 0.009846 0.035358 0.079633 0.143383 0.155306 32.501347 0.025635 0.011873 0.002494 0.000682 0.001159 0.002587 0.003865 0.008399 0.024737 0.054645 0.092293 2.626911 1.285874 28.267317 0.044110 0.016370 0.003427 0.000802 0.001741 0.008263 0.022710 0.854290 0.155054 0.064192 0.206451 0.728688 7.729218 0.711815 0.121786 0.031922 0.024198 0.045413 0.155058 
0.013053 0.011316 0.035523 0.059819 3.984908 8.026400 1.342927 0.255860 0.039894 0.005822 0.002277 0.005936 0.012739 0.013380 0.009093 0.012724 0.034896 0.070131 20.507980 0.104989 0.066722 0.027659 0.007473 0.001751 0.000800 0.002630 0.012949 0.044605 20.734455 18.940252 17.297972 18.702078 32.013092 16.934977 15.736018 0.140947 0.115902 0.096931 0.046878 0.126197 
0.083320 0.038344 0.142034 0.224965 5.161207 14.896786 1.432483 0.273949 0.052195 0.009943 0.007166 0.022911 0.043225 0.044245 0.026983 0.015869 0.029270 0.086114 14.562818 0.096104 0.039018 0.011691 0.003573 0.002237 0.001690 0.002611 0.009768 0.027226 1.100899 1.419659 19.040190 0.185392 0.078498 0.144814 0.104584 0.160788 0.425994 0.404554 0.061352 0.392911 
0.410412 0.054962 0.718545 0.764567 19.379139 22.253605 22.253487 30.344837 0.029710 0.011993 0.013761 0.044139 6.137625 6.332026 0.049013 0.036319 0.030537 0.055351 8.191628 0.042155 0.017144 0.005885 0.005775 0.008375 0.007539 0.005965 0.012537 0.051806 0.290117 0.337195 30.440716 0.094960 0.058241 0.058767 0.078078 28.002707 26.636625 26.640909 32.594662 25.978268 
7.979244 32.319756 10.240863 10.216605 3.438884 19.928284 0.583372 0.094428 0.029450 0.008594 0.008941 0.038418 0.153216 0.216601 29.077940 0.108629 0.088890 0.075357 0.204584 0.053908 0.013603 0.008359 0.017970 0.021898 0.030587 0.021977 0.032764 0.061768 0.287110 0.758145 22.660267 0.576219 0.116245 0.029040 0.030160 0.044269 0.403170 0.459820 0.559636 4.789194 
7.599705 0.221254 0.747095 0.853471 0.868864 32.205788 0.092287 0.076575 0.024449 0.008514 0.005547 0.022816 0.124117 0.494773 24.532085 0.868824 0.498011 0.104995 0.181757 0.126387 0.027496 0.019304 0.032828 32.535282 0.063332 0.050415 0.116047 0.121045 0.863243 1.374773 22.650749 0.565965 0.108393 0.018029 0.010532 0.024749 0.095470 0.149688 0.544263 4.706278 
6.816320 0.196059 0.157751 0.255477 0.853813 12.660113 0.928759 0.375558 0.038191 0.020248 0.008311 0.016661 0.099107 0.465083 24.508160 3.002257 2.902714 5.236090 0.723370 0.688832 0.044476 0.040843 0.059025 0.128300 1.529753 13.368542 27.406801 23.752668 18.074100 18.079493 28.385082 0.044864 0.023827 0.006772 0.007758 0.015395 0.022090 0.032828 0.064865 6.188129 
2.933299 0.076930 0.053450 0.165176 0.874513 12.635377 2.474037 2.483420 32.489681 0.031017 0.017379 0.009060 0.023400 0.044159 28.141380 8.503176 8.460039 12.113680 12.581144 12.552098 27.511530 0.086439 0.069678 0.117049 2.009063 7.817036 7.639977 1.519246 1.686955 3.552003 0.432186 0.063842 0.012276 0.008313 0.020915 0.037820 0.023758 0.014963 0.026725 0.044013 
0.036091 0.028247 0.023316 0.054184 6.189834 6.526641 0.679284 0.652343 1.037591 0.078065 0.043565 0.013686 0.009742 0.023830 0.047272 0.644605 8.443483 4.519901 3.901055 4.588908 16.577087 0.524590 0.162896 0.194061 26.899378 7.699049 7.643569 1.445865 1.139678 3.564078 0.410928 0.051644 0.010484 0.018944 0.041564 20.532598 0.042747 0.020128 0.010226 0.013507 
0.011724 0.008160 0.010820 0.030816 0.068956 0.109813 0.701699 0.973162 1.024666 16.733837 0.068604 0.027711 0.008558 0.009966 0.026315 0.042436 31.427795 4.426335 4.300392 5.027062 16.420925 0.844768 0.262501 0.102174 0.350479 3.406992 32.128498 1.513391 1.532484 30.235348 0.048622 0.024433 0.014040 0.053088 0.219829 29.090940 0.217783 0.051072 0.009798 0.003677 
0.004259 0.007059 0.012701 0.017211 0.038099 0.071680 7.030587 6.197342 6.185275 3.613276 1.277387 0.028933 0.011339 0.005767 0.016680 0.063281 0.093598 12.917330 7.448018 7.642285 15.426524 1.163230 0.865610 0.296192 0.314754 31.386324 2.141448 31.545195 9.874078 9.694290 0.274128 0.058236 0.016492 0.027448 0.050084 20.578825 0.040692 0.018087 0.004045 0.001057 
0.008699 0.021578 0.035313 0.028100 0.028412 0.058762 6.075606 1.479359 1.491182 1.282134 18.313599 0.060622 0.016177 0.005483 0.016053 0.074820 0.096809 16.290113 11.449145 11.547754 16.204855 4.752842 4.161224 0.858481 0.307795 0.226942 0.170429 0.061902 0.093347 29.707952 0.061824 0.038030 0.022767 0.040939 0.063799 0.050911 0.029630 0.008409 0.001836 0.000674 
0.026026 0.048825 22.969809 0.057651 0.034870 0.052197 0.150671 0.393015 1.494000 0.345118 0.089323 0.034872 0.008540 0.005730 0.046230 0.051464 7.967609 22.599640 17.051622 16.837463 17.768106 5.243184 4.795477 2.763705 0.828803 0.209457 0.062797 0.041738 0.083725 0.127686 0.089208 0.051477 0.049923 0.063430 32.542568 0.027729 0.014255 0.003924 0.001770 0.002474 
0.079978 0.279542 28.697319 0.278705 0.078764 0.049901 0.119992 0.158333 7.942757 0.082449 0.044162 0.013581 0.004599 0.044825 0.601889 1.059019 4.667107 10.654806 20.288877 22.270847 21.401773 10.211069 10.280831 4.055189 3.817429 0.784366 0.205109 0.118388 0.097040 0.103986 0.117475 32.547184 0.056616 0.043152 0.022841 0.017259 0.006075 0.002910 0.006100 0.012684 
0.053099 0.075946 23.002876 0.089928 0.067069 0.072547 0.261134 0.206070 6.365595 0.068816 0.036928 0.012823 0.014241 0.183540 1.174871 2.317276 5.503863 10.055202 19.198601 24.069000 24.567089 12.967365 10.908835 4.369214 4.047677 3.202044 1.230183 1.272546 31.655909 0.073358 0.060066 0.043122 0.029271 0.014201 0.009376 0.005165 0.002711 0.006390 0.023032 0.043190 
0.078974 0.075293 0.074249 0.072653 0.095794 16.901442 24.983053 19.166740 0.334252 0.175146 0.050385 0.063618 0.129645 0.711356 2.203231 4.202154 7.300004 12.455866 19.483561 24.741505 26.995811 14.858288 11.623519 7.063573 12.656681 3.766310 3.431790 1.824551 0.625038 0.060485 0.025463 0.029684 0.014296 0.005015 0.002483 0.001485 0.003152 0.016256 0.048540 6.184085 
3.305298 0.077123 0.051639 0.126449 0.597926 18.427639 5.922850 4.773565 0.825119 0.836874 32.293304 1.209102 1.193375 2.647545 4.813353 7.759609 12.385734 16.214237 22.449835 26.343279 30.902046 21.594046 18.970146 14.632862 13.096189 7.779532 5.537754 2.453147 0.600093 0.058790 0.034734 0.055771 0.024983 0.007120 0.001758 0.001153 0.006862 0.059766 0.498973 4.509142 
3.255647 0.059593 0.034623 0.115093 0.583869 18.442873 5.905675 4.779918 0.843951 0.226643 0.070589 0.165503 1.145824 2.725123 5.021479 8.255611 12.347057 17.988440 24.291431 27.365755 31.458418 25.108442 22.408119 18.812647 14.908827 10.611939 7.221413 3.220746 0.785634 0.128253 0.152432 17.913841 0.042240 0.015999 0.003603 0.002011 0.010174 0.071621 0.519192 4.590649 
0.037317 0.024492 0.013244 0.031485 0.053329 26.919970 22.791477 22.807978 29.422607 0.076666 0.057011 0.059668 4.408066 12.271435 22.829649 31.585238 30.950401 31.207853 31.558498 31.788996 32.141953 28.419735 27.390926 23.668657 18.196207 10.551516 6.023060 4.764090 1.013562 0.167462 0.338750 21.793821 0.163632 0.038015 0.007075 0.003218 0.010785 0.030332 28.988377 24.008894 
0.011652 0.007044 0.009281 0.031153 0.067172 0.223809 0.555746 0.491221 0.044877 0.029777 0.020188 0.071039 0.503886 2.258768 5.032568 8.503895 12.872119 18.781073 22.793255 26.135489 29.287640 31.881063 30.154234 27.791876 24.769236 19.625322 13.190901 12.907087 9.387290 18.490049 22.711012 13.417448 0.039900 0.017414 0.004812 0.004247 0.015562 0.058299 0.189016 0.581316 
0.002792 0.003100 0.009440 0.022987 32.534393 0.200229 0.170777 0.114411 0.025140 0.008417 0.005328 0.041364 0.503696 2.204249 4.826600 7.971070 11.928137 16.694435 20.351158 24.726023 28.619099 31.025007 28.108013 24.655422 24.999210 24.943390 23.270021 18.451237 16.764509 5.178557 0.235200 0.124326 0.055973 0.021787 0.010750 0.010790 0.030378 0.073561 0.169489 0.233081 
0.002965 0.003131 0.011368 0.052776 0.164913 18.223082 0.059193 0.035667 0.009667 0.002483 0.001053 0.006719 0.132398 0.836141 2.167210 4.670107 7.317285 12.843043 14.351924 19.846724 26.412706 28.080057 19.215395 13.098157 11.917316 11.343884 6.626631 6.603589 15.629164 8.238763 0.114690 0.101823 0.075511 0.088101 0.070136 0.031046 0.046516 32.166935 0.632754 0.662330 
0.012922 0.008164 0.011902 0.051162 0.180389 25.032017 0.191549 0.062434 0.015009 0.003024 0.000592 0.000669 0.013433 0.200660 0.941944 2.460189 4.917884 8.750654 9.966285 13.748262 22.014997 24.031099 14.361680 7.829680 5.721689 2.410875 1.187102 1.235693 22.253590 0.092741 0.088893 0.108644 28.903353 0.585950 0.565723 0.047014 0.622916 5.963267 6.927548 4.634017 
0.043118 0.031258 0.019530 0.045971 0.074357 24.097307 0.126968 0.089355 0.029206 0.007100 0.001478 0.000388 0.000881 0.018687 0.226098 0.952588 3.331449 5.321698 6.675704 8.424555 16.626575 20.397652 13.724947 7.366766 3.670024 1.412571 1.088251 1.474215 0.070942 0.060207 0.118366 0.471286 24.687204 5.540296 5.545788 32.307938 6.604974 6.566014 6.907395 4.852321 
6.072845 0.098516 0.068904 0.218623 0.676332 7.390819 7.280416 10.123394 0.042422 0.015185 0.004567 0.002010 0.000742 0.001450 0.022094 0.253072 2.141001 3.066207 5.803175 3.820220 10.698426 16.037966 14.528040 4.656600 2.429167 1.516205 1.397835 2.115932 0.059762 0.035504 0.101772 0.453318 24.722548 0.971119 0.617043 0.046819 0.550284 0.642197 0.663737 6.904908 
8.115278 0.187421 0.141315 0.863834 1.390829 7.400837 7.624187 18.834862 0.123582 0.034543 0.019067 0.014210 0.004528 0.002592 0.009134 0.106767 2.391790 1.455360 1.751661 2.260568 12.452221 12.283169 11.267653 14.860256 1.601168 1.295576 1.363515 28.461063 0.049464 0.021838 0.028005 0.047685 28.897276 0.102245 0.082509 0.030955 0.099939 0.172323 0.627545 4.587111 
8.539338 13.456529 18.828266 12.576295 12.581725 23.403719 12.635689 8.896981 0.079134 0.049266 0.098379 0.092823 0.021815 0.009539 0.015909 0.056164 9.028382 0.795691 0.745994 0.878762 15.348249 6.931425 7.892097 15.341697 9.973937 10.005631 29.375299 0.281458 0.028715 0.017260 0.023247 0.039327 0.062399 0.034043 0.020535 0.017511 0.032355 0.106952 0.647268 4.664398 
5.098910 12.741731 0.897715 0.897225 0.808214 0.337081 10.443065 2.704146 0.097678 0.068638 0.447444 0.441194 0.041484 0.025342 0.022800 0.052233 5.897472 0.117328 0.090169 0.113320 24.695259 1.920613 1.903671 15.536177 0.804003 0.781805 0.085156 0.075115 0.049376 0.041889 0.114398 0.118830 0.042987 0.024698 0.029611 0.030914 0.046218 0.065819 29.022089 23.864986 
5.270742 12.757048 0.782264 0.234362 0.155159 0.187362 23.450026 0.476616 0.499277 28.953123 25.713823 25.713058 28.700487 0.044595 0.025142 0.030022 0.045206 0.040019 0.061170 0.151673 19.192398 0.399024 0.307490 0.065390 0.125093 0.112713 0.044225 0.063275 0.072274 0.116365 0.706806 0.704091 0.059604 0.051533 0.064979 32.548542 0.058964 0.045517 0.042388 0.443812 
11.844581 30.204086 0.058704 0.038404 0.027252 0.043596 0.060037 0.140723 0.140925 0.045171 0.445869 0.469991 0.151624 0.058371 0.031904 0.014653 0.015895 0.018456 0.038254 0.058685 15.861551 0.187956 0.167655 0.044036 0.022701 0.020317 0.033675 0.075268 3.823466 23.565935 16.168922 16.177675 31.509716 0.060776 0.044428 0.024674 0.024722 0.014937 0.022644 0.091897 
10.635292 0.075000 0.035775 0.011974 0.009252 0.018493 0.027059 0.031958 0.029937 0.025782 0.097212 0.118219 0.131612 32.542778 0.025049 0.011594 0.011638 0.026521 0.057219 0.079310 0.107869 0.113439 0.181092 0.050436 0.016255 0.013616 0.027105 32.539078 0.155992 0.147157 0.719505 0.694245 0.039896 0.027871 0.016034 0.011259 0.006850 0.003532 0.004710 0.013437 
5.740852 0.048246 0.018870 0.008441 0.016791 0.034376 0.049319 0.023624 0.013332 0.008988 0.016483 0.021664 0.031598 0.021654 0.017002 0.009689 0.024210 0.043437 30.249458 0.106955 0.087672 0.101132 32.547470 0.053796 0.030303 0.017787 0.030654 0.062102 0.071501 0.072375 0.125191 0.111001 0.023308 0.013242 0.012419 0.009397 0.004742 0.002017 0.001238 0.001973 
0.041687 0.023727 0.008705 0.010331 0.026677 1.074108 0.148666 0.049148 0.031721 0.015363 0.008286 0.005411 0.006921 0.008194 0.006357 0.016063 0.105922 0.567384 21.879013 0.619808 0.152169 0.069208 0.077167 32.543205 0.048962 0.035475 0.039333 0.048597 0.072046 0.110158 0.050417 0.023358 0.012466 0.020999 0.025932 0.027221 0.014248 0.007049 0.003264 0.002977 
0.012406 0.006312 0.004075 0.011897 0.037092 13.304915 28.279434 13.115929 0.055485 0.028830 0.020997 0.008582 0.003475 0.002360 0.002706 0.014996 0.106087 0.568709 21.858545 0.747890 0.176353 0.063243 0.058245 0.083571 0.072310 0.062546 0.105087 0.077184 0.119464 9.430519 0.064703 0.026298 0.023692 0.037215 32.536205 0.041616 0.027782 0.026000 0.014776 0.014425 
0.002353 0.001358 0.001987 0.008432 0.024722 1.060684 0.145388 0.050824 0.064536 32.543938 0.037223 0.023741 0.008397 0.002482 0.001484 0.005743 0.025698 0.048286 16.398838 25.639387 18.947437 0.072229 0.048336 0.069830 1.754752 12.129566 24.899502 15.567218 4.634770 3.023647 0.065770 0.044153 0.052084 0.051016 0.097458 0.111763 32.536007 0.063931 0.050372 0.045245 
0.000359 0.000270 0.000747 0.003646 0.013699 0.023190 0.043953 0.025178 0.036257 0.053321 0.058193 0.043166 0.022595 0.007286 0.003300 0.007834 0.020491 0.030753 0.047440 0.186674 0.041722 0.034886 0.089993 0.600409 6.317023 0.654276 0.175645 0.056885 0.082708 0.066886 0.068739 0.063637 0.077477 32.541428 0.083498 0.069908 0.025314 0.046615 0.077567 6.270353 
0.000046 0.000049 0.000193 0.000942 0.003399 0.006970 0.008747 0.006669 0.013863 0.039865 0.059518 28.750086 0.042739 0.023129 0.011058 0.026268 0.050973 0.033848 0.025296 0.044270 0.017590 0.016022 0.082322 0.593457 6.364447 0.625075 0.109600 0.028350 0.029731 0.045647 0.065327 28.756603 0.159236 0.139245 0.046924 0.020734 0.011770 0.014629 0.031453 0.047656 
0.000006 0.000009 0.000042 0.000205 0.000707 0.001448 0.001675 0.002751 0.015606 0.097316 0.448364 25.671143 0.447501 0.096970 0.029541 0.059837 6.240377 0.049111 0.018444 0.011099 0.005006 0.005907 0.025520 0.080117 12.765261 0.086806 0.032154 0.010607 0.019670 0.098983 0.450630 25.632280 0.480676 0.125825 0.025647 0.006374 0.003231 0.003686 0.008693 0.016938 
