0.016418 0.049222 0.129558 31.433512 0.185884 0.105033 0.040276 0.013702 0.004112 0.001089 0.000383 0.000704 0.003008 0.013068 0.049976 0.128562 31.155045 2.864319 2.774219 2.821219 12.184431 0.034032 0.019691 0.005899 0.001569 0.001073 0.002896 0.007971 0.014440 0.022201 0.037085 0.090206 0.128867 25.398718 0.125361 0.086757 0.060130 0.151489 0.541470 5.696563 
0.009196 0.020573 0.025524 27.540520 0.124539 0.119550 0.042947 0.020292 0.007921 0.002343 0.000776 0.000853 0.002312 0.008413 0.039834 0.045690 32.653263 3.137636 3.136164 25.318226 4.642105 0.071766 0.034478 0.008401 0.002801 0.002539 0.005963 0.015978 0.021187 0.051456 0.078318 0.248694 0.838105 21.235016 0.815314 0.228282 0.071727 0.061274 0.073711 6.248446 
0.009631 0.019276 0.048674 0.095166 0.134686 0.137260 32.841049 0.022435 0.019751 0.006326 0.002217 0.002320 0.004965 0.037411 0.368763 0.592024 9.347486 5.776940 4.182599 7.927844 19.803640 0.239683 0.234690 0.058693 0.035645 0.028825 0.017956 0.024573 0.556309 0.094736 0.089838 0.272531 0.843057 21.209503 0.826103 0.246818 0.083032 0.052777 0.074120 0.148282 
0.025088 0.034842 0.081762 0.090136 2.814305 9.847157 0.758448 0.254789 0.071107 0.017148 0.006202 0.008112 0.020923 0.219422 1.224037 1.851791 9.101783 10.388831 9.740892 12.740828 9.263640 1.761256 1.578223 0.645542 0.487946 0.415177 0.212869 0.225197 16.876947 17.936106 13.875191 14.662471 32.480415 14.299398 13.692002 0.107344 0.097304 0.079072 0.076583 0.136630 
0.084036 0.085654 0.261238 0.279555 3.287982 16.745899 0.783658 0.258851 0.078499 0.021842 0.014870 0.026128 0.027261 0.220403 2.069810 4.137539 11.436564 13.947500 15.513309 14.275046 9.776544 3.538330 2.992674 1.823153 2.446385 2.330307 1.557700 2.004902 4.434640 4.420496 16.652285 0.115714 0.082224 0.090072 0.078893 0.112187 0.152401 0.133980 0.079902 0.199008 
0.241521 0.089113 0.875551 0.885932 28.753967 26.193291 26.231705 31.386614 0.027638 0.023658 0.101029 0.105322 2.978879 5.356235 2.323467 4.688704 12.611819 14.808797 21.605278 17.170362 14.581364 8.775628 8.512336 7.026106 4.649278 4.491977 4.652167 3.957848 3.857152 3.870259 30.768270 0.092677 0.077631 0.063802 0.068538 24.915068 31.907495 31.909508 32.828098 30.272642 
7.733061 32.783745 17.738140 17.730808 2.214998 25.138298 0.588965 0.399651 0.095691 0.127489 0.959700 1.368484 7.768050 8.490962 17.507507 15.031789 18.287695 19.298067 26.708258 20.692768 19.063148 13.160373 10.992188 7.272634 11.969545 10.279433 7.720303 5.685879 3.968947 4.004752 25.869066 0.230093 0.099752 0.043779 0.036196 0.037219 0.150159 0.306314 0.751039 6.790385 
7.561767 0.481773 1.088884 1.288365 1.285269 32.697868 0.399287 0.395725 0.116040 0.266387 1.420054 2.339417 6.981292 11.296907 19.468819 22.810789 25.158329 25.155197 31.106039 25.778135 24.900955 19.450327 18.937565 18.192493 11.747979 11.287007 8.073510 5.909665 4.441539 4.453860 25.776392 0.213529 0.084012 0.029005 0.019276 0.032470 0.095178 0.250634 0.747494 6.756889 
7.056703 0.475000 0.460294 0.633375 1.014758 20.595276 1.664730 1.297031 0.119938 0.571770 2.047736 3.211149 7.661816 13.467646 19.744358 24.634741 27.974789 28.328171 32.497318 27.311718 26.253723 25.138296 24.987190 31.998301 19.373491 19.428181 12.127853 11.645576 8.214296 8.390924 28.207106 0.041171 0.036394 0.015662 0.012946 0.021040 0.038912 0.074822 0.087446 6.274910 
2.928649 0.211700 0.202795 0.375352 1.000579 20.574017 8.802422 8.803578 31.777779 6.916361 6.911472 7.639350 12.904346 14.155440 21.534222 31.210938 31.317833 30.907373 32.617775 30.347578 29.567125 29.103760 29.089960 31.467735 24.093643 25.475065 19.739300 16.041830 10.512900 6.730983 3.143154 0.437719 0.083548 0.020108 0.020303 0.028601 0.026694 0.028840 0.035058 0.025346 
0.025840 0.064089 0.066807 0.078841 6.308138 13.133612 7.980722 8.007042 8.585261 7.744705 9.255316 10.705676 16.309662 18.659332 26.250286 29.707747 31.317654 31.904739 32.731918 32.034691 32.397060 31.285860 31.287485 32.440163 27.099894 23.447014 20.814817 16.976339 11.170955 6.674717 3.158324 1.005819 0.229414 0.043442 0.050972 18.564098 0.027905 0.020314 0.014963 0.013525 
0.015892 0.020746 0.026765 0.046432 0.067061 0.109310 7.367812 8.499219 8.577589 16.165806 15.874211 16.584930 21.171787 23.479122 28.451370 29.328781 31.691324 32.497528 32.811756 32.666584 32.691677 32.319294 32.320263 32.645752 29.360350 26.073837 25.897570 18.302744 19.119143 17.936462 2.351458 2.192272 0.906501 0.256930 0.306971 31.373339 0.081301 0.027942 0.009601 0.005302 
0.008612 0.011919 0.018178 0.031553 0.055151 0.072656 10.038444 10.245881 10.211698 18.874107 18.787046 20.266113 24.466368 26.844172 30.118496 31.080959 31.814402 32.474007 32.880413 32.849503 32.813255 32.693920 32.692490 32.816673 31.891962 30.325794 31.933449 24.974815 18.821875 18.002157 7.996295 5.230081 2.151761 1.318338 1.338609 18.420673 0.020750 0.013227 0.004784 0.002138 
0.013042 0.020038 0.025067 0.037639 0.046528 0.053523 3.268282 12.294753 20.321842 22.208916 27.146446 27.899733 29.162090 30.043301 31.325064 32.310432 32.163185 32.552979 32.831127 32.886787 32.878189 32.840855 32.842529 32.864914 32.679497 32.435635 31.507538 29.595755 26.156889 20.726408 11.593943 11.131127 3.244053 1.915189 1.341043 0.076041 0.024534 0.008463 0.002937 0.001521 
0.030688 0.037597 21.774347 0.074087 0.067231 0.243389 2.092623 2.448726 6.872678 12.647346 19.807131 25.801947 29.927876 31.504644 32.255409 32.452477 32.626812 32.885132 32.901047 32.899128 32.893616 32.880112 32.877235 32.880714 32.739407 32.421551 31.451281 29.307596 25.009481 18.488121 11.918149 11.283102 6.875673 6.812098 29.448830 0.067933 0.065370 0.008723 0.003426 0.003367 
0.071691 0.131305 31.522821 0.157591 0.098434 0.284858 2.214184 2.287669 7.490067 14.468647 20.722454 26.144783 29.962378 31.725609 32.517609 32.699306 32.838165 32.881065 32.894352 32.899025 32.899868 32.894238 32.891102 32.857140 32.771118 32.432423 31.604519 29.706738 26.485514 28.050886 24.434559 22.114788 10.820202 10.792582 5.811947 1.457659 0.694353 0.056775 0.010117 0.011149 
0.080723 0.087683 21.898245 0.122831 0.115905 0.293462 2.233543 2.303843 5.926996 13.447566 21.427221 27.138710 30.556553 32.007477 32.624908 32.797802 32.863480 32.886333 32.895454 32.898869 32.902061 32.899433 32.896854 32.881512 32.857491 32.821064 32.534885 32.250725 30.954039 29.423029 28.473660 22.622841 15.300129 13.236344 5.759644 2.783327 0.813769 0.091725 0.031330 0.023164 
0.091223 0.115422 0.188606 0.189851 0.197423 13.666153 11.385329 13.152247 13.434217 23.257538 22.724470 27.499016 30.659435 32.074078 32.643021 32.822578 32.873528 32.890224 32.896820 32.899597 32.902470 32.901924 32.901554 32.896881 32.890797 32.865982 32.816093 32.593216 32.044872 30.650705 28.144611 23.431032 17.792120 11.883906 6.673532 3.047392 0.943860 0.175240 0.185533 6.397923 
3.394408 0.188892 0.181864 0.925808 1.737937 4.029440 7.443715 12.064400 19.958485 21.260315 27.479795 31.162212 32.166203 32.598175 32.797173 32.864826 32.888012 32.894855 32.898506 32.900494 32.902374 32.903599 32.901505 32.898716 32.891842 32.873981 32.807003 32.611889 32.086288 30.775990 28.075268 23.646061 18.036604 11.889008 6.829714 3.874035 1.133311 0.472607 0.838003 6.956292 
3.324582 0.148892 0.141508 0.878838 1.676361 4.017619 7.453216 12.069143 20.063690 22.549604 28.698399 32.253174 32.461918 32.702057 32.828072 32.874733 32.890213 32.897476 32.900341 32.901768 32.903023 32.902920 32.900936 32.898598 32.893467 32.880177 32.833118 32.691143 32.274105 31.116066 28.425415 22.473553 16.369608 12.703776 6.406211 4.225419 1.196997 0.595599 0.843872 6.997204 
0.023764 0.037260 0.037628 0.119012 0.120930 6.867295 16.697302 18.026169 25.420986 28.233862 31.432938 32.178528 32.650452 32.882767 32.896671 32.900936 32.901974 32.902035 32.902710 32.903122 32.904663 32.902855 32.901951 32.899750 32.894489 32.871189 32.814861 32.692745 32.209881 31.151985 28.604904 24.422291 19.259296 13.498962 8.540915 6.231364 3.623840 3.633859 30.378656 28.613266 
0.013492 0.013469 0.017312 0.046503 0.113420 3.934564 12.932507 21.185633 29.092503 31.859928 32.680195 32.860756 32.872375 32.883984 32.890141 32.893978 32.896656 32.898972 32.900566 32.901783 32.902969 32.902592 32.900341 32.897766 32.892380 32.877090 32.830757 32.671082 32.195660 30.880426 28.320303 23.509686 16.087290 12.442204 6.091445 4.025193 1.280835 0.538635 0.467008 0.674152 
0.005225 0.006027 0.010325 0.011490 14.059920 29.593784 30.185551 30.033653 31.041348 32.060436 32.617626 32.794231 32.857197 32.878105 32.887360 32.892384 32.895466 32.897789 32.899708 32.901066 32.902504 32.902840 32.900425 32.897476 32.891933 32.873226 32.814240 32.622017 32.084248 30.894314 28.208288 23.781380 17.678606 12.385925 6.854310 4.298502 1.493868 0.541173 0.461602 0.557574 
0.005213 0.006978 0.017688 0.101267 0.123559 4.876909 14.452165 21.511375 27.025581 30.591133 32.158600 32.636955 32.787979 32.845196 32.871960 32.884563 32.890774 32.894958 32.897163 32.899639 32.901573 32.902416 32.900784 32.897343 32.891476 32.871616 32.808060 32.648232 32.189342 30.834127 27.992039 24.644144 19.398352 19.933071 14.945553 13.502995 13.653913 30.762167 0.967949 0.990285 
0.013330 0.016796 0.026635 0.116414 0.125446 4.551436 12.694346 18.790907 24.751822 29.347052 31.603100 32.361958 32.657578 32.784428 32.846378 32.871647 32.883884 32.888847 32.892609 32.897026 32.899384 32.901024 32.898907 32.893139 32.881546 32.839760 32.763340 32.675766 32.482811 32.611118 32.607979 31.788015 24.024906 17.556030 16.483019 13.409611 7.556919 6.797208 7.377212 5.897533 
0.025064 0.053687 0.058209 0.109088 0.114833 10.590122 13.709469 17.779922 23.215509 28.037956 30.737947 31.785973 32.346462 32.635254 32.784271 32.834568 32.861851 32.863644 32.879269 32.883335 32.894157 32.898354 32.895844 32.884029 32.843338 32.704578 32.336895 31.464235 29.630783 29.750639 23.355062 19.023228 12.917058 17.891216 18.516258 24.036137 6.728579 6.748842 7.386755 6.052055 
6.164925 0.163915 0.152611 0.343161 0.668019 7.068900 7.266736 11.884407 18.402239 24.674303 28.792503 30.418018 31.589678 32.288498 32.633644 32.706238 32.772511 32.763783 32.826149 32.844982 32.880451 32.891159 32.891727 32.871120 32.845020 32.702568 32.264137 31.226883 28.681963 26.089964 23.334230 19.012346 11.412982 4.260077 4.009115 0.714050 0.669546 0.857388 1.034335 7.429677 
21.607071 0.237794 0.190311 0.733132 1.087486 7.081219 7.314438 11.863622 15.102550 21.297970 26.005512 27.367682 29.795053 31.519985 32.203293 32.206348 32.411247 32.424561 32.643890 32.766232 32.857513 32.869652 32.870365 32.779419 32.757259 32.717312 32.690247 28.999077 25.076197 23.292606 18.764435 17.269403 17.615250 3.914988 3.815148 0.708355 0.319211 0.513327 1.186650 7.365757 
23.888157 24.920076 29.030426 25.996042 25.987396 29.358562 16.127325 16.373518 9.892111 17.568016 20.775145 20.348499 25.878069 30.025938 30.783489 30.638489 31.223186 31.581732 32.253174 32.562382 32.770668 32.793575 32.820049 32.495010 32.422741 32.073257 30.392246 26.780542 24.552803 17.849987 12.331479 7.378444 3.683708 2.661385 0.973041 0.212793 0.137054 0.357682 1.191788 7.404897 
21.110474 13.635833 0.741793 0.797609 0.695366 0.430830 14.301511 2.163490 2.275614 15.308475 11.583636 10.783291 21.795525 28.179045 27.290869 27.276598 28.860004 29.891125 31.326326 32.209171 32.535629 32.567825 32.720062 31.731861 31.601152 30.537985 28.962219 26.880516 21.125755 17.371065 11.615898 7.466619 3.628781 1.981310 0.705755 0.215449 0.078872 0.084114 29.457115 28.332474 
21.175001 13.636569 0.682008 0.399766 0.303653 0.312868 19.414820 0.268964 0.268980 15.340096 3.793938 3.785579 10.350407 24.229393 22.071083 22.236513 25.609188 26.755373 29.656761 31.841793 32.091778 31.988920 32.212101 29.899738 29.964600 28.130571 27.358343 22.206755 14.603765 13.114584 7.858014 7.274997 3.695650 3.387346 3.397982 32.618107 0.052605 0.049963 0.028089 0.173178 
25.285238 31.566166 0.119846 0.115454 0.094841 0.096244 0.054155 0.161135 0.158364 0.053618 0.354777 0.523601 0.514548 20.977551 16.116537 16.289465 20.867357 21.745485 27.783779 30.390577 30.910189 30.543621 31.928972 27.338873 26.125971 22.956099 21.873318 21.061972 4.863886 4.840959 2.517867 2.554289 30.400656 0.159693 0.156462 0.016167 0.026151 0.021169 0.022850 0.056546 
21.066732 0.044928 0.049985 0.036982 0.034476 0.043770 0.044742 0.059571 0.054381 0.050786 0.337492 0.502732 0.504558 19.031460 9.958398 10.355834 15.356569 16.040020 26.353886 28.789938 27.715370 27.463522 32.024517 23.814043 22.213121 17.244318 15.662596 17.370523 0.309065 0.258227 0.290276 0.224202 0.046708 0.038822 0.027449 0.013524 0.010043 0.007242 0.008032 0.014660 
5.775248 0.037592 0.026276 0.020291 0.030383 0.051248 0.058666 0.038821 0.026000 0.018749 0.038552 0.060697 0.150263 0.573250 2.891107 5.582323 10.687153 11.056159 22.203880 24.652103 24.578779 22.344542 19.402248 20.533836 16.878462 11.729829 5.779297 3.636209 0.798827 0.253372 0.194111 0.139453 0.043603 0.023872 0.016906 0.012135 0.007266 0.004499 0.003617 0.004402 
0.022381 0.023096 0.014479 0.016186 0.024226 0.901090 0.100726 0.048920 0.031685 0.018013 0.013585 0.013948 0.063740 0.571574 2.586012 4.323521 6.997564 7.672543 13.225616 18.281322 18.254940 10.338920 9.271287 24.687965 13.240416 13.017286 5.603378 3.649922 1.172807 0.265304 0.099847 0.056389 0.030288 0.027228 0.019560 0.022569 0.013749 0.010214 0.007018 0.005510 
0.011026 0.008550 0.007132 0.012584 0.022642 11.509757 30.640345 11.401703 0.031245 0.020665 0.019397 0.011398 0.012934 0.133859 0.691667 1.516660 3.257969 3.397251 12.717960 11.250521 18.524050 8.405214 7.983130 5.275419 8.275292 24.811388 5.666004 4.362549 4.461528 13.448950 0.061123 0.047249 0.039828 0.042482 32.848061 0.019111 0.016405 0.029129 0.022668 0.016202 
0.003068 0.002646 0.003712 0.009920 0.017774 0.863750 0.084175 0.040029 0.042724 32.849022 0.023226 0.020568 0.010353 0.013719 0.107246 0.446691 1.188836 1.198615 6.343779 3.649619 7.978171 3.098114 3.231783 5.156098 9.870451 6.547795 15.583516 10.935596 2.839201 1.675073 0.072529 0.065676 0.065258 0.045187 0.079190 0.081973 32.848030 0.058839 0.056174 0.028127 
0.000710 0.000776 0.001735 0.005783 0.015415 0.016725 0.040115 0.029879 0.038435 0.046222 0.054524 0.025509 0.019629 0.010553 0.012808 0.056168 0.302386 0.228254 0.034723 0.046298 0.035174 0.706819 1.075897 1.447933 15.317183 0.843847 0.278358 0.085093 0.060260 0.065279 0.086485 0.070632 0.073343 32.848850 0.076463 0.073789 0.019592 0.052381 0.064395 6.346304 
0.000152 0.000216 0.000613 0.002083 0.005518 0.008839 0.012546 0.012575 0.021908 0.043566 0.048520 27.502409 0.029416 0.024473 0.018776 0.038852 0.312312 0.059018 0.030697 0.038185 0.030162 0.130366 0.285939 0.779285 15.619699 0.836205 0.262225 0.076053 0.045063 0.058484 0.063449 27.534771 0.117532 0.112471 0.062893 0.034202 0.016932 0.023510 0.036364 0.033098 
0.000037 0.000066 0.000208 0.000683 0.001741 0.002972 0.004189 0.006806 0.019670 0.061374 0.141695 31.443438 0.142222 0.061966 0.035672 0.047909 6.609755 0.034486 0.022136 0.014541 0.012089 0.029841 0.080619 0.113947 21.305159 0.124187 0.090898 0.037808 0.032653 0.070581 0.151237 31.431606 0.190981 0.109812 0.043671 0.016854 0.008066 0.009447 0.015814 0.021214 
