0.020696 0.054890 0.134589 31.444376 0.211424 0.131133 0.055557 0.020701 0.007289 0.006907 0.065153 0.565492 2.583667 4.096962 11.328287 12.727894 20.200037 32.745850 32.414921 31.732718 30.594717 28.862642 27.130728 22.389109 18.954941 13.347115 7.817422 3.620174 0.483185 0.087192 0.059997 0.120677 0.159379 25.659739 0.155409 0.116768 0.085212 0.177526 0.567902 5.728664 
0.013181 0.026072 0.031019 27.506987 0.152071 0.147082 0.058203 0.041793 0.030855 0.084326 0.409589 1.343653 3.657639 5.526116 13.103898 13.946690 23.620262 32.572266 32.701630 31.830276 30.778862 30.467083 27.756287 23.719904 20.353912 14.813892 8.811183 3.886632 0.605493 0.300620 0.131757 0.293196 0.871127 21.600016 0.843016 0.265450 0.099822 0.085276 0.097671 6.275875 
0.015219 0.028214 0.063699 0.119487 0.162133 0.164621 32.705013 0.383165 0.378918 0.670733 1.475722 3.035300 5.706748 8.069418 15.296062 17.825897 25.517118 29.181187 32.669193 32.444340 31.373489 30.055908 29.190060 25.852869 22.853968 17.019020 10.427090 4.907666 1.030414 0.279583 0.141671 0.313623 0.875984 21.573629 0.853779 0.285505 0.113295 0.078201 0.103530 0.190294 
0.035277 0.050497 0.106140 0.114460 2.801289 9.234998 1.690022 1.363188 2.386248 3.174529 4.252757 5.679496 9.089760 12.448244 19.293663 22.560036 27.556862 29.651804 32.653671 32.475361 32.144485 31.182907 30.566837 28.094496 25.467781 20.667686 15.101089 11.182749 5.401872 6.547645 11.800686 12.507621 32.103329 14.247802 13.620499 0.136142 0.126169 0.106229 0.108543 0.178707 
0.100695 0.110707 0.298942 0.316603 3.159015 10.825694 1.700616 1.367233 2.783325 4.440576 6.591446 9.868139 12.763315 15.473667 21.885130 26.029936 29.597725 30.868984 32.782013 32.610909 32.430534 31.934406 31.491350 29.988791 28.520739 24.872473 20.742018 18.418360 14.483450 8.189854 10.245841 3.566679 3.428426 0.753077 0.738247 0.141190 0.180645 0.160524 0.111856 0.241057 
0.257932 0.114133 0.861977 0.871277 25.823711 13.285140 12.687042 21.208879 7.590487 7.861114 10.275396 13.384240 16.914610 23.114668 23.755545 27.311712 30.460714 31.354465 32.753540 32.746544 32.671001 32.448502 32.262352 31.514748 30.247570 28.254246 26.133709 26.331594 27.094797 25.218817 5.959756 3.466161 3.418156 0.725452 0.730056 25.175713 31.922934 31.924795 32.826160 30.274715 
7.742605 32.746651 15.083008 15.047058 5.751665 13.285716 14.234030 29.105495 14.728033 14.077489 15.834138 18.374464 22.646553 24.620760 28.368521 30.579613 31.782124 32.119072 32.819397 32.819317 32.788029 32.673798 32.478455 31.804539 31.953999 30.801695 29.252132 26.300158 20.082996 14.476174 9.487010 5.413305 4.621654 1.061421 0.357333 0.178693 0.182160 0.347804 0.795377 6.841679 
7.712610 1.157058 1.486592 4.637094 4.633258 23.114799 28.504343 31.254175 27.289759 25.030354 24.317261 25.070421 27.685658 28.558550 31.405478 32.086761 32.517826 32.588699 32.864536 32.864071 32.853500 32.803318 32.764664 32.390553 31.984892 31.651669 29.937880 25.699636 20.030611 14.544703 9.848858 8.717760 6.051844 1.829721 0.775190 0.173729 0.127782 0.292688 0.791835 6.808241 
7.593771 1.151808 1.142989 4.523027 4.718342 8.378895 23.055262 32.089092 28.015453 28.633280 29.073244 29.507626 30.601927 31.250340 31.995806 32.469376 32.724739 32.769085 32.897449 32.876923 32.870274 32.860291 32.852478 32.864452 32.437691 32.206013 30.919388 29.031849 25.704317 24.231710 18.468136 9.531687 9.109953 4.104183 2.305545 0.486323 0.088937 0.100484 0.113005 6.302953 
3.163308 0.733591 0.733721 2.723561 3.470222 8.049150 21.230736 22.802435 31.149128 31.656284 31.614492 31.710533 32.073090 32.272114 32.551590 32.773838 32.850735 32.858784 32.897694 32.890270 32.889881 32.882473 32.881229 32.878510 32.728771 32.751980 32.166100 31.550703 29.690460 26.888498 21.493046 12.943074 11.143208 5.029441 2.549200 0.486471 0.072208 0.043032 0.045977 0.028960 
0.033151 0.108077 0.164655 0.188276 2.299755 10.047416 20.092970 30.514744 26.847979 30.151489 31.897844 32.378204 32.602512 32.676819 32.822506 32.881413 32.877888 32.886810 32.899670 32.897495 32.899403 32.892254 32.892044 32.898792 32.805645 32.697178 32.418571 31.846992 30.199657 27.450214 23.612906 17.815199 15.444707 10.016616 9.101528 11.324865 0.055875 0.051092 0.023526 0.017163 
0.022570 0.045713 0.283174 0.732202 7.119786 11.329717 15.805440 23.417643 25.983084 29.304871 32.028980 32.623322 32.788738 32.824692 32.870289 32.882950 32.897644 32.896534 32.901196 32.900761 32.901096 32.897224 32.897186 32.895725 32.858589 32.805683 32.669285 32.294807 32.444946 28.952490 24.646654 22.975313 19.442711 14.342169 11.638927 5.524078 0.424347 0.409291 0.077398 0.013064 
0.014522 0.047336 0.459412 1.657488 8.197740 10.960754 16.200497 24.557314 27.729824 30.102722 31.830551 32.573589 32.805721 32.861069 32.884945 32.891468 32.895588 32.901478 32.903019 32.902603 32.902420 32.899940 32.899910 32.900440 32.889633 32.876472 32.893482 32.367496 31.535788 30.847752 28.231821 27.063318 24.981327 21.737007 21.722694 9.346258 1.598753 1.592580 0.511316 0.101261 
0.021309 0.058926 0.460727 1.859750 8.522617 11.688838 17.412146 23.593832 28.638166 30.360771 31.741510 32.561951 32.813564 32.876057 32.890553 32.897072 32.897278 32.900700 32.902901 32.903530 32.903675 32.902023 32.902035 32.902290 32.898651 32.892490 32.863480 32.767200 32.394619 32.004921 30.836086 30.237206 27.590769 24.433130 19.629387 7.144101 4.236859 3.818213 1.761582 0.828785 
0.060975 0.065424 13.723830 11.380735 13.888834 15.789956 20.691265 25.412294 29.157345 31.032475 32.134918 32.618900 32.806900 32.870365 32.892223 32.896366 32.901794 32.904015 32.904396 32.904228 32.903969 32.903122 32.903030 32.902912 32.900215 32.896149 32.882027 32.838257 32.698166 32.363106 31.574614 30.916739 31.701330 31.273767 21.780550 8.150808 7.866652 6.453814 3.435354 2.203680 
0.427102 0.441976 6.942167 13.108132 18.071440 21.327431 25.019438 27.984213 30.542732 31.888090 32.466854 32.730934 32.840450 32.879028 32.893986 32.898304 32.901379 32.903061 32.903999 32.904449 32.904392 32.903999 32.904037 32.902378 32.900883 32.896961 32.887676 32.860603 32.792553 32.768105 32.517166 31.893354 29.982798 29.080158 23.332563 14.985868 15.340104 13.047423 10.465005 9.367235 
2.811209 2.803657 12.537250 24.483044 25.902897 24.931696 28.418795 29.679445 31.383966 32.251183 32.653442 32.808990 32.867897 32.888218 32.896534 32.899826 32.901905 32.903229 32.904057 32.904427 32.904625 32.904339 32.904064 32.903049 32.902359 32.901772 32.898094 32.892677 32.866692 32.813801 32.724396 32.221947 30.914183 29.068485 24.599947 19.871513 18.692261 15.209878 12.134361 10.341621 
2.970645 3.043418 10.547618 19.072765 24.586842 28.538116 30.380358 31.276026 32.149460 32.625755 32.733990 32.833572 32.875515 32.890980 32.897446 32.900494 32.902290 32.903458 32.904156 32.904469 32.904671 32.904583 32.904465 32.904034 32.904099 32.902897 32.901707 32.898727 32.889565 32.855400 32.768040 32.466599 31.747726 30.414721 27.637806 24.673231 23.099501 19.824377 17.386780 15.454515 
8.504701 8.727049 14.265737 21.374887 26.725702 30.437990 31.724648 32.418320 32.659782 32.747490 32.839001 32.880333 32.892075 32.897102 32.900024 32.901802 32.903088 32.903835 32.904308 32.904537 32.904675 32.904728 32.904613 32.904495 32.903976 32.903316 32.902111 32.899868 32.894928 32.880970 32.841770 32.726231 32.484627 31.892176 30.868246 29.621641 28.756289 26.952219 26.070747 27.672371 
17.772923 19.863525 21.860664 25.403120 26.287996 29.573093 31.552689 32.430775 32.737659 32.809517 32.872517 32.894623 32.896332 32.898758 32.900757 32.902210 32.903465 32.904282 32.904480 32.904617 32.904694 32.904701 32.904591 32.904411 32.904041 32.903469 32.902431 32.900597 32.897324 32.889542 32.869232 32.805046 32.659000 32.363926 31.806313 31.125620 30.503296 29.338757 28.604033 31.966970 
10.015205 11.715961 15.736538 21.738825 23.068380 26.875145 31.625113 32.334969 32.748833 32.878624 32.896229 32.899189 32.903221 32.904129 32.904350 32.904480 32.904556 32.904621 32.904686 32.904709 32.904732 32.904697 32.904655 32.904549 32.904369 32.904167 32.903294 32.902744 32.901535 32.900055 32.897083 32.892948 32.882042 32.860802 32.804134 32.691685 32.452446 32.127766 31.258469 30.646280 
9.445139 10.693571 15.714139 19.025963 22.905821 26.444574 29.997824 31.736750 32.593159 32.826828 32.881577 32.895603 32.898190 32.899921 32.901329 32.902462 32.903328 32.903992 32.904419 32.904617 32.904697 32.904694 32.904594 32.904449 32.904148 32.903507 32.902348 32.900543 32.897888 32.893768 32.885109 32.868671 32.825188 32.748016 32.554733 32.209080 31.553583 30.571474 29.179497 29.430855 
5.919017 7.144444 13.812635 14.151373 22.612461 32.449276 32.793343 32.799927 32.835072 32.867207 32.884384 32.891998 32.896561 32.899078 32.900761 32.902023 32.902966 32.903675 32.904350 32.904499 32.904667 32.904724 32.904587 32.904392 32.904076 32.903461 32.902241 32.900421 32.897465 32.893223 32.884933 32.868149 32.829414 32.745712 32.558426 32.208485 31.559582 30.562956 28.983202 28.795406 
7.096124 8.947745 13.100610 17.376396 22.982769 27.358192 30.728022 32.096680 32.618176 32.795895 32.857658 32.881409 32.891327 32.895939 32.898701 32.900589 32.901932 32.903019 32.903843 32.904205 32.904583 32.904644 32.904469 32.904221 32.903687 32.903290 32.902122 32.900455 32.898048 32.894558 32.886414 32.876038 32.854191 32.830990 32.737385 32.669754 32.721912 30.598812 26.414745 26.356937 
8.484904 11.532337 14.133230 19.604456 23.910358 27.658104 30.564629 31.965166 32.518723 32.717564 32.812317 32.859287 32.881550 32.891331 32.896381 32.899155 32.900982 32.902287 32.902988 32.903774 32.904118 32.904438 32.904285 32.903526 32.902954 32.902058 32.900425 32.899372 32.899532 32.894958 32.891895 32.881413 32.847809 32.791019 32.731407 32.390495 31.416954 30.874231 27.150351 25.974947 
8.602226 11.450598 14.107514 21.319046 23.558914 28.020260 31.197353 32.157936 32.282040 32.447010 32.666271 32.794537 32.855190 32.880577 32.892109 32.896976 32.899685 32.901127 32.902088 32.903137 32.903488 32.903950 32.903778 32.903019 32.901997 32.900242 32.897255 32.891800 32.879761 32.877174 32.855938 32.818523 32.718277 32.607304 32.507771 32.128010 31.226648 31.045425 27.752151 25.996450 
27.288450 22.324493 23.290087 26.888805 28.932041 28.191189 29.978859 31.208834 30.810286 31.526953 32.261219 32.630119 32.790684 32.856182 32.884117 32.893723 32.897957 32.899414 32.900932 32.901112 32.902523 32.903149 32.903633 32.902206 32.901344 32.900074 32.896927 32.888996 32.864773 32.843552 32.835419 32.794422 32.602482 32.076057 31.537954 30.173403 31.854942 31.753298 31.906273 31.769730 
25.281120 26.173132 25.253363 20.995909 18.099236 24.502842 29.128223 29.277184 27.773373 29.764816 31.537128 32.319183 32.659157 32.807175 32.870289 32.888489 32.895252 32.896679 32.898384 32.899666 32.901836 32.902092 32.902466 32.900490 32.898346 32.895668 32.895466 32.825729 32.788254 32.738018 32.622070 32.535561 32.009693 31.531569 31.003250 29.553513 27.271879 30.506708 31.018408 30.432949 
25.221273 24.596266 15.927166 6.690193 7.011444 8.585114 19.214178 22.885479 22.364502 26.892633 30.499762 31.767290 32.413483 32.722538 32.852119 32.878540 32.889240 32.891357 32.895306 32.897423 32.900486 32.900448 32.901440 32.896420 32.892231 32.878895 32.804249 32.685642 32.613403 32.426384 32.057602 31.410934 28.718113 27.952633 26.965368 23.881140 17.282936 23.349726 31.007206 30.376261 
22.633755 14.458703 1.909227 2.105022 3.724818 3.391961 10.396500 15.298553 16.281382 24.564241 29.673985 30.819023 32.050888 32.634972 32.836632 32.854698 32.871407 32.880589 32.889709 32.894733 32.898712 32.898422 32.902180 32.889874 32.877995 32.833996 32.717606 32.521046 32.073433 31.833178 31.098076 30.764673 26.669020 19.481844 21.405869 21.533709 5.466471 5.578112 24.357845 7.650460 
22.682329 14.457294 1.875537 1.769804 2.886769 2.963556 9.642339 10.585236 11.586425 22.453255 27.731636 29.049732 30.769175 32.784134 32.772652 32.784851 32.833794 32.854927 32.879372 32.891758 32.895317 32.895588 32.899399 32.873470 32.862652 32.786289 32.583248 31.998358 30.912712 30.411644 28.877296 28.656801 25.347197 12.266120 12.231119 20.199673 1.715404 1.609071 0.162684 0.100503 
26.311365 31.488438 0.297082 0.292380 0.611526 1.681796 2.485682 5.085713 14.453253 16.820562 22.021078 28.813349 29.355349 32.057289 32.572128 32.613270 32.747631 32.790962 32.861103 32.884998 32.893208 32.892391 32.896229 32.820408 32.777122 32.674591 32.369007 31.367325 28.084927 27.480841 25.627907 25.137655 23.153828 7.420326 6.858283 2.468941 3.549466 1.282955 0.158826 0.071342 
21.629330 0.054981 0.072380 0.066115 0.148504 0.784319 2.398935 6.542868 10.650112 16.030802 22.439091 28.498081 28.940973 31.516640 32.088406 32.222713 32.541882 32.643295 32.824612 32.883400 32.886166 32.887115 32.890079 32.669533 32.520954 32.223320 31.823185 29.547483 24.205050 23.311895 21.127222 19.043427 15.140247 22.130136 5.372447 2.380606 1.017394 0.226947 0.026095 0.018613 
5.760671 0.047498 0.036296 0.032083 0.079646 0.846623 1.997300 5.491485 9.954541 16.035904 23.503017 27.799921 30.289503 29.761099 30.867472 31.446880 32.116470 32.346352 32.733299 32.865257 32.879574 32.881725 32.855709 32.370121 31.790827 31.120960 29.325884 26.744087 25.140329 19.573223 16.355539 16.937397 14.724222 11.785478 8.539438 0.976231 0.337190 0.034607 0.006945 0.006441 
0.024279 0.027978 0.020075 0.022443 0.035028 1.689941 2.585744 5.796359 10.503040 16.775108 24.385508 28.262526 28.895142 29.476410 30.048161 30.191509 31.231657 32.121777 32.601849 32.813065 32.864510 32.876476 32.807499 32.299847 30.070585 29.362211 28.019068 25.941679 20.056517 14.436663 10.607055 10.680921 9.556340 10.330288 8.633695 0.455332 0.161558 0.020250 0.010554 0.008147 
0.012997 0.011197 0.010218 0.016230 0.025733 10.874578 16.902903 24.423069 15.469680 17.024176 26.983503 28.309103 26.847471 25.593195 26.452454 26.825987 29.506866 31.150007 32.477654 32.800201 32.859261 32.869411 32.690704 30.078674 27.505367 21.351759 19.801445 15.729719 10.856589 9.493129 7.633484 7.909077 6.498854 6.532948 29.993450 0.167268 0.164520 0.040499 0.029238 0.020701 
0.004058 0.003847 0.005349 0.012302 0.020146 0.867730 0.071711 0.053433 0.056691 27.564058 25.752998 27.410877 22.418306 20.528784 22.557764 23.035173 27.725338 30.690079 32.560501 32.807007 32.851578 32.857193 32.862030 29.319368 20.481386 14.740279 12.764090 5.455492 2.759310 2.577136 4.105394 5.696008 4.979485 6.556095 0.092702 0.095478 32.838234 0.068198 0.065549 0.032583 
0.001058 0.001241 0.002569 0.007389 0.017730 0.018952 0.045234 0.038228 0.048650 0.056877 0.225548 25.049429 14.999288 14.136905 17.915977 18.307949 25.303841 32.808842 32.815189 32.830612 32.835571 32.844807 32.853630 25.642759 16.968733 11.966808 9.806605 3.305365 2.082018 0.652653 0.871460 5.669139 5.662729 31.844851 0.089672 0.087091 0.027166 0.062550 0.074514 6.357837 
0.000255 0.000379 0.000984 0.002948 0.007082 0.011061 0.016225 0.017872 0.029888 0.054648 0.060077 30.302658 9.289165 9.233428 14.290313 14.629883 23.219275 32.797085 32.808434 32.820351 32.830334 32.839008 32.848667 27.046299 16.915766 11.571795 9.720249 3.179648 1.946543 0.604235 0.609986 29.375950 0.145774 0.138793 0.081334 0.046392 0.024522 0.031506 0.044839 0.039734 
0.000071 0.000129 0.000376 0.001116 0.002619 0.004372 0.006408 0.010453 0.026387 0.071613 0.136029 25.874306 6.768942 6.692687 12.296811 12.493116 23.438190 32.780220 32.787895 32.804417 32.816216 32.827209 32.845600 32.830471 16.998352 9.774551 8.837399 1.938546 0.967578 0.235517 0.311709 31.381744 0.216513 0.136226 0.061220 0.026533 0.013734 0.014960 0.022322 0.027899 
