0.002104 0.032846 0.416860 10.584217 0.424721 0.039501 0.012126 0.003681 0.000596 0.000062 0.000005 0.000006 0.000108 0.002004 0.032816 0.417105 10.488355 0.593173 0.219766 0.390300 11.004905 0.060709 0.013146 0.001472 0.000118 0.000042 0.000319 0.001859 0.005285 0.004057 0.003130 0.013022 0.061302 8.561543 0.059112 0.010751 0.002063 0.013932 0.185049 2.378022 
0.001347 0.010432 0.037013 30.884666 0.078912 0.052178 0.035841 0.017393 0.003223 0.000362 0.000032 0.000031 0.000185 0.001323 0.010427 0.037454 30.789108 0.757191 0.726236 28.390846 3.971736 0.169631 0.024026 0.002130 0.000157 0.000214 0.001763 0.009489 0.021224 0.030049 0.015084 0.035713 0.181902 2.328566 0.177583 0.014358 0.002256 0.009109 0.046980 6.107078 
0.000573 0.004315 0.026022 0.072624 0.114554 0.133924 32.220470 0.032739 0.008984 0.001154 0.000142 0.000303 0.001078 0.001435 0.003754 0.019446 0.050934 0.085345 2.329274 1.171224 28.003529 0.049319 0.011686 0.001385 0.000179 0.000755 0.005745 0.022058 0.938510 0.157165 0.050477 0.151538 0.212932 2.364904 0.208293 0.029766 0.006093 0.005247 0.020396 0.080621 
0.002098 0.002984 0.014223 0.045750 4.490798 7.361988 0.697760 0.073617 0.009246 0.001082 0.000519 0.002788 0.009221 0.009381 0.003817 0.005620 0.024168 0.066449 19.343500 0.113398 0.067533 0.022003 0.003707 0.000493 0.000173 0.001299 0.010445 0.048536 21.199324 18.657665 18.764517 20.679989 31.738800 19.380100 17.546263 0.073624 0.043795 0.034724 0.015587 0.045627 
0.030839 0.013286 0.044934 0.186921 6.158291 5.535093 0.755441 0.099083 0.022662 0.003850 0.003101 0.017013 0.046605 0.047141 0.019454 0.006922 0.020029 0.093168 16.723896 0.103391 0.030009 0.005644 0.001076 0.001166 0.000508 0.000920 0.005912 0.022549 0.967928 1.438735 19.854597 0.198756 0.058228 0.168632 0.097684 0.100646 0.427924 0.416148 0.039542 0.420410 
0.362591 0.038921 0.267831 0.330582 19.245781 7.141490 7.144036 31.523897 0.035085 0.009811 0.009587 0.046724 6.120058 6.280385 0.047556 0.021700 0.014048 0.041411 8.264028 0.038347 0.010929 0.002163 0.003373 0.008634 0.004220 0.002150 0.004009 0.014246 0.077937 0.127846 25.903597 0.067184 0.027552 0.039672 0.066053 30.804644 10.763634 10.764782 32.303020 10.981470 
6.852133 31.755165 3.535645 3.509608 3.197159 6.413857 0.542907 0.052925 0.020709 0.004031 0.003239 0.018891 0.078960 0.151770 30.890202 0.047680 0.021025 0.033043 0.078634 0.020565 0.004887 0.004011 0.017511 0.032294 0.026181 0.014458 0.019547 0.016272 0.070194 0.466592 9.262451 0.426471 0.034866 0.007945 0.020557 0.038474 0.415003 0.420457 0.101649 0.889378 
6.451493 0.111562 0.262812 0.269202 0.294485 32.157055 0.051480 0.027269 0.014195 0.004001 0.001147 0.004857 0.043331 0.433021 10.465970 0.480532 0.112227 0.069015 0.052371 0.027168 0.011802 0.012717 0.036371 32.239594 0.071666 0.049780 0.107893 0.059281 0.413568 0.829392 9.266082 0.423188 0.032796 0.002750 0.003943 0.011768 0.033676 0.038495 0.077769 0.868397 
6.293177 0.079246 0.031676 0.043197 0.297794 4.024167 0.286733 0.063013 0.037829 0.017976 0.003661 0.002711 0.034001 0.418911 10.464032 1.064342 1.030417 5.666150 0.321322 0.284123 0.038040 0.025040 0.036256 0.111288 1.634504 14.250635 24.411865 14.412577 6.705878 6.722817 30.395350 0.038687 0.010546 0.001853 0.003768 0.010589 0.006252 0.011068 0.048535 6.197674 
2.990696 0.042914 0.013568 0.039875 0.334281 4.001988 0.392052 0.413121 32.234787 0.035905 0.012235 0.003015 0.010724 0.038414 30.394835 3.911412 3.878769 7.470900 4.220655 4.242995 31.361547 0.058486 0.032282 0.091616 2.215925 4.775345 4.697301 0.466206 0.471139 0.644140 0.098529 0.022783 0.004012 0.003790 0.018390 0.040667 0.018792 0.006283 0.017533 0.046941 
0.037079 0.015636 0.011368 0.048652 6.161827 6.175471 0.134574 0.098208 0.276431 0.092473 0.031754 0.005685 0.004040 0.019283 0.048487 0.442127 3.907432 0.627808 0.475344 0.705708 4.605626 0.292580 0.035571 0.077280 26.173212 4.739374 4.704196 0.419728 0.180829 0.669175 0.070623 0.009313 0.002416 0.011628 0.042025 25.369707 0.042398 0.012005 0.004180 0.009368 
0.007595 0.002979 0.004361 0.019014 0.059414 0.102262 0.174139 0.197286 0.253037 14.966813 0.067109 0.017848 0.003257 0.004947 0.020741 0.045986 31.836117 0.581301 0.486400 0.717266 4.586922 0.287606 0.025917 0.032805 0.085671 2.214854 32.095577 0.519030 0.546752 29.324818 0.044025 0.012118 0.004270 0.037386 0.313833 23.259935 0.313399 0.036973 0.003058 0.001217 
0.001461 0.003575 0.009671 0.007529 0.021709 0.060381 6.463865 1.819723 1.800617 2.238628 1.552312 0.029543 0.007028 0.001832 0.007724 0.043419 0.119744 31.806658 4.675876 4.657886 11.939569 0.073352 0.015414 0.014289 0.039256 31.616533 3.166396 30.422518 8.694843 8.437202 0.275488 0.034947 0.005006 0.015373 0.045785 25.408649 0.041941 0.011591 0.001394 0.000207 
0.003870 0.018438 0.039958 0.020244 0.014700 0.051794 6.060258 0.262590 0.228915 0.236003 15.705646 0.066307 0.011561 0.001919 0.007022 0.047303 0.145406 0.085759 0.311915 0.351889 6.110218 0.059696 0.021191 0.008323 0.018790 0.035517 0.218933 0.049327 0.089358 29.262390 0.055470 0.023721 0.010084 0.030277 0.069833 0.066425 0.027009 0.004494 0.000492 0.000128 
0.013294 0.043926 27.451626 0.046463 0.015842 0.024371 0.095931 0.075086 0.256559 0.072578 0.079974 0.023524 0.003620 0.001477 0.008870 0.032627 32.228294 0.060307 0.036782 0.089082 1.260889 0.118835 0.042896 0.020586 0.008098 0.010448 0.018657 0.018696 0.050582 0.088418 0.052471 0.047246 0.034758 0.058373 32.250374 0.035544 0.011937 0.001744 0.000454 0.001062 
0.043658 0.375435 20.409206 0.376800 0.044406 0.019454 0.060191 0.098120 6.428823 0.063756 0.025166 0.005168 0.000712 0.000425 0.003213 0.017276 0.034977 0.021129 0.037343 0.237523 1.330498 1.309866 25.775707 0.042303 0.020525 0.006245 0.005540 0.023728 0.074134 0.056889 0.080437 32.258614 0.056450 0.032904 0.032468 0.017479 0.003531 0.000843 0.002821 0.009241 
0.024679 0.055325 27.458281 0.068349 0.037687 0.047534 0.255067 0.158242 6.242159 0.060548 0.022765 0.005085 0.000816 0.000159 0.000583 0.003498 0.011283 0.045635 0.368097 0.801894 5.703298 2.497471 7.160146 0.248169 0.043671 0.020372 0.012660 0.036172 32.256130 0.060794 0.037235 0.044994 0.021994 0.007313 0.008887 0.003252 0.000841 0.002791 0.016992 0.046812 
0.055627 0.041854 0.052286 0.037594 0.065977 19.791370 25.733776 21.108644 0.097064 0.056218 0.046303 0.020098 0.004709 0.000802 0.000508 0.003134 0.027543 0.345782 1.006844 6.950143 6.677985 7.906442 6.925271 3.864454 28.844360 0.035936 0.012880 0.018841 0.033023 0.021378 0.011299 0.021472 0.007213 0.001530 0.001206 0.000445 0.001030 0.008718 0.046358 6.195757 
3.266253 0.052980 0.021993 0.038290 0.425505 9.301464 1.570275 0.954386 0.114113 0.137092 32.256233 0.043584 0.020033 0.004867 0.002865 0.014765 0.049517 0.349968 2.921211 5.801126 9.845772 12.657164 13.954928 11.757760 0.623211 0.095381 0.010627 0.004393 0.009508 0.008317 0.021644 0.051858 0.019556 0.003530 0.000484 0.000142 0.000948 0.008572 0.075198 0.852990 
3.240494 0.042133 0.011453 0.034464 0.421123 9.312045 1.460358 0.939145 0.140528 0.060758 0.060438 0.046709 0.043579 0.020216 0.010720 0.029639 0.874216 18.024204 5.609744 7.394528 10.999874 16.016867 16.024422 14.992371 0.903836 0.113153 0.023993 0.004761 0.006267 0.021119 0.051901 19.264500 0.041726 0.011094 0.001380 0.000488 0.003516 0.022142 0.101674 0.872073 
0.038606 0.014757 0.004326 0.014180 0.042615 29.677565 10.404948 10.407311 30.912321 0.063234 0.036858 0.060403 32.254635 0.059298 0.036155 0.409990 2.288264 3.318947 6.483346 7.624260 32.070297 25.120554 24.536034 23.166986 23.274603 18.134834 0.033209 0.014406 0.022393 0.049602 0.277849 23.331366 0.197614 0.029197 0.002645 0.001317 0.009072 0.035416 30.871773 10.564390 
0.007688 0.002776 0.004702 0.026512 0.066840 0.160358 0.463376 0.424188 0.037678 0.021100 0.008792 0.020618 0.032045 0.018040 0.010852 0.171256 1.362088 3.988080 6.752546 11.417948 13.110306 17.026020 14.021626 7.644035 3.282361 2.295094 0.236076 0.040069 0.068052 16.084835 17.280642 16.022102 0.039655 0.011341 0.001524 0.001182 0.007356 0.034213 0.076379 0.430570 
0.001045 0.001374 0.008777 0.032473 32.238094 0.129858 0.073740 0.039239 0.011039 0.003624 0.001263 0.003475 0.008535 0.003225 0.001292 0.020641 0.268663 0.307300 7.822181 13.759998 11.945790 15.152043 18.761349 6.509684 3.154338 2.307528 0.280388 0.129795 0.299589 23.337172 0.314831 0.084331 0.035795 0.007870 0.001892 0.004978 0.021971 0.058750 0.049809 0.052334 
0.001154 0.000773 0.004865 0.037678 0.178409 20.453991 0.042731 0.014638 0.002975 0.000551 0.000137 0.000377 0.001085 0.000363 0.000168 0.001856 0.023106 0.053067 1.657506 18.798790 8.067023 9.253273 19.603870 10.956124 8.980050 7.754404 9.170828 0.422034 0.366369 19.339344 0.086731 0.055887 0.062154 0.026391 0.011136 0.020789 0.045598 31.964800 0.212709 0.205709 
0.009227 0.003103 0.003570 0.033894 0.215857 25.710440 0.223753 0.042215 0.005934 0.000708 0.000072 0.000034 0.000093 0.000030 0.000036 0.000416 0.004505 0.037592 0.120102 16.243557 5.726390 4.966613 24.493155 0.357291 0.342449 8.435990 0.230262 0.256840 32.194439 0.064704 0.042984 0.069652 30.877949 0.108569 0.082124 0.045925 0.421405 3.218820 6.399034 2.347208 
0.046422 0.018647 0.005666 0.014436 0.045708 24.360600 0.113237 0.074123 0.020003 0.003356 0.000373 0.000035 0.000014 0.000008 0.000053 0.000426 0.002520 0.012149 0.032422 19.996027 0.737729 0.750299 24.205093 0.312968 0.112135 0.076986 0.118206 0.310019 0.054563 0.029630 0.040159 0.424148 10.568993 0.891842 0.909063 31.914501 3.621917 3.591037 6.370425 2.461535 
6.111209 0.061251 0.023996 0.048917 0.369363 5.293422 5.243289 10.922336 0.043037 0.010612 0.001401 0.000211 0.000111 0.000074 0.000434 0.002743 0.008732 0.006292 0.018531 0.034155 0.124761 0.153228 22.434372 0.210259 0.063015 0.037266 0.054677 1.181571 0.029979 0.012325 0.034716 0.418305 10.569461 0.467180 0.099709 0.037393 0.256020 0.266959 0.212394 6.289229 
2.718042 0.123892 0.078569 0.292334 0.627962 5.289352 5.458282 17.768492 0.124290 0.022565 0.004206 0.002162 0.001266 0.000667 0.002852 0.017016 0.046084 0.018027 0.006851 0.013896 0.027285 0.097471 0.432926 20.949074 0.230247 0.201455 0.192600 27.915003 0.054372 0.013266 0.012160 0.038789 30.874725 0.043666 0.017040 0.012406 0.021047 0.027990 0.090416 0.855501 
2.752157 8.636069 10.351416 3.856547 3.872390 17.737478 12.453585 9.408413 0.062594 0.025278 0.034624 0.032988 0.010465 0.004418 0.009927 0.047501 6.198864 0.051681 0.014173 0.022921 0.055564 0.473732 0.690518 25.702728 2.773737 2.771661 24.168215 0.388103 0.021256 0.007220 0.005400 0.020536 0.048773 0.020480 0.007487 0.010765 0.008837 0.027405 0.116771 0.874029 
0.705844 4.310988 0.352966 0.286290 0.281502 0.162262 9.943596 2.855152 0.085604 0.051576 0.418924 0.416826 0.037171 0.019470 0.013507 0.050995 6.201168 0.061970 0.024545 0.052697 19.779469 8.639421 8.638970 19.663633 0.214260 0.185950 0.077606 0.045850 0.024021 0.014424 0.021322 0.024705 0.022454 0.011099 0.021222 0.034268 0.033167 0.059541 30.874102 10.559093 
0.912376 4.332743 0.291374 0.041379 0.032420 0.073181 23.441530 0.467679 0.497465 30.994541 10.605899 10.605714 30.853708 0.042016 0.015594 0.019360 0.046895 0.021776 0.037027 0.230021 25.919525 0.639759 0.452467 0.045264 0.028576 0.015196 0.018892 0.031932 0.056490 0.074041 0.285348 0.286728 0.047493 0.035015 0.058548 32.259602 0.056739 0.033203 0.037347 0.416546 
6.912600 30.762320 0.038946 0.011441 0.006102 0.022335 0.055863 0.088239 0.091418 0.037381 0.418223 0.430326 0.094051 0.066112 0.027006 0.007225 0.009544 0.007879 0.023798 0.052441 20.953691 0.087828 0.059177 0.016717 0.005122 0.004777 0.021666 0.055337 4.885734 12.422636 4.596784 4.614511 31.818010 0.058005 0.033134 0.032908 0.020284 0.007242 0.010700 0.032847 
6.556346 0.081101 0.026902 0.004657 0.002790 0.008805 0.014822 0.011761 0.011021 0.011109 0.034221 0.043611 0.066973 32.250900 0.032953 0.009382 0.005480 0.019666 0.050058 0.048540 0.069628 0.052286 0.082481 0.024827 0.006650 0.009604 0.033220 32.245228 0.107040 0.087812 0.287633 0.284172 0.035284 0.020915 0.008327 0.009402 0.003620 0.000990 0.001296 0.002009 
5.850241 0.048104 0.011830 0.003332 0.010093 0.025637 0.032231 0.013221 0.005490 0.003034 0.002798 0.005355 0.019164 0.032113 0.017249 0.004474 0.010843 0.037401 31.118330 0.067866 0.041259 0.064827 32.254223 0.046865 0.021823 0.008596 0.021607 0.050803 0.035926 0.027916 0.024248 0.021321 0.010268 0.006810 0.009726 0.005481 0.002074 0.000515 0.000192 0.000195 
0.045262 0.017263 0.003781 0.006181 0.023514 1.051045 0.152559 0.044017 0.027153 0.012064 0.003765 0.001307 0.003371 0.008543 0.003285 0.002525 0.032713 0.419377 9.466676 0.447977 0.051284 0.030493 0.055137 32.251438 0.047243 0.023633 0.023929 0.027191 0.037837 0.071730 0.021540 0.004906 0.005151 0.018222 0.033375 0.026156 0.011942 0.003703 0.000904 0.001118 
0.009129 0.002914 0.001707 0.009880 0.040168 14.895197 27.332529 14.685918 0.067640 0.035665 0.018951 0.004691 0.001116 0.001177 0.000469 0.002067 0.032748 0.419816 9.455247 0.632900 0.079913 0.028720 0.032691 0.067317 0.073039 0.056893 0.102251 0.061005 0.107835 8.159182 0.057763 0.013568 0.014836 0.038508 32.240185 0.059855 0.035628 0.020217 0.006705 0.009622 
0.001049 0.000364 0.000794 0.005790 0.023122 1.046456 0.152437 0.046634 0.070670 32.251835 0.043795 0.020198 0.004650 0.000756 0.000237 0.001545 0.011546 0.039833 19.655766 25.846018 20.981754 0.050772 0.022397 0.043258 1.837106 12.858229 24.667650 15.989671 4.915139 3.438481 0.052695 0.025414 0.038721 0.062688 0.100375 0.125337 32.239548 0.056010 0.032335 0.047309 
0.000086 0.000040 0.000210 0.001768 0.009575 0.021761 0.030712 0.015722 0.028509 0.045759 0.043426 0.046558 0.019011 0.003449 0.000836 0.003162 0.012189 0.021577 0.042532 0.225336 0.039880 0.020006 0.016049 0.161962 2.028549 0.214909 0.109674 0.046708 0.088598 0.049506 0.041530 0.051853 0.076039 32.245567 0.075988 0.052259 0.033046 0.032227 0.069763 6.226141 
0.000005 0.000004 0.000032 0.000288 0.001666 0.004659 0.003737 0.002329 0.005954 0.022177 0.048848 30.875931 0.037347 0.010714 0.004080 0.017485 0.049481 0.021385 0.014524 0.032066 0.011245 0.004299 0.013181 0.164375 2.054976 0.180934 0.031291 0.012940 0.018350 0.022104 0.048810 30.868763 0.095731 0.068666 0.024843 0.009557 0.009362 0.006659 0.020116 0.048176 
0.000000 0.000000 0.000004 0.000033 0.000203 0.000614 0.000363 0.000325 0.002534 0.034452 0.419068 10.571623 0.417804 0.034043 0.011491 0.048904 6.203421 0.048491 0.010930 0.003839 0.001632 0.001556 0.010513 0.056343 8.335115 0.058540 0.012709 0.002882 0.004060 0.034356 0.418925 10.561648 0.432691 0.045257 0.006161 0.001331 0.001316 0.000918 0.003370 0.010586 
