0.015639 0.048150 0.128725 31.429403 0.180842 0.099767 0.037402 0.012527 0.003690 0.000957 0.000333 0.000639 0.002828 0.012540 0.048496 0.135434 31.075335 2.577175 2.480898 2.529999 12.149486 0.032983 0.018671 0.005488 0.001407 0.000937 0.002620 0.007372 0.013389 0.020255 0.033514 0.084051 0.122673 25.312569 0.119202 0.080634 0.055211 0.145938 0.535808 5.689411 
0.008508 0.019571 0.024523 27.553926 0.118822 0.113832 0.040077 0.018996 0.007273 0.002093 0.000678 0.000762 0.002078 0.006603 0.019427 0.025010 30.486818 2.805438 2.799236 27.276762 4.602301 0.061046 0.024432 0.006252 0.001677 0.001672 0.005386 0.015140 0.020133 0.048782 0.073205 0.239886 0.831701 21.115055 0.809426 0.219967 0.066139 0.056657 0.069104 6.243160 
0.008677 0.017633 0.045657 0.089949 0.128968 0.131545 32.840950 0.021108 0.018421 0.005723 0.001964 0.002090 0.003602 0.007455 0.048490 0.316074 7.142560 7.108963 3.932466 6.952008 24.971546 0.039724 0.032591 0.006625 0.003319 0.003998 0.008863 0.015608 0.556181 0.093146 0.084828 0.263923 0.836659 21.089861 0.820210 0.238202 0.077060 0.048149 0.068670 0.140079 
0.023211 0.031781 0.076550 0.084918 2.809930 9.836714 0.753432 0.249793 0.067883 0.015812 0.005550 0.007196 0.011381 0.029494 0.296313 1.010970 7.136648 7.528117 9.110880 10.362504 8.248701 0.643194 0.371135 0.072471 0.057687 0.049572 0.023801 0.034820 17.258076 18.890944 13.998889 14.783248 32.479942 14.302424 13.693631 0.101968 0.091923 0.074183 0.070670 0.128413 
0.080683 0.080302 0.252069 0.270391 3.283416 16.738726 0.778635 0.253854 0.075027 0.019986 0.010959 0.019470 0.019584 0.042006 1.151314 3.139247 9.035282 9.462796 14.520207 10.595415 8.511865 1.795453 1.204863 0.611719 0.667964 0.605166 0.254728 0.255367 1.144661 1.149853 17.223034 0.112411 0.077954 0.086408 0.075203 0.106816 0.147259 0.129328 0.073990 0.190799 
0.238206 0.083766 0.866394 0.876781 28.745367 26.188814 26.227201 31.385715 0.018546 0.014550 0.019888 0.028878 4.123310 5.927782 1.345576 3.622883 10.638854 11.351422 20.777401 13.523494 12.334860 5.905515 5.319007 4.031759 2.116295 1.718798 1.279623 0.560890 0.614175 0.630860 32.111740 0.089091 0.073354 0.060103 0.064844 24.944416 31.903091 31.905098 32.828903 30.272713 
7.730400 32.782986 17.674818 17.667494 2.182072 25.131678 0.559516 0.370280 0.080840 0.027042 0.141236 0.558382 6.679761 7.183925 21.148548 13.593181 15.356413 15.743470 26.535341 16.252054 15.351116 8.627153 6.475212 4.093358 6.920133 6.117783 2.520574 1.265617 0.635947 0.769985 29.887831 0.245025 0.096760 0.041058 0.033841 0.034862 0.145152 0.296783 0.740617 6.778464 
7.555271 0.453949 1.060522 1.255267 1.252220 32.698360 0.369916 0.366354 0.087934 0.039569 0.216669 0.867138 6.410287 9.911139 15.255484 19.727491 22.320595 22.130732 32.050842 21.527866 20.837238 14.167964 13.763670 16.310863 6.814659 6.562794 2.596074 1.299109 0.776830 0.913120 29.863413 0.229694 0.082049 0.027229 0.017683 0.030107 0.089935 0.240880 0.737072 6.744968 
7.034238 0.447172 0.432457 0.600992 0.983887 20.655350 1.651641 1.281007 0.090757 0.157485 0.425484 1.174531 6.839606 10.511874 15.242320 20.617170 24.990469 25.511703 32.001823 23.151695 21.969118 20.209988 20.104063 31.486809 14.899737 15.752636 7.622020 7.833647 4.508805 4.654121 28.578983 0.037857 0.033195 0.014234 0.011790 0.019356 0.035816 0.069703 0.082333 6.269330 
2.920467 0.194895 0.185951 0.354038 0.971014 20.634621 9.724227 9.725555 32.714367 2.006469 1.996193 2.716266 8.897454 9.394226 17.775263 30.173424 30.001204 29.183601 32.278046 28.209324 26.776266 25.614048 25.618549 31.540592 19.784365 21.184231 15.131613 10.381136 5.882214 2.692982 0.967861 0.222435 0.053298 0.016940 0.018584 0.026920 0.024914 0.026556 0.032963 0.024701 
0.024735 0.058694 0.060394 0.072584 6.398383 10.941219 5.487933 5.477043 5.717618 2.201537 2.829696 4.081344 10.360821 12.006337 21.331692 25.593622 29.329111 30.667107 32.505451 31.167328 31.711346 29.309982 29.321859 31.418037 24.149431 18.760241 15.975658 11.040349 6.341720 2.677254 0.963802 0.319194 0.062788 0.023722 0.031299 18.570007 0.026708 0.019114 0.013945 0.012877 
0.014812 0.018715 0.024093 0.043133 0.063976 0.101238 5.412819 5.693370 5.713593 16.824100 8.514384 8.892137 14.445035 16.404570 23.597481 24.658388 29.799526 31.921144 32.670601 32.383240 32.354698 31.440027 31.443441 32.264973 27.874521 22.293919 22.213001 12.337360 13.421654 20.177305 0.879342 0.860990 0.174431 0.046243 0.099511 31.531193 0.080835 0.027205 0.009062 0.004934 
0.007794 0.010802 0.016569 0.029033 0.051915 0.070450 10.455699 8.825025 8.804688 17.490702 11.731687 12.837771 18.338202 20.891487 26.409225 27.978090 29.549515 31.500546 32.841801 32.775440 32.648849 32.325569 32.321854 32.651443 31.523716 28.450665 30.949629 20.809866 13.794305 13.495655 6.205224 4.236945 0.630264 0.124434 0.131915 18.582190 0.020332 0.012745 0.004485 0.001953 
0.011973 0.018820 0.023460 0.034667 0.042864 0.051916 4.509964 17.835293 19.154915 19.645958 25.678730 24.709845 25.644663 26.351427 28.746742 31.122335 30.422892 31.618971 32.641518 32.852757 32.831387 32.726074 32.731289 32.806953 32.539989 31.920429 29.941174 26.397575 21.637743 14.664925 3.956801 3.932830 0.901577 0.317504 0.134490 0.025385 0.020487 0.007899 0.002706 0.001379 
0.028630 0.035541 21.781992 0.061330 0.054431 0.090224 0.319295 0.784177 13.536526 17.239790 21.753605 25.986235 29.038187 30.063524 31.086313 31.492573 31.966448 32.863323 32.899807 32.894226 32.878155 32.839645 32.829285 32.876995 32.591087 31.841446 29.795748 25.785118 19.044397 10.803517 3.990284 3.941144 2.178298 2.172756 31.567976 0.017579 0.014961 0.005073 0.003040 0.003143 
0.067847 0.127563 31.553694 0.139918 0.080183 0.094760 0.317124 0.341390 10.986687 18.718742 22.403309 26.235903 29.443899 31.087355 32.032276 32.284096 32.709282 32.843285 32.883247 32.895100 32.895985 32.880527 32.875034 32.813923 32.616348 31.849701 30.078445 26.414663 21.078304 26.024561 20.912958 17.444593 4.576054 4.584875 3.265706 0.699270 0.101363 0.008650 0.008021 0.010701 
0.075537 0.082478 21.840067 0.096780 0.089843 0.103213 0.338658 0.349098 5.980610 16.212265 23.383831 27.732336 30.480873 31.777584 32.455048 32.649296 32.802223 32.863499 32.887661 32.895309 32.900585 32.895782 32.892986 32.864868 32.814743 32.806049 32.313339 31.917131 29.298874 26.317810 24.989677 17.313313 8.960419 8.481479 3.207486 1.086552 0.138322 0.018236 0.024302 0.022525 
0.085918 0.103940 0.095947 0.106301 0.114817 14.227505 10.798363 11.912723 13.408031 25.236158 24.229767 28.040129 30.684742 31.966530 32.564041 32.764606 32.844822 32.878239 32.891975 32.896984 32.901302 32.900730 32.901016 32.893944 32.874466 32.812027 32.697449 32.198521 31.079992 28.461929 24.471731 18.259888 12.411932 7.615332 3.627171 1.174495 0.176388 0.052437 0.064873 6.271909 
3.344223 0.098985 0.089046 0.191315 0.418347 2.221676 5.311480 9.788389 18.522741 19.955154 27.882885 31.487326 32.139675 32.539398 32.761070 32.843464 32.877831 32.889256 32.895546 32.898598 32.901260 32.902912 32.899345 32.893646 32.878735 32.836178 32.676044 32.243202 31.170950 28.780775 24.537500 18.821274 13.078582 7.277569 2.911695 1.342222 0.249172 0.201485 0.768181 6.930145 
3.284971 0.073784 0.064070 0.168220 0.391721 2.214611 5.325625 9.804513 18.500471 21.796209 30.105299 32.439198 32.415382 32.656067 32.802055 32.861328 32.883213 32.894199 32.898617 32.900551 32.902172 32.901821 32.898575 32.894001 32.882282 32.850311 32.747425 32.509880 31.858177 30.213078 26.441200 17.814661 10.894233 7.983926 2.155671 1.126601 0.200570 0.207910 0.773695 6.971210 
0.022962 0.033147 0.028644 0.047979 0.049554 6.630844 18.648426 20.282509 28.820520 31.659237 32.850052 32.856812 32.883186 32.899712 32.900555 32.900948 32.900822 32.899635 32.900932 32.901707 32.904556 32.901752 32.900188 32.895077 32.878471 32.805202 32.656254 32.392849 31.393770 29.545084 25.460060 19.332018 13.355047 7.471650 2.464640 1.243417 0.235949 0.241175 29.472683 28.595087 
0.012781 0.012344 0.015055 0.032370 0.050645 14.390613 26.441793 31.335268 32.548149 32.728718 32.786182 32.824921 32.816895 32.845196 32.867100 32.881237 32.889351 32.894672 32.897720 32.899776 32.901661 32.901302 32.897434 32.891865 32.877209 32.834919 32.724331 32.391392 31.492846 29.296112 25.646637 19.789892 10.705474 8.099707 2.113995 0.973061 0.172056 0.133647 0.420967 0.635925 
0.004773 0.005434 0.009438 0.011244 22.102942 30.092424 31.207878 32.313030 32.640335 32.699768 32.708065 32.729416 32.786865 32.827991 32.857616 32.876293 32.886429 32.892536 32.896282 32.898754 32.901043 32.901478 32.897434 32.890831 32.874378 32.815594 32.645000 32.153091 30.950018 28.780680 24.410355 18.559774 11.868807 7.270937 2.547183 1.147490 0.321252 0.136598 0.415761 0.519374 
0.004757 0.006223 0.013845 0.042508 0.059122 5.314442 20.486645 28.759470 31.420324 31.945656 32.149101 32.350323 32.549717 32.691639 32.789886 32.845776 32.872097 32.886242 32.891876 32.896572 32.899815 32.900635 32.897812 32.889862 32.872314 32.804626 32.614037 32.205574 31.168312 28.379217 23.283247 19.024599 11.953201 8.036186 4.905291 3.346263 3.351853 32.534351 0.928527 0.951011 
0.012606 0.015274 0.021509 0.050871 0.059466 4.723784 14.336559 22.801882 29.112160 30.484114 31.067707 31.622677 32.129307 32.459030 32.680050 32.796356 32.850685 32.873413 32.883438 32.891960 32.896534 32.898483 32.894001 32.882786 32.859097 32.775642 32.651543 32.556416 31.800024 30.322229 29.942698 30.552036 17.577290 5.958848 5.305352 3.342099 2.573823 6.799933 7.336120 5.855069 
0.024347 0.050069 0.053157 0.097693 0.103636 11.114975 15.166061 21.810074 28.112427 28.454617 29.385450 30.447826 31.419724 32.047615 32.482491 32.700191 32.805748 32.827614 32.858177 32.859005 32.886307 32.894337 32.887817 32.864075 32.777744 32.488976 31.782686 30.285128 27.363565 30.360386 20.966640 16.214708 9.792652 17.897282 18.781698 26.063320 7.030234 7.023591 7.358861 6.009529 
6.163270 0.154849 0.143522 0.332732 0.672164 7.309718 7.501151 16.084257 24.650635 25.466358 27.133680 28.891396 30.454292 31.475945 32.204197 32.527626 32.691673 32.648014 32.743095 32.765945 32.853592 32.880997 32.876602 32.840111 32.791985 32.513660 31.671265 29.980490 26.190701 22.828403 19.695343 16.378860 8.440103 1.334289 1.294058 0.204562 0.572781 0.832537 1.006735 7.399436 
21.301996 0.228092 0.181277 0.726787 1.096379 7.322309 7.556548 17.563574 21.447935 23.048767 25.234209 27.472219 29.487453 30.877499 31.862911 32.085312 32.207619 31.961668 32.329746 32.580498 32.800282 32.832005 32.824329 32.675529 32.649315 32.600700 32.425087 27.250042 21.350849 19.601532 14.506284 13.172886 17.103676 1.216672 1.209349 0.201244 0.230398 0.484137 1.156454 7.332637 
23.473793 24.639076 28.982565 25.918240 25.912226 29.811073 16.897507 16.839685 18.366213 21.520786 24.119673 26.444441 28.725538 30.444141 30.993265 30.311171 30.080013 30.277744 31.519623 32.109867 32.581589 32.661980 32.715290 32.189762 32.141567 31.796093 29.782345 24.869699 21.880001 14.089770 8.661186 4.099549 1.044703 0.431822 0.164279 0.065661 0.116595 0.337899 1.161608 7.371815 
20.626003 13.941627 0.735198 0.788092 0.685331 0.397321 14.563072 3.036577 6.248754 20.592165 23.764832 24.023722 28.148909 30.049232 26.437275 25.041584 26.142698 27.389465 29.759157 31.363098 32.005791 32.123291 32.460564 30.970013 30.934570 29.766619 28.243721 26.139414 19.655210 14.036205 8.377779 4.181777 1.036898 0.265861 0.082463 0.068293 0.068581 0.073847 29.453352 28.336693 
20.693649 13.942436 0.675081 0.386519 0.290334 0.301149 22.748322 0.285612 0.287921 22.027246 7.090138 6.852238 15.785697 20.941750 18.347019 18.213211 21.769777 22.841444 26.944613 30.720179 31.007040 30.821932 31.369738 28.118336 28.559635 26.531786 26.785875 23.981009 16.342329 12.636433 6.915584 4.758282 1.043436 0.336048 0.338749 32.835808 0.050016 0.047355 0.027037 0.172009 
24.945559 31.575785 0.111953 0.107557 0.087435 0.089693 0.052488 0.154310 0.148915 0.036194 0.092975 0.122412 0.114353 19.190884 12.002844 12.038628 16.214323 16.731583 24.230684 28.007904 28.595760 27.951843 30.881001 24.882841 23.673033 20.032829 18.980171 23.412474 5.516855 5.735572 3.088330 3.141711 31.195093 0.057806 0.054615 0.015085 0.024743 0.019810 0.021798 0.055365 
20.861694 0.043106 0.046639 0.033481 0.030957 0.039956 0.041491 0.055711 0.050295 0.032249 0.075242 0.103795 0.105530 21.036375 6.650173 6.824479 10.731758 11.027598 22.661352 25.371094 22.667101 22.751287 30.975702 20.869017 19.472319 13.964520 12.580981 17.682709 0.148242 0.139011 0.188480 0.152318 0.043561 0.033374 0.022600 0.012431 0.009228 0.006585 0.007464 0.014027 
5.779663 0.035805 0.024465 0.018433 0.028115 0.047457 0.055515 0.035988 0.023822 0.016091 0.021359 0.028110 0.036627 0.102575 1.454851 3.095362 6.864455 6.998814 19.866369 19.848251 18.269442 16.640196 16.440672 17.384657 13.804182 8.691172 2.568630 0.978482 0.220253 0.133976 0.147307 0.112874 0.040380 0.021847 0.015467 0.011214 0.006632 0.004034 0.003247 0.004055 
0.021999 0.022154 0.013440 0.015071 0.023090 0.896759 0.097665 0.046093 0.029962 0.016737 0.011998 0.010051 0.012782 0.100960 1.065987 1.906836 4.052199 4.383671 9.619735 17.814392 10.741023 5.531124 4.869054 24.883343 10.208771 10.069016 2.443719 0.979246 0.300964 0.150253 0.088369 0.051628 0.027555 0.025146 0.018124 0.021583 0.012973 0.009463 0.006397 0.005043 
0.010625 0.008042 0.006566 0.011898 0.021961 11.509004 30.639042 11.400260 0.029979 0.019393 0.018412 0.010395 0.005808 0.012460 0.138830 0.488042 1.645542 1.707816 9.382091 11.190719 10.799713 4.541718 4.121893 2.006896 5.159628 14.864669 2.444463 1.078050 1.029125 15.932159 0.060037 0.043694 0.036657 0.039315 32.847958 0.018342 0.015633 0.027726 0.021321 0.015322 
0.002883 0.002430 0.003416 0.009454 0.017308 0.862839 0.082966 0.038533 0.041231 32.848923 0.022365 0.019704 0.009348 0.004629 0.010855 0.059972 0.281078 0.285472 6.556333 3.743804 9.035337 1.433113 1.471520 1.964241 5.579432 8.157954 19.385403 12.698803 3.138453 1.677152 0.068373 0.061495 0.061422 0.042023 0.076361 0.079148 32.847931 0.056763 0.054095 0.027255 
0.000651 0.000698 0.001585 0.005457 0.014922 0.016285 0.038948 0.028378 0.036603 0.044035 0.052664 0.024647 0.018738 0.009498 0.007249 0.014803 0.040007 0.047299 0.030308 0.034115 0.027109 0.208925 0.398140 1.086199 16.107649 0.947567 0.274519 0.081048 0.058148 0.061846 0.082201 0.066452 0.069167 32.848743 0.073632 0.070955 0.018216 0.050217 0.062241 6.343866 
0.000136 0.000190 0.000549 0.001918 0.005202 0.008401 0.011823 0.011589 0.020392 0.041375 0.046332 27.517416 0.028079 0.023133 0.017165 0.028298 0.051270 0.036293 0.026278 0.026024 0.021867 0.062234 0.232112 0.905156 16.170971 0.938564 0.254045 0.070603 0.041679 0.055033 0.060000 27.548584 0.112333 0.107271 0.059220 0.031828 0.015553 0.021944 0.034650 0.031841 
0.000032 0.000056 0.000181 0.000609 0.001584 0.002723 0.003805 0.006182 0.018446 0.059330 0.139886 31.439083 0.140371 0.059875 0.033729 0.045542 6.330751 0.032516 0.020626 0.012705 0.010385 0.024137 0.071925 0.106583 21.600878 0.119039 0.084348 0.033985 0.029895 0.067460 0.148350 31.427324 0.186004 0.104609 0.040382 0.015164 0.007140 0.008491 0.014601 0.019947 
