0.004051 0.049762 0.474996 15.210230 0.486170 0.058818 0.014337 0.004485 0.000859 0.000110 0.000011 0.000017 0.000249 0.003819 0.049774 0.476428 15.011504 0.731981 0.301295 0.460868 11.085634 0.059478 0.015068 0.002016 0.000197 0.000075 0.000460 0.002287 0.005852 0.005336 0.004306 0.016144 0.065837 9.538757 0.062738 0.012983 0.003352 0.023413 0.264427 3.083032 
0.001820 0.012081 0.035876 30.433287 0.083128 0.059184 0.034306 0.017258 0.003744 0.000511 0.000058 0.000057 0.000287 0.001772 0.012062 0.036271 30.343681 0.830538 0.802385 28.521622 4.001815 0.160574 0.027614 0.003043 0.000280 0.000312 0.002141 0.010234 0.021259 0.033809 0.017927 0.047797 0.283430 3.247180 0.276248 0.024840 0.003684 0.010699 0.046642 6.097705 
0.000931 0.005303 0.027236 0.070374 0.116051 0.132861 32.325714 0.029135 0.009109 0.001393 0.000223 0.000455 0.001389 0.001899 0.004628 0.020130 0.050227 0.084378 2.336896 1.170760 28.099577 0.046970 0.012742 0.001798 0.000277 0.000952 0.006260 0.021985 0.912107 0.157049 0.051815 0.152873 0.311160 3.276411 0.305458 0.041654 0.009519 0.008144 0.024347 0.098736 
0.003845 0.004150 0.017463 0.046356 4.309361 7.722449 0.980540 0.108939 0.013297 0.001678 0.000796 0.003489 0.010051 0.010278 0.004882 0.007059 0.026286 0.066371 19.654182 0.109779 0.066355 0.023281 0.004572 0.000726 0.000274 0.001594 0.010994 0.047391 21.240816 18.880049 18.374187 20.090843 31.846289 18.560070 16.951033 0.090996 0.062861 0.052198 0.020195 0.066086 
0.044807 0.016771 0.060983 0.177452 5.816970 8.098745 1.064400 0.131343 0.026082 0.004810 0.003946 0.018424 0.045209 0.045806 0.020920 0.008709 0.021944 0.089516 15.943389 0.100021 0.032205 0.007055 0.001570 0.001406 0.000736 0.001221 0.006579 0.023109 0.981431 1.416426 19.726349 0.190404 0.059745 0.156879 0.097254 0.115164 0.480954 0.466772 0.040472 0.464831 
0.395706 0.039230 0.373366 0.430498 19.614948 10.825850 10.823866 31.332020 0.032236 0.010076 0.010510 0.045460 6.125820 6.294630 0.046271 0.023464 0.016386 0.042991 8.223135 0.038823 0.012151 0.002900 0.003974 0.008483 0.005035 0.002870 0.005301 0.018936 0.116417 0.167260 27.398731 0.072031 0.032602 0.043721 0.067314 30.268217 15.628682 15.630458 32.407513 16.055025 
7.568897 31.892122 4.890086 4.865083 3.102959 9.740397 0.622959 0.054632 0.021672 0.004954 0.004243 0.022191 0.096649 0.171043 30.469824 0.052879 0.029014 0.038764 0.097543 0.024653 0.006205 0.004905 0.017354 0.028380 0.026987 0.016027 0.021901 0.022228 0.111273 0.582468 12.909321 0.518444 0.054090 0.011521 0.021990 0.037646 0.465475 0.475525 0.153021 1.543752 
7.158801 0.124444 0.369792 0.389859 0.412234 32.184517 0.052868 0.032098 0.015566 0.004906 0.001779 0.007625 0.063407 0.497196 14.916679 0.600122 0.183411 0.072721 0.072319 0.042942 0.013549 0.013668 0.033564 32.350853 0.067805 0.049176 0.108541 0.070133 0.552724 1.057171 12.910236 0.513329 0.051093 0.004996 0.005022 0.013740 0.050880 0.059701 0.132656 1.499201 
6.577187 0.094467 0.048954 0.072963 0.425547 5.735647 0.415744 0.098287 0.035481 0.018064 0.004503 0.004881 0.051536 0.479588 14.911577 1.613261 1.553136 5.593513 0.432902 0.397199 0.036727 0.027414 0.039924 0.109126 1.593513 13.992531 25.123693 16.793608 9.334209 9.349642 29.964512 0.037714 0.012300 0.002552 0.004589 0.011218 0.008949 0.014133 0.049535 6.203976 
2.959826 0.045691 0.018232 0.057943 0.458993 5.714861 0.648541 0.665430 32.338852 0.033038 0.013119 0.003963 0.012548 0.037524 29.846718 5.134988 5.099216 7.938559 6.052112 6.072831 31.226826 0.060630 0.037470 0.092311 2.136877 5.834090 5.714520 0.652324 0.679648 1.051527 0.133017 0.026340 0.005126 0.004687 0.018730 0.038265 0.019425 0.007877 0.019292 0.045606 
0.036123 0.017736 0.013214 0.048377 6.171244 6.183462 0.184110 0.150565 0.373443 0.086386 0.034419 0.007296 0.005073 0.019857 0.046692 0.529375 5.129447 0.962338 0.818253 1.165701 6.687896 0.416313 0.053182 0.091183 26.330057 5.766466 5.720410 0.597694 0.293023 1.072413 0.107813 0.013494 0.003476 0.013206 0.040520 23.553385 0.041062 0.013751 0.005374 0.010278 
0.008417 0.003924 0.005563 0.021304 0.060332 0.101059 0.220094 0.300229 0.353925 15.544035 0.066713 0.019960 0.004274 0.006013 0.021629 0.043484 31.875250 0.922111 0.841041 1.191417 6.670162 0.411466 0.042323 0.036873 0.080824 2.597789 32.114487 0.685331 0.708040 29.542267 0.043432 0.014075 0.006329 0.044024 0.278995 26.748732 0.278335 0.043388 0.004683 0.001670 
0.001986 0.004327 0.010102 0.009427 0.024836 0.061367 6.517386 2.581535 2.563370 2.408295 1.468046 0.028736 0.007869 0.002557 0.009578 0.046156 0.111768 31.789383 6.847199 6.831120 12.731888 0.076894 0.019344 0.016028 0.037858 31.502575 3.247506 30.828411 8.164134 7.915762 0.254487 0.041313 0.007309 0.017896 0.045226 23.596855 0.040390 0.013110 0.001880 0.000329 
0.004825 0.018862 0.037566 0.021421 0.017238 0.052157 6.068035 0.400738 0.372418 0.351766 16.484814 0.064349 0.012708 0.002611 0.008619 0.049208 0.133379 0.148441 0.447638 0.534679 16.134724 0.097169 0.024255 0.010181 0.019333 0.033554 0.240423 0.049664 0.086143 29.407131 0.055517 0.026339 0.012547 0.031885 0.065429 0.060078 0.027399 0.005424 0.000730 0.000208 
0.015717 0.043474 26.081732 0.046995 0.019251 0.029309 0.106174 0.109644 0.394633 0.102124 0.080749 0.026179 0.004667 0.001873 0.008853 0.028841 32.342621 0.127646 0.108941 0.427378 10.554919 0.357956 0.033462 0.020948 0.009682 0.011619 0.027680 0.022117 0.056116 0.093635 0.058667 0.046118 0.037242 0.057105 32.360207 0.032263 0.012419 0.002218 0.000686 0.001360 
0.055477 0.349812 24.701681 0.350372 0.055449 0.024766 0.072258 0.108991 6.617428 0.066149 0.028943 0.006805 0.001114 0.000628 0.003731 0.017645 0.063484 0.068253 0.330718 1.146652 9.510430 7.883532 10.561989 0.029977 0.020901 0.007618 0.007555 0.025664 0.075931 0.064617 0.084428 32.367123 0.054415 0.034614 0.028686 0.017254 0.004182 0.001234 0.003542 0.010067 
0.029707 0.057482 26.092789 0.070493 0.042700 0.050683 0.246030 0.164478 6.245783 0.060901 0.025290 0.006372 0.001206 0.000281 0.000862 0.005240 0.043785 0.369536 1.602927 1.943562 11.545606 10.541779 13.376101 0.158804 0.036557 0.020825 0.013506 0.033271 32.364773 0.060636 0.040819 0.042585 0.023155 0.008833 0.008861 0.003780 0.001208 0.003520 0.018378 0.045389 
0.058963 0.047614 0.053814 0.042879 0.069230 18.608463 25.943789 20.217010 0.118992 0.068291 0.045088 0.020770 0.005623 0.001174 0.001140 0.015964 0.236843 1.692298 2.578722 6.505433 14.172897 15.403478 13.241985 5.620928 20.037281 0.030186 0.014230 0.019056 0.029593 0.022603 0.013900 0.022810 0.008735 0.002201 0.001475 0.000640 0.001356 0.009682 0.045314 6.200496 
3.273484 0.055575 0.026351 0.058114 0.511429 12.532050 2.347195 1.617305 0.185210 0.204179 32.364399 0.040283 0.020480 0.006159 0.006914 0.072227 0.328665 1.560378 4.060028 7.126765 15.776918 21.332214 20.567543 5.867709 0.889337 0.496369 0.033257 0.006006 0.009827 0.010057 0.023270 0.051750 0.020503 0.004309 0.000710 0.000255 0.001512 0.013225 0.125981 1.455437 
3.243215 0.043768 0.014917 0.053102 0.504865 12.544644 2.273798 1.609398 0.208826 0.075869 0.060032 0.050127 0.040260 0.032025 0.041506 0.104700 0.706243 9.863195 8.608258 10.220055 16.777008 21.675072 14.832447 5.161257 0.995062 0.492182 0.050471 0.006826 0.007720 0.022396 0.051704 18.775255 0.041363 0.012210 0.001815 0.000721 0.004344 0.026121 0.149747 1.496339 
0.037739 0.016548 0.005740 0.016758 0.042626 28.886379 14.692323 14.697429 30.522194 0.063779 0.040191 0.059969 32.262177 0.415173 0.396550 1.289248 5.879185 7.182805 11.079766 12.371037 29.994156 28.248402 27.341637 23.672422 17.912973 4.328582 0.021386 0.016468 0.024937 0.048817 0.267180 22.918861 0.185441 0.032365 0.003733 0.001684 0.009206 0.032757 30.423080 15.106847 
0.008527 0.003608 0.005669 0.026846 0.062987 0.169052 0.533737 0.488354 0.036879 0.022320 0.010769 0.021427 0.028089 0.032202 0.105905 0.781110 2.476467 5.683906 7.122270 10.014822 13.827271 18.040506 11.770937 5.731301 2.943105 1.529720 0.239977 0.055869 0.081781 15.159417 20.494886 15.104252 0.038806 0.012552 0.002071 0.001726 0.008957 0.037270 0.089117 0.502684 
0.001382 0.001715 0.008744 0.028673 32.349586 0.141334 0.095749 0.058321 0.013037 0.004473 0.001827 0.004132 0.008343 0.004331 0.013840 0.223361 1.210711 1.062311 4.442935 8.894287 12.592896 16.603876 13.336779 5.090703 2.941645 1.554388 0.283326 0.159097 0.313392 22.907101 0.310457 0.089974 0.039143 0.009953 0.002909 0.006081 0.023170 0.058314 0.065371 0.083854 
0.001508 0.001177 0.006301 0.041688 0.171939 19.641832 0.044631 0.018168 0.004003 0.000839 0.000242 0.000538 0.001262 0.000535 0.000981 0.020271 0.210637 0.341511 1.043842 11.356054 8.725942 8.942983 26.342319 8.100707 7.601997 7.059357 8.725364 0.418694 0.367844 18.852877 0.092960 0.063575 0.062713 0.031826 0.016502 0.021810 0.043137 32.029789 0.297998 0.301739 
0.010064 0.004052 0.005257 0.038557 0.200144 25.541492 0.208903 0.047605 0.007921 0.001100 0.000134 0.000062 0.000132 0.000054 0.000097 0.001536 0.024352 0.249271 0.264460 11.837031 4.731257 4.137474 19.477957 0.332530 0.324217 7.993447 0.240682 0.263200 32.309372 0.068147 0.050124 0.074006 30.429272 0.159399 0.135671 0.043531 0.514506 4.127791 6.510334 3.016062 
0.044969 0.020828 0.007667 0.018670 0.048982 24.276180 0.116616 0.077800 0.021941 0.004144 0.000553 0.000068 0.000027 0.000018 0.000098 0.000670 0.003889 0.021859 0.030258 8.068634 0.857463 0.902901 21.106441 0.289620 0.133583 0.091263 0.140430 0.316628 0.052706 0.033915 0.059734 0.485642 15.147559 1.552206 1.564378 32.005020 4.616994 4.583135 6.467072 3.158643 
6.098002 0.065064 0.030225 0.078435 0.458167 6.082792 6.016414 10.612943 0.042167 0.011541 0.001895 0.000406 0.000177 0.000131 0.000646 0.003433 0.009584 0.007921 0.018668 0.024049 0.260885 0.290870 21.389580 0.209267 0.085540 0.055978 0.071596 1.096683 0.031986 0.015858 0.052578 0.477262 15.149898 0.581099 0.167241 0.035834 0.344607 0.366451 0.291114 6.390441 
3.731682 0.132236 0.088559 0.428292 0.839860 6.081975 6.284365 17.991335 0.121960 0.025111 0.006748 0.004079 0.001697 0.000979 0.003599 0.018420 0.044726 0.019961 0.008571 0.015587 0.044452 0.157023 0.518124 20.109182 0.370540 0.343308 0.279889 28.385363 0.051413 0.014569 0.014417 0.038254 30.425112 0.046966 0.023123 0.014249 0.034103 0.046592 0.153113 1.462043 
3.800358 9.562561 12.075483 5.494915 5.508923 18.876387 12.592474 9.198863 0.063972 0.029259 0.052246 0.049977 0.012124 0.005405 0.011102 0.046446 6.208353 0.051886 0.016599 0.025450 0.070514 0.599528 0.803697 25.704239 4.210657 4.212329 25.909121 0.348900 0.021781 0.008664 0.007640 0.022489 0.048363 0.021856 0.009333 0.011448 0.011878 0.034563 0.176704 1.501787 
1.235361 6.193147 0.486487 0.422878 0.404550 0.191994 10.149484 2.797531 0.085022 0.052778 0.477486 0.474551 0.036033 0.020219 0.015433 0.050713 6.211876 0.063480 0.028256 0.054346 18.668699 11.497918 11.497099 18.619251 0.342177 0.315622 0.076295 0.050329 0.028321 0.018373 0.036405 0.040048 0.024847 0.013606 0.022353 0.031201 0.035144 0.058731 30.427143 15.090528 
1.445614 6.213273 0.414426 0.070064 0.049352 0.087323 23.426935 0.462642 0.489433 30.559721 15.248770 15.248476 30.395575 0.040963 0.017348 0.021596 0.045933 0.025337 0.042773 0.215611 26.303349 0.722460 0.555029 0.047129 0.040010 0.027238 0.022538 0.037143 0.057787 0.082487 0.409355 0.408598 0.046568 0.037626 0.057414 32.368195 0.055003 0.035214 0.036324 0.473753 
7.990589 30.610605 0.038802 0.014043 0.008595 0.025030 0.055487 0.100025 0.102335 0.036737 0.476390 0.491017 0.106441 0.061217 0.027513 0.008817 0.010777 0.009915 0.026389 0.053225 20.040073 0.109536 0.082689 0.020428 0.007122 0.006549 0.023214 0.056536 4.608085 14.937082 6.780253 6.795426 31.805122 0.056508 0.034999 0.029378 0.020906 0.008802 0.012469 0.049734 
7.529668 0.077554 0.028248 0.005833 0.003744 0.010418 0.017086 0.015696 0.014684 0.013228 0.051604 0.062606 0.082233 32.360676 0.029423 0.009608 0.006665 0.020526 0.049747 0.053461 0.074487 0.060973 0.102240 0.028189 0.008240 0.009989 0.029844 32.355766 0.114596 0.099122 0.413227 0.404569 0.033276 0.021890 0.010015 0.009621 0.004356 0.001442 0.001749 0.003828 
5.798540 0.047209 0.013289 0.004268 0.011225 0.026968 0.036081 0.015005 0.006981 0.003974 0.004979 0.007939 0.020745 0.028165 0.016962 0.005407 0.012682 0.036354 30.914303 0.071633 0.047910 0.067721 32.364185 0.045375 0.022982 0.010460 0.022944 0.050641 0.041581 0.034665 0.040429 0.035900 0.011581 0.008124 0.010088 0.006462 0.002667 0.000778 0.000321 0.000384 
0.043696 0.018711 0.004793 0.006938 0.023935 1.053088 0.148479 0.043682 0.027775 0.012640 0.004628 0.001954 0.004050 0.008350 0.003900 0.004563 0.050453 0.501412 13.027428 0.532129 0.072935 0.035926 0.055925 32.361130 0.045566 0.025716 0.027082 0.030783 0.043851 0.076635 0.025760 0.007337 0.006385 0.018413 0.029975 0.026090 0.012409 0.004462 0.001329 0.001464 
0.009900 0.003661 0.002184 0.010187 0.038427 14.181294 27.767345 13.977247 0.062295 0.032477 0.019149 0.005600 0.001589 0.001425 0.000759 0.003947 0.050523 0.502368 13.013417 0.695705 0.099798 0.033688 0.036333 0.066865 0.070446 0.056941 0.101317 0.062969 0.107799 8.502688 0.058264 0.015884 0.016337 0.036241 32.351444 0.052686 0.032326 0.021043 0.008357 0.010650 
0.001333 0.000542 0.001020 0.006324 0.023314 1.047004 0.147916 0.046397 0.066591 32.361633 0.040601 0.020760 0.005540 0.001085 0.000396 0.002110 0.013557 0.039769 18.441601 26.150774 20.092014 0.052488 0.025872 0.046638 1.805351 12.602201 24.714193 15.862438 4.830897 3.308170 0.054116 0.028725 0.040586 0.056560 0.095760 0.116756 32.350960 0.055856 0.035935 0.046109 
0.000132 0.000071 0.000303 0.002150 0.010371 0.021883 0.033983 0.017608 0.029532 0.044574 0.045898 0.044322 0.019426 0.004180 0.001240 0.004065 0.013800 0.023005 0.042513 0.209113 0.039326 0.021560 0.025611 0.242214 2.827578 0.296263 0.116439 0.047231 0.084505 0.051216 0.046225 0.052356 0.072694 32.356747 0.075251 0.055285 0.029529 0.034885 0.070301 6.238299 
0.000010 0.000008 0.000055 0.000407 0.002013 0.005066 0.004805 0.003126 0.007366 0.024754 0.048632 30.424633 0.036356 0.012518 0.005247 0.019213 0.048901 0.024005 0.016694 0.036073 0.012476 0.005801 0.022120 0.243850 2.857592 0.264032 0.042114 0.015099 0.020332 0.025870 0.049777 30.419403 0.108821 0.084630 0.028153 0.011753 0.009609 0.008292 0.022507 0.047260 
0.000001 0.000001 0.000007 0.000057 0.000291 0.000764 0.000564 0.000605 0.004612 0.051917 0.478192 15.194893 0.476919 0.051471 0.014438 0.049544 6.214161 0.047750 0.012417 0.005466 0.002218 0.002167 0.012485 0.059375 9.191324 0.062385 0.015476 0.003983 0.006611 0.051996 0.478336 15.175633 0.495092 0.064962 0.009177 0.002065 0.001654 0.001382 0.004399 0.011896 
