0.050099 0.129994 0.349911 28.796707 0.622793 0.421873 0.903870 4.060830 8.618384 13.446377 19.117634 24.040478 28.195473 30.549299 31.955643 32.523766 32.734081 32.834229 32.877129 32.899857 32.898087 32.895073 32.891624 32.885189 32.872383 32.835411 32.720337 32.332634 31.109180 27.985188 22.603355 16.025841 9.364160 3.905152 0.294745 0.268818 0.143894 0.256408 0.742923 5.575637 
0.031389 0.059785 0.076172 27.329338 0.546700 0.529496 0.906874 3.988328 8.704477 13.940882 19.831566 24.773460 28.724522 30.828321 32.136654 32.515606 32.744236 32.855057 32.884609 32.901333 32.897911 32.895969 32.891788 32.884724 32.865246 32.798473 32.563881 31.780437 29.673691 25.470917 19.760496 13.630322 8.026055 4.263668 1.544038 0.618178 0.187231 0.150213 0.175717 6.267155 
0.033092 0.061328 0.192226 0.833263 0.579075 0.578322 10.149406 11.077376 12.622475 16.782850 21.875736 26.214788 29.569586 31.296844 32.299263 32.645535 32.808800 32.862843 32.885696 32.900959 32.898911 32.896065 32.892853 32.885262 32.864136 32.789310 32.533585 31.718143 29.436159 25.194750 19.921501 13.533369 8.013449 4.287616 1.697995 0.947029 0.320943 0.199042 0.220938 0.424853 
0.074063 0.147383 0.589414 0.795199 3.491919 3.760182 17.006069 19.297270 19.098146 21.845245 25.509090 28.472902 30.711744 31.873213 32.511486 32.747395 32.845226 32.874447 32.890427 32.901695 32.899166 32.897072 32.894272 32.888458 32.874619 32.829361 32.681324 32.219540 30.874374 28.605825 24.850260 19.410833 13.434533 7.825874 7.563910 1.319669 1.285963 0.802185 0.289457 0.401830 
0.271635 0.615114 2.742945 4.054391 4.618981 6.113992 17.925718 22.632851 23.850174 26.105009 28.534767 30.426140 31.668079 32.291649 32.663357 32.809750 32.866753 32.884354 32.894043 32.901951 32.899738 32.898060 32.895710 32.891743 32.883743 32.858376 32.777584 32.503700 31.564514 29.997786 27.827431 22.508738 14.462135 8.594115 7.439569 1.331262 1.326200 0.830970 0.296946 0.532259 
0.664793 0.626661 3.642169 4.604597 7.177680 13.576836 17.393934 25.184338 28.323540 29.377968 30.676222 31.621216 32.255421 32.648155 32.788719 32.851849 32.880787 32.889709 32.897263 32.902508 32.900608 32.899181 32.897316 32.894405 32.889587 32.878632 32.846455 32.742722 32.321224 31.576967 30.934492 29.980284 27.444752 21.561535 23.827709 19.219423 19.365206 20.943712 25.149521 19.229008 
6.645909 12.574880 8.816545 8.995605 15.706763 16.825069 19.787436 25.799040 30.197721 31.192177 31.859003 32.315384 32.631912 32.777176 32.848789 32.878510 32.890079 32.894054 32.898914 32.902779 32.901306 32.900005 32.898350 32.896229 32.894577 32.889469 32.878918 32.850792 32.774662 32.618019 32.672493 32.427559 31.871855 30.829237 29.159233 26.687830 23.846106 20.696413 17.819622 15.222469 
8.233066 21.624062 11.998830 12.434817 14.301184 20.615606 25.261314 28.514650 31.311178 32.181309 32.493122 32.669643 32.792614 32.845894 32.878376 32.889915 32.895603 32.897190 32.900410 32.903248 32.902157 32.901157 32.900257 32.899368 32.896229 32.894154 32.890354 32.878895 32.855408 32.797436 32.711361 32.428638 31.868217 30.843138 29.125021 26.672020 23.830009 20.635113 17.785275 15.220108 
13.447839 21.396826 21.020020 17.942764 18.753477 24.934162 28.114426 30.889671 32.038719 32.540283 32.733521 32.812565 32.857754 32.877819 32.889221 32.894630 32.897820 32.899654 32.901985 32.903675 32.902771 32.902100 32.901279 32.900265 32.899323 32.897911 32.895103 32.890583 32.876007 32.846424 32.746681 32.548073 32.234135 31.453539 30.306715 28.529716 26.576321 25.044989 24.155512 23.887627 
31.517788 32.574146 32.697567 29.886536 27.362583 29.396288 30.973518 31.833323 32.505875 32.792736 32.842052 32.867775 32.883602 32.890350 32.896057 32.898575 32.900242 32.901649 32.903057 32.903931 32.903748 32.902863 32.902363 32.901703 32.900410 32.899567 32.896225 32.891575 32.880558 32.857166 32.798931 32.667633 32.417912 31.895699 31.176239 30.252674 30.384106 29.767847 30.994453 30.787758 
32.637459 32.660557 32.712013 32.755199 32.562935 32.746521 32.831017 32.788567 32.867043 32.878708 32.884846 32.889587 32.894032 32.896320 32.898888 32.900681 32.901577 32.902397 32.903694 32.904236 32.904015 32.903526 32.903198 32.902687 32.901718 32.899517 32.897011 32.892876 32.884895 32.870911 32.841957 32.776283 32.663643 32.448563 32.192112 31.774433 31.340374 31.070387 31.073200 30.767666 
32.635113 32.657681 32.708721 32.757198 32.787998 32.829109 32.853313 32.871372 32.880695 32.889282 32.893707 32.896534 32.898529 32.899555 32.900841 32.901802 32.903229 32.903229 32.904083 32.904419 32.904327 32.904045 32.903805 32.903294 32.902195 32.900871 32.899754 32.895096 32.891891 32.880127 32.859207 32.828938 32.758720 32.640617 32.469631 32.215092 31.959671 31.704285 31.445742 31.203867 
32.669708 32.687603 32.732376 32.773125 32.810951 32.836395 32.859310 32.874779 32.882668 32.889725 32.895302 32.897926 32.900024 32.901222 32.902206 32.902821 32.903542 32.904179 32.904499 32.904568 32.904648 32.904373 32.904202 32.903763 32.902870 32.902126 32.899555 32.897415 32.891586 32.886288 32.875591 32.858742 32.825089 32.768612 32.676899 32.481556 32.272625 32.112591 31.838284 31.665089 
32.712589 32.732750 32.754593 32.785484 32.819157 32.841145 32.863197 32.875755 32.884426 32.889545 32.895287 32.898136 32.900288 32.901829 32.902836 32.903553 32.903954 32.904289 32.904564 32.904644 32.904716 32.904568 32.904453 32.904076 32.903259 32.902241 32.900547 32.898617 32.895386 32.891758 32.882191 32.871410 32.845406 32.809231 32.750702 32.706047 32.531731 32.433857 32.245415 32.144432 
32.762058 32.771473 32.808678 32.827179 32.844425 32.857143 32.870274 32.879356 32.886383 32.891300 32.895321 32.898258 32.900455 32.902031 32.903145 32.903793 32.904461 32.904533 32.904648 32.904690 32.904701 32.904655 32.904583 32.904259 32.903595 32.902710 32.901272 32.899364 32.896614 32.893066 32.887623 32.881645 32.874550 32.854912 32.816505 32.748138 32.691132 32.621300 32.501251 32.439613 
32.798233 32.804607 32.820671 32.837788 32.853748 32.866089 32.876217 32.882904 32.890064 32.893799 32.896683 32.899052 32.900932 32.902313 32.903355 32.903996 32.904423 32.904602 32.904678 32.904713 32.904720 32.904709 32.904709 32.904369 32.903885 32.903069 32.901882 32.900295 32.898403 32.896790 32.893993 32.892345 32.884510 32.876301 32.855480 32.814789 32.792965 32.753380 32.696316 32.671333 
32.829052 32.831600 32.847618 32.855644 32.866562 32.873093 32.881756 32.886108 32.892273 32.895363 32.897911 32.899971 32.901581 32.902744 32.903622 32.904186 32.904514 32.904644 32.904697 32.904724 32.904728 32.904716 32.904682 32.904507 32.904205 32.903667 32.902885 32.902054 32.901321 32.899021 32.897530 32.894905 32.889374 32.883133 32.870525 32.853127 32.842438 32.819576 32.789719 32.767529 
32.848621 32.851231 32.864334 32.869762 32.875465 32.882870 32.886112 32.891438 32.894394 32.897038 32.898853 32.900528 32.901939 32.903000 32.903786 32.904301 32.904572 32.904675 32.904713 32.904728 32.904732 32.904732 32.904713 32.904663 32.904625 32.904125 32.903679 32.903049 32.902164 32.900585 32.899055 32.896439 32.892780 32.888248 32.881073 32.872963 32.866791 32.854637 32.841122 32.834747 
32.862411 32.862736 32.870605 32.876396 32.880630 32.886932 32.889908 32.893803 32.896538 32.898338 32.901043 32.902042 32.902905 32.903591 32.904125 32.904476 32.904655 32.904709 32.904724 32.904732 32.904736 32.904736 32.904732 32.904736 32.904659 32.904457 32.904167 32.903664 32.902893 32.901768 32.900394 32.898449 32.896347 32.893368 32.889915 32.886265 32.883198 32.877728 32.872532 32.869175 
32.877159 32.875534 32.879810 32.883961 32.887337 32.891026 32.893261 32.896133 32.898308 32.899479 32.901112 32.902344 32.903240 32.903877 32.904316 32.904579 32.904728 32.904736 32.904732 32.904732 32.904732 32.904736 32.904732 32.904728 32.904690 32.904594 32.904366 32.903934 32.903294 32.902374 32.901268 32.900085 32.897472 32.895405 32.892803 32.890369 32.888062 32.884892 32.882187 32.882969 
32.886482 32.885292 32.887493 32.890369 32.892548 32.895924 32.897217 32.898499 32.900742 32.901943 32.902905 32.903564 32.904388 32.904549 32.904663 32.904713 32.904728 32.904736 32.904732 32.904732 32.904732 32.904732 32.904732 32.904728 32.904720 32.904728 32.904594 32.904400 32.904087 32.903622 32.903194 32.902298 32.901001 32.899708 32.898243 32.897003 32.895771 32.893646 32.892956 32.891865 
32.893551 32.892525 32.893604 32.895725 32.895630 32.897934 32.899616 32.901001 32.902210 32.902821 32.903267 32.903671 32.903965 32.904240 32.904449 32.904591 32.904675 32.904716 32.904732 32.904736 32.904736 32.904736 32.904732 32.904732 32.904724 32.904705 32.904648 32.904568 32.904461 32.904476 32.904243 32.904224 32.903751 32.903702 32.903492 32.902954 32.902264 32.902344 32.901096 32.902142 
32.896908 32.898182 32.897926 32.897518 32.899036 32.898983 32.898239 32.899155 32.900238 32.901264 32.902157 32.902885 32.903507 32.903965 32.904285 32.904495 32.904625 32.904705 32.904736 32.904736 32.904736 32.904736 32.904736 32.904732 32.904716 32.904701 32.904655 32.904560 32.904396 32.904011 32.903404 32.902702 32.901978 32.900696 32.899292 32.897522 32.894917 32.894779 32.892929 32.887154 
32.883247 32.891228 32.878651 32.876793 32.877510 32.885963 32.889252 32.893738 32.896858 32.898903 32.900433 32.901661 32.902660 32.903400 32.903931 32.904285 32.904510 32.904652 32.904732 32.904732 32.904736 32.904736 32.904732 32.904732 32.904686 32.904716 32.904652 32.904373 32.904114 32.903538 32.902397 32.901474 32.900238 32.897903 32.895340 32.890785 32.883194 32.882172 32.883442 32.868839 
32.848225 32.879684 32.835217 32.827335 32.844303 32.861118 32.872303 32.885399 32.892323 32.896015 32.898457 32.900242 32.901653 32.902699 32.903500 32.904034 32.904369 32.904564 32.904667 32.904709 32.904728 32.904732 32.904732 32.904652 32.904572 32.904594 32.904221 32.903851 32.903408 32.901920 32.900612 32.898861 32.896664 32.891750 32.885811 32.872917 32.852100 32.845161 32.850895 32.795013 
32.728550 32.842560 32.693699 32.675488 32.712471 32.773144 32.816402 32.860714 32.879871 32.889267 32.894688 32.897964 32.900166 32.901688 32.902866 32.903664 32.904182 32.904457 32.904591 32.904716 32.904697 32.904705 32.904652 32.904507 32.904373 32.904190 32.903824 32.903137 32.902073 32.900986 32.898521 32.895596 32.890224 32.881104 32.860783 32.806862 32.772312 32.758343 32.715370 32.544949 
32.328884 32.722614 32.299454 32.261383 32.390129 32.540077 32.671661 32.793747 32.849751 32.874271 32.887760 32.894550 32.898224 32.900436 32.902100 32.903194 32.903946 32.904324 32.904499 32.904575 32.904640 32.904667 32.904648 32.904316 32.904121 32.903919 32.903580 32.903046 32.901241 32.899734 32.896942 32.891449 32.879234 32.846569 32.780094 32.612686 32.459267 32.444416 32.429661 31.795965 
31.487978 32.457169 31.494728 31.384161 31.638092 32.062450 32.356339 32.642647 32.770817 32.838192 32.873093 32.888538 32.895378 32.898853 32.901199 32.902576 32.903641 32.904118 32.904354 32.904476 32.904583 32.904530 32.904297 32.904198 32.903706 32.903419 32.902988 32.902180 32.899998 32.897537 32.891800 32.880020 32.849762 32.792347 32.666107 32.321205 31.733683 31.721350 31.748652 30.436100 
29.895498 31.555010 29.570282 29.672974 30.198328 30.664124 31.568790 32.286068 32.583725 32.753616 32.840721 32.876175 32.890434 32.896683 32.900108 32.901707 32.903324 32.903637 32.904060 32.904327 32.904514 32.904324 32.903954 32.903469 32.903252 32.902908 32.902683 32.901100 32.898273 32.892994 32.878319 32.841236 32.756016 32.625126 32.336914 31.542734 30.157312 29.864836 30.226830 28.379610 
26.094580 28.453859 25.542015 26.350874 27.346493 28.308441 30.294130 31.471518 32.119984 32.569504 32.772728 32.849472 32.880829 32.893223 32.898441 32.900429 32.902061 32.902603 32.903393 32.903976 32.904556 32.904041 32.903656 32.903252 32.902569 32.902145 32.901501 32.900002 32.896484 32.887272 32.857517 32.775433 32.571491 32.179321 31.849802 30.358557 27.208641 26.287165 23.312128 23.063562 
21.735846 23.083986 21.583366 22.050968 23.049017 25.539679 28.038179 30.060345 31.254084 32.140610 32.634167 32.789604 32.852577 32.884563 32.894279 32.897747 32.899872 32.901100 32.902458 32.903389 32.904251 32.903690 32.903004 32.902065 32.901928 32.901367 32.900806 32.898861 32.892963 32.874939 32.809586 32.625935 32.149849 31.196867 30.565777 27.580374 23.442942 21.373386 17.935959 17.778177 
15.872015 13.021397 14.490355 16.365307 17.984154 21.817049 24.427963 27.615725 30.243992 31.581169 32.296326 32.679497 32.791718 32.857346 32.882267 32.891548 32.896832 32.899025 32.901333 32.902496 32.904190 32.903362 32.902653 32.901333 32.900867 32.900311 32.899693 32.897873 32.887562 32.854282 32.736046 32.404236 31.252420 29.481678 27.526478 23.714783 23.674238 17.017260 15.352501 11.831584 
10.670577 7.664056 8.838367 12.032819 13.288619 17.135687 21.336206 25.776487 28.701365 30.811941 31.956669 32.436192 32.676094 32.770611 32.849773 32.876652 32.890354 32.895718 32.899681 32.901505 32.903515 32.903114 32.902134 32.900593 32.899841 32.898853 32.897083 32.890812 32.873108 32.825741 32.629082 32.120003 31.119190 29.328840 25.357641 21.398479 15.853942 12.064434 9.710915 7.433321 
5.139669 6.905649 6.127481 7.780488 7.708542 13.052622 17.213417 22.615389 25.984980 29.263594 30.967321 31.687859 32.301174 32.526367 32.741852 32.837292 32.875633 32.889935 32.897198 32.899807 32.902920 32.902569 32.901913 32.899944 32.898354 32.896187 32.889305 32.871517 32.845806 32.764000 32.536839 31.821367 30.310928 27.872480 23.638611 18.469078 14.255536 9.183369 7.635647 5.173926 
0.055853 0.414128 1.089020 3.056786 3.283493 9.562120 12.451830 19.884165 21.800850 27.320906 28.977491 30.121582 31.264404 32.117424 32.573517 32.766636 32.846035 32.880188 32.892151 32.897038 32.902126 32.901672 32.900650 32.900166 32.895813 32.889904 32.871414 32.820965 32.707600 32.517307 32.095020 31.316494 29.987116 27.004280 21.609703 14.796209 11.674501 5.814734 4.828042 2.476323 
0.030073 0.083316 0.285504 0.918429 0.964806 5.389779 7.202504 13.477513 14.943471 25.803932 25.469286 27.135628 29.747555 31.259485 32.189037 32.602417 32.783916 32.855831 32.884911 32.893921 32.901520 32.900959 32.899452 32.896740 32.890858 32.868622 32.815407 32.668739 32.371410 31.758394 30.521093 27.676479 24.395252 25.440748 12.896868 10.761083 11.624317 3.180997 2.992654 1.453880 
0.008042 0.009990 0.029086 0.150286 0.231495 1.343535 5.215987 8.758933 9.979038 19.677128 20.526777 23.258638 27.554821 30.077070 31.669479 32.362827 32.679848 32.817055 32.872391 32.888840 32.900623 32.900452 32.898579 32.893394 32.874744 32.819717 32.686783 32.305126 31.617659 30.268282 28.192863 22.011845 14.569132 9.408141 2.985123 3.012095 20.907825 0.645163 0.644829 1.446865 
0.002160 0.002556 0.005662 0.027000 0.189409 0.569393 2.740259 6.932702 12.216434 13.982776 14.454824 18.989981 25.449804 28.770397 31.008102 31.967533 32.483803 32.756741 32.850792 32.880062 32.898422 32.899811 32.896046 32.883976 32.843224 32.732906 32.447849 31.655218 30.327168 27.721344 25.029245 18.073000 11.895288 11.478857 2.941258 2.904942 0.089572 0.145178 0.169729 6.239899 
0.000554 0.000787 0.001898 0.006708 0.048704 0.456172 1.741059 2.734112 4.492299 13.747159 14.167319 19.280136 26.096653 27.676481 30.139542 31.308115 32.193420 32.653255 32.819996 32.868168 32.895878 32.899464 32.893852 32.872543 32.794964 32.578026 32.047512 30.554411 28.042238 23.915106 19.464363 10.520761 5.061880 4.824070 1.408770 0.546857 0.083574 0.061920 0.083580 0.078408 
0.000165 0.000284 0.000755 0.002206 0.008360 0.076678 0.651313 1.723379 3.039997 8.525366 11.242017 14.482768 19.698788 23.725143 28.256813 30.116014 31.592312 32.501980 32.777973 32.854015 32.892872 32.899570 32.891277 32.857822 32.715233 32.375130 31.663422 29.431372 25.860971 20.081327 14.081459 8.432259 5.277078 4.794089 0.636170 0.137550 0.034746 0.030874 0.043665 0.054496 
