0.000000 0.000004 0.000370 0.023473 0.000372 0.000009 0.000175 0.000004 0.000000 0.000000 0.000000 0.000000 0.000000 0.000000 0.000004 0.000370 0.023473 0.000412 0.000694 0.039017 1.891242 0.017926 0.000167 0.000001 0.000000 0.000000 0.000000 0.000004 0.000165 0.000004 0.000003 0.000167 0.017862 1.876592 0.017862 0.000167 0.000001 0.000004 0.000350 0.021190 
0.000001 0.000174 0.019656 2.327083 0.019903 0.000683 0.019663 0.000348 0.000004 0.000000 0.000000 0.000000 0.000000 0.000001 0.000174 0.019655 2.327058 0.026266 0.036647 2.330064 0.085663 0.000976 0.000010 0.000000 0.000000 0.000000 0.000004 0.000328 0.017540 0.000349 0.000178 0.000012 0.000505 0.017818 0.000505 0.000008 0.000001 0.000164 0.017710 1.876586 
0.000000 0.000004 0.000368 0.022986 0.021346 0.036087 2.327641 0.019662 0.000174 0.000001 0.000000 0.000000 0.000001 0.000001 0.000004 0.000349 0.019848 0.021235 1.882364 0.089798 2.327806 0.019668 0.000174 0.000001 0.000000 0.000001 0.000166 0.017707 1.829781 0.021123 0.019835 0.000744 0.019723 0.000911 0.019714 0.000349 0.000004 0.000004 0.000331 0.017861 
0.000000 0.000003 0.000168 0.017889 1.876260 1.882361 0.032876 0.000664 0.000009 0.000000 0.000000 0.000004 0.000167 0.000167 0.000005 0.000005 0.000341 0.017942 1.886245 0.021498 0.019832 0.000349 0.000004 0.000000 0.000000 0.000001 0.000186 0.020827 2.458411 0.067709 2.328987 0.047886 2.328623 0.047911 2.327344 0.019832 0.000178 0.000005 0.000178 0.000171 
0.000004 0.000174 0.000012 0.000707 0.043724 0.021469 0.000872 0.019737 0.000348 0.000004 0.000004 0.000330 0.017858 0.017889 0.000481 0.000008 0.000010 0.000833 0.074530 0.000855 0.000182 0.000004 0.000000 0.000001 0.000000 0.000001 0.000166 0.017708 1.829867 0.025403 0.048253 0.001146 0.019699 0.000763 0.023225 0.023219 0.000391 0.000370 0.019656 0.000371 
0.000372 0.019657 0.000533 0.017961 1.883422 0.021749 0.023310 2.327009 0.019655 0.000175 0.000165 0.017707 1.875852 1.882383 0.032798 0.000490 0.000179 0.019663 2.327358 0.019661 0.000175 0.000001 0.000004 0.000174 0.000005 0.000001 0.000004 0.000331 0.017717 0.022990 2.327404 0.019691 0.000349 0.000183 0.019830 2.327042 0.023473 0.023473 2.327078 0.023474 
0.023663 2.327101 0.023250 0.021411 1.881641 0.036147 0.000878 0.019687 0.000349 0.000004 0.000004 0.000331 0.018010 0.035672 2.327706 0.019663 0.000182 0.000514 0.019712 0.000348 0.000005 0.000004 0.000348 0.019661 0.000507 0.000171 0.000008 0.000178 0.000172 0.000390 0.023476 0.000370 0.000005 0.000004 0.000349 0.019656 0.000370 0.000370 0.019710 0.000538 
0.019857 0.022814 0.000390 0.000503 0.032823 2.327705 0.019692 0.000352 0.000179 0.000004 0.000000 0.000004 0.000171 0.000529 0.023481 0.000374 0.000334 0.017761 0.000505 0.000012 0.000175 0.000178 0.019662 2.327641 0.035675 0.018051 0.000834 0.019662 0.000372 0.000393 0.023473 0.000370 0.000004 0.000000 0.000004 0.000175 0.000004 0.000008 0.000504 0.017915 
1.562934 0.016505 0.000163 0.000013 0.000677 0.023253 0.000374 0.000353 0.019656 0.000349 0.000004 0.000000 0.000005 0.000371 0.023475 0.000556 0.017933 1.876469 0.017931 0.000533 0.019657 0.000353 0.000493 0.032865 1.882480 1.886263 0.074537 2.327429 0.023477 0.023475 2.327029 0.019655 0.000174 0.000001 0.000004 0.000175 0.000005 0.000164 0.017711 1.876573 
1.562317 0.016325 0.000162 0.000331 0.017952 0.021381 0.000527 0.019712 2.327015 0.019821 0.000179 0.000003 0.000174 0.019655 2.327028 0.023277 0.021567 1.877846 0.021383 0.023246 2.327026 0.019657 0.000186 0.000988 0.074765 0.021786 0.001035 0.019745 0.000375 0.000545 0.019711 0.000348 0.000004 0.000004 0.000348 0.019658 0.000348 0.000008 0.000330 0.017861 
0.016324 0.000316 0.000168 0.017710 1.876551 1.876720 0.017931 0.000537 0.023024 0.021116 0.000485 0.000007 0.000004 0.000348 0.019685 0.000737 0.023463 0.024017 0.000391 0.000391 0.023219 0.000370 0.000178 0.019663 2.327471 0.023564 0.019971 0.000699 0.000393 0.019716 0.000522 0.000008 0.000001 0.000174 0.019660 2.327308 0.019660 0.000174 0.000005 0.000167 
0.000159 0.000004 0.000005 0.000330 0.017902 0.020991 0.020821 0.000537 0.018180 1.900794 0.029995 0.000457 0.000005 0.000005 0.000348 0.019692 2.327729 0.037865 0.000541 0.000374 0.021226 0.000351 0.000008 0.000370 0.023375 0.041240 2.328830 0.038151 0.026484 2.327349 0.019662 0.000174 0.000001 0.000008 0.000743 0.047758 0.000741 0.000008 0.000000 0.000001 
0.000001 0.000004 0.000174 0.000009 0.000334 0.018056 1.877220 0.020983 0.019379 1.548265 1.547773 0.016288 0.000158 0.000001 0.000007 0.000520 0.038114 2.327800 0.023254 0.021382 1.877164 0.017863 0.000169 0.000179 0.019837 2.327723 0.061759 2.327893 0.027853 0.047992 0.000743 0.000009 0.000001 0.000178 0.019835 2.327393 0.019661 0.000174 0.000001 0.000000 
0.000004 0.000348 0.019658 0.000349 0.000172 0.017863 1.876517 0.017975 0.000809 0.030084 1.900227 0.017931 0.000167 0.000001 0.000004 0.000389 0.026454 0.023246 0.000555 0.017944 1.877499 0.017899 0.000337 0.000009 0.000349 0.019666 0.000894 0.019841 0.023247 2.327337 0.019690 0.000348 0.000009 0.000369 0.023219 0.023222 0.000369 0.000004 0.000000 0.000000 
0.000175 0.019660 2.327308 0.019661 0.000178 0.000332 0.017738 0.000663 0.017809 0.000798 0.017816 0.000330 0.000004 0.000001 0.000174 0.019655 2.327035 0.019847 0.000218 0.000777 0.022984 0.000989 0.018871 0.000349 0.000008 0.000174 0.000009 0.000182 0.000544 0.019743 0.000697 0.019686 0.000522 0.019711 2.327016 0.019830 0.000178 0.000001 0.000000 0.000001 
0.000009 0.000741 0.047748 0.000742 0.000012 0.000179 0.000339 0.018038 1.875874 0.017886 0.000333 0.000005 0.000000 0.000000 0.000004 0.000350 0.019903 0.000833 0.001262 0.006810 0.026619 0.011579 2.137732 0.019253 0.000201 0.000004 0.000004 0.000349 0.019715 0.000697 0.019741 2.326990 0.019711 0.000522 0.019656 0.000349 0.000004 0.000000 0.000004 0.000167 
0.000334 0.019689 2.327309 0.019716 0.000522 0.019664 0.000906 0.035729 1.882404 0.017917 0.000342 0.000005 0.000000 0.000000 0.000001 0.000034 0.001154 0.008074 0.010595 1.652625 2.790492 2.088797 1.201302 0.025590 0.001182 0.000034 0.000174 0.019655 2.326988 0.019712 0.000523 0.019684 0.000348 0.000008 0.000174 0.000004 0.000000 0.000004 0.000330 0.017861 
0.016350 0.000664 0.019687 0.000522 0.019714 2.327333 0.047982 2.328645 0.032900 0.000833 0.019685 0.000348 0.000005 0.000000 0.000010 0.000432 0.007740 2.401796 2.998360 5.488024 8.317834 6.090980 3.836947 2.408653 0.013103 0.000528 0.000015 0.000348 0.019655 0.000348 0.000012 0.000348 0.000008 0.000000 0.000001 0.000000 0.000001 0.000164 0.017711 1.876573 
1.562372 0.016350 0.000333 0.000009 0.000370 0.023479 0.000766 0.019729 0.000842 0.019767 2.326991 0.019685 0.000348 0.000006 0.000035 0.001253 0.010462 2.998209 6.506360 10.774847 17.781044 11.295945 6.933953 3.001672 0.013029 0.001294 0.000036 0.000005 0.000174 0.000009 0.000348 0.019685 0.000348 0.000004 0.000000 0.000000 0.000000 0.000008 0.000504 0.017915 
1.562361 0.016324 0.000160 0.000005 0.000371 0.023474 0.000397 0.000545 0.019765 0.000698 0.019715 0.000697 0.019685 0.000358 0.000371 0.006441 1.652338 5.488175 10.774665 17.461584 29.039228 17.770987 10.963022 5.489413 1.653148 0.006440 0.000367 0.000009 0.000007 0.000348 0.019690 2.327309 0.019660 0.000174 0.000001 0.000000 0.000004 0.000348 0.019709 0.000538 
0.016324 0.000315 0.000005 0.000178 0.019830 2.327128 0.023474 0.023474 2.327010 0.019712 0.000523 0.019712 2.326989 0.019785 0.000674 0.006479 2.770408 8.297593 17.771708 29.044247 32.836906 29.044020 17.772400 8.300733 2.773377 0.008521 0.000494 0.000016 0.000348 0.019693 0.001143 0.047856 0.000742 0.000008 0.000000 0.000001 0.000174 0.019656 2.327011 0.023474 
0.000159 0.000004 0.000004 0.000369 0.023241 0.026455 0.000411 0.000370 0.019655 0.000348 0.000009 0.000348 0.019655 0.000357 0.000371 0.006442 1.652349 5.487571 10.774220 17.462198 29.035992 17.862713 11.340345 6.011383 1.937081 0.007091 0.000541 0.000187 0.019667 2.327634 0.047763 2.327636 0.019664 0.000174 0.000001 0.000000 0.000008 0.000522 0.019735 0.000371 
0.000001 0.000001 0.000174 0.019662 2.327724 0.038119 0.000520 0.000009 0.000174 0.000004 0.000000 0.000004 0.000174 0.000005 0.000035 0.001253 0.010462 2.997905 6.506449 10.776606 17.769148 11.128527 7.135036 3.884937 0.787207 0.028614 0.017988 0.000375 0.000916 0.047894 0.001144 0.019749 0.000523 0.000008 0.000000 0.000005 0.000348 0.019717 0.000666 0.000012 
0.000001 0.000000 0.000005 0.000497 0.034387 2.328743 0.019670 0.000175 0.000003 0.000000 0.000000 0.000000 0.000001 0.000000 0.000010 0.000432 0.007739 2.401588 2.998110 5.491030 8.298464 5.624300 3.334417 3.424916 2.015018 1.984391 1.862111 0.023953 0.037917 2.328658 0.019755 0.000698 0.019712 0.000348 0.000009 0.000348 0.019691 2.327643 0.032822 0.000504 
0.000167 0.000004 0.000000 0.000012 0.000895 0.047977 0.000764 0.000182 0.000004 0.000000 0.000000 0.000000 0.000000 0.000000 0.000001 0.000030 0.000929 0.007740 0.010521 1.657154 2.769837 1.669256 0.026221 0.009852 0.034836 1.861666 0.034657 0.026225 2.327877 0.034359 0.000674 0.019737 2.327012 0.019711 0.000522 0.019687 0.000878 0.036121 1.881729 0.021412 
0.017861 0.000331 0.000006 0.000174 0.019662 2.327414 0.023227 0.019833 0.000349 0.000004 0.000000 0.000000 0.000000 0.000000 0.000000 0.000001 0.000031 0.000434 0.001353 0.012333 0.006471 0.023571 0.026721 0.001081 0.000532 0.017678 0.000844 0.021588 0.023003 0.000517 0.000012 0.000371 0.023474 0.000545 0.019714 2.327009 0.023278 0.021567 1.881531 0.040110 
1.876644 0.017902 0.000331 0.000009 0.000372 0.023657 0.023686 2.327395 0.019661 0.000174 0.000001 0.000000 0.000000 0.000000 0.000000 0.000004 0.000165 0.000014 0.000038 0.000470 0.000625 0.020145 2.328162 0.034451 0.000506 0.000339 0.017880 1.830878 0.017889 0.000171 0.000005 0.000370 0.023473 0.000374 0.000352 0.019656 0.000371 0.000496 0.031257 1.881472 
0.021362 0.020972 0.017903 0.000351 0.000392 0.023512 0.001388 0.074469 0.000833 0.000010 0.000000 0.000000 0.000001 0.000000 0.000004 0.000330 0.017710 0.000330 0.000005 0.000014 0.000191 0.000511 0.034393 2.328660 0.019751 0.000682 0.036129 2.445864 0.020785 0.000187 0.000175 0.019655 2.327009 0.019656 0.000178 0.000176 0.000004 0.000011 0.000650 0.017940 
0.021194 1.877265 1.877123 0.021226 0.023223 2.327520 0.074897 1.886637 0.017945 0.000341 0.000005 0.000004 0.000174 0.000005 0.000167 0.017861 1.876572 0.017861 0.000171 0.000349 0.019661 0.000378 0.000917 0.047980 0.000912 0.017906 1.903052 1.488635 0.016076 0.000159 0.000005 0.000348 0.019682 0.000348 0.000008 0.000175 0.000008 0.000348 0.019733 0.000538 
0.000373 0.021381 0.017932 0.000352 0.000391 0.023390 0.045496 1.882169 0.021232 0.019848 0.000372 0.000370 0.019655 0.000350 0.000171 0.017861 1.876573 0.017886 0.000341 0.019687 2.327331 0.023480 0.023481 2.327332 0.019714 0.000505 0.017942 0.016126 0.000480 0.000170 0.000004 0.000008 0.000348 0.000012 0.000348 0.019656 0.000522 0.019711 2.327011 0.023474 
0.000394 0.023246 0.000533 0.000009 0.000178 0.019836 2.327652 0.036606 0.026260 2.327099 0.023473 0.023473 2.327042 0.019830 0.000182 0.000331 0.017710 0.000330 0.000013 0.000742 0.047753 0.000764 0.000376 0.019659 0.000348 0.000008 0.000174 0.000641 0.017937 0.017861 0.000351 0.000369 0.019684 0.000522 0.019711 2.326989 0.019711 0.000522 0.019656 0.000370 
0.023672 2.327101 0.019657 0.000174 0.000005 0.000350 0.019662 0.000512 0.000388 0.019656 0.000370 0.000391 0.023219 0.023219 0.000369 0.000008 0.000164 0.000009 0.000348 0.019690 2.327310 0.019691 0.000352 0.000180 0.000004 0.000005 0.000490 0.032822 1.882338 1.876475 0.021223 0.023219 2.327009 0.019711 0.000522 0.019656 0.000348 0.000008 0.000174 0.000004 
0.021621 0.022986 0.000368 0.000004 0.000004 0.000167 0.000178 0.000007 0.000004 0.000174 0.000005 0.000178 0.019830 2.327015 0.019655 0.000174 0.000006 0.000348 0.019685 0.000697 0.019717 0.000697 0.019692 0.000499 0.000009 0.000174 0.019661 2.327641 0.035672 0.018037 0.000352 0.000369 0.019655 0.000348 0.000009 0.000174 0.000004 0.000000 0.000001 0.000000 
1.876640 0.017886 0.000168 0.000005 0.000328 0.017540 0.000350 0.000178 0.000004 0.000003 0.000000 0.000004 0.000349 0.019655 0.000348 0.000005 0.000174 0.019655 2.327009 0.019713 0.000524 0.019719 2.327651 0.034328 0.000498 0.000010 0.000348 0.019689 0.000511 0.000335 0.000008 0.000004 0.000174 0.000008 0.000174 0.000005 0.000001 0.000000 0.000000 0.000000 
0.017861 0.000331 0.000005 0.000166 0.017707 1.829781 0.021122 0.019824 0.000370 0.000178 0.000004 0.000000 0.000004 0.000174 0.000004 0.000000 0.000004 0.000370 0.023474 0.000375 0.000184 0.000501 0.034330 2.327735 0.019854 0.000341 0.000014 0.000352 0.000355 0.017735 0.000330 0.000004 0.000005 0.000348 0.019655 0.000368 0.000178 0.000004 0.000000 0.000000 
0.000167 0.000004 0.000001 0.000186 0.020827 2.458414 0.067912 2.327438 0.023222 0.019830 0.000349 0.000004 0.000000 0.000001 0.000000 0.000000 0.000004 0.000370 0.023479 0.000764 0.019662 0.000356 0.000521 0.022994 0.021182 0.017945 0.000836 0.019861 0.021312 1.876503 0.017861 0.000168 0.000175 0.019655 2.327015 0.023219 0.019830 0.000349 0.000004 0.000000 
0.000001 0.000000 0.000001 0.000166 0.017707 1.829780 0.021148 0.020001 0.023246 2.327015 0.019655 0.000174 0.000001 0.000000 0.000000 0.000001 0.000174 0.019658 2.327331 0.047754 2.327308 0.019685 0.000344 0.017909 1.875800 1.887071 0.074660 2.328859 0.075475 1.876913 0.017863 0.000167 0.000005 0.000349 0.019830 0.023219 2.327015 0.019655 0.000174 0.000001 
0.000000 0.000000 0.000000 0.000004 0.000328 0.017540 0.000349 0.000182 0.000369 0.019655 0.000348 0.000004 0.000000 0.000000 0.000000 0.000000 0.000004 0.000348 0.019660 0.000741 0.019660 0.000348 0.000008 0.000331 0.017858 0.017902 0.000834 0.019670 0.000836 0.017715 0.000330 0.000004 0.000000 0.000004 0.000178 0.000368 0.019655 0.000348 0.000004 0.000000 
0.000000 0.000000 0.000000 0.000000 0.000004 0.000163 0.000004 0.000001 0.000004 0.000174 0.000004 0.000000 0.000000 0.000000 0.000000 0.000000 0.000000 0.000004 0.000174 0.000008 0.000174 0.000004 0.000000 0.000004 0.000167 0.000167 0.000008 0.000174 0.000008 0.000164 0.000004 0.000000 0.000000 0.000000 0.000001 0.000004 0.000174 0.000004 0.000000 0.000000 
0.000000 0.000000 0.000000 0.000000 0.000000 0.000001 0.000000 0.000000 0.000000 0.000001 0.000000 0.000000 0.000000 0.000000 0.000000 0.000000 0.000000 0.000000 0.000001 0.000000 0.000001 0.000000 0.000000 0.000000 0.000001 0.000001 0.000000 0.000001 0.000000 0.000001 0.000000 0.000000 0.000000 0.000000 0.000000 0.000000 0.000001 0.000000 0.000000 0.000000 
