0.022318 0.102883 0.396865 27.362354 0.436585 0.140059 0.039575 0.011398 0.002974 0.000666 0.000178 0.000430 0.002993 0.019480 0.104008 0.409783 26.621264 1.538690 1.210036 1.341001 11.269094 0.060907 0.025687 0.006053 0.001172 0.000567 0.001771 0.005734 0.011392 0.015408 0.018655 0.055540 0.121305 17.019468 0.113609 0.047941 0.027079 0.113916 0.586279 5.138570 
0.008524 0.028567 0.046871 28.015795 0.144016 0.125547 0.051148 0.021959 0.006812 0.001589 0.000406 0.000496 0.001747 0.007420 0.028254 0.046913 28.113958 1.744777 1.721829 29.052572 4.054782 0.140856 0.040143 0.008106 0.001548 0.001250 0.004804 0.015962 0.025204 0.053902 0.051738 0.190949 0.913519 10.965034 0.882899 0.160074 0.033269 0.035926 0.066230 6.115288 
0.006066 0.014498 0.044672 0.095650 0.170486 0.180627 32.562809 0.027940 0.016280 0.003889 0.001197 0.001755 0.003531 0.005596 0.011776 0.029582 0.060530 0.103440 3.039234 1.455613 28.326063 0.044110 0.018832 0.004607 0.001285 0.002372 0.009760 0.023701 0.833048 0.158667 0.080051 0.265486 0.932777 10.961349 0.908597 0.191414 0.054242 0.038382 0.064099 0.186202 
0.020258 0.019563 0.054325 0.077094 3.888107 7.951897 1.292038 0.314326 0.062122 0.010691 0.003806 0.007637 0.014578 0.015710 0.012592 0.017611 0.042016 0.075298 21.048044 0.105308 0.068973 0.030838 0.009429 0.002557 0.001276 0.003409 0.014465 0.043937 20.338797 18.868502 16.788122 18.089638 32.067429 16.285782 15.229686 0.160734 0.136905 0.113094 0.069191 0.158886 
0.101617 0.059468 0.203741 0.277798 4.987807 15.745717 1.363914 0.331241 0.074822 0.015604 0.009819 0.025832 0.043128 0.044657 0.032041 0.022543 0.036461 0.089183 14.110539 0.096672 0.043715 0.014790 0.005059 0.002904 0.002461 0.003905 0.012826 0.031165 1.190319 1.459024 18.615820 0.193461 0.096987 0.148901 0.115324 0.179165 0.382550 0.356829 0.081726 0.377212 
0.413593 0.073721 0.853781 0.896210 19.314358 24.332909 24.349285 29.917227 0.031085 0.014565 0.016470 0.044956 6.142734 6.353022 0.054213 0.052129 0.047580 0.071616 8.236795 0.045763 0.021426 0.008330 0.007177 0.008896 0.009337 0.008827 0.020641 0.084143 0.399907 0.443128 31.042673 0.113456 0.079226 0.072349 0.090258 26.782843 28.359850 28.364946 32.663864 26.493269 
7.992994 32.466984 12.969774 12.946687 3.718584 21.862625 0.572723 0.158946 0.041705 0.012412 0.013300 0.050543 0.177930 0.234790 28.600391 0.162443 0.143905 0.114934 0.312838 0.082790 0.022329 0.012024 0.020042 0.020070 0.033912 0.027029 0.043597 0.100110 0.395771 0.809256 25.043421 0.541644 0.141048 0.042617 0.038456 0.051439 0.358186 0.467970 0.804767 6.139862 
7.643068 0.318859 0.926699 1.095329 1.106043 32.263790 0.156747 0.142458 0.038018 0.012509 0.009539 0.034661 0.150428 0.469900 25.200666 0.836311 0.524458 0.127706 0.292695 0.175449 0.044011 0.031730 0.042942 31.617861 0.069098 0.058138 0.123448 0.160043 0.943883 1.392056 25.030066 0.527024 0.128581 0.027994 0.015977 0.033363 0.114361 0.221117 0.791094 6.057805 
6.907271 0.296343 0.260908 0.410951 1.036924 15.635270 1.252231 0.670052 0.049794 0.024248 0.012119 0.025375 0.116140 0.430559 25.084713 1.178075 0.997170 1.619513 0.669348 0.581885 0.047903 0.173423 0.301008 2.862638 4.073996 16.235355 27.870213 25.673439 20.846746 20.838898 27.614979 0.053023 0.033382 0.011182 0.010788 0.020160 0.032464 0.052162 0.082897 6.180081 
2.941267 0.118747 0.096983 0.256009 1.047055 15.604459 4.275305 4.282630 32.521008 0.033254 0.021652 0.014071 0.031621 0.045540 19.212271 15.103672 13.816045 6.951149 2.290058 2.258169 4.491314 0.982474 1.003661 2.942673 4.639768 8.723938 8.472113 2.467838 2.700674 5.538546 0.728693 0.118164 0.022587 0.011855 0.023647 0.041406 0.028756 0.021757 0.033521 0.044492 
0.037730 0.039869 0.035616 0.064727 6.192315 7.189055 1.431571 1.406861 1.830175 0.078427 0.050168 0.018900 0.014162 0.030630 0.135257 0.356034 7.641322 16.934587 6.130324 6.086112 13.191962 3.410684 3.414462 4.222753 10.491717 8.586204 8.471218 2.392416 2.163850 5.548782 0.708432 0.106009 0.020355 0.023254 0.044679 19.856031 0.045947 0.024516 0.013993 0.015958 
0.014604 0.012326 0.016092 0.039396 0.078592 0.125480 1.442576 1.769230 1.819716 17.175947 0.071677 0.033405 0.012518 0.020371 0.122372 0.134240 9.580702 18.002018 11.492226 11.569700 23.379206 8.340148 8.261323 8.404809 27.921452 13.601954 23.088018 2.443806 2.462539 30.295736 0.058982 0.036864 0.020095 0.056999 0.209814 29.368933 0.206071 0.053289 0.012440 0.005202 
0.006282 0.009479 0.015840 0.024208 0.049671 0.084013 7.807005 8.740117 8.731561 4.894110 1.194854 0.034713 0.019552 0.102782 0.677081 1.680551 3.418913 12.795293 19.166653 18.871613 25.040092 13.604244 13.506193 14.599496 19.132935 21.024164 9.801100 27.339417 11.064390 11.405258 0.273950 0.069731 0.023788 0.034613 0.056056 19.899666 0.042242 0.020824 0.005580 0.001759 
0.011965 0.024673 0.037056 0.035285 0.038722 0.067177 6.068602 2.807215 2.880241 2.449260 19.191360 0.117487 0.078263 0.440057 1.349014 7.402412 5.273219 11.165781 20.957954 23.998075 27.845522 21.316540 21.359774 21.679552 17.547367 10.455844 6.648677 4.035508 4.389063 25.256748 0.067111 0.048332 0.031983 0.050056 0.067610 0.049337 0.031939 0.010358 0.002738 0.001133 
0.033646 0.055024 22.068600 0.070143 0.048789 0.073298 0.190531 0.747209 2.870290 0.655006 0.125520 0.090066 0.380590 1.380452 3.375538 4.319739 7.806871 19.089087 29.272606 29.364101 29.941469 26.541613 25.761379 23.707735 16.087000 10.647685 6.626171 3.666784 0.923593 0.240947 0.120591 0.059665 0.061955 0.073341 32.603085 0.027329 0.015980 0.005200 0.002670 0.003286 
0.092937 0.269476 29.146851 0.271058 0.094211 0.072811 0.160483 0.203381 9.495570 0.125682 0.084466 0.323086 1.199586 2.694707 6.247114 7.556060 13.530511 20.457581 26.614187 30.389181 31.536030 29.388491 27.973549 22.161894 17.642366 11.034175 7.241481 3.598761 0.917280 0.223200 0.234255 32.571564 0.062499 0.051157 0.021859 0.018183 0.007417 0.004279 0.007924 0.014409 
0.073008 0.094457 22.119961 0.110301 0.088843 0.094442 0.290237 0.247586 6.575421 0.267905 0.252917 1.291504 3.047234 5.061542 9.645250 12.368742 17.476271 22.631433 27.707945 30.580824 32.315437 30.584454 29.029028 24.219547 20.317579 15.291581 11.282129 10.287135 13.727590 0.254840 0.249490 0.146493 0.038246 0.018716 0.010516 0.006144 0.004002 0.009086 0.026660 0.042939 
0.097575 0.099930 0.096471 0.099773 0.121858 16.438583 24.475489 18.957899 0.623186 0.349531 0.260041 1.399576 3.492366 6.104025 11.098441 15.744123 20.566092 25.268091 29.068298 31.071556 32.652527 31.327238 30.230288 27.610609 25.023079 19.518236 17.033997 12.206392 5.785732 1.712298 1.072945 0.134631 0.021965 0.007442 0.003382 0.002321 0.005715 0.026037 0.057029 6.175448 
3.331735 0.099250 0.075237 0.162232 0.601011 18.348345 7.652570 6.236427 1.535955 1.536587 12.841503 19.216436 14.357671 14.422211 18.105917 22.100739 26.045444 28.564386 30.834734 31.853281 32.776943 32.158100 31.580999 30.003464 27.834471 23.131495 18.555237 11.637579 6.211076 2.625794 1.276306 0.141867 0.030611 0.009194 0.002695 0.002591 0.015709 0.115458 0.734543 5.878313 
3.266096 0.075757 0.052336 0.144607 0.580513 18.363239 7.639759 6.244295 1.559778 1.651698 4.363733 4.534830 10.609939 16.046877 20.381941 24.071913 27.226868 29.732059 31.478205 32.137634 32.807125 32.544205 32.231979 31.448694 29.798204 26.788830 22.618717 16.256111 11.668093 8.350896 7.938312 6.439369 0.026907 0.017266 0.004884 0.003692 0.019294 0.126806 0.753959 5.961810 
0.038319 0.031686 0.021010 0.044222 0.065007 26.564547 23.098930 23.119967 31.033180 4.445332 4.420854 4.433293 8.861864 15.869251 22.850418 28.769184 31.742504 32.468079 32.765789 32.828098 32.858837 32.693806 32.601555 32.177811 31.250820 29.396481 26.906370 23.569601 19.634644 14.173114 7.488747 3.162781 0.056657 0.034694 0.008739 0.004618 0.013504 0.031999 28.650558 24.471640 
0.014099 0.010055 0.012748 0.036969 0.076679 0.257350 0.557364 0.479375 0.063803 0.494900 1.868234 4.475799 7.066903 11.417215 16.830748 22.049269 26.023211 29.216398 31.184685 32.100082 32.580032 32.867954 32.711517 32.440849 31.628555 29.697668 26.143164 19.932146 12.953473 7.504859 4.501285 9.724482 0.037371 0.021255 0.007796 0.006834 0.022446 0.083063 0.290907 0.667548 
0.003987 0.004400 0.010875 0.022292 32.595818 0.234821 0.210332 0.140227 0.042953 0.168465 0.996958 3.074382 6.371285 10.780130 16.048023 21.014660 24.924950 28.194433 30.562847 31.827843 32.555416 32.576252 32.420834 31.838989 30.529469 26.543385 20.865768 14.643940 7.286572 2.448696 0.219092 0.173821 0.073219 0.037504 0.023095 0.016552 0.039543 0.096353 0.272520 0.360198 
0.004174 0.004875 0.014927 0.059326 0.166239 17.653879 0.071355 0.049006 0.016246 0.037528 0.424620 1.686499 3.889541 6.958820 11.153813 15.613564 19.573133 24.774647 28.333172 30.560438 32.359787 32.076355 31.747431 30.931227 30.062931 27.150982 21.583242 16.614784 9.406622 4.431945 0.165187 0.157831 0.091700 0.161189 0.140534 0.046560 0.059990 32.238152 0.820427 0.857155 
0.015102 0.011906 0.017492 0.060504 0.178612 24.871023 0.189960 0.071932 0.020117 0.008793 0.095306 0.712252 2.124310 4.286918 8.041409 11.348521 15.418122 21.272722 26.276705 28.735231 31.928493 30.890816 30.221283 28.531115 26.626474 23.792234 18.762081 14.658126 7.327641 0.528113 0.205754 0.224139 28.434448 0.910278 0.890733 0.060365 0.633810 6.351772 7.146698 5.124848 
0.043419 0.042000 0.033176 0.073237 0.100692 23.906168 0.134221 0.097541 0.034339 0.009637 0.012151 0.167569 0.894311 2.293318 5.367346 7.382642 11.328259 17.617786 23.797571 25.356848 31.088085 28.461731 27.947699 24.883348 21.132135 18.821117 10.383281 3.906877 1.457561 1.612111 0.362128 0.607972 25.467224 8.567427 8.572854 32.467716 6.998242 6.961637 7.190813 5.360118 
6.069056 0.134940 0.107454 0.311197 0.777716 7.710353 7.586393 9.968067 0.044109 0.018212 0.007637 0.020166 0.218675 0.975970 3.363075 4.346130 8.293799 14.825790 21.165100 20.317026 29.066313 24.277977 23.395302 18.984795 14.478228 15.117608 14.175586 3.950620 1.373606 1.231202 0.280058 0.537414 25.532633 1.241758 0.930679 0.068367 0.616529 0.782506 0.910494 7.216599 
11.579897 0.240410 0.183541 1.003316 1.542654 7.723687 7.941044 19.336657 0.128465 0.042099 0.027233 0.021802 0.034502 0.315938 1.879771 2.110368 6.820278 13.158352 14.386300 15.202713 28.100382 18.748169 17.490316 14.481827 8.606619 8.357121 11.999034 5.270813 0.120986 0.115641 0.048719 0.067161 28.436638 0.174332 0.155703 0.054661 0.152415 0.300424 0.980924 6.072967 
12.515650 16.564110 22.118408 16.507202 16.506931 25.483824 12.520586 8.809242 0.092560 0.064541 0.112845 0.104266 0.031359 0.069989 0.609006 0.629348 6.527601 6.841427 9.445548 9.468979 23.549339 14.027399 13.116409 8.580275 4.020736 4.050164 5.024993 0.258564 0.042600 0.030874 0.040124 0.058585 0.081659 0.052511 0.036726 0.027912 0.058755 0.198567 0.999575 6.150465 
9.026101 14.160365 1.022897 1.068155 0.942770 0.428257 10.481870 2.676219 0.110555 0.082665 0.405891 0.396624 0.049669 0.034349 0.073463 0.089887 1.605174 2.830325 5.011229 5.281823 18.543053 10.008145 9.356548 7.676188 0.721367 0.659234 0.083141 0.100002 0.069266 0.063904 0.160537 0.166357 0.063378 0.036807 0.039224 0.039192 0.058742 0.077305 28.718330 24.166517 
9.187924 14.170869 0.896727 0.352567 0.242751 0.272715 23.469030 0.494475 0.515978 28.225029 27.413485 27.412516 27.930923 0.052149 0.033977 0.043606 0.046270 0.838178 2.686929 3.102429 14.888514 7.077072 5.156972 0.350297 0.365955 0.266297 0.075189 0.088527 0.089396 0.135886 0.730143 0.730270 0.078460 0.065849 0.077177 32.608341 0.066401 0.055071 0.048533 0.414165 
15.423367 30.021011 0.086897 0.068142 0.050496 0.065481 0.066794 0.167796 0.166776 0.053877 0.404555 0.435335 0.169964 0.063744 0.037369 0.019950 0.028280 0.192100 1.077662 1.024097 13.418670 4.692452 5.277533 0.313850 0.064590 0.041033 0.047235 0.097794 3.435169 26.776293 20.660637 20.666220 31.256008 0.068317 0.053471 0.024744 0.029072 0.020225 0.029903 0.103789 
13.324969 0.077583 0.044496 0.019579 0.016137 0.027200 0.036038 0.045255 0.042410 0.035731 0.111857 0.139894 0.151207 32.602898 0.025805 0.014473 0.017506 0.071787 1.097449 0.224200 0.148116 0.487001 5.402362 0.244315 0.033501 0.019719 0.031078 32.599831 0.188136 0.181216 0.750808 0.716687 0.051365 0.034804 0.021259 0.013445 0.008953 0.005491 0.007628 0.019493 
5.712807 0.051200 0.023719 0.012519 0.022132 0.042682 0.059141 0.031599 0.019182 0.013948 0.024615 0.031933 0.040442 0.020231 0.018421 0.013882 0.033490 0.051551 30.419613 0.148446 0.130127 0.141114 30.820753 0.155108 0.041799 0.024917 0.039452 0.077688 0.100523 0.108900 0.178831 0.155042 0.036311 0.018497 0.015374 0.011691 0.006335 0.003151 0.002329 0.003662 
0.041526 0.027327 0.011859 0.013378 0.029474 1.093112 0.153547 0.055969 0.036155 0.018461 0.011659 0.008755 0.009629 0.008893 0.008668 0.024481 0.126892 0.547988 23.902885 0.628910 0.201394 0.103550 0.104532 32.590561 0.056143 0.044783 0.050452 0.066303 0.098721 0.144930 0.075342 0.039930 0.019569 0.025182 0.026758 0.029436 0.016181 0.009181 0.005007 0.004341 
0.014117 0.008208 0.005649 0.013704 0.037782 13.044205 28.461845 12.864826 0.055308 0.029801 0.023587 0.010985 0.005021 0.003247 0.004759 0.023122 0.126982 0.549072 23.880548 0.744630 0.224531 0.093352 0.083101 0.108555 0.079047 0.070168 0.112680 0.093305 0.135790 9.934304 0.073446 0.036722 0.031717 0.043108 32.597725 0.039242 0.027583 0.031119 0.020029 0.017433 
0.003068 0.002033 0.002808 0.010081 0.026050 1.071658 0.147014 0.055788 0.067339 32.604420 0.038136 0.026777 0.010587 0.003712 0.002797 0.009539 0.035226 0.056425 15.649283 25.260971 18.559492 0.098012 0.075191 0.096984 1.751810 11.960958 25.026810 15.420005 4.545154 2.902804 0.078675 0.058556 0.064256 0.054737 0.105796 0.117868 32.597603 0.072735 0.061303 0.046356 
0.000555 0.000474 0.001148 0.004817 0.016107 0.024506 0.050024 0.031287 0.043447 0.063448 0.068657 0.044958 0.026120 0.010110 0.005399 0.011225 0.026393 0.037938 0.052592 0.179562 0.045096 0.052272 0.151717 0.801842 8.505684 0.850951 0.233710 0.070902 0.088375 0.081441 0.088172 0.076798 0.088467 32.602791 0.094022 0.082562 0.026213 0.056355 0.085461 6.288815 
0.000089 0.000103 0.000338 0.001407 0.004514 0.008562 0.011586 0.009891 0.019971 0.052111 0.070476 27.984396 0.049283 0.030965 0.016484 0.032267 0.054960 0.041395 0.031798 0.048338 0.022006 0.028740 0.138634 0.785724 8.564621 0.822870 0.171024 0.043935 0.039581 0.061745 0.080140 28.002619 0.184045 0.165306 0.063233 0.028894 0.014799 0.019932 0.038372 0.049896 
0.000014 0.000023 0.000090 0.000362 0.001093 0.002093 0.002786 0.005052 0.023104 0.111198 0.405944 27.388067 0.405317 0.111033 0.040779 0.069148 6.254743 0.052100 0.023352 0.014793 0.007608 0.010802 0.040993 0.099618 14.884272 0.109722 0.051030 0.018529 0.029556 0.115016 0.410612 27.346914 0.452508 0.153971 0.039448 0.010993 0.004985 0.005917 0.012361 0.021082 
