0.002988 0.034095 0.246985 25.698559 0.252496 0.039081 0.007678 0.002289 0.000442 0.000056 0.000006 0.000011 0.000181 0.002824 0.034241 0.249770 25.462172 0.434619 0.213160 0.275338 11.809397 0.025797 0.008348 0.001181 0.000116 0.000042 0.000260 0.001321 0.003349 0.003172 0.002464 0.009302 0.031797 10.772384 0.030239 0.007739 0.002406 0.021252 0.259169 3.744365 
0.001019 0.006519 0.012591 30.885048 0.037833 0.031734 0.011375 0.007899 0.001856 0.000261 0.000030 0.000032 0.000163 0.000994 0.006495 0.012638 30.875837 0.539618 0.531755 29.294060 4.321699 0.060003 0.014233 0.001754 0.000167 0.000177 0.001232 0.005941 0.010595 0.019466 0.010089 0.031968 0.281208 4.287467 0.276508 0.021762 0.002571 0.006517 0.021478 6.196539 
0.000540 0.002816 0.013723 0.026459 0.050200 0.053786 32.812386 0.007871 0.004165 0.000693 0.000119 0.000268 0.000815 0.001082 0.002406 0.009574 0.019563 0.034819 1.528316 0.772024 29.034073 0.016968 0.006393 0.000973 0.000153 0.000536 0.003511 0.010835 0.549134 0.067546 0.023981 0.064171 0.287847 4.294102 0.288493 0.031353 0.006398 0.005390 0.014661 0.056095 
0.002732 0.002357 0.009933 0.020308 3.125119 9.576637 0.845057 0.089162 0.008842 0.000966 0.000463 0.002069 0.005677 0.005788 0.002722 0.003697 0.013453 0.029217 19.435295 0.043807 0.026974 0.011553 0.002415 0.000388 0.000147 0.000868 0.005727 0.019192 18.880671 19.253883 15.252471 16.184958 32.417248 15.859159 15.032237 0.052350 0.040716 0.034320 0.011875 0.041952 
0.030734 0.009467 0.040629 0.066728 3.791281 12.017314 0.886726 0.093953 0.014578 0.002542 0.002300 0.010535 0.020160 0.020466 0.011199 0.004680 0.011312 0.037450 12.735998 0.042617 0.016402 0.003753 0.000831 0.000696 0.000388 0.000683 0.003708 0.011649 0.621311 0.684618 19.143291 0.070289 0.024485 0.057155 0.039256 0.058625 0.227300 0.220068 0.015913 0.195883 
0.227721 0.014233 0.344335 0.359489 28.436007 17.611933 17.617174 32.123165 0.009430 0.004681 0.005817 0.020264 6.174026 6.391752 0.017944 0.011887 0.009209 0.022203 7.594962 0.019800 0.006786 0.001578 0.001978 0.003751 0.002613 0.001576 0.003095 0.012790 0.093370 0.117256 28.799114 0.036588 0.018005 0.020895 0.027054 30.432209 26.769012 26.769678 32.805702 27.600538 
7.700376 32.575130 5.996088 5.989669 1.269319 16.874151 0.346723 0.022335 0.010230 0.002518 0.002506 0.013464 0.057222 0.080557 30.986380 0.025724 0.019676 0.023470 0.066373 0.015555 0.003498 0.002480 0.007903 0.007434 0.013621 0.008669 0.012128 0.014936 0.091798 0.430125 19.205805 0.377623 0.042849 0.006996 0.010546 0.013521 0.219476 0.228400 0.157700 2.369455 
7.451412 0.065257 0.345825 0.370152 0.374964 32.612061 0.021783 0.017545 0.007458 0.002463 0.001024 0.005186 0.043150 0.263335 25.152468 0.391008 0.171897 0.037314 0.053968 0.035506 0.007127 0.006450 0.010132 32.818417 0.026433 0.022807 0.054441 0.043273 0.476935 0.836328 19.205818 0.374207 0.041090 0.003679 0.002643 0.007329 0.033619 0.042290 0.153592 2.331864 
6.711381 0.058069 0.038919 0.063633 0.398647 8.372255 0.399800 0.085466 0.011151 0.008303 0.002326 0.003424 0.035503 0.254399 25.147198 1.831145 1.786361 5.314395 0.384195 0.369211 0.011891 0.013377 0.020436 0.042357 1.125651 13.686322 25.419657 19.548086 12.803932 12.808556 31.538891 0.012783 0.006816 0.001406 0.002362 0.005517 0.005505 0.008741 0.023480 6.269659 
2.864927 0.023594 0.011948 0.045507 0.412453 8.367015 0.766996 0.769865 32.814983 0.010099 0.006410 0.002149 0.006773 0.013234 30.615770 6.086694 6.071786 8.518030 8.854981 8.859893 32.304100 0.024692 0.019927 0.038895 1.381448 6.079754 5.994671 0.550861 0.610113 1.221807 0.099640 0.014611 0.002727 0.002436 0.009140 0.014845 0.009593 0.004410 0.011057 0.020364 
0.016631 0.010584 0.007696 0.022392 6.334196 6.159158 0.136336 0.122544 0.303412 0.028600 0.018380 0.004155 0.002663 0.009334 0.016651 0.403902 6.081341 1.038449 0.974762 1.335909 10.172668 0.384671 0.041561 0.052132 29.591438 6.016893 5.996433 0.516531 0.249367 1.226805 0.093693 0.008862 0.001927 0.006720 0.016083 21.968596 0.016420 0.007058 0.003092 0.005802 
0.004885 0.002328 0.003193 0.012272 0.029100 0.045687 0.151060 0.280780 0.299817 24.543274 0.028763 0.011325 0.002444 0.003053 0.010148 0.014311 32.659798 1.025078 1.004590 1.369190 10.169211 0.382883 0.035634 0.019583 0.025769 2.629503 32.202858 0.530375 0.534877 31.251524 0.015037 0.007117 0.003548 0.022295 0.102794 30.969330 0.102459 0.021964 0.002697 0.000988 
0.001122 0.002233 0.004832 0.005268 0.014326 0.029430 6.659373 3.167078 3.155594 1.280443 0.608402 0.011176 0.004303 0.001382 0.004834 0.022128 0.034781 32.559406 10.372268 10.368904 18.537382 0.040009 0.011504 0.008065 0.013958 31.670919 3.287124 32.705734 8.300073 8.217296 0.125991 0.022107 0.004059 0.009147 0.018506 21.991888 0.016021 0.006668 0.001015 0.000185 
0.002511 0.009052 0.013583 0.010575 0.009624 0.023967 6.029214 0.384281 0.374147 0.360953 25.525108 0.024184 0.006812 0.001447 0.004313 0.023193 0.038717 0.061172 0.395295 0.427912 8.518825 0.035159 0.012508 0.005282 0.009189 0.011442 0.056787 0.015695 0.025824 31.138323 0.020910 0.013004 0.006437 0.015365 0.022239 0.019014 0.013135 0.002779 0.000385 0.000118 
0.008284 0.017072 26.215134 0.019216 0.010430 0.016669 0.052248 0.081721 0.382231 0.077437 0.033731 0.014324 0.002722 0.000975 0.003932 0.007622 32.817234 0.056928 0.053328 0.235358 4.582183 0.252347 0.016813 0.010331 0.004899 0.005544 0.011104 0.010778 0.027573 0.040717 0.029664 0.016678 0.018167 0.021850 32.819866 0.009455 0.005778 0.001121 0.000387 0.000800 
0.031859 0.146010 30.359228 0.145561 0.031300 0.013754 0.037940 0.053454 6.773612 0.031851 0.016305 0.003972 0.000649 0.000328 0.001839 0.007809 0.014701 0.019815 0.119091 0.614250 4.447243 4.368042 28.330837 0.014321 0.010026 0.003852 0.003878 0.012312 0.031254 0.032822 0.036504 32.820770 0.020398 0.016720 0.007620 0.007850 0.002083 0.000683 0.002096 0.005686 
0.016703 0.025498 26.222704 0.031474 0.022674 0.024084 0.103267 0.075650 6.252638 0.028212 0.013562 0.003406 0.000638 0.000146 0.000433 0.002220 0.011030 0.131350 0.812112 1.191647 7.776206 6.813186 17.236380 0.185543 0.014335 0.009845 0.006315 0.009987 32.820488 0.023842 0.020163 0.015036 0.011034 0.004456 0.003944 0.001871 0.000652 0.002082 0.010512 0.020250 
0.029154 0.026808 0.024245 0.023256 0.033776 16.553701 27.665773 18.104296 0.084241 0.041888 0.017239 0.009880 0.002828 0.000601 0.000463 0.003717 0.060152 0.707058 1.427305 6.638897 10.223958 11.692837 17.484156 10.440666 30.400007 0.010977 0.006662 0.008780 0.008137 0.010715 0.007179 0.011362 0.004523 0.001146 0.000729 0.000336 0.000794 0.005556 0.020351 6.269844 
3.270280 0.027887 0.015493 0.044923 0.377256 18.529396 2.910452 2.369310 0.190688 0.194128 32.820343 0.013236 0.009559 0.002987 0.002275 0.013172 0.068826 0.689754 2.911421 6.107257 13.203017 16.967339 18.436249 17.633039 0.444837 0.221045 0.013662 0.002948 0.004466 0.005222 0.012162 0.023646 0.010683 0.002286 0.000375 0.000140 0.000963 0.010784 0.144662 2.223033 
3.251260 0.021764 0.009527 0.042093 0.373083 18.535965 2.901673 2.373264 0.196638 0.047172 0.023482 0.024816 0.013236 0.011716 0.009831 0.021058 0.390151 23.734652 8.692197 9.521981 14.357595 20.471149 20.598875 15.435638 0.515783 0.224594 0.019942 0.003348 0.004074 0.011710 0.024064 16.914658 0.018573 0.006262 0.000961 0.000380 0.002348 0.016553 0.150771 2.259733 
0.017314 0.009823 0.003333 0.009208 0.016466 29.773569 24.390650 24.394085 31.145081 0.025759 0.019798 0.023477 32.816723 0.090088 0.086489 0.765667 3.684692 4.465446 7.809272 9.008113 30.130640 25.950401 25.032549 20.736855 22.116724 19.017756 0.013235 0.009031 0.013645 0.022387 0.115777 23.025726 0.074346 0.015494 0.001924 0.000847 0.004188 0.010229 30.916136 25.253395 
0.004954 0.002129 0.002883 0.012556 0.020213 0.074364 0.291071 0.268643 0.013038 0.010678 0.005470 0.010088 0.007345 0.010792 0.027339 0.377929 2.425157 4.399975 7.032698 13.240630 14.024071 17.432039 13.854387 6.473259 3.084862 1.810364 0.231795 0.040165 0.050636 12.902678 26.321121 12.839990 0.017069 0.006425 0.001098 0.000893 0.004560 0.018880 0.050831 0.275599 
0.000817 0.000887 0.003892 0.007577 32.818523 0.066688 0.059469 0.039571 0.007050 0.002298 0.000943 0.002058 0.003674 0.001940 0.002964 0.061897 0.489656 0.479273 8.703739 18.652348 12.733571 14.297948 18.268564 5.958232 3.054545 1.811097 0.250181 0.095004 0.153950 22.973909 0.137971 0.044195 0.020372 0.005354 0.001665 0.003064 0.010992 0.022892 0.044781 0.063749 
0.000887 0.000652 0.003279 0.020764 0.072950 17.532127 0.020740 0.010182 0.002178 0.000444 0.000125 0.000275 0.000618 0.000264 0.000240 0.003879 0.044394 0.055713 1.335107 22.645657 7.455551 8.375093 16.604624 12.931720 7.448070 6.171350 11.176380 0.184534 0.163205 17.004890 0.045856 0.033491 0.026420 0.019610 0.012314 0.010352 0.014405 32.701839 0.283533 0.292202 
0.005698 0.002385 0.002762 0.018188 0.077091 26.266970 0.082254 0.023362 0.004279 0.000609 0.000073 0.000032 0.000067 0.000028 0.000040 0.000454 0.005237 0.044958 0.073452 21.728359 4.786971 4.604012 26.971045 0.157639 0.156500 10.795134 0.124477 0.128529 32.812908 0.030715 0.027049 0.033138 30.902582 0.159490 0.153385 0.014467 0.393933 4.905501 6.590452 3.633434 
0.020187 0.012075 0.004560 0.011244 0.024002 22.987803 0.053243 0.036731 0.012083 0.002344 0.000312 0.000039 0.000014 0.000010 0.000055 0.000369 0.001813 0.007405 0.012918 24.042290 0.906072 0.907247 22.971834 0.131957 0.077207 0.061414 0.085057 0.161052 0.018345 0.018214 0.039624 0.253136 25.461390 2.449430 2.450537 32.716034 5.192009 5.181277 6.521939 3.729979 
6.195503 0.033493 0.019039 0.067911 0.387088 6.397141 6.350029 9.187375 0.019834 0.006387 0.001111 0.000269 0.000098 0.000073 0.000382 0.002032 0.005352 0.004244 0.009239 0.013913 0.169715 0.179675 20.988785 0.099818 0.059275 0.045065 0.049647 0.349077 0.014561 0.009174 0.035696 0.248873 25.466557 0.390237 0.177285 0.011623 0.301534 0.322660 0.258685 6.499722 
4.589206 0.065454 0.047189 0.415098 0.765831 6.399346 6.533254 21.992125 0.063030 0.013907 0.004471 0.002962 0.000949 0.000544 0.002126 0.010531 0.019892 0.011358 0.004708 0.008380 0.029716 0.111656 0.393436 18.109064 0.393604 0.382492 0.242950 31.752151 0.014633 0.007025 0.007783 0.013860 30.900930 0.022139 0.016059 0.007525 0.028300 0.039677 0.168901 2.230716 
4.643662 10.209016 14.790401 7.714017 7.719655 21.330172 11.267109 8.001778 0.029859 0.016091 0.035483 0.034179 0.006536 0.002877 0.006230 0.020810 6.282233 0.023798 0.009223 0.013695 0.040311 0.499003 0.584596 27.068722 6.604117 6.606346 31.752741 0.085107 0.010472 0.004882 0.004776 0.011574 0.018679 0.010596 0.004897 0.005348 0.006886 0.022255 0.174962 2.266872 
1.479107 8.817350 0.430264 0.412880 0.390588 0.134100 10.094949 2.146820 0.035770 0.022104 0.247816 0.246367 0.012632 0.009691 0.008459 0.023037 6.285289 0.029983 0.015383 0.025875 16.721848 15.977509 15.977185 16.896389 0.368253 0.357336 0.021397 0.026912 0.016648 0.011192 0.032345 0.033922 0.012643 0.006934 0.010570 0.009018 0.017093 0.023144 30.919842 25.236515 
1.600519 8.822738 0.390320 0.062864 0.040447 0.054775 24.287809 0.243919 0.251021 30.939833 25.737320 25.737226 30.862814 0.014760 0.008703 0.012200 0.020527 0.014209 0.020676 0.086085 28.257936 0.522848 0.458491 0.022676 0.033186 0.026661 0.011674 0.020962 0.027155 0.040978 0.380897 0.378612 0.016897 0.018321 0.021999 32.820915 0.020849 0.017172 0.012789 0.247305 
8.555800 31.983761 0.013849 0.008206 0.005453 0.014036 0.023888 0.061259 0.061467 0.013228 0.247328 0.254349 0.051038 0.018500 0.012863 0.004730 0.005982 0.005374 0.013129 0.023880 17.851362 0.072405 0.061651 0.011798 0.004393 0.003990 0.011589 0.024525 3.373399 20.435852 10.456654 10.459414 32.563591 0.021120 0.016906 0.008007 0.009810 0.004498 0.006710 0.034088 
8.200606 0.028608 0.014221 0.003133 0.002159 0.005976 0.009391 0.009495 0.008777 0.007215 0.035077 0.041200 0.044859 32.819916 0.008047 0.004372 0.003489 0.009722 0.018434 0.027521 0.036237 0.033965 0.065287 0.015147 0.004280 0.004567 0.008246 32.819164 0.053786 0.050903 0.383821 0.376103 0.010350 0.010300 0.005033 0.004337 0.002172 0.000748 0.000973 0.002822 
5.887085 0.021580 0.007367 0.002454 0.006672 0.014438 0.021191 0.008349 0.003821 0.002121 0.003420 0.004979 0.010592 0.007358 0.007708 0.002797 0.007003 0.012356 31.985880 0.030896 0.025533 0.029210 32.820377 0.016813 0.011142 0.005363 0.011017 0.019983 0.022775 0.021024 0.034983 0.031798 0.006101 0.004080 0.004572 0.003196 0.001337 0.000400 0.000174 0.000259 
0.019815 0.010719 0.002796 0.003991 0.012574 0.796144 0.075487 0.020763 0.014203 0.005989 0.002369 0.001061 0.002065 0.003683 0.001990 0.003415 0.039968 0.358486 19.844801 0.372615 0.051760 0.019248 0.022852 32.819908 0.016815 0.013135 0.014175 0.016302 0.025205 0.041094 0.016146 0.004936 0.003298 0.008463 0.008253 0.011953 0.005728 0.002247 0.000722 0.000856 
0.005618 0.002162 0.001226 0.005486 0.017804 12.899251 30.167475 12.764696 0.022565 0.009666 0.008862 0.002807 0.000817 0.000705 0.000448 0.003109 0.040107 0.359711 19.838699 0.433988 0.062569 0.018624 0.019114 0.028504 0.028848 0.025664 0.046634 0.029783 0.049631 13.647610 0.029185 0.009071 0.007938 0.011620 32.818695 0.013159 0.009411 0.010145 0.004600 0.005989 
0.000787 0.000317 0.000582 0.003634 0.012212 0.792406 0.074829 0.022020 0.025754 32.820045 0.013436 0.009757 0.002783 0.000560 0.000217 0.001235 0.007998 0.018431 16.305016 27.811399 17.980789 0.025342 0.014586 0.024760 1.463599 10.900257 24.998663 14.266300 3.578726 2.034896 0.023995 0.015003 0.019500 0.015365 0.034367 0.038214 32.818607 0.023554 0.019866 0.020593 
0.000077 0.000040 0.000172 0.001255 0.006183 0.011490 0.019960 0.009583 0.014646 0.016440 0.022669 0.015801 0.009140 0.002147 0.000695 0.002378 0.007676 0.012117 0.019034 0.082093 0.017059 0.011533 0.021188 0.243474 3.595543 0.268750 0.062591 0.022049 0.031974 0.023220 0.024875 0.021054 0.024804 32.819363 0.030598 0.026904 0.008045 0.018237 0.032930 6.298045 
0.000006 0.000005 0.000030 0.000233 0.001182 0.002963 0.002852 0.001717 0.003874 0.012764 0.018849 30.883060 0.012853 0.006777 0.003060 0.011023 0.022212 0.013565 0.008762 0.016843 0.006262 0.003465 0.019317 0.243363 3.612550 0.255738 0.030093 0.008599 0.010392 0.014338 0.020425 30.884195 0.052385 0.046221 0.014497 0.005994 0.004360 0.004543 0.012766 0.021354 
0.000000 0.000000 0.000004 0.000032 0.000166 0.000444 0.000330 0.000373 0.003233 0.035240 0.248465 25.690447 0.248269 0.035166 0.008902 0.023414 6.286001 0.021528 0.006948 0.002906 0.001181 0.001264 0.007420 0.028651 10.103735 0.030324 0.009085 0.002334 0.004351 0.035432 0.248850 25.671642 0.256921 0.042558 0.005636 0.001121 0.000827 0.000769 0.002585 0.006769 
