0.000032 0.001224 0.041344 1.282325 0.041998 0.002130 0.006544 0.000681 0.000034 0.000001 0.000000 0.000000 0.000001 0.000031 0.001223 0.041298 1.279836 0.060796 0.040177 0.327325 9.237406 0.083146 0.005200 0.000184 0.000005 0.000001 0.000024 0.000429 0.003493 0.000599 0.000426 0.004727 0.068182 6.125027 0.068153 0.004683 0.000195 0.000754 0.020513 0.464217 
0.000226 0.006284 0.094001 27.863485 0.113409 0.025897 0.094377 0.012561 0.000659 0.000022 0.000001 0.000001 0.000010 0.000225 0.006280 0.094057 27.756536 0.626647 0.549925 25.228937 3.126599 0.115438 0.003610 0.000087 0.000002 0.000016 0.000422 0.006802 0.035290 0.012906 0.006779 0.003291 0.017278 0.148748 0.017218 0.001200 0.000214 0.004450 0.066970 6.050510 
0.000026 0.000782 0.016379 0.159383 0.184203 0.229443 27.907337 0.094130 0.006293 0.000221 0.000006 0.000017 0.000172 0.000195 0.000684 0.012772 0.100385 0.164826 4.037064 1.883900 24.988338 0.094425 0.006283 0.000221 0.000010 0.000151 0.003657 0.036823 1.554217 0.183282 0.094364 0.115716 0.104811 0.120186 0.104453 0.012941 0.000711 0.000541 0.009214 0.068706 
0.000037 0.000419 0.005153 0.068761 5.882339 6.203720 0.130623 0.020624 0.001388 0.000058 0.000027 0.000492 0.004649 0.004685 0.000625 0.000901 0.012480 0.118949 19.881264 0.221851 0.100325 0.012602 0.000659 0.000028 0.000007 0.000240 0.006576 0.090976 25.642738 7.420230 25.956608 5.958483 27.990070 4.481918 27.184164 0.095392 0.007500 0.001474 0.006826 0.005954 
0.001234 0.006336 0.002926 0.066852 2.375299 0.693189 0.061699 0.107970 0.012999 0.000686 0.000509 0.008947 0.067620 0.068305 0.011209 0.001045 0.006366 0.203117 15.657546 0.209340 0.012454 0.000785 0.000057 0.000221 0.000030 0.000157 0.003659 0.036817 1.554970 2.486983 4.786044 0.215685 0.101288 0.108557 0.189064 0.187455 0.046835 0.041541 0.094603 0.041659 
0.041812 0.094110 0.034882 0.107268 8.532452 0.766612 0.810715 27.864594 0.094130 0.006446 0.004668 0.066898 6.011640 6.145646 0.092967 0.013214 0.006929 0.083774 18.429842 0.083295 0.006404 0.000276 0.000665 0.006277 0.000788 0.000239 0.000557 0.007185 0.038878 0.136036 27.413956 0.101131 0.013269 0.009229 0.097190 27.817751 1.282762 1.283057 28.004086 1.285227 
1.301546 27.927259 0.726898 0.671509 5.542685 0.650677 0.060858 0.101259 0.013004 0.000702 0.000512 0.009018 0.069182 0.145324 27.822687 0.095216 0.007527 0.017553 0.092129 0.012464 0.000906 0.000704 0.012568 0.094094 0.016280 0.006376 0.006139 0.006668 0.005819 0.045038 1.276563 0.041470 0.001479 0.000753 0.012672 0.094275 0.041357 0.041673 0.103851 0.048920 
0.988074 0.152385 0.033393 0.028409 0.109290 27.955938 0.101311 0.013709 0.007213 0.000702 0.000060 0.000517 0.005679 0.044624 1.280686 0.042462 0.011563 0.077507 0.016414 0.002198 0.006552 0.006968 0.094735 27.920074 0.169258 0.113466 0.203128 0.084652 0.040898 0.069857 1.277057 0.041267 0.001229 0.000067 0.000685 0.006518 0.001263 0.001740 0.016372 0.101047 
3.665853 0.060086 0.004906 0.002282 0.035681 0.735114 0.031181 0.014496 0.094890 0.012643 0.000678 0.000071 0.001391 0.041448 1.280581 0.066240 0.116882 5.889060 0.095363 0.034911 0.094269 0.013443 0.016502 0.199519 3.238816 20.022898 15.790750 19.092810 1.196540 1.211586 27.712036 0.093983 0.006280 0.000254 0.000686 0.006504 0.000852 0.004507 0.067074 6.064268 
3.184826 0.054087 0.004299 0.009859 0.096914 0.681194 0.034764 0.120321 27.942865 0.095124 0.006863 0.000478 0.006291 0.094013 27.740095 0.764389 0.713151 6.556522 0.694870 0.747137 27.781801 0.099307 0.012093 0.154794 4.587278 0.615992 0.505178 0.115640 0.042398 0.050461 0.107386 0.012955 0.000689 0.000681 0.012543 0.094134 0.012562 0.001147 0.008991 0.067863 
0.053618 0.007433 0.004880 0.067230 6.047893 6.087582 0.085344 0.024085 0.196694 0.182736 0.015539 0.000890 0.000698 0.012748 0.100521 0.063505 0.765020 0.350130 0.038967 0.049024 0.743865 0.030520 0.007381 0.093143 23.084917 0.571383 0.539539 0.039569 0.029713 0.134247 0.020194 0.001357 0.000277 0.006305 0.094156 27.393900 0.094178 0.006330 0.000715 0.004665 
0.003742 0.000446 0.000733 0.009160 0.072895 0.143839 0.151901 0.028087 0.107826 10.080372 0.077436 0.008740 0.000508 0.000908 0.012960 0.100603 27.877901 0.282059 0.040190 0.044275 0.692146 0.026093 0.001687 0.017832 0.186711 0.457736 27.857306 0.317434 0.417281 27.322798 0.094237 0.006327 0.000285 0.002440 0.083611 2.859019 0.083519 0.002416 0.000078 0.000174 
0.000175 0.000673 0.006295 0.001335 0.009637 0.074403 6.233414 0.352740 0.328754 2.377608 2.239604 0.046585 0.003532 0.000189 0.001226 0.023529 0.299558 27.911081 0.749108 0.697358 6.797516 0.071642 0.005240 0.007144 0.095701 27.759756 0.335054 27.589518 2.686400 2.797312 0.083091 0.002651 0.000341 0.006979 0.095358 27.426434 0.094126 0.006307 0.000222 0.000010 
0.000685 0.012544 0.093963 0.012754 0.005526 0.068125 5.982634 0.089526 0.028496 0.091321 10.021191 0.084475 0.005162 0.000213 0.001060 0.026763 0.396979 0.188653 0.040787 0.100001 5.862842 0.072663 0.011287 0.001524 0.012685 0.094442 0.034565 0.095752 0.193807 27.369576 0.100688 0.013008 0.001740 0.018372 0.187384 0.187216 0.017943 0.000820 0.000026 0.000005 
0.006545 0.094395 27.413319 0.094691 0.006861 0.009594 0.072645 0.019724 0.086921 0.021053 0.088715 0.010199 0.000537 0.000238 0.006282 0.094095 27.902990 0.096081 0.007853 0.010132 0.071917 0.022416 0.098882 0.012945 0.001557 0.006347 0.001669 0.007711 0.026096 0.114523 0.027046 0.100564 0.019950 0.107255 27.946913 0.095221 0.006937 0.000257 0.000024 0.000172 
0.002601 0.081598 2.709954 0.081902 0.003108 0.007060 0.011800 0.074587 6.035103 0.072605 0.010205 0.000728 0.000033 0.000023 0.000658 0.012555 0.094209 0.012659 0.000723 0.000800 0.011345 0.098926 27.966085 0.100521 0.012979 0.001135 0.000761 0.013358 0.113081 0.027576 0.114578 27.968786 0.107036 0.019752 0.094059 0.012635 0.000679 0.000049 0.000494 0.004659 
0.010615 0.098367 27.414211 0.107191 0.019779 0.094826 0.088929 0.159340 6.153615 0.074394 0.011509 0.000865 0.000044 0.000003 0.000034 0.000675 0.006448 0.000879 0.000295 0.001915 0.010748 0.015997 0.126006 0.028540 0.100592 0.013011 0.006979 0.094658 27.965572 0.107449 0.020177 0.100534 0.013170 0.001350 0.006292 0.000662 0.000050 0.000489 0.008967 0.067859 
0.059688 0.020667 0.097942 0.019854 0.107050 27.257441 2.930950 27.377645 0.107339 0.025824 0.099100 0.012914 0.000895 0.000045 0.000027 0.000483 0.004422 0.006150 0.008538 0.046614 0.016929 0.054508 0.040391 0.120906 27.935097 0.094764 0.006995 0.012803 0.094046 0.013009 0.002031 0.013022 0.001344 0.000089 0.000222 0.000026 0.000164 0.004463 0.067044 6.064246 
3.230792 0.059445 0.010349 0.002060 0.041667 1.276246 0.118212 0.135928 0.028746 0.115733 27.966570 0.100494 0.012954 0.000908 0.000493 0.007938 0.051583 0.097553 0.164165 0.122005 2.780928 0.270420 0.394921 27.451387 0.137653 0.021313 0.001447 0.000718 0.006322 0.001563 0.012988 0.100320 0.012747 0.000664 0.000028 0.000003 0.000050 0.001173 0.016358 0.101010 
3.222871 0.054140 0.004013 0.001407 0.041369 1.277058 0.073502 0.052206 0.115750 0.027557 0.107465 0.026619 0.100498 0.012926 0.004611 0.050516 3.288906 15.604588 4.100371 3.011528 4.252036 1.457403 0.693560 1.122246 0.082884 0.108661 0.013031 0.000731 0.001133 0.012965 0.100733 27.316288 0.094069 0.006303 0.000222 0.000028 0.000666 0.012858 0.103777 0.048859 
0.053897 0.007273 0.000669 0.006961 0.095130 27.789425 1.282129 1.282140 27.837229 0.107367 0.020149 0.107422 27.966578 0.094462 0.006763 0.008405 0.058691 0.094880 2.883964 4.354129 32.820747 5.423904 3.924662 1.104077 1.124526 27.764164 0.094664 0.007001 0.013002 0.100609 0.172772 3.757378 0.092871 0.002509 0.000067 0.000222 0.006289 0.093984 27.837912 1.281712 
0.003747 0.000432 0.000843 0.017989 0.187839 0.395516 0.055860 0.041768 0.094062 0.012968 0.001582 0.012972 0.094003 0.012564 0.000689 0.000696 0.011184 0.139837 5.124281 6.380574 4.247049 1.053660 0.090006 0.088700 0.060781 0.602955 0.031889 0.008163 0.095676 26.754057 2.712339 26.767395 0.093977 0.006311 0.000224 0.000067 0.001350 0.019787 0.107992 0.041820 
0.000152 0.000235 0.006280 0.094084 27.910931 0.298031 0.023911 0.002189 0.006311 0.000669 0.000072 0.000668 0.006274 0.000659 0.000039 0.000224 0.005841 0.084454 10.494687 5.281738 2.789317 0.089321 0.082325 0.165865 0.166818 0.543246 0.105857 0.025231 0.105013 3.735969 0.175575 0.114587 0.019937 0.001358 0.000101 0.000901 0.013160 0.107126 0.020680 0.002449 
0.000177 0.000042 0.000731 0.014342 0.135214 27.455564 0.094375 0.006569 0.000464 0.000029 0.000002 0.000022 0.000220 0.000022 0.000006 0.000166 0.004354 0.057883 4.260582 0.326670 0.078759 0.080827 0.165759 22.715929 5.661694 4.901012 9.205997 0.402513 0.336684 27.272825 0.114718 0.027482 0.107170 0.013378 0.001593 0.012975 0.100661 27.879066 0.103400 0.023420 
0.004657 0.000501 0.000114 0.002787 0.085090 2.846725 0.088895 0.008537 0.000715 0.000034 0.000001 0.000001 0.000006 0.000001 0.000001 0.000020 0.000619 0.013359 0.158012 0.430732 0.060316 0.145144 27.422655 0.327552 0.368788 8.766158 0.283926 0.378656 27.887604 0.106105 0.021512 0.108816 27.840292 0.107642 0.020417 0.100602 0.058790 0.596484 6.118017 0.472601 
0.067764 0.009189 0.000890 0.006368 0.094318 27.570765 0.182613 0.087052 0.012258 0.000654 0.000022 0.000001 0.000000 0.000000 0.000001 0.000023 0.000410 0.006785 0.094905 27.712675 0.181667 0.102819 2.730334 0.095565 0.025063 0.083587 0.041029 0.409109 0.139186 0.016999 0.002377 0.041832 1.281631 0.051313 0.134953 27.875254 0.744222 0.690864 6.079116 0.553756 
6.055903 0.072726 0.009434 0.002223 0.041386 1.233866 1.220013 19.268068 0.084986 0.006188 0.000221 0.000006 0.000006 0.000001 0.000026 0.000488 0.004467 0.001162 0.012649 0.094652 0.021440 0.108661 27.419186 0.140847 0.016034 0.010269 0.050557 2.410976 0.047412 0.004625 0.001427 0.041354 1.281615 0.042323 0.014689 0.094464 0.030350 0.027377 0.083205 6.055124 
0.474214 0.145394 0.075158 0.026419 0.058047 1.221462 1.158748 13.230593 0.199076 0.006217 0.000159 0.000034 0.000221 0.000039 0.000494 0.008965 0.066982 0.009014 0.001190 0.007010 0.007791 0.016322 0.151546 27.387596 0.109771 0.022597 0.120683 21.844273 0.094084 0.006631 0.006533 0.094271 27.838856 0.094713 0.007009 0.006744 0.001109 0.001848 0.017908 0.100915 
0.474689 6.409153 6.605210 0.664744 0.704738 20.093267 11.827628 13.239204 0.102227 0.012210 0.001424 0.001228 0.006285 0.000834 0.004695 0.067891 6.064372 0.068477 0.005392 0.013130 0.095350 0.043735 0.118396 2.994225 0.102950 0.169173 12.258291 0.903064 0.033145 0.003176 0.000811 0.012776 0.100473 0.012811 0.001354 0.006552 0.001383 0.013338 0.105309 0.048922 
0.039275 0.690046 0.098671 0.026532 0.035304 0.192435 7.825940 4.262374 0.165684 0.100163 0.041575 0.041346 0.094060 0.012826 0.005376 0.068420 6.064410 0.073681 0.011365 0.098985 27.270830 1.271572 1.271541 27.249870 0.105973 0.018773 0.092973 0.041845 0.010784 0.005101 0.000907 0.001709 0.013036 0.002023 0.013004 0.094280 0.019752 0.106983 27.838106 1.281703 
0.060774 0.742689 0.034885 0.002106 0.007286 0.092740 24.626848 0.544070 0.622390 27.939970 1.282564 1.282368 27.817659 0.095663 0.007462 0.009249 0.067016 0.009212 0.003150 0.083812 2.914725 0.114537 0.043505 0.094860 0.012904 0.001285 0.006337 0.014922 0.072857 0.071445 0.026007 0.030303 0.100570 0.019953 0.107220 27.969254 0.107031 0.019745 0.094074 0.041333 
1.301278 27.763252 0.093988 0.006323 0.000918 0.012676 0.091744 0.027987 0.030590 0.094041 0.041522 0.046842 0.187790 0.187709 0.017993 0.001310 0.004510 0.001384 0.013011 0.100668 27.402363 0.101901 0.014292 0.007275 0.000740 0.000749 0.013224 0.095527 5.938708 6.763740 0.690180 0.742133 27.877605 0.107013 0.019757 0.094063 0.012960 0.001345 0.006300 0.001224 
1.092059 0.162054 0.016444 0.000802 0.000472 0.004040 0.006832 0.001296 0.001121 0.006305 0.001448 0.007513 0.095721 27.946772 0.094080 0.006318 0.001045 0.012774 0.100492 0.026612 0.107610 0.026662 0.101763 0.014083 0.001249 0.006329 0.094134 27.924314 0.144253 0.076524 0.026201 0.030091 0.094059 0.012979 0.001566 0.006319 0.000674 0.000056 0.000221 0.000031 
6.045675 0.069104 0.005125 0.000620 0.006816 0.035684 0.013196 0.006743 0.000863 0.000477 0.000076 0.000689 0.012641 0.094023 0.012559 0.000879 0.006309 0.094061 27.837608 0.107692 0.020407 0.107729 27.941971 0.101005 0.013861 0.001586 0.012920 0.101224 0.016705 0.010005 0.001376 0.001059 0.006315 0.001329 0.006335 0.001042 0.000278 0.000025 0.000007 0.000005 
0.067736 0.009087 0.000659 0.003676 0.036851 1.556989 0.185525 0.093121 0.017919 0.006943 0.000684 0.000073 0.000663 0.006273 0.000659 0.000064 0.001224 0.041263 1.276848 0.043676 0.008564 0.014836 0.103504 27.947803 0.100484 0.012552 0.007126 0.013684 0.016199 0.072998 0.009164 0.000555 0.000920 0.012665 0.094112 0.017981 0.006938 0.000685 0.000051 0.000173 
0.004657 0.000503 0.000266 0.006574 0.090784 25.509296 8.072186 25.140442 0.185608 0.095223 0.012834 0.000895 0.000066 0.000222 0.000023 0.000033 0.001226 0.041238 1.276023 0.114307 0.096303 0.013936 0.018202 0.151953 0.158032 0.119651 0.206126 0.097349 0.183896 6.289706 0.069410 0.005184 0.007298 0.095575 27.923714 0.187667 0.095232 0.012937 0.001177 0.004679 
0.000172 0.000022 0.000152 0.003657 0.036835 1.556410 0.186778 0.094415 0.186587 27.947866 0.100511 0.012950 0.000891 0.000044 0.000008 0.000237 0.006438 0.094096 27.270126 2.910742 27.400934 0.099063 0.011574 0.060002 3.538955 20.382441 16.900452 24.772259 5.890358 4.778098 0.066630 0.012015 0.023725 0.187723 0.209308 0.304460 27.925117 0.103469 0.015998 0.067961 
0.000005 0.000001 0.000016 0.000422 0.006799 0.035196 0.013019 0.007387 0.018189 0.100542 0.026180 0.100438 0.012749 0.000664 0.000048 0.000510 0.005128 0.013070 0.094574 0.083374 0.094155 0.012714 0.001427 0.019805 0.423163 0.132650 0.206016 0.090219 0.158744 0.066478 0.022288 0.100135 0.192104 27.929920 0.117091 0.029696 0.094132 0.017752 0.078614 6.075128 
0.000000 0.000000 0.000001 0.000023 0.000413 0.003346 0.000579 0.000288 0.001055 0.012966 0.100535 27.838312 0.094053 0.006300 0.000714 0.008983 0.067505 0.009680 0.006819 0.002422 0.006304 0.000684 0.000784 0.020081 0.435727 0.025975 0.006936 0.006476 0.005431 0.011044 0.098704 27.819729 0.188012 0.095958 0.013345 0.001619 0.006312 0.001169 0.009315 0.068028 
0.000000 0.000000 0.000000 0.000001 0.000016 0.000141 0.000019 0.000008 0.000058 0.001462 0.041534 1.281362 0.041332 0.001396 0.004692 0.067884 6.064856 0.068050 0.004892 0.000235 0.000236 0.000195 0.004691 0.069028 6.403981 0.069169 0.004821 0.000406 0.000156 0.001402 0.041475 1.281010 0.047012 0.007754 0.000726 0.000063 0.000228 0.000049 0.000518 0.004845 
