0.005876 0.040668 0.170628 30.360907 0.179540 0.049196 0.010972 0.003091 0.000707 0.000119 0.000019 0.000046 0.000526 0.005402 0.041032 0.174496 30.170868 0.505025 0.366360 0.417851 11.907077 0.023885 0.009534 0.001752 0.000236 0.000097 0.000446 0.001851 0.004135 0.004597 0.004156 0.014518 0.039978 15.392677 0.037847 0.012397 0.005965 0.044967 0.375885 4.999769 
0.001831 0.008879 0.014194 29.509993 0.047292 0.041951 0.013740 0.008000 0.002183 0.000397 0.000067 0.000078 0.000329 0.001725 0.008836 0.014206 29.554947 0.692317 0.685044 29.358816 4.351442 0.050885 0.014965 0.002463 0.000332 0.000307 0.001670 0.007017 0.010785 0.021628 0.014745 0.063133 0.496358 9.011409 0.486841 0.052716 0.006704 0.010039 0.022609 6.196825 
0.001150 0.003920 0.015567 0.028894 0.057436 0.060106 32.838821 0.007542 0.004764 0.000934 0.000229 0.000461 0.001125 0.001578 0.003321 0.010497 0.020622 0.035460 1.564595 0.784287 29.055428 0.015378 0.006868 0.001348 0.000282 0.000751 0.004050 0.010744 0.545781 0.059960 0.026524 0.087673 0.501314 9.009809 0.497358 0.064460 0.012940 0.009510 0.019697 0.062827 
0.005361 0.004204 0.015165 0.023497 2.775255 9.929589 0.721914 0.137654 0.017811 0.002130 0.000854 0.002732 0.006121 0.006323 0.003797 0.005082 0.015267 0.028153 19.632311 0.039519 0.025768 0.012100 0.003083 0.000638 0.000276 0.001122 0.005908 0.017155 17.438658 18.956427 14.090616 14.886271 32.473736 14.471854 13.795222 0.058865 0.048791 0.040236 0.018382 0.050948 
0.040342 0.015889 0.074304 0.092920 3.263143 16.283587 0.751992 0.141748 0.023316 0.003917 0.003144 0.011386 0.018102 0.018504 0.012586 0.006459 0.012460 0.033585 12.052654 0.038452 0.017257 0.004860 0.001329 0.000869 0.000628 0.001044 0.004536 0.012335 0.681923 0.695569 17.845751 0.066028 0.029822 0.050760 0.039442 0.064345 0.149122 0.140163 0.021797 0.127770 
0.204427 0.019455 0.529589 0.540113 29.047421 25.217264 25.244513 31.615877 0.008971 0.004926 0.006355 0.018315 6.165162 6.424663 0.018706 0.015419 0.012963 0.024165 7.451901 0.019084 0.007839 0.002329 0.002365 0.003504 0.003235 0.002384 0.005133 0.023984 0.156666 0.177358 31.230274 0.041825 0.025081 0.023552 0.028924 28.265812 30.990778 30.991997 32.837860 30.418781 
7.708544 32.695381 10.180474 10.174572 1.388973 24.179340 0.258373 0.037088 0.012017 0.003353 0.003729 0.017565 0.066943 0.084287 29.846462 0.047119 0.041817 0.034813 0.107161 0.025264 0.005528 0.003278 0.007775 0.006259 0.014382 0.010008 0.014675 0.027710 0.154439 0.415512 26.850466 0.318749 0.061454 0.012141 0.012304 0.015273 0.139926 0.170301 0.382391 4.738316 
7.485914 0.105175 0.544403 0.608352 0.610636 32.611397 0.036576 0.033034 0.009570 0.003271 0.001983 0.009279 0.055147 0.196414 29.727985 0.453006 0.309934 0.046246 0.096580 0.069037 0.011496 0.007643 0.010399 32.844936 0.024086 0.021349 0.053359 0.058307 0.551218 0.827961 26.848196 0.314763 0.058464 0.007826 0.004010 0.009884 0.039961 0.070000 0.378823 4.704977 
6.757078 0.098952 0.083482 0.140084 0.562077 15.508083 0.628044 0.225112 0.012350 0.008571 0.003230 0.006551 0.043818 0.184290 29.716492 2.333645 2.291489 5.031477 0.483682 0.470195 0.015386 0.016616 0.025330 0.046640 1.054733 12.998302 28.464252 25.548349 20.830549 20.830816 30.831232 0.015382 0.010337 0.002538 0.003116 0.006367 0.008801 0.013696 0.026220 6.245251 
2.845726 0.033057 0.023437 0.088020 0.570652 15.500997 2.050205 2.051851 32.836754 0.010083 0.007317 0.003418 0.009436 0.015087 29.331163 8.268057 8.247941 10.853819 16.268221 16.271879 32.029018 0.032787 0.028899 0.044079 1.281772 7.160572 7.061829 0.900793 1.004993 2.938247 0.257648 0.028670 0.004665 0.003304 0.009430 0.014333 0.010453 0.006225 0.012656 0.018388 
0.015435 0.013486 0.010261 0.022568 6.405350 6.230874 0.359944 0.349214 0.632247 0.023862 0.019927 0.005779 0.003797 0.010034 0.016721 0.422450 8.258750 2.890774 2.839168 3.283067 18.252525 0.460759 0.078050 0.086125 29.914587 7.082213 7.062781 0.862906 0.617670 2.940757 0.252557 0.023210 0.003796 0.007854 0.015846 19.507660 0.016394 0.008402 0.004334 0.006373 
0.005621 0.003477 0.004561 0.014543 0.030004 0.044661 0.369672 0.614564 0.629625 26.565155 0.026046 0.012952 0.003522 0.003963 0.011014 0.014163 32.673244 2.887426 2.879062 3.326472 18.248854 0.454089 0.067987 0.028474 0.024833 3.019703 31.677296 0.870255 0.871554 30.974106 0.015716 0.009518 0.005311 0.022398 0.081620 31.419697 0.080976 0.021759 0.003892 0.001495 
0.001699 0.002889 0.005298 0.007306 0.017685 0.030601 6.943429 6.082109 6.072232 1.752613 0.442501 0.010362 0.004974 0.002150 0.006494 0.025584 0.035792 32.301208 18.845642 18.838903 19.917933 0.044953 0.019379 0.010748 0.015699 30.659502 7.152645 32.723434 9.779428 9.677501 0.097069 0.024819 0.006305 0.011246 0.019236 19.532537 0.015627 0.007641 0.001535 0.000362 
0.003443 0.009464 0.012734 0.012061 0.012309 0.024159 5.988620 0.981155 0.984891 0.938480 27.583960 0.019397 0.006915 0.002086 0.005651 0.025987 0.038938 2.681350 2.191735 2.209211 28.781246 0.063406 0.047203 0.008437 0.010099 0.011558 0.061236 0.017273 0.025676 30.602020 0.021745 0.015603 0.008913 0.017505 0.022032 0.017008 0.013475 0.003503 0.000657 0.000232 
0.010660 0.018120 23.454269 0.021644 0.014187 0.022192 0.061270 0.198934 0.986228 0.185526 0.032172 0.015309 0.003598 0.001338 0.003862 0.006628 32.608376 2.675921 2.669924 2.761945 18.993364 0.122450 0.048904 0.013975 0.006435 0.006600 0.014750 0.014037 0.034273 0.049777 0.037895 0.018358 0.021532 0.024291 32.846050 0.008818 0.006065 0.001526 0.000670 0.001091 
0.034934 0.108236 31.328405 0.107426 0.034062 0.019823 0.049217 0.063484 7.543934 0.033832 0.019602 0.005630 0.001171 0.000575 0.003334 0.054472 0.995762 2.453923 3.658966 4.316790 13.090846 10.985766 11.573835 0.013658 0.011881 0.005219 0.005633 0.014778 0.037033 0.043636 0.046397 32.846676 0.021774 0.019017 0.006594 0.007595 0.002507 0.001122 0.002785 0.006117 
0.022778 0.030248 23.469929 0.036430 0.028955 0.028798 0.102242 0.082815 6.294715 0.028809 0.016476 0.004728 0.001086 0.000402 0.003727 0.084286 0.988928 2.626070 6.077193 6.512971 13.957933 16.080210 19.106659 0.044328 0.014748 0.012978 0.008498 0.011245 32.846493 0.028035 0.025277 0.015635 0.012460 0.005745 0.003841 0.002159 0.001037 0.002850 0.011408 0.018148 
0.033184 0.035162 0.030594 0.032092 0.041231 15.042625 26.841169 16.976290 0.205028 0.086924 0.019235 0.010839 0.003566 0.002360 0.025886 0.348495 1.435070 4.713903 7.799416 11.382702 17.571613 20.679548 25.009394 11.530762 20.371885 0.052377 0.049712 0.011912 0.008811 0.012399 0.009816 0.012882 0.005894 0.001841 0.000941 0.000540 0.001262 0.007425 0.020015 6.254684 
3.279821 0.033451 0.023157 0.067111 0.358751 22.598684 5.483921 4.721287 0.560041 0.562448 32.845795 0.013467 0.010714 0.029438 0.150554 0.960019 2.071800 4.751505 9.214585 12.830268 19.123426 24.660608 29.133898 11.165684 3.638474 3.039078 0.504035 0.045396 0.006064 0.006844 0.013875 0.023676 0.011565 0.002990 0.000631 0.000366 0.002803 0.032618 0.366360 4.560202 
3.255460 0.025662 0.015527 0.062511 0.352993 22.605988 5.485240 4.728979 0.565017 0.111926 0.027085 0.029638 0.013519 0.307923 0.654149 1.090362 1.587151 14.698117 16.957777 17.877829 20.446392 28.067440 20.423903 11.558951 3.767186 3.115371 0.546930 0.055724 0.007312 0.013070 0.023917 16.086033 0.017779 0.006968 0.001388 0.000701 0.004257 0.037996 0.371834 4.598783 
0.015923 0.011924 0.005388 0.013684 0.020068 28.447012 28.247498 28.253992 30.338070 0.029555 0.024319 0.027096 32.022144 11.436104 11.407166 10.929541 13.431993 12.013859 16.734062 18.222862 30.069267 27.738630 26.707836 24.639744 26.476927 10.197989 0.026004 0.023185 0.020986 0.022014 0.097314 21.402988 0.062113 0.015792 0.002699 0.001180 0.004349 0.009683 29.867893 28.861433 
0.005637 0.003058 0.003746 0.013510 0.022871 0.088945 0.235426 0.207747 0.015326 0.012313 0.007355 0.011165 0.007405 0.357830 1.249873 2.956543 6.064701 9.400105 12.432506 16.622253 19.768267 23.383839 18.443226 11.363504 7.358229 3.667155 0.626635 0.151015 0.159265 11.335403 28.321081 11.246723 0.016258 0.007373 0.001752 0.001487 0.006179 0.025294 0.090296 0.249416 
0.001190 0.001213 0.003827 0.006584 32.845055 0.082163 0.076950 0.051014 0.010089 0.003216 0.001538 0.002543 0.004606 0.051379 0.380711 1.526327 3.907851 4.207582 8.218119 15.625171 18.441772 20.778391 20.245863 10.824939 7.392793 3.679198 0.662371 0.236824 0.279977 21.327147 0.128758 0.053131 0.024750 0.008837 0.004119 0.004161 0.012628 0.028310 0.084985 0.111518 
0.001264 0.001141 0.004473 0.022817 0.065450 16.094355 0.023797 0.014565 0.003571 0.000827 0.000275 0.000428 0.000777 0.003295 0.052883 0.445768 1.648197 2.829634 3.527590 15.693902 13.460513 13.554354 23.165028 10.945531 9.420455 9.647652 8.572388 0.297882 0.285736 16.172823 0.055059 0.044193 0.030082 0.045230 0.037220 0.012915 0.015959 32.730785 0.437102 0.451442 
0.006187 0.003444 0.004342 0.020396 0.067629 25.728621 0.073188 0.025944 0.005985 0.001088 0.000175 0.000073 0.000107 0.000184 0.003401 0.061031 0.454254 2.622795 2.302392 15.926201 8.414522 8.257484 20.714924 0.330290 0.329101 8.318321 0.153725 0.156778 32.836838 0.039871 0.037620 0.042971 29.719381 0.425358 0.419877 0.016003 0.401978 6.005124 6.791729 4.831851 
0.018183 0.014664 0.007826 0.020241 0.031977 22.464239 0.052877 0.037317 0.013486 0.003108 0.000553 0.000109 0.000038 0.000035 0.000260 0.003792 0.047268 0.266999 0.270839 14.618535 4.010652 4.029357 18.663694 0.308454 0.269088 0.111816 0.127325 0.190217 0.021724 0.025049 0.050606 0.185743 29.480139 5.965198 5.965775 32.788025 6.338085 6.326631 6.732541 4.962012 
6.187121 0.043329 0.031451 0.127028 0.465095 7.089472 7.031573 8.802383 0.018543 0.007118 0.001814 0.000684 0.000223 0.000167 0.000656 0.002786 0.007655 0.019441 0.031531 0.040169 1.992640 2.072157 19.304199 0.218862 0.137515 0.101345 0.104176 0.315181 0.018895 0.014006 0.044141 0.179082 29.505686 0.579187 0.442314 0.015922 0.373289 0.423318 0.439290 6.750690 
7.689293 0.079491 0.062520 0.589851 0.967835 7.095128 7.231999 23.988417 0.061292 0.016203 0.007767 0.005651 0.001662 0.000936 0.002858 0.011420 0.019587 0.013460 0.008345 0.036565 0.676718 1.077380 1.167023 17.180140 0.608216 0.597793 0.367175 32.137733 0.013318 0.008272 0.011087 0.016426 29.716770 0.047723 0.042374 0.012847 0.054258 0.092325 0.432520 4.602061 
7.872548 12.740065 21.371225 14.863920 14.865602 25.623560 11.070162 7.819560 0.032599 0.021200 0.043055 0.040864 0.008901 0.003885 0.007118 0.019199 6.293068 0.024374 0.012333 0.036991 0.685818 1.166966 1.224183 25.713882 13.234818 13.237326 32.518322 0.064469 0.012209 0.007060 0.009703 0.016685 0.023339 0.013934 0.008097 0.006688 0.013340 0.052498 0.437889 4.639675 
3.969591 15.425334 0.588083 0.602687 0.549076 0.190547 10.087007 2.058279 0.038058 0.026471 0.172559 0.170266 0.014236 0.010777 0.010107 0.022190 6.296950 0.031376 0.019269 0.028658 15.712818 21.729445 21.727379 15.640871 0.553343 0.543545 0.023311 0.034161 0.022778 0.017871 0.061841 0.063650 0.018027 0.009641 0.012172 0.009437 0.020011 0.025356 29.882723 28.816515 
4.063212 15.429798 0.535051 0.132689 0.083627 0.095325 24.219875 0.239099 0.245438 29.590096 30.375437 30.375292 29.473984 0.015894 0.010581 0.014079 0.019034 0.017343 0.023972 0.077672 28.227592 0.542454 0.490092 0.028977 0.069891 0.063309 0.017560 0.028558 0.030276 0.045473 0.431622 0.430568 0.021395 0.021933 0.024689 32.846821 0.022618 0.019862 0.014564 0.180099 
10.959964 31.891102 0.021026 0.016509 0.011519 0.019535 0.023746 0.075105 0.074855 0.015626 0.171938 0.181366 0.059551 0.018696 0.013779 0.006175 0.006977 0.007453 0.015766 0.025189 16.488396 0.108691 0.099265 0.019364 0.009566 0.008567 0.014280 0.030995 2.557759 27.914881 20.377508 20.378828 32.387070 0.022695 0.019360 0.007252 0.010588 0.005998 0.009211 0.041081 
10.266415 0.026306 0.015829 0.004734 0.003669 0.008204 0.011853 0.014389 0.013358 0.010353 0.042480 0.051375 0.054124 32.846077 0.007401 0.004649 0.004692 0.010926 0.020151 0.034524 0.046038 0.051063 0.101991 0.022378 0.006341 0.005260 0.008013 32.845505 0.061311 0.059297 0.437018 0.426799 0.013203 0.011578 0.006438 0.004502 0.002721 0.001247 0.001712 0.005399 
5.879764 0.020402 0.008597 0.003597 0.008448 0.015982 0.024673 0.010583 0.005509 0.003362 0.006421 0.008549 0.013269 0.006167 0.007447 0.003897 0.010487 0.014902 31.680368 0.041085 0.036660 0.039416 32.846558 0.020399 0.012927 0.007111 0.012742 0.023478 0.030757 0.031631 0.066533 0.060576 0.009839 0.005272 0.004902 0.003830 0.001813 0.000690 0.000387 0.000670 
0.017842 0.011781 0.003868 0.004957 0.012827 0.855153 0.069664 0.021095 0.014915 0.006511 0.003239 0.001919 0.002732 0.003415 0.002606 0.007153 0.056769 0.314423 26.378967 0.334164 0.074684 0.028643 0.029733 32.846058 0.018120 0.015363 0.016744 0.020721 0.032613 0.048635 0.023454 0.010096 0.004823 0.008826 0.007656 0.012007 0.005980 0.002849 0.001213 0.001236 
0.006051 0.002891 0.001747 0.005789 0.016235 11.840050 30.556984 11.721906 0.020229 0.009264 0.009108 0.003489 0.001273 0.000901 0.000987 0.006746 0.056975 0.315343 26.371677 0.382116 0.084238 0.026942 0.025324 0.033733 0.028622 0.025665 0.044786 0.031801 0.049289 16.047537 0.028575 0.011525 0.009630 0.012385 32.845192 0.011541 0.008736 0.011361 0.006309 0.006699 
0.001061 0.000544 0.000854 0.004259 0.012112 0.849168 0.068231 0.022071 0.024867 32.846203 0.013060 0.010304 0.003440 0.000895 0.000484 0.002273 0.011788 0.020661 14.488319 27.068172 16.777435 0.030858 0.021364 0.030930 1.424651 10.476456 26.078569 13.284252 3.198957 1.679256 0.025910 0.018906 0.022508 0.015189 0.037015 0.039897 32.845146 0.026694 0.023932 0.018805 
0.000139 0.000091 0.000297 0.001722 0.007382 0.011338 0.022561 0.011536 0.016238 0.019272 0.026202 0.015608 0.009691 0.002882 0.001220 0.003370 0.009258 0.014091 0.019530 0.070864 0.016840 0.015593 0.049741 0.447174 6.944309 0.469685 0.087232 0.023452 0.029137 0.026149 0.031207 0.024216 0.027024 32.845791 0.034193 0.031426 0.007428 0.021539 0.033744 6.311224 
0.000015 0.000014 0.000066 0.000388 0.001615 0.003513 0.004004 0.002647 0.005499 0.016518 0.021844 29.504587 0.014701 0.009383 0.004566 0.012550 0.021304 0.015925 0.010784 0.017858 0.007303 0.006816 0.046570 0.442684 6.967703 0.458653 0.059110 0.012399 0.012144 0.019279 0.024607 29.510643 0.062201 0.056787 0.019330 0.008239 0.004671 0.006205 0.014900 0.019945 
0.000001 0.000002 0.000012 0.000070 0.000284 0.000636 0.000627 0.000917 0.006117 0.042549 0.172672 30.363880 0.172608 0.042549 0.012640 0.024655 6.297357 0.020283 0.008202 0.004217 0.001834 0.002246 0.011297 0.034189 13.478239 0.036820 0.013915 0.004048 0.007708 0.043161 0.173511 30.352753 0.184960 0.054036 0.009853 0.002163 0.001163 0.001354 0.003723 0.007857 
