0.000131 0.004234 0.121067 3.452769 0.122272 0.005626 0.005044 0.000934 0.000074 0.000004 0.000000 0.000000 0.000004 0.000128 0.004231 0.120949 3.445244 0.160589 0.060749 0.193157 11.134377 0.042060 0.005299 0.000301 0.000012 0.000003 0.000045 0.000521 0.002545 0.000908 0.000639 0.004679 0.035820 6.828135 0.035575 0.004404 0.000327 0.001843 0.043077 0.892851 
0.000311 0.004679 0.023301 32.085663 0.040817 0.022153 0.023167 0.009205 0.000884 0.000047 0.000002 0.000002 0.000022 0.000309 0.004680 0.023481 32.040401 0.477834 0.456497 28.819817 4.063598 0.124578 0.008006 0.000308 0.000010 0.000030 0.000508 0.004838 0.012810 0.012757 0.005669 0.009555 0.029197 0.660992 0.028819 0.001966 0.000356 0.004085 0.033288 6.194606 
0.000060 0.001104 0.012956 0.050567 0.070640 0.085252 32.383591 0.022749 0.004625 0.000299 0.000015 0.000038 0.000257 0.000305 0.000941 0.009579 0.029347 0.053512 2.014168 1.010243 28.613850 0.032158 0.005159 0.000316 0.000021 0.000191 0.002716 0.013273 0.689503 0.109254 0.028570 0.104599 0.053045 0.702160 0.048917 0.010205 0.001067 0.000887 0.008613 0.037542 
0.000142 0.000619 0.005098 0.031571 5.030477 6.687316 0.154812 0.019073 0.001952 0.000127 0.000061 0.000718 0.004303 0.004336 0.000897 0.001313 0.010585 0.039330 17.187399 0.071408 0.039883 0.010212 0.000922 0.000061 0.000017 0.000328 0.005086 0.031084 23.888330 17.586561 19.431011 22.274176 31.926517 23.890587 21.134558 0.028902 0.008935 0.004605 0.005546 0.008854 
0.004251 0.004917 0.009468 0.159263 6.764247 1.621769 0.151594 0.037461 0.009982 0.000949 0.000756 0.008178 0.033467 0.033713 0.009265 0.001616 0.008098 0.066179 19.324127 0.071143 0.012970 0.001292 0.000131 0.000300 0.000064 0.000206 0.002726 0.013206 0.682157 1.212093 20.948221 0.138677 0.034590 0.141930 0.053379 0.047915 0.125921 0.121499 0.023662 0.122327 
0.119842 0.023346 0.066669 0.115662 17.919228 1.939203 1.945455 32.248714 0.023209 0.004850 0.004362 0.033368 6.159447 6.285494 0.029130 0.010129 0.005557 0.024250 8.094268 0.023562 0.004850 0.000419 0.000899 0.004590 0.001106 0.000413 0.000895 0.005397 0.019241 0.045465 23.214537 0.033977 0.010700 0.014032 0.032605 32.073383 3.462155 3.462280 32.414806 3.476280 
3.289482 32.205379 1.259697 1.243481 3.471832 1.764575 0.141251 0.029425 0.009896 0.000982 0.000763 0.008300 0.037178 0.067159 32.078163 0.025218 0.006560 0.014122 0.034375 0.009068 0.001222 0.000982 0.009225 0.022697 0.013039 0.005968 0.007833 0.005380 0.010534 0.124965 3.228022 0.119027 0.004590 0.001309 0.009543 0.023679 0.121212 0.121842 0.035438 0.149602 
3.029637 0.058190 0.064867 0.061502 0.080021 32.398575 0.029162 0.010997 0.005898 0.000976 0.000134 0.000831 0.008336 0.125312 3.446307 0.125797 0.018458 0.042324 0.015991 0.004278 0.005058 0.005554 0.023656 32.387016 0.047862 0.031163 0.070351 0.027404 0.104549 0.215240 3.231996 0.118704 0.004214 0.000209 0.000945 0.005003 0.004326 0.005086 0.017368 0.164366 
4.797589 0.037798 0.006545 0.005608 0.070078 1.364273 0.065368 0.014567 0.023971 0.009293 0.000926 0.000215 0.004480 0.121231 3.446256 0.204586 0.216899 5.846354 0.097331 0.068867 0.023676 0.010764 0.015559 0.076785 1.516099 13.966114 23.838703 10.068772 2.382817 2.394776 31.908937 0.023773 0.004688 0.000374 0.000946 0.004973 0.001251 0.004247 0.033405 6.224603 
3.097099 0.028118 0.004456 0.010870 0.099150 1.349874 0.074043 0.091426 32.390224 0.023550 0.005440 0.000677 0.004708 0.023636 31.956490 1.431685 1.416380 6.837884 1.395861 1.410229 32.167503 0.031104 0.012516 0.061906 2.013962 1.881966 1.879556 0.111219 0.108265 0.123651 0.037632 0.009975 0.000960 0.000938 0.009314 0.025230 0.009355 0.001604 0.008244 0.033607 
0.027213 0.007031 0.004710 0.033778 6.202614 6.226367 0.054127 0.025091 0.105069 0.067182 0.014487 0.001341 0.000974 0.009556 0.028824 0.129246 1.431059 0.201812 0.084786 0.128293 1.455880 0.066048 0.008204 0.038723 27.462690 1.891833 1.884223 0.089288 0.035026 0.142527 0.018598 0.001938 0.000428 0.004837 0.025222 30.648148 0.025274 0.004890 0.001025 0.004326 
0.003523 0.000677 0.001064 0.008538 0.038507 0.071509 0.086173 0.045053 0.086823 15.941480 0.045287 0.008034 0.000739 0.001250 0.009887 0.028287 32.278954 0.161597 0.084673 0.125767 1.442529 0.063196 0.003666 0.014590 0.056580 0.958474 32.337185 0.156131 0.179233 30.856924 0.025363 0.004892 0.000559 0.008060 0.208915 9.783491 0.208854 0.008011 0.000282 0.000262 
0.000284 0.000920 0.004703 0.001893 0.009169 0.039060 6.423257 0.599825 0.584385 1.670799 1.454129 0.020551 0.003151 0.000315 0.001813 0.019388 0.076258 32.286217 1.463850 1.450664 8.497442 0.040225 0.005327 0.005836 0.024196 32.227062 1.749781 31.212263 7.411689 7.339527 0.191047 0.008076 0.000677 0.005740 0.026125 30.658436 0.025192 0.004838 0.000307 0.000023 
0.000947 0.009310 0.024741 0.009648 0.005543 0.034443 6.080519 0.074881 0.046363 0.076573 16.273296 0.047021 0.005202 0.000366 0.001651 0.022095 0.095879 0.045008 0.074900 0.101910 5.431620 0.036625 0.009502 0.002108 0.009393 0.023125 0.057466 0.026668 0.051651 30.866676 0.030556 0.010146 0.002449 0.014217 0.044604 0.044295 0.013564 0.001150 0.000059 0.000012 
0.005166 0.025321 31.168625 0.025837 0.005685 0.009304 0.045645 0.021003 0.072900 0.022377 0.052066 0.010373 0.000853 0.000339 0.004610 0.022752 32.381210 0.026234 0.008116 0.011255 0.037186 0.018913 0.027554 0.009856 0.002117 0.004763 0.002799 0.006669 0.021080 0.042960 0.021769 0.028197 0.015626 0.033706 32.392872 0.023547 0.005456 0.000377 0.000054 0.000256 
0.008172 0.203194 8.012046 0.203735 0.008740 0.006156 0.017776 0.046425 6.228519 0.039529 0.010301 0.001159 0.000079 0.000051 0.000884 0.009197 0.022963 0.009349 0.001064 0.001358 0.010447 0.028485 32.390720 0.027947 0.009885 0.001565 0.001123 0.010506 0.039129 0.022665 0.040713 32.397587 0.033337 0.015285 0.022693 0.009245 0.000923 0.000106 0.000721 0.004313 
0.009342 0.029496 31.169214 0.035878 0.015718 0.026512 0.202224 0.089447 6.272534 0.039242 0.009885 0.001227 0.000098 0.000009 0.000074 0.000917 0.004830 0.001243 0.000892 0.008050 0.035563 0.021243 0.099359 0.024969 0.027978 0.009882 0.005561 0.023603 32.396755 0.034094 0.016040 0.028053 0.010199 0.001858 0.004619 0.000888 0.000109 0.000713 0.008190 0.033595 
0.033641 0.017722 0.028929 0.015776 0.036086 27.305580 17.294466 27.714031 0.043701 0.021795 0.027931 0.009791 0.001224 0.000099 0.000058 0.000656 0.003733 0.006260 0.019491 0.156738 0.042167 0.144944 0.081746 0.074403 32.388744 0.023670 0.005588 0.009541 0.022733 0.009966 0.002810 0.010005 0.001845 0.000194 0.000303 0.000057 0.000243 0.004089 0.033268 6.224467 
3.252340 0.033201 0.008889 0.005432 0.121130 3.374414 0.405679 0.172748 0.027246 0.045231 32.396954 0.027882 0.009827 0.001247 0.000679 0.006243 0.018854 0.045672 0.138882 0.153556 2.787788 0.470392 0.556142 31.286970 0.130720 0.018906 0.002044 0.001015 0.004687 0.002141 0.010011 0.029860 0.009604 0.000905 0.000060 0.000008 0.000111 0.001725 0.017284 0.163916 
3.241731 0.028265 0.004014 0.004524 0.120448 3.376237 0.276839 0.155009 0.045846 0.022635 0.034060 0.020882 0.027882 0.009746 0.004008 0.018740 1.640726 21.407711 0.628360 1.399947 4.086905 1.867736 1.252441 2.167371 0.192520 0.037614 0.010053 0.001050 0.001568 0.009996 0.030012 22.348623 0.024814 0.004844 0.000308 0.000060 0.000906 0.009814 0.035880 0.149057 
0.027813 0.006816 0.000985 0.005593 0.024690 31.784843 3.446913 3.447002 32.081715 0.034597 0.016001 0.034053 32.397129 0.023295 0.005252 0.007266 0.031280 0.079498 2.801850 4.078902 32.774723 6.373443 5.031416 2.166974 2.179774 32.122704 0.024346 0.005681 0.010102 0.030120 0.194183 23.561741 0.144090 0.008722 0.000294 0.000307 0.004631 0.023223 32.080433 3.452017 
0.003543 0.000650 0.001192 0.013497 0.043262 0.093748 0.135598 0.121960 0.023395 0.009915 0.002190 0.009883 0.022624 0.009204 0.000949 0.001120 0.014228 0.099185 4.766545 6.433881 4.222985 1.253911 0.281462 0.283999 0.170909 1.088237 0.057604 0.008958 0.028985 20.942152 8.579898 20.772375 0.024943 0.004906 0.000317 0.000146 0.001860 0.015383 0.035871 0.122111 
0.000232 0.000329 0.004599 0.022723 32.385601 0.073037 0.022556 0.005668 0.004744 0.000915 0.000158 0.000910 0.004578 0.000883 0.000086 0.000361 0.005786 0.042285 12.077695 5.467667 2.941564 0.287430 0.270220 0.310734 0.216209 1.072874 0.093090 0.039630 0.176114 23.455587 0.208602 0.042602 0.015809 0.001896 0.000223 0.001245 0.010192 0.033652 0.017228 0.006758 
0.000266 0.000091 0.001042 0.013932 0.131836 27.421688 0.025041 0.005283 0.000652 0.000064 0.000008 0.000048 0.000296 0.000048 0.000013 0.000237 0.003785 0.024975 3.078831 0.704187 0.275581 0.253542 0.287977 22.850901 6.662012 5.383018 10.993104 0.293518 0.242077 22.510004 0.042578 0.022524 0.034402 0.010661 0.002284 0.009894 0.028217 32.311275 0.061829 0.045935 
0.004309 0.000740 0.000367 0.008865 0.190610 18.008104 0.193554 0.013067 0.001125 0.000078 0.000004 0.000002 0.000012 0.000002 0.000002 0.000046 0.000918 0.011592 0.052237 0.753588 0.188430 0.207086 31.096003 0.268048 0.250651 10.434919 0.137049 0.156941 32.367989 0.034330 0.017190 0.035846 32.081379 0.037884 0.019287 0.028278 0.119302 1.229568 6.259126 0.897557 
0.033506 0.008511 0.001299 0.005039 0.024826 28.388227 0.059513 0.037399 0.009381 0.000879 0.000047 0.000002 0.000001 0.000000 0.000003 0.000052 0.000593 0.005348 0.024540 31.903261 0.359102 0.345061 8.947423 0.231951 0.034195 0.044927 0.044879 0.198836 0.035681 0.012982 0.005826 0.121993 3.451586 0.150132 0.166585 32.287815 1.371761 1.356618 6.262906 0.944788 
6.198974 0.038396 0.009094 0.006519 0.107902 2.561099 2.542520 12.027132 0.029644 0.004913 0.000312 0.000016 0.000012 0.000005 0.000056 0.000710 0.004100 0.001627 0.009397 0.024851 0.024731 0.044812 31.020065 0.137399 0.016888 0.010323 0.023056 0.970590 0.017064 0.004083 0.004543 0.121135 3.451583 0.124422 0.017789 0.023625 0.063680 0.063126 0.068779 6.223593 
0.933911 0.075705 0.042359 0.062943 0.160280 2.554712 2.591819 17.175013 0.083945 0.008751 0.000519 0.000139 0.000301 0.000085 0.000723 0.008190 0.033238 0.008305 0.001690 0.005683 0.007140 0.021097 0.195788 27.447601 0.050969 0.030957 0.062805 28.427370 0.036240 0.005779 0.005045 0.023691 32.080933 0.024421 0.005779 0.005280 0.002790 0.003874 0.019332 0.163997 
0.937321 7.013793 7.662554 1.306348 1.319141 16.701513 11.131337 9.431304 0.038777 0.010444 0.004571 0.004248 0.004684 0.001146 0.004392 0.033672 6.224633 0.034618 0.005371 0.010255 0.027399 0.129920 0.314840 17.764517 0.547039 0.557337 23.364386 0.327562 0.013383 0.002771 0.001145 0.009630 0.028629 0.009683 0.001862 0.004998 0.001963 0.010636 0.037914 0.149156 
0.110865 1.394245 0.102445 0.062109 0.067173 0.082090 9.305030 2.647696 0.054897 0.028956 0.121454 0.121105 0.023361 0.009584 0.005316 0.034547 6.224872 0.039122 0.009902 0.030223 27.141386 3.312138 3.312070 27.009743 0.048258 0.027984 0.049440 0.023241 0.009712 0.005096 0.002552 0.003588 0.010042 0.002786 0.009952 0.023042 0.015300 0.033896 32.080627 3.451919 
0.187735 1.408652 0.068882 0.005323 0.007597 0.037145 24.203959 0.347414 0.368861 32.125568 3.454592 3.454571 32.074917 0.024891 0.006262 0.008630 0.033330 0.008800 0.009509 0.192176 17.554602 0.303852 0.128686 0.026446 0.010235 0.002144 0.006853 0.012983 0.036873 0.040127 0.062885 0.065233 0.028390 0.015656 0.033705 32.397827 0.033351 0.015300 0.023364 0.121047 
3.261085 31.969337 0.023654 0.004777 0.001306 0.010075 0.035387 0.036316 0.038516 0.023232 0.121390 0.125821 0.046021 0.043394 0.013556 0.001862 0.004196 0.001949 0.010176 0.030235 27.545017 0.034704 0.014652 0.006111 0.001073 0.001049 0.010175 0.031644 5.462152 8.515323 1.436855 1.450046 32.284218 0.033626 0.015304 0.022724 0.009847 0.001845 0.004712 0.004235 
3.092435 0.054845 0.013126 0.001145 0.000624 0.003344 0.005842 0.002421 0.002234 0.004734 0.004545 0.008903 0.026935 32.393055 0.022752 0.004679 0.001431 0.009594 0.028765 0.021061 0.036455 0.021272 0.032662 0.010770 0.001664 0.004699 0.022792 32.389805 0.061103 0.045204 0.063218 0.064847 0.023054 0.009915 0.002143 0.004679 0.000925 0.000123 0.000302 0.000128 
6.109214 0.033968 0.004941 0.000823 0.004898 0.013975 0.013394 0.005541 0.001266 0.000678 0.000226 0.001008 0.009321 0.022650 0.009195 0.001184 0.004733 0.023379 32.093304 0.035178 0.016524 0.034597 32.394001 0.028574 0.010381 0.002184 0.009975 0.029203 0.014508 0.010128 0.003246 0.002709 0.004711 0.001799 0.004720 0.001444 0.000422 0.000057 0.000017 0.000014 
0.033254 0.008274 0.000939 0.002768 0.013771 0.751746 0.112096 0.029582 0.013806 0.005475 0.000940 0.000159 0.000892 0.004579 0.000886 0.000198 0.004224 0.120329 3.379402 0.129046 0.010559 0.011917 0.031088 32.393265 0.028543 0.010452 0.008806 0.011118 0.015239 0.043776 0.008913 0.000899 0.001270 0.009324 0.022822 0.013478 0.005459 0.000941 0.000112 0.000259 
0.004303 0.000737 0.000383 0.005033 0.028697 19.731926 24.386658 19.572710 0.048430 0.023566 0.009569 0.001220 0.000144 0.000301 0.000051 0.000132 0.004230 0.120357 3.377417 0.303809 0.030592 0.011347 0.014264 0.042097 0.048356 0.034575 0.065192 0.035137 0.070321 8.048247 0.039061 0.005228 0.006045 0.024161 32.387596 0.042143 0.023579 0.009789 0.001672 0.004355 
0.000256 0.000046 0.000194 0.002725 0.013729 0.750784 0.112240 0.030429 0.048885 32.393353 0.027919 0.009840 0.001216 0.000096 0.000020 0.000337 0.004968 0.025238 27.130774 17.559555 27.545404 0.029220 0.009303 0.023712 1.720502 12.768555 23.881437 16.277302 4.784310 3.485089 0.031822 0.010338 0.018383 0.042706 0.060560 0.079638 32.387138 0.032232 0.014135 0.033669 
0.000010 0.000003 0.000030 0.000508 0.004850 0.013129 0.013086 0.006340 0.013998 0.028018 0.020194 0.028437 0.009533 0.000900 0.000105 0.000760 0.004998 0.010121 0.025938 0.191238 0.024882 0.009602 0.002603 0.036772 0.702449 0.068100 0.065626 0.029247 0.065261 0.030877 0.018293 0.028971 0.047509 32.389275 0.041940 0.023813 0.022782 0.014598 0.043734 6.236370 
0.000000 0.000000 0.000002 0.000043 0.000493 0.002373 0.000870 0.000448 0.001485 0.009939 0.028597 32.080906 0.023362 0.004713 0.001020 0.008237 0.034096 0.009196 0.005620 0.008423 0.004837 0.000964 0.001808 0.038200 0.717560 0.043892 0.009227 0.005235 0.007436 0.009208 0.027883 32.076637 0.046381 0.027298 0.010510 0.002338 0.004670 0.001662 0.008826 0.033874 
0.000000 0.000000 0.000000 0.000002 0.000029 0.000171 0.000042 0.000023 0.000189 0.004579 0.121391 3.450770 0.121072 0.004493 0.004449 0.033715 6.225634 0.033919 0.004649 0.000517 0.000338 0.000309 0.004411 0.035322 6.951732 0.035699 0.004792 0.000603 0.000485 0.004515 0.121306 3.449862 0.126086 0.009245 0.001098 0.000147 0.000315 0.000110 0.000782 0.004598 
