0.013448 0.045195 0.127020 31.405836 0.166527 0.084256 0.029331 0.009350 0.002599 0.000632 0.000209 0.000459 0.002304 0.011122 0.045809 0.134116 31.071676 1.903049 1.806933 1.858714 11.903636 0.030394 0.016313 0.004429 0.001030 0.000628 0.001880 0.005680 0.010478 0.014923 0.023447 0.065173 0.103479 24.899399 0.100219 0.061959 0.040725 0.127883 0.516939 5.666817 
0.006629 0.016773 0.021736 27.626165 0.101296 0.096298 0.032015 0.015384 0.005492 0.001446 0.000435 0.000527 0.001568 0.005347 0.016090 0.021149 27.940018 2.130911 2.124295 29.658438 4.349250 0.056743 0.021625 0.005165 0.001232 0.001206 0.004342 0.013174 0.017196 0.040846 0.057418 0.209621 0.809420 20.542805 0.789323 0.191710 0.049362 0.043183 0.055658 6.227715 
0.006142 0.013084 0.036719 0.073700 0.111433 0.114019 32.840675 0.017124 0.014427 0.004049 0.001313 0.001565 0.002811 0.004560 0.008874 0.019373 0.036805 0.063747 2.991431 1.443684 29.053299 0.019129 0.010780 0.003084 0.001072 0.001988 0.007331 0.014062 0.552995 0.083636 0.069062 0.233732 0.814391 20.518900 0.800090 0.209013 0.059303 0.035408 0.053408 0.116277 
0.017955 0.022946 0.060312 0.068657 2.796231 9.802329 0.735057 0.231646 0.057179 0.011858 0.003982 0.005930 0.009677 0.010830 0.010493 0.015261 0.031763 0.037410 8.493376 0.087545 0.080748 0.019656 0.006288 0.001912 0.001098 0.002597 0.009238 0.020288 17.304379 18.920944 14.009173 14.794730 32.478374 14.314205 13.699774 0.086995 0.076942 0.060993 0.054208 0.104574 
0.070619 0.063609 0.220433 0.238765 3.269212 16.714361 0.760227 0.235708 0.064086 0.015322 0.008440 0.017339 0.021455 0.022886 0.024854 0.047206 0.104406 0.116359 19.913485 0.084109 0.072417 0.015317 0.005348 0.002179 0.002337 0.003945 0.011241 0.020814 0.880431 0.891727 17.295824 0.100067 0.065361 0.075792 0.064522 0.091871 0.133529 0.117381 0.057532 0.166984 
0.228255 0.067089 0.833005 0.843405 28.716354 26.174156 26.212467 31.386112 0.014801 0.010803 0.011838 0.023607 6.165648 6.476367 0.063833 0.410820 0.630658 0.641942 31.923899 0.279764 0.265827 0.091133 0.049896 0.007415 0.015535 0.016252 0.023932 0.090939 0.353392 0.371884 32.161549 0.076649 0.060744 0.049377 0.054147 25.095722 31.879313 31.881298 32.833179 30.273838 
7.715608 32.779488 17.346622 17.339338 2.074545 25.110174 0.464905 0.275944 0.055461 0.013554 0.011861 0.036489 0.114976 0.121625 25.776728 1.761199 1.779294 2.011674 29.503466 1.256085 1.181313 0.706858 0.445378 0.009348 0.163542 0.154006 0.049739 0.106921 0.349311 0.508053 30.091906 0.241659 0.087408 0.033328 0.027251 0.028352 0.130585 0.265058 0.704433 6.731649 
7.529425 0.368482 0.971580 1.148503 1.145686 32.701252 0.275565 0.272015 0.058110 0.014504 0.009431 0.026857 0.103210 0.129413 6.341026 7.060810 6.618960 5.709888 27.973661 6.104227 6.060536 3.829446 3.811101 21.750082 0.166816 0.163902 0.084102 0.138397 0.640146 0.807341 30.087435 0.229625 0.075910 0.022325 0.013372 0.023570 0.074139 0.207973 0.700888 6.698126 
6.963204 0.361700 0.346955 0.498734 0.887454 20.897127 1.514278 1.137913 0.060864 0.020855 0.010576 0.018985 0.076769 0.102108 6.224997 10.041863 9.935483 8.898174 23.216337 7.724267 6.255517 6.907207 7.073917 23.922127 14.195726 29.470760 27.217592 28.403017 25.938683 25.925472 29.408506 0.031447 0.026649 0.010532 0.008784 0.014859 0.027086 0.054154 0.066797 6.252457 
2.897273 0.145989 0.136916 0.289109 0.878382 20.877388 8.994004 8.995376 32.803658 0.019505 0.016825 0.014246 0.041967 0.045266 15.580943 23.015692 20.646790 13.968047 26.163773 22.027311 14.682524 11.929478 11.984118 25.377029 14.955915 12.271803 11.913175 5.678322 5.510578 9.908853 1.066806 0.206655 0.038316 0.011841 0.015184 0.022430 0.020053 0.020073 0.026891 0.022833 
0.021731 0.043716 0.042822 0.055037 6.400520 9.487624 3.907306 3.897145 4.211202 0.034472 0.057859 0.068782 0.304736 0.562763 8.386708 10.687159 18.364382 24.335035 29.036961 28.076180 29.884241 17.535828 17.570204 20.299524 21.024036 12.116822 11.915973 5.619239 5.252309 9.909801 1.061697 0.202418 0.036742 0.017287 0.024876 18.582619 0.023345 0.015746 0.011061 0.011003 
0.011876 0.013306 0.017003 0.033988 0.054209 0.086409 3.891609 4.193165 4.209644 26.457417 0.561138 0.569786 1.057130 1.648384 8.725823 9.117179 23.447983 28.514208 31.117128 30.875166 30.993362 23.595886 23.586605 24.859365 26.717012 16.533449 20.353592 5.627448 5.629283 31.216711 0.053057 0.046704 0.019050 0.029687 0.083406 31.533642 0.078785 0.025067 0.007558 0.003917 
0.005659 0.007908 0.012351 0.022043 0.042108 0.060759 10.505163 14.272740 14.267140 8.138272 1.025614 1.936227 2.586614 3.584693 10.399049 13.060389 15.456503 26.854420 32.142303 32.109974 31.645489 27.621254 27.583609 28.547215 29.452711 26.260092 30.134470 17.763298 7.688854 7.969794 0.118267 0.048739 0.019077 0.023759 0.031355 18.604473 0.018939 0.011344 0.003659 0.001459 
0.009136 0.015586 0.019250 0.027091 0.033315 0.045034 6.015345 6.954927 7.171052 7.176531 19.004210 5.621017 5.796852 7.098228 11.635331 21.505045 17.333504 26.381916 32.550255 32.569313 32.538738 30.825144 30.874001 30.769627 31.937975 32.280136 31.115517 28.464304 21.210085 12.639485 0.038589 0.035829 0.027150 0.036597 0.034063 0.020479 0.018584 0.006702 0.002090 0.001006 
0.022953 0.029871 21.806396 0.047872 0.040961 0.063289 0.139717 1.321486 6.922230 7.172765 12.741799 13.174352 12.001637 13.064176 17.418488 18.492819 24.541344 32.824207 32.810276 32.787125 32.673664 31.880079 31.717127 32.508957 32.577946 32.274288 31.212389 28.721409 23.609306 15.668940 0.081666 0.037666 0.049147 0.051822 32.848061 0.012674 0.010007 0.003846 0.002279 0.002525 
0.056835 0.116714 31.550470 0.123516 0.063598 0.063345 0.126018 0.144844 9.451790 8.748766 13.283812 17.403498 18.207602 19.345907 22.934402 23.820602 29.644703 31.678757 32.522747 32.775803 32.848686 32.525265 32.581818 32.783432 32.692543 32.264809 31.367384 29.051083 24.653917 28.009996 24.753319 22.235155 0.081479 0.079717 0.048306 0.011901 0.005326 0.003916 0.006399 0.009471 
0.060421 0.067364 21.854504 0.077949 0.071006 0.072137 0.169266 0.162280 4.891754 12.702607 19.183352 23.885706 25.362719 26.059694 28.077553 28.495001 30.905811 32.085693 32.632446 32.794426 32.882195 32.823914 32.871330 32.824966 32.766281 32.675797 32.403431 32.290253 26.608555 13.078340 12.265356 5.105525 1.480417 0.558246 0.045649 0.005450 0.004155 0.009831 0.020388 0.021301 
0.070799 0.085976 0.076871 0.084943 0.093856 14.802348 22.047056 23.786587 9.269153 9.210975 18.156797 24.679506 28.089695 29.356655 30.607632 30.958149 31.885973 32.482388 32.755039 32.840027 32.889309 32.878551 32.883560 32.867859 32.671688 31.938656 31.240858 27.411772 22.663765 16.319891 10.848304 5.235180 2.796223 0.624471 0.049580 0.004144 0.009407 0.035512 0.048323 6.254289 
3.325957 0.080092 0.069957 0.126674 0.345437 17.505692 13.207302 13.116039 8.739570 8.739933 22.445957 31.684021 31.436945 31.730595 32.155800 32.304993 32.592896 32.724869 32.830318 32.869980 32.890316 32.895344 32.877186 32.808277 32.638153 32.125748 30.605413 27.449999 22.811874 16.545759 10.108607 4.771097 1.725226 0.602614 0.044879 0.006238 0.028933 0.161349 0.736497 6.883705 
3.276248 0.059688 0.049774 0.109402 0.327026 17.505697 13.224582 13.116699 8.763156 8.817653 19.089071 23.082846 30.203257 31.895283 32.367683 32.543732 32.706051 32.818108 32.872330 32.887112 32.894501 32.895672 32.880508 32.847878 32.752922 32.547081 32.076462 31.318157 29.157967 24.568981 17.057276 5.688714 0.171701 0.163977 0.014234 0.005984 0.030742 0.165248 0.741993 6.924775 
0.020933 0.027230 0.021518 0.037566 0.043184 25.161596 27.087305 27.111917 31.143240 22.217159 20.603104 21.374615 25.940430 31.737215 32.428036 32.746281 32.849823 32.852375 32.880276 32.889385 32.902950 32.890453 32.875431 32.815887 32.621815 31.737631 30.443754 28.985945 24.310181 19.423731 11.917635 4.271287 0.233402 0.221060 0.023539 0.005010 0.012171 0.017420 29.406572 28.573713 
0.010744 0.009420 0.011285 0.026814 0.045914 0.300647 0.377757 0.959547 2.574112 5.666698 10.228562 16.795626 21.254412 25.952919 29.356556 31.336428 32.255146 32.676620 32.818298 32.867683 32.888470 32.881153 32.814499 32.687332 32.360058 31.573557 30.519300 27.477909 22.756779 17.648922 12.624714 12.832829 0.105731 0.093324 0.016532 0.008206 0.023284 0.087784 0.333808 0.523332 
0.003567 0.003898 0.007369 0.010039 32.840580 0.295044 0.290217 0.830913 2.560176 5.711899 9.873046 14.940247 20.754997 25.631769 29.095882 31.142250 32.109852 32.575764 32.750370 32.840614 32.881824 32.881340 32.799198 32.624691 32.213890 30.867479 28.149897 23.936731 17.886395 13.566542 8.989749 7.360022 0.926038 0.249405 0.052665 0.021837 0.038126 0.090728 0.328612 0.407026 
0.003562 0.004433 0.010799 0.035660 0.083482 16.070183 0.656850 0.646436 1.775736 3.988451 7.401603 11.698889 16.852980 21.735159 26.264191 29.489925 31.151390 32.188778 32.518280 32.747715 32.858456 32.864479 32.773479 32.510845 32.042904 30.222246 26.862356 23.497942 18.624231 16.923756 8.177547 7.383266 0.938122 0.409141 0.216440 0.061510 0.064462 32.727615 0.813196 0.834199 
0.010602 0.011307 0.015616 0.040222 0.086378 25.636480 0.233934 0.190849 0.832736 2.439082 4.964422 8.366206 13.039109 17.859480 23.441076 27.496029 29.934843 31.507143 32.090302 32.582287 32.792545 32.786350 32.563740 32.249367 31.874004 30.875999 30.079416 30.193922 25.696535 11.749662 11.040482 11.050776 25.508976 0.896725 0.890717 0.064510 0.455839 6.609916 7.208654 5.727325 
0.022369 0.039530 0.039180 0.078371 0.090137 22.641565 0.214636 0.200053 0.424648 1.328392 3.046634 5.530493 9.539127 13.968611 20.338964 24.586237 27.975634 30.095430 31.275732 31.542658 32.565868 32.596481 32.250687 31.496616 30.152481 27.946997 22.596878 16.482689 10.332238 22.318735 23.958485 19.383106 14.025245 18.143948 18.148932 32.806908 6.978282 6.966161 7.258412 5.881516 
6.161482 0.126913 0.115506 0.297446 0.643449 7.530090 7.472586 9.025498 0.684065 0.659628 1.557996 3.281378 6.667544 10.806551 17.472954 20.880819 25.353691 27.454184 30.282967 29.712366 31.874092 32.154118 31.446888 29.609512 27.782324 27.715130 22.870834 16.191053 9.580112 8.042735 6.520145 7.934947 13.084464 0.945436 0.894230 0.083341 0.519331 0.745451 0.913012 7.297118 
19.853251 0.196816 0.153397 0.706598 1.083866 7.537367 7.682937 24.167305 0.148079 0.105383 0.522280 1.698653 4.655767 8.813518 14.714420 16.370699 22.070082 23.285044 26.070885 27.706921 31.702370 30.730860 29.972618 26.421268 23.014095 22.219172 23.800163 14.736050 3.719468 3.635610 2.324130 2.297745 27.348696 0.223916 0.218998 0.080341 0.180936 0.399146 1.056263 7.212685 
21.609068 23.353437 28.745174 25.524668 25.519079 29.872063 11.008546 7.841733 0.061828 0.050772 0.172669 0.909228 3.672418 8.131120 11.209664 11.807274 16.421019 16.470778 22.159771 23.820221 28.953697 28.750341 28.181240 21.329622 17.880795 17.021357 15.608824 3.007997 3.062279 2.197963 1.012482 0.575184 0.063906 0.064518 0.054966 0.038946 0.084762 0.275427 1.061451 7.251969 
18.481371 15.116249 0.717996 0.760390 0.658144 0.345945 10.085114 2.104588 0.066621 0.055687 0.246935 0.964348 3.745328 7.253122 7.157688 8.013878 9.234602 11.280782 17.434778 20.529806 22.600229 25.351994 28.814850 17.997574 11.876276 9.125454 5.355767 2.842502 1.411452 0.760934 0.327624 0.207660 0.058955 0.038005 0.037996 0.041603 0.052552 0.057819 29.447821 28.352859 
18.560671 15.117415 0.656634 0.343687 0.248373 0.259891 24.187632 0.299584 0.305617 27.731997 30.469835 30.396036 27.844309 3.957680 3.874854 4.968828 6.420165 8.009827 14.270927 19.767441 17.931879 16.333670 24.324759 13.546629 17.857685 7.655511 5.407974 2.782669 1.422380 0.787055 0.517912 0.413150 0.062216 0.053661 0.056332 32.849228 0.042593 0.039921 0.023909 0.168431 
23.399197 31.610254 0.088220 0.083808 0.065716 0.070019 0.043819 0.138694 0.134708 0.030333 0.134249 0.153308 0.083288 3.988578 2.012061 2.235653 4.970751 5.685507 17.615007 10.236874 15.264637 9.805798 26.098581 10.145789 8.305212 7.220310 6.007480 2.880807 5.418631 31.213083 28.884436 28.886538 31.773670 0.043205 0.039962 0.012280 0.020637 0.015844 0.018664 0.051666 
19.858873 0.037972 0.037076 0.023744 0.021368 0.029400 0.032118 0.044334 0.040344 0.025399 0.055077 0.073902 0.076527 32.276031 0.890175 0.886365 2.121134 2.195243 18.862020 4.354747 4.213195 4.319658 25.901445 6.808103 5.833931 4.070728 4.091885 31.914097 0.130758 0.129079 0.360997 0.333069 0.035891 0.026780 0.017443 0.009615 0.007005 0.004803 0.005869 0.012141 
5.795948 0.030823 0.019399 0.013367 0.021904 0.036974 0.046550 0.027980 0.017887 0.011922 0.016707 0.022086 0.026125 0.008142 0.046359 0.078112 0.371575 0.376855 31.788111 4.151921 4.156718 4.148097 22.948727 4.116824 1.699919 0.803648 0.306535 0.061695 0.091537 0.102417 0.136302 0.110332 0.032634 0.016435 0.011723 0.008699 0.004937 0.002823 0.002274 0.003101 
0.020856 0.019382 0.010501 0.011951 0.019915 0.884686 0.088998 0.038112 0.025165 0.013364 0.009190 0.007414 0.007339 0.005518 0.007800 0.021684 0.097851 0.253791 28.073223 1.455626 1.246621 0.663886 0.387466 31.601030 0.140073 0.137402 0.065594 0.059065 0.088236 0.119173 0.070838 0.040364 0.020057 0.019469 0.014390 0.018746 0.010761 0.007337 0.004679 0.003778 
0.009415 0.006572 0.004998 0.009950 0.020034 11.513660 30.634132 11.403181 0.026636 0.016030 0.015630 0.008223 0.004091 0.002616 0.004547 0.018177 0.077002 0.226516 28.065308 1.487396 1.250439 0.205696 0.110008 0.108114 0.142079 0.146547 0.092834 0.069930 0.090210 16.360794 0.050337 0.033492 0.027795 0.030463 32.847649 0.016150 0.013431 0.023395 0.017210 0.012757 
0.002353 0.001836 0.002598 0.008073 0.015925 0.860117 0.079197 0.034009 0.036717 32.848637 0.019819 0.017148 0.007547 0.003111 0.002997 0.008892 0.026306 0.034191 12.964601 25.840221 16.598341 0.104156 0.094846 0.105494 1.498048 10.522918 26.216272 13.216979 3.188958 1.672872 0.056142 0.049242 0.050249 0.033181 0.067371 0.070167 32.847630 0.050043 0.047365 0.024714 
0.000489 0.000491 0.001169 0.004472 0.013348 0.014972 0.035244 0.023834 0.031082 0.037574 0.046796 0.022104 0.016189 0.007474 0.005120 0.009937 0.020511 0.027840 0.030123 0.075320 0.026413 0.064373 0.212657 0.894814 15.451025 0.909459 0.246047 0.064706 0.048791 0.051917 0.069285 0.054210 0.056933 32.848419 0.064632 0.061947 0.014429 0.043396 0.055447 6.336189 
0.000093 0.000124 0.000380 0.001447 0.004248 0.007101 0.009692 0.008806 0.016041 0.034904 0.039874 27.595734 0.024340 0.019380 0.013528 0.023746 0.032362 0.030469 0.022307 0.025367 0.017015 0.042960 0.195456 0.871540 15.503579 0.897963 0.218076 0.053836 0.032077 0.045099 0.050077 27.622484 0.097244 0.092172 0.048342 0.024895 0.011756 0.017353 0.029467 0.028239 
0.000019 0.000033 0.000115 0.000415 0.001154 0.002044 0.002768 0.004523 0.015072 0.053532 0.135342 31.414518 0.135679 0.053927 0.028154 0.039979 6.310589 0.028951 0.017056 0.010145 0.007179 0.016222 0.054845 0.088891 21.061747 0.098399 0.064330 0.023422 0.022547 0.058850 0.140980 31.403170 0.172110 0.089500 0.031159 0.010658 0.004791 0.005954 0.011185 0.016318 
