0.001898 0.010185 0.055710 0.896660 1.262641 1.611703 6.405063 22.316597 39.911285 53.213974 65.624580 76.503349 87.721420 97.639297 108.690872 119.117561 126.190979 132.983276 140.517136 227.896881 228.294968 222.661240 216.067780 209.033768 202.162262 194.816299 186.435410 173.634705 148.902908 104.304291 59.544506 31.353146 15.624808 6.774482 2.110405 1.628067 0.357469 0.066551 0.028922 0.018403 
0.010435 0.042352 0.076098 4.365694 2.496229 2.512221 6.398130 20.637150 37.300858 51.382786 64.535339 76.052002 87.791977 97.708443 110.011185 117.135742 123.883423 135.033768 143.136887 255.258621 230.415695 224.583496 216.549622 209.066376 200.048538 188.394318 170.702454 141.043884 100.609016 63.219837 43.908798 31.202774 22.400249 15.913140 9.142978 3.985138 0.899463 0.232357 0.186279 0.148308 
0.073840 0.340842 1.578151 5.265469 2.619882 2.616707 5.802572 40.255505 45.222012 55.089756 66.237305 76.920181 88.438622 98.473991 110.442825 119.822502 130.096558 138.541824 145.060425 219.917923 231.500519 225.947540 218.229568 208.961380 198.046417 183.207809 161.884995 130.639832 91.098213 61.033955 44.143066 31.070267 22.490736 16.343323 9.808191 5.245578 2.039450 1.013376 0.252058 0.189393 
0.403323 1.340545 4.454455 5.279110 4.815514 4.289845 10.860821 52.111221 53.795410 60.862335 70.294357 79.892975 90.447250 100.152145 111.578445 122.331886 133.448441 141.121719 147.972809 250.613586 235.980240 229.296768 220.651123 210.927246 199.843079 185.030197 164.603180 135.489899 96.897614 71.704346 50.585033 37.228184 18.126320 11.173214 9.487175 6.155392 5.972072 4.319731 0.904561 0.227784 
2.028376 4.425317 13.013221 15.722375 11.380812 9.197955 12.910753 56.404644 59.824173 66.091019 74.290192 83.467888 93.826332 102.936478 113.480209 124.516953 136.320023 144.905334 152.004211 240.922989 239.660095 233.175125 224.287964 214.813919 203.669250 188.966934 169.589859 140.704086 99.751442 76.962570 59.467464 36.779812 15.285850 10.767107 9.274469 6.396680 6.532557 4.796989 0.930779 0.674411 
5.707367 4.538064 15.299056 17.705555 15.921432 13.595934 14.544159 38.390205 68.087051 72.496529 79.503250 86.927681 95.344475 107.675102 118.878143 128.793137 140.759171 148.849136 156.665909 272.092041 244.697479 237.738174 228.817642 219.340286 208.940750 196.614838 180.311707 156.269302 112.937935 92.986160 81.241882 73.029190 30.465950 23.275913 30.105064 50.561710 59.185638 62.527542 8.122623 7.974069 
21.091991 7.437797 22.765360 23.287809 27.444220 16.761187 16.275154 19.000168 58.547108 74.785164 83.902313 91.717331 100.981827 109.848946 120.989479 135.571152 147.776993 156.035706 165.023300 259.103851 248.966949 241.870224 233.399368 225.198318 217.028458 204.110474 189.247147 163.850891 128.902008 110.886566 101.884056 92.125542 85.233292 78.270737 70.895821 62.560165 53.196983 41.846405 28.893438 15.679145 
25.596003 48.671852 25.664591 26.349855 27.654634 23.393755 17.625622 19.242727 44.036186 70.992386 86.973190 96.821152 106.973785 115.565201 127.082405 140.699524 156.187424 164.765579 173.975601 255.192017 254.666595 248.125473 240.793839 229.109406 220.077347 210.010193 189.850647 158.414383 129.328629 113.363953 101.607979 92.382492 85.546722 78.662315 70.990677 62.659763 53.227348 41.764122 29.126446 16.324377 
31.099644 48.238674 37.648518 29.689493 30.182238 32.777191 26.930536 24.932673 43.945137 66.486847 86.652390 100.788818 112.976570 123.221786 134.248184 147.755585 162.800140 172.769241 185.488770 280.968719 260.776093 254.407303 246.569748 238.234848 226.710922 207.488800 182.633255 149.659851 127.209511 115.788002 104.048065 98.422562 93.084846 86.463852 80.094635 73.216377 66.607941 62.525391 58.298923 48.273106 
111.877937 114.991623 116.248085 98.103714 71.093025 64.319489 50.543594 47.022141 50.092758 79.810028 94.894714 108.197632 121.583977 131.726898 142.887650 158.654419 174.530228 188.086456 204.789642 275.903076 267.751190 260.145844 252.488342 239.574371 222.815292 191.650375 161.807434 140.641296 128.960770 119.968697 111.711510 104.133545 98.548485 92.465897 87.211830 82.767273 83.719070 78.262367 78.347710 74.943375 
115.308365 116.128204 117.574280 119.665176 119.252937 123.078423 127.498871 117.292259 139.022171 134.588806 127.032166 127.988312 137.294281 146.906677 160.861801 177.474289 192.236847 208.701309 227.262177 294.798523 279.223480 267.774750 258.061279 239.946564 209.313004 180.070602 160.157654 142.709457 131.997955 124.003975 117.216835 110.286827 105.131302 99.678078 94.845482 88.909203 86.279045 82.778862 78.333138 75.467842 
115.490067 116.301788 117.703667 119.872498 122.466812 127.397804 132.266861 139.662201 147.106995 155.219177 160.909668 164.515060 167.274261 172.104706 184.082748 199.214890 215.484772 230.974976 251.255325 303.699280 290.677460 277.449493 263.808350 239.034698 211.732132 188.328934 160.548798 146.380112 138.273621 126.459251 120.710617 115.296082 109.253563 104.024323 99.157494 94.678261 91.344971 86.401154 82.097427 80.049278 
119.195915 119.602966 121.370201 123.796684 126.800247 130.486725 134.589310 142.678574 150.192368 158.773895 170.804947 187.380432 199.702545 205.923737 215.254379 226.621094 245.885208 256.128204 280.685120 312.298401 304.726990 289.262939 272.680084 244.429977 218.255783 185.498749 165.242355 149.521698 140.436981 133.029572 126.196106 120.087555 114.102898 108.801018 103.405121 97.367752 94.246277 90.661835 86.878235 85.362335 
124.403046 125.210915 124.573608 126.509865 129.587372 132.975632 137.844940 145.360977 153.823959 162.606155 174.193787 191.697021 208.034348 223.785522 237.700073 250.341766 264.393372 280.991760 300.333527 317.535095 318.667175 303.257385 282.967377 249.208298 219.156860 192.310608 171.963409 158.427490 146.477570 136.407990 129.115219 123.181717 116.435387 111.638947 107.162079 106.078392 99.260170 96.218285 93.057846 91.961433 
132.026749 132.955872 133.449524 134.236069 136.469345 139.227005 144.233154 150.654175 158.154846 167.651108 180.222168 194.609177 210.649323 227.528107 244.548035 259.281555 275.439087 297.737030 313.903931 322.846130 323.667633 314.439331 292.369568 258.006287 226.145676 198.841492 177.926926 163.054443 151.090332 141.754364 133.788620 127.912971 121.924927 116.039261 110.479790 108.073235 104.872040 101.781258 98.967201 98.051491 
140.764038 142.089645 142.656830 144.364792 145.828552 148.616089 152.370132 157.640854 164.134735 175.651047 187.460815 201.071548 216.210022 232.012527 248.101852 264.216187 284.389893 306.778534 320.430725 324.923370 325.410217 321.628174 299.849762 267.621094 235.401627 206.548492 184.907440 169.350204 157.622925 149.173813 141.577316 134.392487 131.029099 126.595192 121.547081 114.080162 111.626984 108.709145 106.355446 105.904617 
150.378311 151.217194 150.065918 151.796844 154.128159 155.667572 160.842758 164.406540 172.298874 183.174011 194.752090 208.066483 222.683838 237.732666 252.879150 269.260468 291.298798 313.693207 323.337067 325.733887 326.025391 323.087952 310.675446 283.848572 251.303207 221.910583 198.932327 182.856873 167.616425 160.773743 155.163300 150.849472 139.657715 134.158340 127.302055 121.477425 119.352737 116.234802 113.696960 112.190910 
159.627701 161.291733 165.103699 163.748352 165.318359 165.220032 169.732269 172.803955 181.833679 191.191071 201.401978 213.841888 227.585342 241.964600 256.676453 273.775970 297.764648 317.871155 324.610535 326.110992 326.448853 325.119995 319.796722 305.517120 273.532562 243.959702 220.925446 202.984009 189.494888 175.548096 167.703400 157.903564 147.420349 140.724915 133.771667 128.798721 126.375435 123.061913 120.536957 118.815407 
165.569839 167.893005 171.672913 172.120956 173.209976 175.534424 178.037918 182.749161 189.419632 197.228378 206.843552 222.609772 236.016922 249.792786 264.311554 283.199341 307.149933 321.906586 325.554901 326.406677 326.668365 326.333771 324.809875 317.951447 302.448761 274.836456 251.797256 230.019440 210.828918 193.873108 181.442825 168.756210 159.684631 151.490982 144.834030 140.163422 137.411850 133.590256 130.773438 128.544144 
171.289764 173.260681 176.497482 177.773834 179.253159 181.320419 184.205399 189.099228 195.592133 203.297775 213.231537 226.168503 239.947601 254.923401 271.621826 292.817566 314.657928 324.767456 326.265533 326.650909 326.783264 326.684021 326.178314 323.753601 315.049866 296.752655 275.073364 250.341507 227.117188 207.497055 192.219315 176.648529 166.515640 158.688751 151.916168 147.169067 143.943039 140.266190 137.272797 135.853622 
177.074875 178.556320 181.242645 182.981903 185.414551 187.703598 190.952515 194.876953 200.505264 209.420380 221.072861 233.854919 250.546982 280.710541 305.929230 320.420258 323.711334 325.672943 326.511841 326.741089 326.793152 326.786591 326.623993 325.964325 323.530396 313.803925 296.990692 274.455109 248.965042 225.664795 205.802017 187.862381 175.232727 166.173401 158.591034 153.468964 149.732651 145.811371 142.937363 141.673370 
184.053818 184.528122 186.621292 189.556503 190.552734 194.501907 199.386627 205.360916 213.955627 228.428177 243.324158 258.838409 269.347412 286.463043 300.671967 311.379578 318.874786 323.510071 325.848114 326.562256 326.753632 326.785675 326.670471 326.335449 325.616760 324.145325 319.565582 310.557526 298.648560 291.510773 303.206970 290.985229 283.290405 291.662903 270.116211 239.802429 226.931900 233.049911 196.497742 224.347641 
229.273392 239.104538 228.032898 208.598648 186.945984 162.824692 145.106995 147.446106 154.178284 165.826355 182.913757 205.856445 234.514938 263.228363 286.319092 302.318848 313.076050 320.168732 324.604370 326.194366 326.603210 326.650726 326.282654 325.526001 324.427551 324.193909 319.524872 299.676880 263.292816 223.579910 203.277054 190.885544 180.600708 171.413620 165.888367 161.562820 158.835464 161.153076 164.963867 160.710342 
194.952286 210.594574 147.188309 121.477486 116.720520 118.303726 121.943810 127.535355 134.754135 143.471146 155.277588 172.299469 197.061508 228.860916 261.849579 287.645142 304.586975 315.091553 321.797668 325.173737 326.103790 326.202484 324.960846 321.770416 319.595184 315.028931 287.520874 256.526642 226.653687 200.143539 188.018509 178.363083 169.071808 161.143784 156.923447 152.586502 149.387039 150.955460 160.148941 155.162674 
175.143936 200.411499 118.172813 106.488503 106.789200 108.472656 111.153458 116.186890 121.309113 127.104065 135.258362 147.174103 165.549622 192.903671 229.782700 266.495026 293.658691 310.289062 319.241638 323.657043 325.217804 325.011505 320.277008 315.750214 311.897308 295.536682 265.373444 235.814697 205.422729 189.144470 177.659332 167.884460 157.672211 151.517868 146.998138 143.307251 140.128098 140.190598 151.580078 144.557037 
150.883575 185.181839 98.369171 93.944992 95.029655 97.106010 100.356071 104.998039 108.331856 112.612663 118.873070 127.650421 140.611832 160.504608 192.568069 234.580658 275.677887 302.994385 316.091522 322.011963 324.153931 321.508698 314.773163 309.096161 302.922180 287.538147 256.166962 220.828110 197.491562 181.735123 168.508392 158.598282 149.194855 141.175339 133.868469 126.414970 128.532318 129.829422 138.401215 131.604935 
123.187187 165.095352 87.232674 85.705818 87.537773 89.826080 92.510033 95.682152 98.676399 102.299927 107.475639 114.118523 123.231300 136.792053 159.851913 194.845200 246.175858 288.255219 312.173767 320.432770 322.670868 315.379547 306.032379 302.677765 297.294464 285.696686 257.548187 210.649857 186.133224 170.651901 157.612976 147.673340 139.202164 128.903061 121.649277 113.282692 110.168930 114.428589 128.316376 116.357803 
104.274498 153.304031 80.629936 79.523933 80.972939 83.652641 85.950104 88.514122 90.115479 93.456131 97.863037 102.707207 109.006187 118.108315 132.184082 150.083527 196.420486 234.835739 285.872742 313.464600 321.229858 304.706879 299.276154 296.179321 291.871796 281.762939 251.824158 201.200623 173.288605 154.349121 138.957138 129.169373 121.633667 119.139870 113.320724 104.929565 97.043015 99.143044 115.166656 104.696129 
84.731476 117.195824 71.919495 73.044952 74.799263 75.435036 78.760002 80.499779 81.771851 85.421432 89.019318 91.994202 96.377426 102.215118 107.212708 107.445839 110.871246 114.194031 170.245148 262.629639 319.162933 298.858795 295.147186 292.907104 290.206024 282.366150 248.303635 194.443466 162.345444 140.269638 124.152451 112.918121 104.761620 102.322815 100.083725 93.111198 83.793053 82.479530 95.851120 90.730713 
63.522778 70.737747 63.838081 65.705788 67.879150 69.469742 72.875801 71.721886 73.970779 78.438087 80.263603 81.291069 84.717018 86.627563 81.593498 73.174248 62.193432 57.900452 65.428780 116.363892 308.477905 294.544556 291.784698 289.414917 286.763947 279.184143 251.768906 198.128830 156.726303 130.383682 113.639290 102.227798 93.156891 86.667931 87.971695 85.284325 72.017937 69.454430 60.051235 67.908005 
50.575264 46.530479 57.157539 58.910007 60.746605 63.859501 63.856628 64.628258 67.388374 68.188416 68.962799 70.327827 68.303963 67.165054 59.341236 52.818672 48.881737 47.619041 48.670597 57.049496 285.654907 291.264801 288.881226 287.051300 285.548035 279.557343 256.720917 195.235550 146.672073 118.867226 101.721550 91.085144 81.920021 74.200783 71.392860 62.541748 62.554478 58.544262 52.839840 53.758484 
37.936581 32.701077 46.273739 50.862724 53.379433 56.694454 56.339451 58.605904 61.303261 60.436832 61.453346 61.682922 58.566944 57.413574 49.037098 45.405388 44.170418 44.025871 44.805237 47.686794 211.691452 288.025024 286.573486 284.597290 282.259552 277.323914 260.480957 193.637054 126.796158 103.323311 91.770691 82.196442 71.359207 66.236206 61.036076 54.530567 57.268837 49.963402 47.642075 40.534519 
27.380096 30.476955 34.744846 42.958508 44.966393 48.140530 49.892998 51.792717 51.930931 53.750675 54.886917 52.224083 51.556747 45.922894 41.478626 41.526272 41.915054 42.473614 43.334270 45.217663 129.961411 283.954346 283.775421 281.110748 275.749512 262.136505 221.387787 109.855240 90.384209 82.684044 83.578972 77.380356 70.474342 64.640846 56.450218 50.987541 44.785404 41.399281 37.777649 32.002193 
11.759359 27.884079 28.004333 33.498497 32.629181 38.503746 37.950241 39.337330 41.605640 45.192299 45.901398 44.420856 42.193100 40.511688 40.538364 40.874527 41.403416 42.030155 42.909882 44.229401 91.932068 279.411743 279.408844 275.028595 257.906403 216.150818 123.216209 58.313789 51.878517 53.730289 68.066978 73.652695 66.054497 59.255924 51.890774 45.029888 41.322517 35.237705 32.474262 24.639248 
1.245395 5.958273 10.511814 18.182796 18.748135 23.816311 23.430841 29.377085 36.688736 42.830673 41.970863 40.515656 39.675579 39.699501 40.028530 40.572517 41.173500 41.933216 42.815929 43.665245 76.402847 275.468567 273.373230 255.547760 211.780487 138.739624 62.033085 32.166164 26.086229 26.437490 32.391689 51.695564 63.130417 56.563572 47.329239 36.861588 33.676296 25.153309 22.733229 12.735914 
0.472357 1.581737 3.719494 7.962305 8.170706 7.956204 15.276065 30.496729 39.007565 44.721169 39.184124 38.636425 38.771004 39.188519 39.778572 40.456001 41.113537 41.811035 42.622028 43.384350 70.783157 270.434052 260.671600 223.310196 153.393539 65.241684 34.518112 24.283327 21.636820 19.951387 18.566732 17.047020 16.442902 15.674031 24.854939 29.547951 32.420410 15.692422 15.287134 7.264400 
0.073375 0.242353 0.771232 2.246694 3.089152 6.066056 21.983709 36.673656 38.985500 38.428013 37.699112 37.858475 38.468430 39.109615 39.822754 40.527721 41.138424 41.772800 42.554695 43.208267 57.358047 262.906372 242.510529 177.433151 82.145714 40.910854 28.081369 22.473043 20.870558 19.755907 18.679358 16.767202 15.599470 12.870386 11.843643 11.945574 2.017211 4.980807 5.016913 6.367641 
0.009268 0.034834 0.154178 0.684111 2.478521 5.994169 15.423153 30.765680 38.810795 36.733486 37.209583 37.607777 38.538582 39.260071 39.992641 40.583923 41.092140 41.774017 42.506443 43.055820 51.771111 250.128937 208.551208 126.944290 58.306362 34.954388 25.862448 21.786819 20.442333 19.546236 18.998610 17.636227 17.284590 14.304136 11.614969 11.459718 0.982093 1.047311 1.042625 1.048167 
0.001159 0.005569 0.033756 0.206667 1.139610 4.877799 12.162840 15.630535 22.179211 36.404408 36.912968 37.146454 38.990314 39.353035 39.949566 40.387005 40.913563 41.571136 42.304432 42.820568 48.277443 241.438690 187.808975 103.088127 47.452152 30.777473 24.619019 21.177952 20.014404 19.239519 18.743778 17.590687 16.895853 16.297968 8.145682 4.526266 0.957419 0.254594 0.142178 0.039985 
0.000172 0.001057 0.007664 0.052949 0.322995 1.591136 5.369934 9.461487 15.147608 29.931931 34.755753 36.421387 37.726929 38.541470 39.425747 39.914879 40.377995 41.166752 41.914146 42.429958 45.963242 230.993713 163.417496 84.947601 37.728401 28.591827 24.310249 20.892181 19.779144 18.990023 18.441607 17.915207 17.398563 16.236450 5.203962 1.660407 0.346828 0.066581 0.020594 0.006264 
