0.000000 0.000000 0.000000 0.000000 0.000000 0.000000 0.000000 0.000000 0.000000 0.000000 0.000000 0.000002 0.000013 0.000104 0.000738 0.005015 0.187177 0.017680 0.013720 0.015780 0.019930 0.000536 0.000290 0.000092 0.000066 0.000054 0.000024 0.000017 0.000002 0.000001 0.000000 0.000000 0.000000 0.000000 0.000000 0.000000 0.000000 0.000000 0.000000 0.000000 
0.000000 0.000000 0.000000 0.000000 0.000000 0.000000 0.000000 0.000000 0.000000 0.000000 0.000002 0.000013 0.000099 0.000746 0.004245 0.007976 1.727692 0.097923 0.092626 0.266713 0.020955 0.005012 0.003040 0.000929 0.000746 0.000630 0.000274 0.000210 0.000016 0.000006 0.000001 0.000001 0.000000 0.000000 0.000000 0.000000 0.000000 0.000000 0.000000 0.000000 
0.000000 0.000000 0.000000 0.000000 0.000000 0.000000 0.000000 0.000001 0.000001 0.000004 0.000020 0.000107 0.000757 0.006407 0.047466 0.316724 2.069732 1.638463 0.154506 4.200987 5.588162 0.052580 0.032515 0.009015 0.008063 0.007003 0.002927 0.002619 0.000173 0.000056 0.000008 0.000012 0.000000 0.000000 0.000000 0.000000 0.000000 0.000000 0.000000 0.000000 
0.000000 0.000000 0.000000 0.000000 0.000000 0.000003 0.000004 0.000002 0.000017 0.000038 0.000194 0.000731 0.003860 0.034426 0.243649 1.036164 2.086540 2.076557 0.209060 7.960542 8.046817 1.511310 0.309096 0.072522 0.075542 0.067504 0.026491 0.025820 0.022777 0.003082 0.000813 0.000799 0.000043 0.000000 0.000000 0.000000 0.000000 0.000000 0.000000 0.000000 
0.000000 0.000000 0.000000 0.000000 0.000000 0.000021 0.000004 0.000004 0.000225 0.000356 0.001838 0.004747 0.008516 0.106717 1.360344 5.854722 9.324293 9.298315 0.361099 8.086649 8.088024 2.970647 1.437087 0.421210 0.581260 0.535095 0.191863 0.130415 0.103562 0.094405 0.002042 0.000117 0.000024 0.000003 0.000003 0.000000 0.000000 0.000000 0.000000 0.000000 
0.000000 0.000000 0.000000 0.000000 0.000001 0.000033 0.000034 0.001519 0.002797 0.002836 0.017014 0.035849 0.183615 2.838022 2.545308 15.303572 22.396345 22.288692 7.504118 16.229992 16.258101 10.208734 7.239633 1.895739 3.307266 3.126575 1.041402 0.223487 0.107542 0.104273 0.027546 0.000164 0.000024 0.000003 0.000003 0.000002 0.000000 0.000000 0.000000 0.000000 
0.000000 0.000000 0.000001 0.000001 0.000009 0.000037 0.000159 0.000233 0.001608 0.015446 0.141625 1.062765 5.489677 5.544525 4.252585 28.443048 29.340813 29.939770 142.660797 23.351015 23.110241 19.293896 13.138390 1.930829 11.227417 11.117412 3.542710 0.687896 0.146797 0.120669 0.032586 0.001226 0.000118 0.000010 0.000001 0.000000 0.000000 0.000000 0.000000 0.000000 
0.000000 0.000001 0.000000 0.000003 0.000010 0.001544 0.000232 0.000233 0.002369 0.026776 0.183842 1.252465 5.597430 6.041993 8.149495 33.996544 39.091843 39.081715 125.473351 41.520466 42.030766 33.854542 33.350597 3.334724 11.206164 11.159209 3.582487 0.729722 0.391067 0.362813 0.033437 0.001338 0.000178 0.000022 0.000004 0.000000 0.000000 0.000000 0.000000 0.000000 
0.000000 0.000001 0.000001 0.000014 0.000217 0.004117 0.000673 0.000621 0.002575 0.111100 0.262060 1.309145 5.437981 5.880722 8.093010 32.744289 43.550774 43.909641 114.647034 46.119190 43.739845 48.065582 48.328541 96.649025 34.555492 7.711845 3.888611 3.679139 3.655601 3.641275 0.429806 0.001614 0.000791 0.000127 0.000033 0.000002 0.000000 0.000000 0.000000 0.000000 
0.000000 0.000001 0.000001 0.000016 0.000229 0.004173 0.005788 0.005925 0.156256 0.990691 0.996179 2.037893 5.585209 5.601191 6.300616 64.623184 59.660477 50.937901 128.528610 97.327583 49.159321 62.480415 62.668285 100.326164 45.432426 54.242161 49.105259 25.701456 16.151495 3.726143 0.581512 0.070987 0.008354 0.000988 0.000383 0.000004 0.000000 0.000000 0.000000 0.000000 
0.000000 0.000000 0.000001 0.000014 0.000834 0.052584 0.067595 0.078248 0.338682 0.993324 5.531023 8.438087 16.211020 16.471674 38.154083 44.801884 56.795151 58.772476 139.229385 125.196205 90.113655 74.821915 74.927025 81.980370 51.477791 52.261555 49.325241 26.691778 18.238432 3.731137 0.582068 0.138545 0.027067 0.004514 0.004393 0.000102 0.000001 0.000000 0.000000 0.000000 
0.000000 0.000000 0.000002 0.000026 0.000301 0.003487 0.063386 0.325079 0.339397 2.208724 21.017538 21.696424 28.534216 28.752111 41.320877 42.473652 47.250362 97.691406 143.040878 141.377869 95.953629 86.389366 86.436111 90.717361 76.453529 60.436085 45.749111 27.213373 27.462744 5.966376 0.636872 0.619535 0.143990 0.024439 0.022231 0.002458 0.000039 0.000004 0.000000 0.000000 
0.000000 0.000000 0.000004 0.000048 0.000281 0.001942 0.098270 2.398984 2.461004 4.206050 21.858839 28.902596 36.386372 37.570721 46.657635 50.122719 55.376446 70.349182 158.176956 157.656799 101.001259 95.146935 95.103203 98.829865 95.343872 63.578373 70.476997 21.649494 15.822836 12.965714 4.959855 2.905417 0.576357 0.096578 0.093750 0.010764 0.000065 0.000016 0.000002 0.000000 
0.000000 0.000000 0.000005 0.000359 0.001002 0.006397 0.281354 4.008712 4.213583 4.272964 12.809727 40.885895 43.489494 44.670357 49.689880 64.521713 59.078400 91.699295 155.714798 165.500854 111.028625 105.473724 105.712585 105.524818 104.621437 124.716797 64.556091 48.636021 29.947943 6.201069 1.234790 1.209907 0.423094 0.211628 0.094200 0.011176 0.001490 0.000183 0.000019 0.000002 
0.000000 0.000001 0.000085 0.003605 0.003713 0.032361 0.228830 1.481622 4.113297 4.371040 5.770188 27.945507 46.355644 50.570461 56.340271 58.063240 60.246407 192.188187 189.329681 182.913330 117.845482 111.399017 110.245071 113.141045 123.139587 112.508179 68.933395 51.543060 39.059017 31.242546 1.474938 1.214417 1.420430 1.420107 1.103736 0.011252 0.009506 0.001323 0.000133 0.000012 
0.000004 0.000028 0.001466 0.004188 0.004763 0.035386 0.210552 0.294292 3.212301 4.659949 5.848958 18.849291 40.940861 52.103230 61.274513 63.992474 78.491409 92.624527 110.579048 138.426514 126.954697 117.909706 120.047615 151.764435 142.467270 106.649353 72.393784 53.768864 42.198772 93.351143 81.521172 6.627623 7.085281 7.121048 7.093144 1.058608 0.109765 0.009415 0.000759 0.000065 
0.000026 0.000077 0.013409 0.007790 0.007889 0.037537 0.316930 0.507672 8.504897 12.944327 12.139984 18.267515 36.481232 52.249359 66.093369 71.198097 81.962944 94.756668 112.274300 129.613403 145.822113 151.405396 211.180954 182.205780 170.985321 188.799164 199.463196 202.999130 55.788143 52.858459 50.952450 40.088680 20.347719 19.551476 7.086318 1.173928 0.128331 0.011512 0.001601 0.000214 
0.000217 0.002561 0.015670 0.016759 0.022322 0.239431 2.829984 40.151230 73.695549 73.780846 20.448078 20.669937 33.444881 50.034088 67.776070 77.555046 87.939575 101.287872 119.411224 135.110916 169.395920 184.024628 230.085068 216.323761 92.577370 84.220451 79.045944 69.307602 62.513065 57.235905 49.906326 41.560658 32.565353 19.917133 7.578891 1.288542 0.142181 0.013651 0.011253 0.009118 
0.006086 0.013098 0.016036 0.117739 0.793590 6.798538 40.177372 64.887512 74.705803 74.767693 66.787460 52.098331 50.136269 61.239094 78.619247 90.772987 104.377426 114.920021 131.791550 148.528412 172.604401 202.284561 124.603516 104.146835 93.485931 86.433601 76.470322 68.940536 62.141048 54.603203 45.790382 36.667828 24.338280 20.803291 7.081840 1.211962 0.138814 0.014898 0.002875 0.001407 
0.005765 0.012414 0.015159 0.118699 0.795310 6.796597 40.986561 65.217079 74.710350 74.903076 68.234558 70.028175 58.380436 65.488724 82.668549 97.698662 111.110130 127.080040 152.062256 169.995956 183.854889 140.027939 120.332733 105.503593 91.335236 78.316322 62.018108 43.269890 35.859550 27.943460 22.765293 15.223104 14.404649 14.166281 4.218708 0.785903 0.111089 0.028071 0.003124 0.001458 
0.000206 0.001500 0.003880 0.020110 0.027028 2.156847 81.786018 81.782761 87.304604 69.052933 65.436226 66.506027 68.088898 86.532715 96.514481 115.620178 127.536423 129.229874 137.255447 142.752670 169.509430 125.757164 122.478516 117.697098 110.095398 97.049255 88.608154 79.110146 60.591484 44.949188 31.549112 15.823613 14.775216 14.269316 4.790553 0.995821 0.164567 0.162658 0.123778 0.012667 
0.000051 0.000321 0.001778 0.010648 0.042130 15.891080 16.924837 26.672190 35.616730 44.505978 52.541946 61.270027 67.189590 74.116699 81.816971 91.157051 101.416382 113.046272 124.043854 133.251999 142.975525 128.822372 122.649261 120.381035 116.911957 111.688957 104.544312 93.801735 79.834167 59.478504 43.978226 15.780215 10.463767 10.088683 3.317945 0.689248 0.115743 0.031027 0.003291 0.000707 
0.000015 0.000101 0.000624 0.002301 1.949781 16.115042 16.183914 25.711163 35.415451 44.488743 52.467506 59.340466 66.504623 73.532364 81.219917 90.657951 101.056427 111.995796 120.842682 129.173828 138.986740 133.701996 122.641098 120.396645 117.454552 112.332993 107.022942 99.340797 88.893753 76.987328 60.440704 39.995247 19.134192 13.892568 4.017318 0.746247 0.182161 0.031018 0.003064 0.000330 
0.000021 0.000230 0.002509 0.025099 0.210533 14.431069 27.070995 26.940592 33.437618 40.636837 47.793221 54.291481 60.856598 67.622948 75.936829 86.880638 97.357109 108.729996 115.825981 122.572380 129.247940 133.059067 120.089577 116.283768 115.330116 110.990837 105.882080 100.517082 90.637016 69.547913 52.636860 41.562908 19.151350 12.991282 4.099673 0.809046 0.804311 0.087505 0.000304 0.000084 
0.000022 0.000231 0.002588 0.026359 0.224282 11.721122 14.803024 15.117863 24.920429 34.331039 42.292320 48.845371 55.756107 63.046280 72.820847 85.188988 96.110298 106.374611 111.800453 117.483536 120.503304 122.270645 107.972244 103.266182 99.686104 93.006119 93.504601 93.945557 73.022644 73.406761 71.529083 72.669540 10.782258 5.873536 5.717612 0.813240 0.348385 0.047556 0.001053 0.000119 
0.000020 0.000060 0.000468 0.003065 0.006781 0.512760 14.589672 14.886436 22.531752 30.768602 37.525234 43.333656 50.503403 58.625965 70.792442 84.396828 95.218475 102.504730 107.114349 105.159859 112.599380 115.655838 104.624947 95.839760 88.276917 75.987022 64.042732 57.568420 51.253551 76.670258 36.525246 24.969704 19.706610 27.379539 27.361685 4.217787 0.036465 0.032430 0.002194 0.000162 
0.000068 0.000086 0.000104 0.000793 0.006585 0.073360 0.534220 13.519272 26.593788 25.574177 30.293152 36.318459 44.641949 54.676620 70.579994 84.033440 93.568520 96.518410 101.205437 99.065483 104.228493 111.627396 102.515396 92.681801 90.025925 82.517815 63.809441 57.098618 50.279007 45.985268 37.058453 33.064838 18.276751 5.291112 4.547910 0.090898 0.012188 0.003947 0.001987 0.001685 
0.000006 0.000073 0.000108 0.000654 0.006118 0.071189 0.332288 3.273773 9.731385 10.103686 19.306961 28.352379 38.831036 52.384670 72.759705 82.422859 89.043839 88.165276 92.180870 94.358536 97.972015 103.147865 104.229355 86.439926 85.028511 83.887711 76.108330 48.182369 44.651985 43.059776 33.141132 32.034622 2.454831 0.746288 0.740107 0.083494 0.008191 0.000991 0.000296 0.000100 
0.000001 0.000016 0.000968 0.001210 0.001411 0.036431 1.468297 2.047275 3.252993 3.418364 12.028440 23.081566 34.914665 54.961327 74.074791 77.973419 76.704712 78.464417 86.443413 87.579544 76.948853 94.834656 102.681915 81.264038 79.885841 78.466858 57.683464 49.407986 48.861423 36.001129 24.462791 15.152853 1.407807 0.251863 0.100229 0.016668 0.001970 0.000324 0.000292 0.000081 
0.000000 0.000003 0.000018 0.000087 0.000519 0.007831 1.210681 0.708877 2.669514 3.397607 11.854848 22.425701 35.017414 62.816872 67.801384 69.439705 66.111824 70.379913 80.027382 80.520248 66.623688 80.372543 136.790405 74.513039 73.283112 68.734909 60.290855 49.123230 37.851273 26.728199 14.084630 8.268308 1.399183 0.177539 0.038358 0.016557 0.001466 0.001435 0.000937 0.000067 
0.000000 0.000003 0.000003 0.000009 0.000054 0.000259 0.035794 0.050432 0.055256 0.475198 14.078930 14.028917 28.412247 57.517345 56.263798 55.963142 58.530647 60.882717 74.223022 68.085297 62.961441 63.515797 124.292618 64.817154 73.804466 66.445930 60.537201 48.851307 37.800663 26.205252 12.111674 6.843550 1.396555 0.167677 0.166393 0.015120 0.000117 0.000104 0.000002 0.000002 
0.000000 0.000000 0.000001 0.000001 0.000006 0.000035 0.000227 0.004200 0.005294 0.008415 0.423045 0.441662 0.256209 56.854561 43.035370 41.271290 45.588814 45.171772 72.621910 63.946262 61.268040 61.441517 135.396912 50.955517 48.355869 64.536591 63.200459 49.325886 46.932716 3.664690 2.301518 2.294619 0.181446 0.015311 0.015117 0.000119 0.000016 0.000008 0.000001 0.000000 
0.000000 0.000000 0.000000 0.000000 0.000001 0.000005 0.000039 0.000354 0.000954 0.006869 0.063560 0.075897 0.081700 6.833037 25.938190 25.985348 28.014872 27.801918 73.940643 58.247639 57.182175 57.955666 133.664917 36.457710 34.075489 35.996563 35.704304 5.277889 0.100686 0.055206 0.126548 0.121380 0.001468 0.001366 0.001245 0.000095 0.000007 0.000001 0.000000 0.000000 
0.000000 0.000000 0.000000 0.000000 0.000000 0.000003 0.000005 0.000034 0.000152 0.001126 0.006913 0.010011 0.023312 0.113832 6.002042 8.977775 15.316811 15.438358 52.116978 54.814163 54.784184 54.151058 14.323588 27.294592 18.324558 18.683945 10.300076 0.795296 0.107828 0.021030 0.015006 0.012655 0.001160 0.000188 0.000106 0.000013 0.000001 0.000000 0.000000 0.000000 
0.000000 0.000000 0.000000 0.000000 0.000000 0.000002 0.000009 0.000032 0.000030 0.000142 0.000682 0.001633 0.010460 0.103581 0.996870 2.033511 5.567960 7.714705 54.094826 37.468254 34.837727 19.695274 12.356226 13.548263 11.665264 11.671302 5.736886 0.788449 0.128735 0.020816 0.003167 0.001285 0.000182 0.000033 0.000105 0.000008 0.000001 0.000000 0.000000 0.000000 
0.000000 0.000000 0.000000 0.000000 0.000000 0.000000 0.000016 0.000103 0.000126 0.000140 0.000077 0.000260 0.002099 0.018465 0.129236 0.421344 1.819748 3.895255 53.931149 36.432854 33.734455 10.534407 5.172272 0.895071 10.133656 11.464394 5.609378 0.785885 0.625012 0.031894 0.000450 0.000130 0.000023 0.000023 0.000008 0.000001 0.000001 0.000000 0.000000 0.000000 
0.000000 0.000000 0.000000 0.000000 0.000000 0.000000 0.000000 0.000001 0.000001 0.000012 0.000039 0.000040 0.000302 0.002425 0.015269 0.062389 0.251972 0.271712 0.845462 3.263515 1.525838 1.065768 1.032793 0.872494 1.030403 1.126673 1.063061 0.029505 0.006858 0.000329 0.000028 0.000012 0.000004 0.000022 0.000000 0.000000 0.000000 0.000000 0.000000 0.000000 
0.000000 0.000000 0.000000 0.000000 0.000000 0.000000 0.000000 0.000000 0.000000 0.000000 0.000005 0.000039 0.000040 0.000275 0.001684 0.007740 0.030061 0.036103 0.011022 0.082676 0.015555 0.146707 0.149923 0.130812 0.116125 0.021103 0.013007 0.000536 0.000259 0.000018 0.000004 0.000012 0.000011 0.000002 0.000000 0.000000 0.000000 0.000000 0.000000 0.000000 
0.000000 0.000000 0.000000 0.000000 0.000000 0.000000 0.000000 0.000000 0.000000 0.000000 0.000000 0.000028 0.000038 0.000039 0.000309 0.002689 0.025801 0.006209 0.004790 0.015260 0.005562 0.017259 0.018487 0.023120 0.103727 0.010451 0.002129 0.000218 0.000036 0.000004 0.000004 0.000009 0.000000 0.000000 0.000000 0.000000 0.000000 0.000000 0.000000 0.000000 
0.000000 0.000000 0.000000 0.000000 0.000000 0.000000 0.000000 0.000000 0.000000 0.000000 0.000000 0.000002 0.000006 0.000007 0.000057 0.000436 0.021998 0.001281 0.000957 0.002228 0.001027 0.001965 0.002215 0.003545 0.091977 0.001753 0.000344 0.000044 0.000006 0.000001 0.000001 0.000001 0.000000 0.000000 0.000000 0.000000 0.000000 0.000000 0.000000 0.000000 
