0.000000 0.000000 0.000000 0.000000 0.000000 0.000000 0.000000 0.000000 0.000001 0.000003 0.000018 0.000122 0.000897 0.006138 0.035137 0.167730 5.420163 0.559511 0.436676 0.448469 0.285457 0.018022 0.014142 0.005257 0.003565 0.002848 0.001416 0.000976 0.000141 0.000033 0.000007 0.000005 0.000005 0.000002 0.000000 0.000000 0.000000 0.000000 0.000000 0.000000 
0.000000 0.000000 0.000000 0.000000 0.000000 0.000000 0.000000 0.000006 0.000008 0.000025 0.000140 0.000836 0.005868 0.039303 0.191245 0.258229 30.613203 2.132432 2.051291 2.909029 0.255675 0.158216 0.129323 0.046152 0.033573 0.027671 0.013555 0.010487 0.000798 0.000257 0.000052 0.000047 0.000014 0.000002 0.000000 0.000000 0.000000 0.000000 0.000000 0.000000 
0.000000 0.000000 0.000000 0.000000 0.000000 0.000000 0.000021 0.000092 0.000093 0.000242 0.001158 0.005545 0.036856 0.275452 1.682538 6.817675 32.027435 26.370159 3.848531 26.481125 21.042734 1.187053 1.111780 0.379948 0.298251 0.253229 0.122047 0.110377 0.006516 0.002020 0.000292 0.000450 0.000019 0.000002 0.000000 0.000000 0.000000 0.000000 0.000000 0.000000 
0.000000 0.000000 0.000000 0.000000 0.000002 0.000169 0.000231 0.000114 0.001026 0.002151 0.009179 0.029389 0.141524 1.060697 5.809776 14.123196 32.172421 32.362049 8.409849 52.777596 49.139156 11.232464 6.845687 2.428613 2.125859 1.867594 0.898016 0.884822 0.806490 0.104179 0.028226 0.027847 0.001704 0.000006 0.000002 0.000000 0.000000 0.000000 0.000000 0.000000 
0.000000 0.000000 0.000000 0.000000 0.000006 0.001210 0.000240 0.000220 0.011356 0.017456 0.072843 0.141952 0.184720 1.486689 13.838222 25.247955 38.365536 38.856762 11.235621 57.682953 51.031555 21.429209 15.839296 9.531665 9.771597 8.944236 4.729601 3.780384 3.105291 2.900434 0.067256 0.004138 0.001055 0.000141 0.000136 0.000001 0.000000 0.000000 0.000000 0.000000 
0.000000 0.000000 0.000003 0.000003 0.000083 0.001831 0.001908 0.069546 0.117272 0.118531 0.552882 0.750204 1.449896 13.587458 14.957282 25.326054 41.108639 42.330128 12.918770 63.401386 59.951748 37.116154 33.506741 28.562582 21.081829 18.264805 13.840406 5.497833 3.177979 3.114560 0.888692 0.005597 0.001062 0.000149 0.000147 0.000122 0.000006 0.000006 0.000000 0.000000 
0.000001 0.000012 0.000054 0.000055 0.000568 0.002092 0.009402 0.013058 0.071505 0.536423 3.379392 10.656279 40.295017 42.311947 30.000221 46.168659 49.352062 49.796906 13.606169 67.110565 64.695358 43.392609 36.648968 28.848007 37.601036 35.330143 20.319208 10.745152 3.832240 3.363960 0.987469 0.040979 0.004832 0.000518 0.000068 0.000027 0.000002 0.000000 0.000000 0.000000 
0.000006 0.000054 0.000031 0.000223 0.000602 0.082708 0.013033 0.013061 0.107291 0.975584 4.502701 13.723672 41.489597 52.780472 58.318989 58.537548 60.710041 60.591465 120.333565 70.984665 68.930130 52.318012 51.351486 30.493050 37.709454 36.880196 20.708866 11.127971 6.265334 5.771905 0.998188 0.044923 0.007824 0.001197 0.000231 0.000027 0.000003 0.000000 0.000000 0.000000 
0.000030 0.000055 0.000072 0.000944 0.011931 0.189980 0.037184 0.033684 0.112798 3.368039 6.770076 15.999209 43.204418 54.127399 58.416698 60.672096 65.521873 66.115494 120.346642 72.822403 70.437111 60.737045 60.423317 87.970016 37.507137 31.281891 18.854076 16.580439 17.553095 17.906305 6.695037 0.049518 0.035226 0.006783 0.001989 0.000157 0.000012 0.000001 0.000001 0.000001 
0.000022 0.000057 0.000080 0.001016 0.012402 0.191872 0.254868 0.258348 4.117036 16.440439 16.436798 23.655792 48.954609 50.667866 53.919949 80.206726 78.146980 74.640800 114.455254 90.149445 71.595070 68.178856 68.174530 86.882439 44.057487 46.852085 37.862072 37.030235 26.952858 19.803940 9.900249 2.053097 0.321397 0.046821 0.019460 0.000246 0.000021 0.000003 0.000000 0.000000 
0.000001 0.000009 0.000063 0.000571 0.029974 1.772815 2.152868 2.324774 6.258492 16.376328 20.194750 27.938169 50.154930 55.045353 68.588257 74.743256 78.646744 80.014374 111.883301 101.020630 81.935936 75.227798 75.261459 83.840439 46.377083 43.439762 39.688057 39.707600 29.276951 19.692240 9.929622 3.638160 0.910518 0.189557 0.185491 0.004564 0.000044 0.000018 0.000003 0.000000 
0.000001 0.000010 0.000117 0.001254 0.011244 0.107990 2.050698 5.995523 6.242498 12.186787 37.300930 39.751106 55.968082 61.151306 71.637306 73.165588 77.026955 94.419159 113.421829 111.949371 87.072060 82.654671 82.695000 89.993149 53.079063 47.371880 42.973064 42.470501 44.698997 15.094041 10.007085 9.842779 3.515158 0.832573 0.776944 0.106523 0.001809 0.000215 0.000025 0.000003 
0.000001 0.000017 0.000208 0.002341 0.010380 0.048975 2.126110 22.725452 23.199619 44.933434 41.775383 46.534275 60.793903 67.022194 76.599174 79.456642 84.250946 88.386284 127.528824 121.593262 92.161064 89.400681 89.384354 96.465034 78.906647 48.410793 40.248161 42.971539 41.451412 40.300488 32.734810 26.777676 9.132008 2.678191 2.629955 0.398306 0.002896 0.001014 0.000155 0.000020 
0.000003 0.000023 0.000260 0.015361 0.032611 0.113524 3.421061 47.432621 49.973763 51.225620 52.788776 73.459671 76.411591 78.130699 83.218552 91.192902 87.471222 90.593712 115.497856 131.303284 101.630745 98.507881 98.792000 103.380287 78.391327 31.490532 31.755861 29.296566 38.562000 27.161701 19.585175 19.479029 9.576588 5.351341 2.631302 0.403635 0.072067 0.010865 0.001330 0.000151 
0.000021 0.000035 0.003240 0.125146 0.127793 0.787307 3.500237 11.206169 43.671719 49.888100 51.573490 53.431400 64.331551 76.728828 88.518593 90.790627 91.741440 197.966034 177.534332 133.406357 111.207771 106.072792 104.821877 116.290070 43.921120 28.657619 27.119213 25.477623 24.148401 20.996540 19.621382 19.509560 18.259909 18.188137 11.146874 0.402981 0.386021 0.067974 0.008221 0.000901 
0.000212 0.001152 0.056546 0.144401 0.158325 0.848300 3.377473 4.034707 27.511982 49.047237 51.346241 53.008537 59.232147 69.557587 85.628441 92.909027 100.230095 110.350777 122.618095 136.807205 125.570580 113.735733 96.178001 48.992344 35.962128 28.589621 26.952349 25.485083 24.437250 25.064411 24.043516 27.201267 28.999508 29.050812 25.741451 11.261465 2.968604 0.386792 0.040390 0.004152 
0.001114 0.002776 0.429627 0.224275 0.225757 0.848500 3.355147 3.957365 14.010062 36.118000 44.099449 48.549770 54.337936 62.751415 77.711250 90.956223 100.482208 110.545334 122.890854 134.596237 148.012268 114.599503 74.844856 48.516788 41.929047 80.767006 32.639061 32.412003 62.781067 68.501984 66.202682 54.511040 40.609966 40.210175 25.521664 14.137410 3.597795 0.487312 0.086062 0.011540 
0.007959 0.095462 0.482824 0.491369 0.515066 0.749180 2.012489 3.148723 16.376656 38.007385 44.171310 47.459698 52.002098 58.760399 70.722031 85.978920 98.237663 109.721329 123.111168 134.935074 155.472076 136.263611 119.466194 92.512177 121.716240 115.875381 109.090591 98.483849 88.441681 73.980721 65.930969 55.982922 47.099697 38.631977 27.209024 14.770107 3.874835 0.573560 0.500423 0.426665 
0.202945 0.423478 0.490127 2.372871 5.848359 8.324728 10.046760 11.495193 15.003360 15.780786 29.074139 52.514225 53.920567 58.505962 67.470848 80.625748 96.054893 110.983856 125.295029 138.888382 155.606079 182.082764 142.314178 133.383545 126.517632 118.983597 108.882645 99.900032 90.053955 79.808098 70.156578 60.590481 51.768017 35.840790 23.240873 14.724953 3.742092 0.586037 0.143204 0.066176 
0.189420 0.395112 0.455246 2.382937 5.862371 8.324814 10.148335 11.611569 14.891115 16.518688 115.546364 145.302917 62.940990 60.645569 67.414001 79.532539 92.293282 106.995110 127.901474 145.781693 166.706375 162.416550 142.379242 134.019989 126.571388 119.487732 112.945740 108.781868 102.347626 93.603073 81.057564 61.689526 51.449921 41.093342 20.014381 12.806951 3.188460 0.934874 0.149520 0.066267 
0.007479 0.055616 0.124143 0.503051 0.518117 2.685143 33.073044 34.767254 65.029068 144.305115 169.663132 169.961868 169.951599 175.890701 177.419037 192.765488 198.727997 189.738785 197.356674 204.771576 243.310257 162.200821 144.407303 128.720215 119.993248 113.475967 110.651978 107.721817 101.217010 95.313034 85.205154 75.263039 61.786926 40.498409 21.549818 13.689365 4.129469 4.101351 3.334371 0.412600 
0.002040 0.011478 0.049382 0.219245 0.549251 75.964264 128.986557 150.678711 158.600769 161.352386 162.234924 162.748627 152.515411 149.829285 149.004272 150.403381 153.646805 160.852905 170.357498 182.724518 203.011230 173.949783 142.251068 130.662064 120.705124 113.480667 108.156403 102.223717 95.989197 88.488297 81.364777 68.682083 55.304329 45.695049 20.936321 11.694261 3.173326 0.997542 0.122236 0.027356 
0.000672 0.004039 0.019916 0.021367 1.038398 143.127762 148.169739 155.246414 159.204071 159.805466 156.446594 150.457565 147.748138 144.990540 143.968124 145.008301 147.502380 153.372452 160.728302 172.617645 193.713211 193.820221 143.109131 131.675552 122.000786 113.552528 107.430397 100.698143 94.139709 87.416054 78.029755 66.936607 53.977890 39.303616 22.265633 12.473748 4.832316 0.997331 0.116085 0.014543 
0.001043 0.009665 0.085140 0.540793 0.744732 2.747264 90.680359 136.153305 145.077667 137.441589 128.632736 122.702682 119.935013 119.390129 121.496712 125.277245 130.398773 138.209198 145.328323 156.279709 176.262131 214.500946 163.343124 142.673264 126.728981 112.994080 106.713745 101.449394 94.726692 84.045746 75.761795 67.573067 53.395714 38.323101 27.354256 16.949776 16.906073 2.324497 0.011386 0.003938 
0.001073 0.009807 0.088234 0.569993 0.766549 3.291692 38.702259 86.167053 112.781265 105.573547 100.544289 99.798851 101.873611 104.842476 109.300949 114.477379 120.858192 127.644333 133.966782 142.227600 157.313339 203.167953 173.476486 157.244141 143.244690 127.978539 123.571762 122.933044 95.382782 95.145439 94.376266 96.498672 35.742474 31.520832 28.996071 16.827471 8.391532 0.940393 0.027535 0.004417 
0.001003 0.002930 0.019426 0.100034 0.109063 1.126058 37.574902 68.081841 87.353447 78.675018 80.024902 84.053230 89.313187 94.201080 99.849464 105.724503 112.526596 116.251274 121.768967 117.195625 135.491791 183.422974 168.800415 150.221878 131.377594 113.082504 100.974625 90.521767 79.689018 101.276016 49.954350 39.790489 26.194040 49.585850 51.951984 1.172523 0.579411 0.571114 0.068881 0.006015 
0.003674 0.004529 0.005296 0.034063 0.204930 1.342850 2.194373 13.956383 62.573120 64.242859 69.233452 75.591667 82.301949 87.956757 94.099014 99.615593 105.246956 103.418831 104.229713 102.998047 115.497833 155.637253 155.791412 144.408310 136.261124 115.030945 99.917656 89.281059 76.650307 68.592400 58.683094 44.923576 24.037758 11.363530 11.073268 2.256362 0.396164 0.124948 0.066710 0.059399 
0.000371 0.003951 0.005527 0.029914 0.197981 1.341865 2.344124 22.214195 57.561172 59.707382 65.144592 72.081474 79.021873 84.728584 90.609299 93.246651 93.628235 87.073692 88.599831 93.194878 106.642700 138.555161 139.237137 125.476883 127.256187 127.115501 116.116982 76.133812 68.271133 64.765228 54.159702 50.721275 13.198606 10.658760 10.596715 2.258000 0.309575 0.044084 0.013719 0.004725 
0.000091 0.000831 0.044246 0.051290 0.055845 0.744841 22.885309 30.582344 53.271832 56.761520 62.934170 70.296036 77.277306 83.102837 85.204536 80.350792 74.011391 74.584518 79.404793 84.122063 93.163857 113.739876 128.924164 111.200073 111.235809 108.532913 91.698990 81.627892 71.278381 55.053463 42.432514 28.124691 13.901574 6.161884 2.854144 0.637198 0.092505 0.017659 0.013595 0.004062 
0.000023 0.000225 0.000947 0.004364 0.017992 0.142913 20.059956 7.821379 33.278267 55.542137 62.159256 66.342339 76.173058 82.247246 67.036278 59.705669 63.165150 66.534996 71.137192 78.059425 81.762260 87.513359 108.763214 99.546463 99.801178 93.944191 89.996330 88.399910 68.720123 57.809948 43.825199 29.644901 13.881154 4.670763 1.443898 0.634581 0.070313 0.069105 0.047946 0.003978 
0.000019 0.000221 0.000231 0.000559 0.002582 0.007255 0.797939 1.049618 1.100869 2.048836 16.244392 15.845913 11.083882 51.388321 48.224030 48.122620 57.084492 59.363167 64.329590 73.853882 73.411026 72.824936 97.744583 90.420906 90.713043 82.242737 84.192390 75.676094 52.103401 50.094315 34.471684 30.974489 13.869641 4.601375 4.587509 0.576781 0.006371 0.005884 0.000140 0.000122 
0.000006 0.000027 0.000065 0.000066 0.000338 0.001568 0.006882 0.164985 0.200299 0.217412 1.808184 2.086725 1.724491 47.626152 40.187119 40.620167 50.688751 52.147522 59.182709 60.884258 59.435574 58.863354 95.783592 84.233635 81.783005 68.329735 64.167213 73.035675 4.419540 6.930793 9.942379 10.069276 2.629499 0.579203 0.576345 0.006082 0.000984 0.000492 0.000043 0.000012 
0.000004 0.000000 0.000005 0.000007 0.000045 0.000297 0.002142 0.018413 0.042157 0.212143 1.232136 1.494346 1.495897 2.978225 32.049999 32.924290 44.976303 45.908566 57.418468 52.259819 48.337402 48.763168 95.943893 77.129189 74.107025 57.941776 53.658291 8.941913 0.891343 0.679241 1.817475 1.728878 0.051318 0.062959 0.058035 0.005161 0.000452 0.000064 0.000007 0.000001 
0.000000 0.000000 0.000000 0.000001 0.000015 0.000177 0.000353 0.002121 0.007680 0.045406 0.217997 0.317444 0.675803 2.877055 14.685052 24.458757 38.665016 39.111820 32.005291 42.499485 43.012558 41.629791 32.236004 70.633774 63.064938 45.725552 21.425598 11.733201 2.881988 0.612361 0.458964 0.383116 0.046997 0.009687 0.005836 0.000834 0.000090 0.000010 0.000001 0.000000 
0.000000 0.000000 0.000000 0.000000 0.000006 0.000163 0.000607 0.001966 0.001746 0.007061 0.029067 0.072137 0.409277 2.879829 12.998279 19.909674 30.456436 31.581892 24.112270 29.616789 35.645069 29.900646 28.295675 20.590115 52.343548 52.537399 21.182283 11.766094 4.028660 0.621676 0.120886 0.052758 0.008860 0.001926 0.005781 0.000478 0.000040 0.000003 0.000000 0.000000 
0.000000 0.000000 0.000000 0.000000 0.000000 0.000016 0.000939 0.005396 0.006428 0.007006 0.004197 0.014379 0.103491 0.743646 3.692094 8.629981 17.886915 18.139696 22.298325 14.660263 35.151859 27.343527 26.354572 15.377214 21.114347 64.267174 20.907955 12.436646 11.288284 0.868797 0.015528 0.006186 0.001285 0.001275 0.000516 0.000040 0.000040 0.000003 0.000000 0.000000 
0.000000 0.000000 0.000000 0.000000 0.000000 0.000000 0.000021 0.000049 0.000054 0.000710 0.002591 0.002616 0.017579 0.121208 0.625157 2.019760 5.349392 5.338898 1.935524 0.795407 6.030088 13.559852 13.868773 15.132971 12.958333 7.878913 9.412339 0.466051 0.140285 0.009247 0.001159 0.000651 0.000275 0.001262 0.000002 0.000002 0.000003 0.000000 0.000000 0.000000 
0.000000 0.000000 0.000000 0.000000 0.000000 0.000000 0.000002 0.000004 0.000004 0.000001 0.000338 0.002561 0.002693 0.016008 0.083662 0.318671 0.971374 0.973347 0.122289 0.293584 0.200705 3.377004 3.664159 3.433962 2.879483 0.429577 0.186816 0.014099 0.007714 0.000648 0.000219 0.000640 0.000634 0.000135 0.000000 0.000000 0.000000 0.000000 0.000000 0.000000 
0.000000 0.000000 0.000000 0.000000 0.000000 0.000000 0.000000 0.000000 0.000000 0.000000 0.000005 0.001945 0.002477 0.002528 0.016441 0.115581 0.873761 0.218353 0.105612 0.250933 0.147414 0.536628 0.606786 0.773261 2.714778 0.340536 0.070920 0.008953 0.001629 0.000209 0.000206 0.000491 0.000002 0.000000 0.000000 0.000000 0.000000 0.000000 0.000000 0.000000 
0.000000 0.000000 0.000000 0.000000 0.000000 0.000000 0.000000 0.000000 0.000000 0.000000 0.000003 0.000159 0.000388 0.000445 0.002971 0.017115 0.777463 0.042377 0.029051 0.057993 0.034866 0.074445 0.087742 0.126262 2.530622 0.055115 0.014083 0.002173 0.000325 0.000044 0.000038 0.000040 0.000001 0.000000 0.000000 0.000000 0.000000 0.000000 0.000000 0.000000 
