0.000000 0.000000 0.000000 0.000011 0.000014 0.000017 0.000159 0.001900 0.003092 0.011241 0.059795 0.340248 1.821816 7.293402 19.979292 20.249384 64.560074 109.530197 109.647293 105.955399 18.169542 11.818641 11.595680 6.719600 4.597070 3.555740 2.223306 1.523384 0.270959 0.057351 0.013144 0.007221 0.006851 0.002593 0.000044 0.000006 0.000001 0.000000 0.000000 0.000000 
0.000000 0.000000 0.000000 0.000125 0.000057 0.000058 0.000223 0.020520 0.026116 0.074423 0.326986 1.528102 6.334805 15.587048 27.797895 27.958017 52.541904 110.686226 110.701309 63.658409 21.579021 23.063499 22.677427 17.619652 14.529815 12.552953 9.392355 7.001122 0.699200 0.195624 0.048294 0.031423 0.016647 0.002775 0.000234 0.000023 0.000002 0.000000 0.000000 0.000000 
0.000000 0.000002 0.000017 0.000160 0.000134 0.000434 0.057177 0.221130 0.222606 0.507813 1.739283 5.606803 14.706577 23.571953 34.211647 35.195251 56.388721 111.522064 111.557083 102.076767 27.820213 31.786592 31.703173 28.571613 28.115124 25.946377 21.999918 18.177828 0.806319 0.179682 0.050114 0.037627 0.017274 0.002808 0.000258 0.000029 0.000005 0.000002 0.000000 0.000000 
0.000002 0.000010 0.000075 0.000163 0.003614 0.324894 0.419771 0.260094 1.552140 2.932369 7.087750 13.500035 24.251778 31.984030 43.047810 45.048340 57.718605 91.615974 109.920052 87.155716 53.155163 41.547054 41.582611 39.840145 38.289051 36.541733 34.057888 32.162800 2.841541 0.249887 0.174368 0.184210 0.403987 0.005785 0.003522 0.000056 0.000027 0.000021 0.000002 0.000000 
0.000022 0.000072 0.000870 0.001231 0.010383 1.731723 0.431119 0.311877 7.131666 10.920514 17.845869 26.739853 29.100937 34.843094 45.667824 51.548450 61.063400 80.209274 109.582504 77.858681 56.896954 49.702122 49.565029 48.360039 48.438877 46.188049 43.732960 42.906311 46.252277 0.715257 0.485616 0.805697 0.816083 0.206644 0.204590 0.000829 0.000245 0.000225 0.000003 0.000001 
0.000232 0.000124 0.010013 0.010469 0.134182 2.389697 2.430459 33.801128 30.992416 30.747177 29.559290 33.129910 33.518192 43.129601 47.392307 53.253574 62.489101 70.478943 104.770836 73.671951 63.833679 58.806499 59.726288 59.534054 55.394314 52.968433 50.628132 50.177380 39.809303 134.579575 1.470829 0.830981 0.819693 0.217223 0.214985 0.190264 0.013910 0.013763 0.000702 0.000065 
0.003845 0.040379 0.126615 0.127594 0.591515 2.622640 11.839988 13.621483 25.155893 34.606182 39.594357 41.235283 41.751865 43.137203 48.227566 64.355103 68.976067 72.901527 102.362061 76.506790 71.262703 67.257866 66.047630 60.875008 64.347633 61.543327 56.159092 40.421806 8.511808 6.461357 4.868754 3.685599 2.828296 0.641732 0.138513 0.079100 0.009437 0.001230 0.000371 0.000131 
0.019415 0.153112 0.100303 0.483828 0.601659 23.485603 13.610236 13.618406 24.424229 32.335880 42.023392 47.893879 51.172279 51.044266 60.982540 69.187744 76.540665 78.133934 100.791107 84.101273 81.492065 75.983879 75.451401 63.438740 66.776222 65.785034 59.498039 30.191286 8.258282 6.342073 5.131571 6.483292 5.581548 1.736602 0.493987 0.080102 0.009747 0.001087 0.000374 0.000153 
0.090975 0.154715 0.179797 1.306601 4.285156 51.789230 21.609529 20.453989 24.557024 32.135349 41.297779 49.177898 55.058342 59.042091 62.950352 70.627419 79.481308 81.659134 110.314545 88.044235 85.265518 85.359718 85.295303 151.891418 71.685860 69.786293 58.823700 42.642532 30.766781 30.675407 12.777497 13.814761 13.802227 6.630102 2.790021 0.347808 0.035144 0.003629 0.003023 0.002499 
0.061589 0.148214 0.182784 1.313284 4.422635 51.526463 25.689394 25.654551 26.411995 47.589413 48.741070 54.041290 60.591000 62.911903 65.456306 80.056313 88.843399 88.706116 109.935364 96.928314 91.082306 95.633415 95.722427 143.489777 86.944550 94.583633 71.492928 65.303070 58.084980 50.971516 43.157742 25.270981 25.238659 16.270151 9.032380 0.378715 0.047006 0.007815 0.001606 0.001474 
0.004069 0.022075 0.067360 0.119713 0.552456 41.579422 37.918880 35.031597 36.287380 47.282330 53.006969 58.404903 65.556030 68.736450 78.532639 94.632347 93.431343 95.499023 112.870842 106.790329 118.127792 106.937607 107.039215 141.880966 88.481308 81.698227 73.210960 65.539062 58.441189 51.675060 46.425228 37.987724 38.954697 33.205227 31.732552 0.931636 0.043631 0.038494 0.009016 0.001729 
0.002744 0.022517 0.178471 1.157770 5.203418 5.854408 15.290429 31.878069 35.568600 42.500088 61.438740 66.056053 72.725433 76.277847 85.306717 90.011665 97.553291 105.891884 118.820717 118.824463 130.211517 120.149864 120.292740 147.689880 95.649788 88.649025 75.904541 70.500061 74.536163 52.630184 49.279671 47.733643 47.807846 42.966393 41.069653 6.038041 0.483023 0.307482 0.066896 0.011786 
0.004398 0.037695 0.330121 2.359753 5.437366 5.599008 8.597032 26.714571 35.465687 39.657196 56.509357 68.341614 77.246613 82.651642 92.189125 98.554520 109.566895 115.140762 140.008011 136.737808 142.195343 134.433640 134.541443 169.537582 116.569778 104.678894 118.996330 69.047600 64.896942 61.756348 57.003208 56.592030 58.359871 55.205204 56.138649 10.204214 1.641808 1.583597 0.403955 0.074958 
0.008215 0.044132 0.350399 7.706736 12.110228 11.938140 14.921695 21.004925 31.679510 35.649612 40.209984 59.072361 80.781693 92.616608 101.407845 114.788307 116.161415 125.075348 144.212723 156.497803 162.438461 152.770660 153.364594 179.652557 134.421417 119.378151 103.041359 91.914368 72.975708 71.103806 71.004372 69.944038 65.783722 61.131523 53.779312 24.056002 14.220287 8.519950 2.358803 0.441701 
0.035255 0.039068 0.952622 31.407618 32.010315 30.022846 33.915108 43.020958 47.574932 51.733208 66.777306 82.177849 100.370499 115.097939 125.813210 133.784012 134.542938 169.439545 203.837341 194.659058 187.398743 173.829803 172.111282 170.138336 139.880569 125.077675 109.659325 98.050652 87.406624 81.259293 74.434303 71.717873 84.327087 83.578598 32.604637 25.989944 25.569305 17.590900 7.623195 1.840096 
0.245621 0.398414 3.960205 49.677044 50.667557 51.329491 53.955845 58.554840 62.790554 67.888657 77.441666 89.932739 106.436180 124.057518 143.726822 156.077286 179.070816 198.330124 214.942261 238.953552 214.119217 196.242706 180.644257 161.463455 143.635773 125.611671 111.540054 100.010712 90.899727 94.315720 89.123634 72.629852 67.484261 64.687988 49.545193 36.013664 34.702972 23.337101 15.120441 5.235654 
0.913882 1.041424 39.803837 63.236191 63.349297 56.003658 60.431557 61.945744 66.392189 72.087021 82.270981 94.688087 110.727554 128.406143 148.553360 167.079041 185.128784 201.237701 216.733917 234.469803 259.927155 216.227478 195.266693 173.922852 161.132339 141.564667 123.543900 118.125526 112.750336 118.953773 115.156937 99.878899 70.580025 62.201187 50.914062 42.446102 37.165768 25.550102 16.375868 5.924556 
1.640766 3.070446 59.110729 70.910896 70.525772 63.919846 65.284760 66.337479 71.245941 81.048943 84.730949 96.146118 111.548271 129.249313 148.834885 168.967743 187.016342 202.762543 218.135895 235.267105 276.546387 241.929901 218.327606 195.523315 184.838074 178.321899 165.392197 150.782440 139.966293 128.573914 120.499588 109.093613 98.118210 95.138351 87.635490 86.597740 88.413322 81.807671 83.799538 85.035889 
14.905362 38.661625 63.312904 88.620186 91.948219 94.776520 87.979820 95.182526 92.921028 94.970879 94.078735 119.874847 130.039322 144.464218 161.406235 178.226913 194.018631 208.160553 222.377930 240.880432 272.177338 279.644135 254.217926 223.336609 203.079346 181.257248 164.524139 151.771713 140.952545 131.190567 122.522072 114.324020 107.699600 100.139084 93.142273 85.619514 77.124985 67.558769 56.847237 49.109295 
15.604977 31.890476 36.701672 43.948807 45.832893 82.398598 89.475533 96.075508 96.189049 98.421867 112.306641 129.899063 138.186325 150.762589 166.212341 181.619736 195.470627 209.997620 227.795013 250.926071 289.529449 293.620880 263.634399 235.691666 208.193481 185.226028 167.308502 153.568390 142.427124 132.434235 123.528404 114.119095 107.495300 100.959152 93.432648 86.060432 77.370026 67.766014 56.793175 49.051460 
2.718376 11.383828 21.485409 31.360418 32.830502 37.492352 90.793839 95.517281 100.312241 110.066505 122.667786 128.483322 136.049576 184.330322 194.199356 204.554977 217.398468 244.122330 271.398468 298.746735 316.979553 302.168518 285.655975 267.740814 247.819382 224.442062 208.255859 194.309906 183.394638 174.667908 175.068481 163.347122 165.924057 171.120499 180.706024 191.999557 192.734802 183.526413 77.031197 77.853050 
1.986522 7.337022 16.319733 21.880911 31.833385 35.142273 48.302269 57.029945 74.777992 82.993042 88.311890 93.238457 91.795128 94.286797 98.379555 104.653816 113.974564 128.983444 162.633102 228.888824 293.228882 296.152863 274.485748 257.773956 240.512192 222.293640 202.579422 180.837326 160.354477 138.345093 120.555267 101.159065 85.329285 72.453377 58.229450 46.690487 35.281128 25.105274 14.812241 12.106463 
0.883621 3.650330 11.050786 11.156861 11.615201 78.508751 80.367844 79.843918 82.412514 84.563721 85.787743 86.069893 88.163834 90.961678 95.116096 101.498619 111.133316 125.645042 151.100037 193.235718 247.326340 288.150726 261.522522 245.197433 231.347626 218.445496 198.731125 178.477097 158.520462 139.193771 119.974991 102.281372 86.030136 71.712402 57.975342 46.295017 35.075218 24.945599 14.539234 10.813086 
1.248782 5.909105 16.116978 25.280560 38.423931 43.571117 56.275402 66.849037 74.361832 77.998154 79.150963 79.846336 81.315887 84.221619 89.133972 96.717545 107.536919 123.654198 145.030212 169.495285 200.005035 257.454132 219.669891 200.563995 191.327271 182.420944 177.687363 177.657608 160.633636 138.836349 121.668518 107.733665 94.007164 89.911530 72.097328 68.597862 70.614792 5.437622 4.634026 4.178747 
1.307661 5.937438 15.210381 35.763790 40.262638 44.507088 56.926228 66.879501 72.726944 73.822273 73.257195 73.399681 75.480804 79.370209 85.466499 94.384239 106.697456 124.394600 141.421585 158.298264 176.684311 228.136917 189.296478 175.050552 163.326492 147.796234 137.130768 131.874008 109.373192 95.177979 89.249092 80.785896 79.916771 81.791489 83.154694 64.736641 49.332722 47.546276 4.713469 2.872441 
1.310293 3.248142 10.027958 21.956305 23.038712 29.330671 59.463928 67.547325 68.370789 65.372253 64.174759 65.668335 69.645721 75.052338 82.751236 93.293373 107.000282 122.769463 136.317093 144.766632 159.555634 180.639908 173.062958 159.952667 150.092758 138.610062 126.316170 115.040909 106.002441 97.853050 82.118820 71.886543 66.008736 61.052227 59.661179 45.995213 47.537388 46.860352 14.273650 3.341682 
4.629199 5.272338 5.628798 15.333067 20.927139 36.566193 47.546196 56.156521 55.527710 53.884670 55.364658 59.914173 65.945763 72.549271 81.952042 93.642113 107.269073 118.931183 130.933594 135.727280 143.792648 138.352631 152.268600 143.601547 139.695175 136.291977 125.689285 113.461296 103.220940 97.616440 86.523468 71.446167 63.990070 55.201504 51.274746 40.426628 42.005070 24.446352 18.516729 20.108038 
0.531961 4.901628 5.658325 14.407459 19.531195 36.057186 49.730515 55.529488 47.716484 46.467445 50.560772 57.643028 64.447845 71.710297 83.139091 94.164009 105.115067 113.689301 120.917175 125.994225 128.870361 105.752869 139.974289 128.100632 123.281120 118.550522 152.527695 97.280487 97.382187 95.889671 95.232491 95.923111 57.450409 52.697563 50.852947 39.716030 31.692078 18.716953 10.906304 4.890590 
0.140574 0.599304 14.625664 14.584717 14.357601 12.033708 72.205711 37.760174 37.127323 39.091904 48.825794 57.100845 63.627705 72.000740 85.374588 92.074120 98.948662 105.758102 112.633804 115.741966 105.992020 84.159378 135.452621 123.490669 117.928932 110.137497 94.551262 90.628708 90.210251 86.245232 82.484291 77.377907 62.132309 54.275551 46.446484 37.727367 27.522373 17.249559 10.941528 4.697245 
0.051150 0.284807 0.608269 2.130221 3.105280 2.304985 47.728817 33.522011 34.185772 38.276546 51.689365 55.826168 62.544437 75.178818 84.898911 86.338783 91.585815 97.736862 104.531189 105.084839 80.249901 72.375984 141.213303 121.062912 114.029251 103.264023 94.023056 88.307320 83.644249 80.292862 75.382278 74.647034 60.426895 44.762543 47.848560 37.855270 31.162045 31.436651 30.902117 5.541274 
0.043163 0.283000 0.339325 0.583023 1.199873 1.209605 2.736697 30.496918 31.378630 29.855112 47.691689 50.186111 49.878456 83.204910 77.690765 78.233238 85.384575 90.352676 97.995316 86.325386 64.501266 62.824677 140.200760 125.569504 121.072952 105.479362 93.449646 84.402100 78.697945 73.768890 66.275291 65.309021 59.393879 22.854876 22.923433 6.066382 5.327890 5.308775 0.174895 0.213354 
0.019600 0.058366 0.117052 0.117787 0.319503 0.721447 2.057632 18.916924 36.192123 25.778555 33.644325 49.140434 44.296482 75.508255 69.618965 70.373352 79.242203 83.518288 94.130798 69.011993 56.809933 57.026199 141.344162 123.093224 120.836372 114.355736 101.512245 83.089195 72.389641 67.196907 57.237087 55.290230 17.260937 18.836060 18.467213 4.690403 1.568126 0.921728 0.110062 0.032219 
0.014795 0.001462 0.012871 0.020160 0.082591 0.387580 2.027013 9.096804 15.391626 24.664366 31.995623 38.563457 39.435688 41.204208 60.870872 62.259621 73.567108 77.607018 92.064377 52.110287 51.361446 53.876682 144.232986 118.581512 116.377327 112.644585 110.237915 78.465729 66.810600 64.176094 43.936363 29.083944 15.449157 21.585100 17.525841 4.688863 0.806244 0.166921 0.023274 0.004676 
0.001175 0.001268 0.001512 0.004974 0.037527 0.297375 0.669851 2.809487 6.673014 15.240513 21.754423 27.140467 39.302521 39.089272 48.024689 54.092869 68.999977 72.751228 58.623333 49.443962 49.658329 55.497398 71.298836 114.644722 109.801224 105.915558 96.290550 85.688477 75.597923 54.812496 32.743614 27.208109 15.178247 8.157374 6.166008 1.449746 0.226443 0.033392 0.004350 0.000690 
0.000022 0.000107 0.000238 0.001631 0.014358 0.286337 1.041910 2.751590 2.775486 6.836310 13.163503 20.878681 28.781408 38.346870 46.075943 49.871826 67.381531 78.730080 49.203617 47.393066 47.633083 70.481491 70.263382 68.656799 103.303909 106.895454 95.374298 84.892433 66.446014 38.355011 15.148382 14.021393 6.830284 2.956743 6.148883 0.884918 0.110618 0.012107 0.001241 0.000143 
0.000002 0.000009 0.000029 0.000168 0.000514 0.029143 1.541958 6.165156 6.656951 6.827181 5.384054 10.792314 19.921932 28.692778 36.476673 39.276550 65.804947 66.368927 47.609783 44.863701 45.335793 65.914444 68.993912 64.243309 78.461411 31.000919 70.889641 95.591522 5.702073 4.493656 4.575944 4.612310 1.808855 1.804017 0.924828 0.110382 0.109783 0.009684 0.000798 0.000071 
0.000000 0.000001 0.000003 0.000017 0.000060 0.000737 0.034914 0.061315 0.067669 1.257394 4.479777 4.497384 11.614643 20.223114 28.902182 31.052174 69.509270 52.227009 34.083218 41.458076 41.880665 55.868855 60.625599 63.301888 105.120567 19.600075 18.914368 4.556611 1.038641 0.391952 0.874733 0.886366 0.547977 1.795008 0.002840 0.002923 0.009022 0.000079 0.000064 0.000058 
0.000000 0.000000 0.000000 0.000003 0.000023 0.000218 0.004081 0.007681 0.008254 0.003071 0.872859 4.462223 4.636510 11.182874 20.239929 21.423496 106.324066 33.676598 32.721706 40.878357 40.837101 47.453724 55.315514 55.943645 64.076004 19.054243 18.106207 5.285369 1.284357 0.246012 0.262085 0.878535 0.874130 0.270576 0.000558 0.000331 0.000011 0.000006 0.000006 0.000006 
0.000000 0.000000 0.000000 0.000001 0.000005 0.000050 0.000412 0.000795 0.000913 0.001291 0.010046 3.857592 4.015817 4.035179 10.808950 11.770169 112.518639 31.315844 31.613400 37.811558 39.381733 44.781635 49.368320 49.943050 69.985306 18.566700 17.777243 5.261686 1.184941 0.226251 0.225440 0.743459 0.003448 0.000458 0.000090 0.000035 0.000004 0.000001 0.000000 0.000000 
0.000000 0.000000 0.000000 0.000000 0.000001 0.000007 0.000041 0.000083 0.000159 0.000992 0.010687 0.471318 0.893774 0.961034 3.361057 4.013974 121.729080 16.461563 15.883943 21.431976 21.718998 33.594738 43.018215 43.482903 86.209015 8.764683 8.399401 2.308975 0.466187 0.086040 0.077757 0.087271 0.002092 0.000230 0.000027 0.000005 0.000001 0.000000 0.000000 0.000000 
