0.000000 0.000000 0.000000 0.000000 0.000000 0.000000 0.000000 0.000000 0.000000 0.000000 0.000000 0.000000 0.000000 0.000000 0.000000 0.000002 0.000070 0.000008 0.000006 0.000009 0.000018 0.000000 0.000000 0.000000 0.000000 0.000000 0.000000 0.000000 0.000000 0.000000 0.000000 0.000000 0.000000 0.000000 0.000000 0.000000 0.000000 0.000000 0.000000 0.000000 
0.000000 0.000000 0.000000 0.000000 0.000000 0.000000 0.000000 0.000000 0.000000 0.000000 0.000000 0.000000 0.000000 0.000000 0.000001 0.000003 0.001081 0.000075 0.000073 0.000351 0.000021 0.000002 0.000001 0.000000 0.000000 0.000000 0.000000 0.000000 0.000000 0.000000 0.000000 0.000000 0.000000 0.000000 0.000000 0.000000 0.000000 0.000000 0.000000 0.000000 
0.000000 0.000000 0.000000 0.000000 0.000000 0.000000 0.000000 0.000000 0.000000 0.000000 0.000000 0.000000 0.000000 0.000001 0.000012 0.000127 0.001515 0.001061 0.000950 0.008435 0.006913 0.000033 0.000010 0.000002 0.000003 0.000002 0.000001 0.000001 0.000000 0.000000 0.000000 0.000000 0.000000 0.000000 0.000000 0.000000 0.000000 0.000000 0.000000 0.000000 
0.000000 0.000000 0.000000 0.000000 0.000000 0.000000 0.000000 0.000000 0.000000 0.000000 0.000000 0.000000 0.000001 0.000012 0.000085 0.000499 0.001548 0.002914 0.127462 0.015402 0.013251 0.001141 0.000134 0.000026 0.000039 0.000035 0.000010 0.000010 0.000008 0.000001 0.000000 0.000000 0.000000 0.000000 0.000000 0.000000 0.000000 0.000000 0.000000 0.000000 
0.000000 0.000000 0.000000 0.000000 0.000000 0.000000 0.000000 0.000000 0.000000 0.000000 0.000000 0.000002 0.000007 0.000113 0.000892 0.006027 0.016293 0.102132 5.260456 0.099692 0.013585 0.002113 0.000871 0.000234 0.000500 0.000458 0.000112 0.000061 0.000049 0.000043 0.000001 0.000000 0.000000 0.000000 0.000000 0.000000 0.000000 0.000000 0.000000 0.000000 
0.000000 0.000000 0.000000 0.000000 0.000000 0.000000 0.000000 0.000000 0.000001 0.000001 0.000006 0.000025 0.000291 0.005934 0.006805 0.065352 0.079330 0.160353 5.523053 0.128395 0.034411 0.013220 0.009628 0.001840 0.005534 0.005116 0.001041 0.000137 0.000053 0.000050 0.000012 0.000000 0.000000 0.000000 0.000000 0.000000 0.000000 0.000000 0.000000 0.000000 
0.000000 0.000000 0.000000 0.000000 0.000000 0.000000 0.000000 0.000000 0.000000 0.000005 0.000075 0.001004 0.011531 0.019749 0.112303 0.666747 0.668184 0.933565 5.799961 1.420929 0.242861 0.120702 0.103262 0.005896 0.049785 0.046319 0.007209 0.000728 0.000090 0.000065 0.000015 0.000001 0.000000 0.000000 0.000000 0.000000 0.000000 0.000000 0.000000 0.000000 
0.000000 0.000000 0.000000 0.000000 0.000000 0.000000 0.000000 0.000000 0.000000 0.000008 0.000099 0.001242 0.013164 0.102379 2.871587 4.028351 3.964718 1.033953 5.965025 5.105870 0.960394 0.955795 0.961569 4.590614 0.294297 0.272488 0.021376 0.001104 0.000374 0.000334 0.000016 0.000001 0.000000 0.000000 0.000000 0.000000 0.000000 0.000000 0.000000 0.000000 
0.000000 0.000000 0.000000 0.000000 0.000000 0.000001 0.000000 0.000000 0.000001 0.000032 0.000123 0.001279 0.013088 0.102577 2.872182 7.187764 7.229370 1.157813 11.657039 11.187902 0.986282 5.720313 9.198902 29.732847 26.546570 26.258476 0.850816 0.019238 0.005164 0.005083 0.000323 0.000001 0.000000 0.000000 0.000000 0.000000 0.000000 0.000000 0.000000 0.000000 
0.000000 0.000000 0.000000 0.000000 0.000000 0.000001 0.000001 0.000001 0.000042 0.000407 0.000412 0.001310 0.007084 0.011135 1.611073 43.955006 41.118717 6.182480 15.259904 15.224498 2.334914 18.848276 19.022776 30.104895 26.520172 1.446178 0.848347 0.155924 0.036960 0.003988 0.000396 0.000031 0.000002 0.000000 0.000000 0.000000 0.000000 0.000000 0.000000 0.000000 
0.000000 0.000000 0.000000 0.000000 0.000000 0.000012 0.000016 0.000021 0.000171 0.000422 0.004548 0.007959 0.039299 0.301176 2.056673 3.474648 36.491127 56.133183 19.068062 19.055595 71.374557 29.393230 29.405224 30.989565 24.414131 1.033301 0.849253 0.157716 0.048049 0.004153 0.000398 0.000070 0.000009 0.000001 0.000001 0.000000 0.000000 0.000000 0.000000 0.000000 
0.000000 0.000000 0.000000 0.000000 0.000000 0.000001 0.000015 0.000150 0.000173 0.003838 0.057831 0.064551 0.128698 0.623262 2.072873 2.089744 6.737735 38.048679 22.573586 22.726971 71.779160 44.374931 44.241337 43.693069 73.733566 29.982475 1.840186 0.162032 0.160563 0.076597 0.000882 0.000601 0.000080 0.000008 0.000007 0.000001 0.000000 0.000000 0.000000 0.000000 
0.000000 0.000000 0.000000 0.000000 0.000000 0.000001 0.000051 0.002454 0.003008 0.043851 0.103770 0.642790 0.791266 3.280186 9.186828 15.835591 19.485716 30.577379 26.728064 26.817780 73.761688 58.865665 58.762016 64.222298 68.886406 82.008598 59.564247 3.898171 1.334229 1.314211 0.069008 0.006755 0.000554 0.000047 0.000045 0.000003 0.000000 0.000000 0.000000 0.000000 
0.000000 0.000000 0.000000 0.000000 0.000000 0.000004 0.000234 0.004296 0.005462 0.048304 1.845246 3.834037 3.899373 10.905952 20.028782 33.044395 22.751562 50.508221 29.825529 30.398933 86.240509 84.932816 85.758926 87.263840 74.047638 60.532421 47.988487 31.898970 32.246147 3.898117 0.012146 0.002439 0.000321 0.000099 0.000045 0.000003 0.000000 0.000000 0.000000 0.000000 
0.000000 0.000000 0.000000 0.000001 0.000001 0.000015 0.000213 0.001270 0.013237 0.514897 2.672512 3.823503 11.201545 21.190933 29.905294 30.465462 29.421030 64.465042 60.364967 50.106583 99.363754 93.885605 90.861694 89.915405 72.584671 60.511799 47.587029 31.397209 14.320081 3.739727 0.713490 0.004005 0.001076 0.001072 0.000555 0.000003 0.000002 0.000000 0.000000 0.000000 
0.000000 0.000000 0.000001 0.000001 0.000002 0.000019 0.000237 0.001508 0.072661 2.508812 2.735263 9.885469 19.950830 28.257446 37.087410 38.260208 53.216812 60.880222 69.054276 78.475258 113.345619 107.919846 86.742302 76.495117 73.825722 57.477421 45.943939 29.511484 14.263541 3.763672 3.748613 1.151965 0.009312 0.007659 0.007405 0.000512 0.000032 0.000002 0.000000 0.000000 
0.000000 0.000000 0.000007 0.000004 0.000004 0.000033 0.001421 0.011981 1.298029 6.816123 7.286221 19.464413 30.848902 37.933880 45.598454 47.473080 55.167210 61.935764 69.800224 76.792053 118.998520 101.143463 87.562691 79.523064 75.370857 64.320847 55.142075 53.653469 11.045315 6.925405 6.936738 6.326316 0.891488 0.087365 0.007479 0.000552 0.000036 0.000002 0.000000 0.000000 
0.000000 0.000001 0.000008 0.000010 0.000021 0.001171 0.062057 1.159564 1.367308 1.765808 7.248050 19.623398 31.659702 39.826931 48.035320 52.659702 58.469093 65.106155 72.531578 78.541794 113.374207 101.226379 90.817245 86.926590 74.925461 65.047165 63.048813 48.777298 31.963482 19.593597 18.626348 6.321784 0.976038 0.100419 0.008441 0.000622 0.000041 0.000003 0.000002 0.000002 
0.000003 0.000007 0.000009 0.000093 0.000983 0.016158 0.138290 0.179635 0.208905 0.213901 1.022632 44.789310 44.172634 48.376999 54.629215 59.477951 66.509026 69.695053 76.131989 82.137260 98.979103 114.786888 95.956169 84.980110 79.172554 69.821808 59.639233 44.049454 32.411407 23.431414 18.956749 6.217018 0.942805 0.098856 0.008605 0.000668 0.000048 0.000004 0.000001 0.000000 
0.000003 0.000006 0.000009 0.000095 0.000991 0.016223 0.147956 0.178584 0.238508 4.618899 13.379038 13.753534 41.185886 49.005764 55.550674 61.185738 66.383987 71.534103 82.580231 88.149094 100.818466 111.189545 96.047569 87.982750 81.338768 74.554955 71.458290 51.221951 42.758194 34.622044 31.187147 3.066978 0.062042 0.033711 0.005400 0.000611 0.000058 0.000013 0.000001 0.000000 
0.000000 0.000001 0.000002 0.000019 0.000087 0.029113 0.855797 0.867839 11.175415 13.379659 13.428802 13.438670 14.958263 115.563393 117.314049 111.039108 102.705452 90.661697 96.022873 98.618523 112.036766 110.251846 105.353470 98.680168 91.173035 82.596901 77.716759 70.489761 59.992207 45.911133 14.585917 0.584248 0.126344 0.076267 0.012085 0.001336 0.000131 0.000128 0.000086 0.000006 
0.000000 0.000000 0.000002 0.000013 0.000103 0.017045 0.048534 0.128502 0.891139 7.539715 19.717600 24.211191 38.494816 47.358109 55.496117 62.825375 68.433968 74.917503 80.118141 85.686440 94.715034 123.404488 78.980728 59.037670 50.458679 48.689022 72.213364 35.203415 6.810034 1.764606 1.195877 0.517822 0.035692 0.029302 0.005690 0.000723 0.000077 0.000016 0.000001 0.000000 
0.000000 0.000000 0.000000 0.000002 0.001418 0.017287 0.017452 0.095861 0.868933 5.793784 17.406582 29.059093 38.842167 47.062473 54.972725 61.887890 66.574921 71.431358 74.641281 81.206337 94.064377 103.623337 76.397438 48.118542 36.898758 21.034613 15.647692 8.801401 1.499652 0.976530 0.824041 0.777957 0.236221 0.046287 0.006460 0.000715 0.000116 0.000016 0.000001 0.000000 
0.000000 0.000000 0.000001 0.000013 0.000157 0.015147 0.039840 0.042400 0.394317 2.990914 12.288790 22.933075 32.020004 39.667862 48.107460 54.719471 58.547962 64.317253 66.754501 73.547630 93.794769 95.170799 70.794357 48.687706 41.732761 26.797335 19.699915 14.309075 1.866883 1.346626 0.792750 0.784537 0.236668 0.043269 0.006045 0.000714 0.000707 0.000055 0.000000 0.000000 
0.000000 0.000000 0.000001 0.000014 0.000166 0.009928 0.010733 0.012378 0.115685 0.996940 5.800014 16.214931 25.498676 33.321789 43.219982 49.049282 52.708008 57.844067 60.958145 69.949219 89.628090 86.221336 58.932674 43.906719 37.122231 26.481201 23.099390 23.092411 6.326628 2.395730 1.480522 1.475896 0.272249 0.006743 0.006048 0.000717 0.000234 0.000031 0.000001 0.000000 
0.000000 0.000000 0.000000 0.000001 0.000004 0.000332 0.010305 0.011009 0.027601 0.233360 1.715787 7.886214 17.882284 26.316034 38.073769 42.287708 45.884785 51.719887 56.232811 62.500038 80.658821 75.869614 57.829884 39.950321 30.062801 23.626070 16.235098 13.016559 10.553286 9.806779 2.908086 2.572963 0.581512 0.060594 0.060059 0.005085 0.000025 0.000020 0.000001 0.000000 
0.000000 0.000000 0.000000 0.000000 0.000002 0.000027 0.000448 0.009993 0.038246 0.044454 0.352674 2.255503 8.919546 18.542234 31.939766 34.282013 39.017746 46.642193 67.605972 61.358994 76.708832 70.308487 51.727097 29.942686 26.365637 25.781179 15.953440 12.894193 10.520432 9.502041 2.667697 2.343238 0.577577 0.021177 0.005904 0.000043 0.000004 0.000002 0.000001 0.000001 
0.000000 0.000000 0.000000 0.000000 0.000002 0.000025 0.000191 0.001225 0.006105 0.007110 0.061188 0.476979 2.872166 10.546904 23.456917 23.825809 32.691559 48.451210 55.455200 57.922268 78.023918 55.492142 52.560349 20.380102 20.693424 20.281565 18.684454 2.026330 2.360573 2.358940 0.750105 0.745115 0.038978 0.000571 0.000471 0.000033 0.000002 0.000000 0.000000 0.000000 
0.000000 0.000000 0.000000 0.000000 0.000000 0.000009 0.000405 0.000585 0.001055 0.001197 0.011160 0.098187 0.715893 3.654020 11.138641 11.133024 13.529705 42.453461 49.176640 48.806030 82.725403 51.504734 48.815002 16.435596 16.901424 16.831028 1.783943 0.352295 0.419526 0.384173 0.128801 0.090201 0.001122 0.000128 0.000040 0.000005 0.000000 0.000000 0.000000 0.000000 
0.000000 0.000000 0.000000 0.000000 0.000000 0.000002 0.000321 0.000187 0.000758 0.001182 0.010150 0.088492 0.705855 0.767707 2.502805 2.542755 1.957182 29.484314 39.354759 39.573135 9.018120 48.522072 47.428291 12.945060 12.367036 11.841596 1.734591 0.286678 0.096533 0.056535 0.018396 0.009981 0.000905 0.000075 0.000011 0.000004 0.000000 0.000000 0.000000 0.000000 
0.000000 0.000000 0.000000 0.000000 0.000000 0.000000 0.000008 0.000013 0.000015 0.000448 0.020037 0.020471 0.359435 0.424128 0.427518 0.761238 1.544206 14.884968 28.650074 29.314529 4.988189 43.801651 36.909389 10.959767 10.575206 8.699941 1.731361 0.251788 0.091173 0.053250 0.012192 0.005640 0.000899 0.000070 0.000069 0.000004 0.000000 0.000000 0.000000 0.000000 
0.000000 0.000000 0.000000 0.000000 0.000000 0.000000 0.000000 0.000001 0.000001 0.000004 0.000450 0.000499 0.001530 0.421393 0.104224 0.239660 1.312764 7.400245 16.670605 15.951775 3.133751 37.841972 39.804867 10.306643 3.658500 1.870955 0.435451 0.256325 0.238497 0.008933 0.001585 0.001570 0.000100 0.000005 0.000004 0.000000 0.000000 0.000000 0.000000 0.000000 
0.000000 0.000000 0.000000 0.000000 0.000000 0.000000 0.000000 0.000000 0.000000 0.000002 0.000035 0.000044 0.000081 0.043434 0.069438 0.069940 0.494493 3.291830 16.641127 4.884645 0.471956 8.756968 40.162022 8.819715 1.994954 0.427445 0.424496 0.056235 0.000327 0.000087 0.000072 0.000067 0.000000 0.000000 0.000000 0.000000 0.000000 0.000000 0.000000 0.000000 
0.000000 0.000000 0.000000 0.000000 0.000000 0.000000 0.000000 0.000000 0.000000 0.000000 0.000002 0.000004 0.000011 0.000075 0.005899 0.009490 0.049987 0.072384 12.871066 0.367351 0.343150 0.355846 7.028524 4.891714 1.004605 0.133130 0.043922 0.000365 0.000050 0.000011 0.000006 0.000005 0.000000 0.000000 0.000000 0.000000 0.000000 0.000000 0.000000 0.000000 
0.000000 0.000000 0.000000 0.000000 0.000000 0.000000 0.000000 0.000000 0.000000 0.000000 0.000000 0.000000 0.000003 0.000034 0.000466 0.001078 0.005756 0.021393 0.344871 0.116997 0.105471 0.092221 0.054376 0.812572 0.013347 0.011914 0.004031 0.000284 0.000031 0.000010 0.000001 0.000000 0.000000 0.000000 0.000000 0.000000 0.000000 0.000000 0.000000 0.000000 
0.000000 0.000000 0.000000 0.000000 0.000000 0.000000 0.000000 0.000000 0.000000 0.000000 0.000000 0.000000 0.000000 0.000004 0.000041 0.000196 0.001770 0.015734 0.329340 0.110898 0.103088 0.025915 0.009936 0.001569 0.008932 0.010695 0.003601 0.000280 0.000208 0.000011 0.000000 0.000000 0.000000 0.000000 0.000000 0.000000 0.000000 0.000000 0.000000 0.000000 
0.000000 0.000000 0.000000 0.000000 0.000000 0.000000 0.000000 0.000000 0.000000 0.000000 0.000000 0.000000 0.000000 0.000000 0.000004 0.000022 0.000147 0.000258 0.004861 0.009272 0.003060 0.001249 0.001147 0.000869 0.000994 0.000997 0.000696 0.000013 0.000002 0.000000 0.000000 0.000000 0.000000 0.000000 0.000000 0.000000 0.000000 0.000000 0.000000 0.000000 
0.000000 0.000000 0.000000 0.000000 0.000000 0.000000 0.000000 0.000000 0.000000 0.000000 0.000000 0.000000 0.000000 0.000000 0.000000 0.000002 0.000012 0.000023 0.000034 0.000176 0.000023 0.000115 0.000108 0.000084 0.000067 0.000013 0.000007 0.000000 0.000000 0.000000 0.000000 0.000000 0.000000 0.000000 0.000000 0.000000 0.000000 0.000000 0.000000 0.000000 
0.000000 0.000000 0.000000 0.000000 0.000000 0.000000 0.000000 0.000000 0.000000 0.000000 0.000000 0.000000 0.000000 0.000000 0.000000 0.000001 0.000009 0.000002 0.000005 0.000017 0.000004 0.000009 0.000009 0.000010 0.000056 0.000004 0.000001 0.000000 0.000000 0.000000 0.000000 0.000000 0.000000 0.000000 0.000000 0.000000 0.000000 0.000000 0.000000 0.000000 
0.000000 0.000000 0.000000 0.000000 0.000000 0.000000 0.000000 0.000000 0.000000 0.000000 0.000000 0.000000 0.000000 0.000000 0.000000 0.000000 0.000007 0.000001 0.000001 0.000002 0.000001 0.000001 0.000001 0.000001 0.000046 0.000001 0.000000 0.000000 0.000000 0.000000 0.000000 0.000000 0.000000 0.000000 0.000000 0.000000 0.000000 0.000000 0.000000 0.000000 
