0.000000 0.000000 0.000000 0.000000 0.000000 0.000000 0.000000 0.000000 0.000000 0.000000 0.000000 0.000000 0.000000 0.000000 0.000001 0.000014 0.000582 0.000060 0.000049 0.000068 0.000122 0.000002 0.000001 0.000000 0.000000 0.000000 0.000000 0.000000 0.000000 0.000000 0.000000 0.000000 0.000000 0.000000 0.000000 0.000000 0.000000 0.000000 0.000000 0.000000 
0.000000 0.000000 0.000000 0.000000 0.000000 0.000000 0.000000 0.000000 0.000000 0.000000 0.000000 0.000000 0.000000 0.000001 0.000008 0.000024 0.007963 0.000507 0.000486 0.002170 0.000137 0.000018 0.000007 0.000002 0.000002 0.000001 0.000000 0.000000 0.000000 0.000000 0.000000 0.000000 0.000000 0.000000 0.000000 0.000000 0.000000 0.000000 0.000000 0.000000 
0.000000 0.000000 0.000000 0.000000 0.000000 0.000000 0.000000 0.000000 0.000000 0.000000 0.000000 0.000000 0.000001 0.000013 0.000109 0.001027 0.010721 0.007654 0.004288 0.047487 0.044154 0.000236 0.000087 0.000020 0.000023 0.000020 0.000007 0.000006 0.000000 0.000000 0.000000 0.000000 0.000000 0.000000 0.000000 0.000000 0.000000 0.000000 0.000000 0.000000 
0.000000 0.000000 0.000000 0.000000 0.000000 0.000000 0.000000 0.000000 0.000000 0.000000 0.000000 0.000002 0.000010 0.000102 0.000717 0.003944 0.010915 0.016549 0.517807 0.087370 0.078925 0.007975 0.001048 0.000210 0.000291 0.000262 0.000080 0.000077 0.000065 0.000009 0.000002 0.000002 0.000000 0.000000 0.000000 0.000000 0.000000 0.000000 0.000000 0.000000 
0.000000 0.000000 0.000000 0.000000 0.000000 0.000000 0.000000 0.000000 0.000000 0.000001 0.000004 0.000017 0.000049 0.000773 0.006647 0.042459 0.100217 0.442123 20.656111 0.423688 0.080453 0.014935 0.006318 0.001682 0.003299 0.003031 0.000811 0.000469 0.000376 0.000330 0.000007 0.000000 0.000000 0.000000 0.000000 0.000000 0.000000 0.000000 0.000000 0.000000 
0.000000 0.000000 0.000000 0.000000 0.000000 0.000000 0.000000 0.000003 0.000006 0.000006 0.000051 0.000175 0.001787 0.037654 0.042369 0.398791 0.480779 0.796540 21.236847 0.582371 0.213295 0.088280 0.063325 0.011353 0.031587 0.029375 0.006665 0.000982 0.000399 0.000381 0.000092 0.000001 0.000000 0.000000 0.000000 0.000000 0.000000 0.000000 0.000000 0.000000 
0.000000 0.000000 0.000000 0.000000 0.000000 0.000000 0.000000 0.000000 0.000003 0.000043 0.000567 0.006669 0.064776 0.095406 0.455016 3.223652 3.231446 4.543620 21.560749 6.087965 1.379197 0.710566 0.595685 0.016621 0.224471 0.211649 0.039037 0.004575 0.000642 0.000479 0.000116 0.000004 0.000000 0.000000 0.000000 0.000000 0.000000 0.000000 0.000000 0.000000 
0.000000 0.000000 0.000000 0.000000 0.000000 0.000002 0.000000 0.000000 0.000005 0.000070 0.000739 0.008105 0.071545 0.401039 9.737303 13.075767 12.714188 5.121429 21.485889 15.612556 4.569893 4.322640 4.318206 5.261776 0.674972 0.645555 0.069369 0.005746 0.002364 0.002144 0.000121 0.000004 0.000000 0.000000 0.000000 0.000000 0.000000 0.000000 0.000000 0.000000 
0.000000 0.000000 0.000000 0.000000 0.000000 0.000006 0.000001 0.000001 0.000005 0.000277 0.000934 0.008269 0.070116 0.398891 9.720235 14.263225 14.110012 5.459524 25.017986 21.323147 4.650836 13.319270 16.725397 60.906239 46.855556 59.952969 1.427580 0.064222 0.029999 0.029623 0.002175 0.000006 0.000002 0.000000 0.000000 0.000000 0.000000 0.000000 0.000000 0.000000 
0.000000 0.000000 0.000000 0.000000 0.000000 0.000006 0.000009 0.000010 0.000374 0.003258 0.003292 0.008974 0.039950 0.048984 2.838707 29.031143 27.491875 11.379946 29.265303 29.003489 5.719341 31.386866 31.744997 62.394245 43.576618 3.893203 3.076827 0.720227 0.202984 0.025257 0.002758 0.000240 0.000021 0.000002 0.000001 0.000000 0.000000 0.000000 0.000000 0.000000 
0.000000 0.000000 0.000000 0.000000 0.000002 0.000111 0.000153 0.000194 0.001399 0.003369 0.034230 0.057140 0.243776 1.597549 9.028929 9.395070 24.463001 78.537910 33.467503 33.402809 90.784134 41.131096 41.164509 45.614601 37.511730 3.312796 3.078387 0.728271 0.251291 0.025938 0.002765 0.000532 0.000078 0.000010 0.000009 0.000000 0.000000 0.000000 0.000000 0.000000 
0.000000 0.000000 0.000000 0.000000 0.000001 0.000009 0.000143 0.001255 0.001411 0.027025 0.390027 0.431477 0.802723 3.199445 9.086270 9.102994 13.599366 55.083454 36.780109 36.886074 90.978210 49.834564 49.745609 51.603397 57.708450 23.059507 2.953568 0.725866 0.715561 0.320608 0.005197 0.004028 0.000599 0.000069 0.000060 0.000005 0.000000 0.000000 0.000000 0.000000 
0.000000 0.000000 0.000000 0.000000 0.000001 0.000007 0.000413 0.018417 0.021853 0.258941 0.634067 3.496076 4.112324 10.936191 19.614378 18.949347 25.327383 42.052208 40.073875 40.153843 88.489616 56.199368 56.011227 58.170139 60.398056 44.976917 52.600903 3.882481 3.761181 3.817002 0.287965 0.038537 0.003724 0.000362 0.000346 0.000025 0.000000 0.000000 0.000000 0.000000 
0.000000 0.000000 0.000000 0.000001 0.000003 0.000031 0.001732 0.032209 0.039616 0.279024 9.406095 14.422518 14.299477 20.990999 27.619505 48.579262 30.968941 44.411236 42.056278 42.447582 93.254166 67.809532 68.588699 77.625526 84.331268 67.881920 53.598930 39.750492 41.438423 6.573529 0.035273 0.013057 0.002178 0.000764 0.000346 0.000025 0.000002 0.000000 0.000000 0.000000 
0.000000 0.000000 0.000000 0.000009 0.000009 0.000122 0.001522 0.009612 0.085311 2.900562 12.548451 15.864333 22.662153 29.823385 38.105133 39.246643 38.253162 51.259235 47.486877 46.281967 90.464615 73.971771 72.663452 106.256226 82.129257 67.898178 52.800682 38.797131 26.988205 16.537571 3.744339 0.020515 0.007583 0.007562 0.004369 0.000025 0.000018 0.000002 0.000000 0.000000 
0.000000 0.000000 0.000004 0.000011 0.000013 0.000147 0.001631 0.008661 0.379922 11.679848 12.753363 21.283258 29.291979 36.237740 45.481117 47.509449 63.748268 72.545959 81.557655 79.751999 100.285530 88.105507 86.250465 88.751373 83.858917 65.086525 52.283283 38.299828 26.963858 16.886965 16.802055 5.082074 0.061296 0.054079 0.052607 0.004065 0.000281 0.000018 0.000001 0.000000 
0.000000 0.000000 0.000049 0.000030 0.000031 0.000227 0.008563 0.060573 6.063005 25.909014 26.280327 32.392403 40.100372 46.419044 54.669315 57.396240 66.257561 74.110306 82.886612 88.155617 109.896698 106.946175 105.395012 93.437836 86.666229 75.661453 65.251175 63.784672 25.541193 22.694935 22.709686 16.182009 3.966842 0.524121 0.053053 0.004401 0.000320 0.000021 0.000002 0.000000 
0.000001 0.000008 0.000060 0.000067 0.000137 0.006893 0.355670 5.835400 6.365144 7.958903 25.983400 33.197136 42.028343 49.637291 58.352985 63.754269 70.424461 77.941780 86.175247 91.870392 115.232246 115.990211 110.948296 104.999855 85.617554 73.429497 69.787453 50.676983 42.168262 33.308571 31.404472 16.072495 4.420953 0.608527 0.059912 0.004940 0.000362 0.000026 0.000020 0.000015 
0.000021 0.000048 0.000062 0.000597 0.005780 0.090656 0.731967 0.948449 1.170303 1.188710 3.608543 56.527565 55.483803 59.578251 66.281235 71.727226 79.286522 83.318123 90.299965 96.297913 108.212112 134.874313 108.277100 93.012466 83.301277 74.464981 61.890686 48.729836 42.637989 36.549404 31.001356 15.777735 4.124403 0.576703 0.058640 0.005068 0.000395 0.000034 0.000005 0.000003 
0.000021 0.000046 0.000060 0.000606 0.005819 0.090962 0.774814 0.939614 1.246788 10.120870 48.200851 48.855312 55.420319 60.741982 67.469978 73.687347 79.545662 85.343231 96.207932 102.058250 110.647560 126.378281 104.385803 93.717346 84.777992 76.172287 59.795925 50.485989 46.424664 42.284798 39.589760 6.187565 0.236033 0.165817 0.031240 0.003993 0.000420 0.000099 0.000006 0.000003 
0.000001 0.000005 0.000016 0.000114 0.000451 0.142410 3.864520 3.908996 40.318626 48.637745 48.954323 48.967136 49.027523 123.430351 127.383911 123.111191 114.945282 102.490318 108.817696 112.003136 125.585052 118.152924 110.622910 95.504227 78.357697 53.715076 47.773930 44.584740 31.566616 21.228212 2.174646 0.687212 0.310244 0.283391 0.058188 0.007640 0.000854 0.000840 0.000586 0.000046 
0.000000 0.000001 0.000009 0.000075 0.000549 0.109092 0.253307 0.712877 4.014854 17.372473 35.681778 45.566776 46.567501 53.638786 61.098732 68.991524 76.110985 84.230034 91.027740 97.479141 106.735138 96.589920 27.781401 24.665369 20.022745 13.733248 8.124392 5.402299 3.556538 3.169739 2.932209 1.903609 0.151880 0.130869 0.029899 0.004347 0.000522 0.000116 0.000010 0.000002 
0.000000 0.000000 0.000002 0.000010 0.009509 0.110668 0.111643 0.566047 3.948548 15.079798 26.218472 36.806824 45.678619 53.096416 60.467613 68.125458 74.633499 81.282990 85.969543 92.990509 106.120979 113.591354 30.148478 27.664232 23.609240 16.516479 15.108136 9.838786 3.541453 3.323722 3.218087 3.199568 1.001018 0.220918 0.035135 0.004403 0.000799 0.000116 0.000009 0.000001 
0.000000 0.000001 0.000008 0.000093 0.001062 0.098388 0.266244 0.280249 2.100462 10.079466 21.681822 31.091331 39.236588 45.898079 53.739967 61.728062 67.415382 74.716980 78.361252 85.345879 106.855301 102.088188 45.873955 38.147175 35.499870 28.876682 23.086052 16.922434 3.845380 5.012311 3.263571 3.234648 1.002985 0.207037 0.033462 0.004476 0.004438 0.000377 0.000001 0.000000 
0.000000 0.000001 0.000008 0.000097 0.001119 0.066306 0.081165 0.091845 0.727304 4.633946 14.748702 24.744375 33.419769 40.079292 49.161579 56.728455 62.139000 68.380997 72.268944 81.070297 104.966217 90.200569 48.333221 39.983814 38.431694 35.515995 34.398415 34.320660 16.768991 8.365289 6.282505 6.267653 1.176515 0.042271 0.039166 0.004504 0.001584 0.000211 0.000004 0.000000 
0.000000 0.000000 0.000001 0.000009 0.000027 0.002440 0.078644 0.083314 0.201307 1.395634 7.003581 17.104790 26.508799 33.407158 44.138336 50.319778 55.522736 61.206871 66.382034 75.033386 93.969849 79.333252 50.890705 39.809464 37.456573 35.048851 32.515713 30.641809 27.675835 26.470181 12.141525 11.216791 2.931575 0.360855 0.358151 0.032642 0.000173 0.000143 0.000007 0.000000 
0.000000 0.000000 0.000000 0.000002 0.000015 0.000224 0.003511 0.077243 0.279822 0.316894 2.021329 8.488360 18.547466 26.303661 38.442013 42.440968 48.379959 53.588383 75.540733 73.797188 95.538712 82.831879 53.469528 38.082462 36.847946 36.067566 32.365196 30.476475 27.478170 25.526869 11.137434 10.251113 2.919923 0.119335 0.038098 0.000327 0.000036 0.000012 0.000006 0.000005 
0.000000 0.000000 0.000000 0.000001 0.000013 0.000211 0.001545 0.010666 0.049948 0.057051 0.423958 2.616175 9.980319 19.048611 31.087181 32.449566 40.895508 47.545498 63.580906 68.502510 99.692047 65.294029 59.183701 34.449120 34.269726 33.902241 33.436729 6.924237 8.550516 8.552456 3.659423 3.641922 0.204376 0.003908 0.003382 0.000265 0.000020 0.000002 0.000001 0.000000 
0.000000 0.000000 0.000001 0.000002 0.000002 0.000080 0.003697 0.005310 0.009363 0.010470 0.086647 0.655719 3.757164 11.632293 20.980797 21.122427 18.332747 36.952374 56.896046 58.931179 109.624123 61.207138 53.896545 31.439043 31.676702 31.327383 5.917400 1.705370 1.988105 1.863564 0.719406 0.508977 0.007524 0.000940 0.000314 0.000040 0.000004 0.000000 0.000001 0.000000 
0.000000 0.000000 0.000000 0.000000 0.000001 0.000018 0.002951 0.001720 0.006882 0.010354 0.079415 0.599534 3.733561 3.958005 8.881891 9.086563 6.554474 22.817799 47.683033 50.969875 24.126596 61.344254 57.716389 27.159138 27.291019 24.600847 6.689265 1.432951 0.520672 0.319876 0.114832 0.063423 0.006341 0.000574 0.000096 0.000039 0.000003 0.000003 0.000002 0.000000 
0.000000 0.000000 0.000000 0.000000 0.000000 0.000001 0.000075 0.000119 0.000134 0.003067 0.131781 0.134231 1.944713 2.183071 2.190438 3.418782 5.604950 16.205679 43.697136 49.972668 19.286722 52.664711 39.268143 21.964602 31.053835 21.485428 6.708036 1.345529 0.501088 0.304011 0.079535 0.038415 0.006307 0.000540 0.000534 0.000038 0.000000 0.000000 0.000000 0.000000 
0.000000 0.000000 0.000000 0.000000 0.000000 0.000000 0.000000 0.000008 0.000010 0.000031 0.003028 0.003311 0.008214 2.173482 0.631344 1.293179 5.518565 16.693468 46.988804 41.326351 13.152513 32.873062 44.371552 17.870056 13.435650 7.480782 2.367641 1.373490 1.300959 0.053697 0.011122 0.011031 0.000729 0.000039 0.000038 0.000000 0.000000 0.000000 0.000000 0.000000 
0.000000 0.000000 0.000000 0.000000 0.000000 0.000000 0.000000 0.000001 0.000002 0.000020 0.000257 0.000320 0.000548 0.265537 0.431935 0.434432 2.512222 9.095448 47.572609 9.247499 1.561525 3.015278 45.340923 11.571888 7.800642 2.365050 2.354349 0.359459 0.001895 0.000538 0.000522 0.000491 0.000004 0.000003 0.000002 0.000000 0.000000 0.000000 0.000000 0.000000 
0.000000 0.000000 0.000000 0.000000 0.000000 0.000000 0.000000 0.000000 0.000000 0.000003 0.000020 0.000030 0.000084 0.000537 0.041365 0.066084 0.308938 0.377590 41.247189 1.442744 1.375489 1.377136 3.922396 7.883689 4.192233 0.784249 0.290785 0.002918 0.000381 0.000079 0.000045 0.000038 0.000003 0.000000 0.000000 0.000000 0.000000 0.000000 0.000000 0.000000 
0.000000 0.000000 0.000000 0.000000 0.000000 0.000000 0.000000 0.000000 0.000000 0.000000 0.000001 0.000003 0.000023 0.000281 0.003620 0.008178 0.038926 0.120010 1.684637 0.549754 0.487976 0.416264 0.236749 3.178088 0.088630 0.083050 0.030515 0.002395 0.000283 0.000074 0.000008 0.000003 0.000000 0.000000 0.000000 0.000000 0.000000 0.000000 0.000000 0.000000 
0.000000 0.000000 0.000000 0.000000 0.000000 0.000000 0.000000 0.000000 0.000000 0.000000 0.000000 0.000000 0.000004 0.000039 0.000342 0.001496 0.011572 0.085990 1.634234 0.525902 0.478327 0.132164 0.051580 0.008095 0.062293 0.075740 0.027626 0.002364 0.001780 0.000092 0.000001 0.000000 0.000000 0.000000 0.000000 0.000000 0.000000 0.000000 0.000000 0.000000 
0.000000 0.000000 0.000000 0.000000 0.000000 0.000000 0.000000 0.000000 0.000000 0.000000 0.000000 0.000000 0.000000 0.000004 0.000032 0.000178 0.001065 0.001655 0.025035 0.047809 0.015749 0.007313 0.006801 0.005326 0.006372 0.006595 0.004952 0.000103 0.000019 0.000001 0.000000 0.000000 0.000000 0.000000 0.000000 0.000000 0.000000 0.000000 0.000000 0.000000 
0.000000 0.000000 0.000000 0.000000 0.000000 0.000000 0.000000 0.000000 0.000000 0.000000 0.000000 0.000000 0.000000 0.000000 0.000003 0.000018 0.000093 0.000160 0.000184 0.000935 0.000124 0.000744 0.000718 0.000579 0.000480 0.000092 0.000054 0.000002 0.000001 0.000000 0.000000 0.000000 0.000000 0.000000 0.000000 0.000000 0.000000 0.000000 0.000000 0.000000 
0.000000 0.000000 0.000000 0.000000 0.000000 0.000000 0.000000 0.000000 0.000000 0.000000 0.000000 0.000000 0.000000 0.000000 0.000000 0.000006 0.000075 0.000019 0.000029 0.000104 0.000027 0.000067 0.000066 0.000076 0.000407 0.000033 0.000006 0.000000 0.000000 0.000000 0.000000 0.000000 0.000000 0.000000 0.000000 0.000000 0.000000 0.000000 0.000000 0.000000 
0.000000 0.000000 0.000000 0.000000 0.000000 0.000000 0.000000 0.000000 0.000000 0.000000 0.000000 0.000000 0.000000 0.000000 0.000000 0.000001 0.000061 0.000004 0.000004 0.000011 0.000004 0.000006 0.000006 0.000011 0.000343 0.000006 0.000001 0.000000 0.000000 0.000000 0.000000 0.000000 0.000000 0.000000 0.000000 0.000000 0.000000 0.000000 0.000000 0.000000 
