0.000000 0.000000 0.000000 0.000000 0.000000 0.000000 0.000002 0.000032 0.000051 0.000197 0.001144 0.007294 0.047908 0.275092 1.166926 2.373131 73.158379 10.370038 9.257849 9.130729 3.505214 0.565273 0.525452 0.236620 0.154698 0.120219 0.066056 0.045828 0.007051 0.001559 0.000348 0.000220 0.000202 0.000072 0.000001 0.000000 0.000000 0.000000 0.000000 0.000000 
0.000000 0.000000 0.000000 0.000002 0.000001 0.000001 0.000004 0.000401 0.000505 0.001534 0.007614 0.042084 0.263484 1.422977 4.644596 4.814935 108.987938 14.421649 14.304813 11.252948 3.521542 3.496500 3.352889 1.633663 1.145896 0.923249 0.521338 0.404637 0.030152 0.009100 0.001951 0.001625 0.000588 0.000079 0.000006 0.000000 0.000000 0.000000 0.000000 0.000000 
0.000000 0.000000 0.000000 0.000003 0.000003 0.000011 0.001240 0.005093 0.005138 0.012536 0.052274 0.226114 1.282671 6.273511 16.102566 16.309307 42.438126 16.103357 15.172852 24.000643 7.285901 12.802346 12.853060 8.280553 6.543886 5.556224 3.468261 3.141819 0.121953 0.041927 0.006802 0.010428 0.000712 0.000082 0.000006 0.000001 0.000000 0.000000 0.000000 0.000000 
0.000000 0.000000 0.000001 0.000003 0.000092 0.008486 0.011348 0.006179 0.047924 0.095711 0.336250 0.905661 3.460236 12.951813 25.862505 26.658382 41.820084 31.422388 18.214426 35.319042 41.139839 27.233120 27.512392 22.477549 18.414145 16.571478 13.270091 13.028353 10.302258 1.534914 0.514569 0.520435 0.047654 0.000230 0.000100 0.000001 0.000001 0.000000 0.000000 0.000000 
0.000000 0.000001 0.000015 0.000025 0.000302 0.054616 0.011733 0.009802 0.436754 0.651511 2.021361 2.991232 3.644421 12.531583 22.678999 27.983765 40.352699 43.544010 20.217663 45.283562 43.483940 35.978497 35.601669 31.070162 33.207291 31.514681 27.731075 32.070435 53.194538 51.226044 1.051040 0.085939 0.035943 0.006109 0.005949 0.000024 0.000006 0.000005 0.000000 0.000000 
0.000004 0.000002 0.000202 0.000216 0.003968 0.080067 0.082770 2.333215 3.404214 3.419703 8.892846 8.717242 6.688591 18.459402 23.583773 28.334995 39.317444 43.509083 23.384012 52.327805 50.490467 46.355419 47.360947 45.699783 42.523518 42.907856 46.022163 52.421913 55.020214 54.565948 10.523907 0.096530 0.036113 0.006442 0.006347 0.005423 0.000331 0.000326 0.000015 0.000001 
0.000067 0.000807 0.003087 0.003124 0.025178 0.091331 0.425328 0.551282 2.242326 9.133892 22.755814 23.381598 25.779043 26.362526 26.485191 41.197788 45.768303 47.858028 25.873051 59.001572 57.901623 54.780315 53.057632 46.629250 56.920586 60.269390 63.973995 61.203693 55.955685 52.979156 11.231724 0.787795 0.151990 0.020963 0.003378 0.001620 0.000169 0.000021 0.000006 0.000002 
0.000393 0.003377 0.002031 0.012479 0.026431 2.948780 0.551001 0.551159 3.091180 13.289724 30.129486 34.819115 39.717773 39.478943 50.491661 51.500278 55.456379 55.875404 30.576036 69.249832 68.635437 63.638359 63.106388 50.652626 64.037308 64.141029 67.907463 63.021908 58.382324 53.623608 11.179436 0.905855 0.268927 0.053152 0.012130 0.001643 0.000175 0.000017 0.000006 0.000002 
0.001929 0.003424 0.004229 0.045453 0.446411 5.506751 1.396817 1.254558 3.095116 14.337015 32.449188 39.763561 44.934006 49.989811 52.390755 55.058029 61.006260 61.949657 69.090820 72.933060 71.537796 73.097359 72.940514 101.374931 68.859734 68.427177 67.380722 65.091705 62.689991 62.524448 8.418903 1.164469 1.139031 0.284381 0.093229 0.008475 0.000717 0.000064 0.000052 0.000042 
0.001354 0.003390 0.004503 0.047296 0.455059 5.531260 5.755093 5.760556 8.092936 50.276489 51.213058 54.165478 57.253670 58.936035 59.748779 74.449585 76.183998 73.295494 98.113701 82.359955 77.273155 83.245956 83.271942 100.104828 77.560013 82.245071 74.990898 72.507835 64.363243 54.155861 36.588802 12.572590 6.708210 1.623989 0.753323 0.011765 0.001136 0.000161 0.000028 0.000023 
0.000080 0.000496 0.002464 0.012749 0.468706 26.018755 26.741127 25.311464 35.661407 50.934128 61.837139 66.682358 70.559883 71.660187 88.034744 100.209900 86.700378 86.167313 113.785568 93.326042 105.619568 94.395012 94.468605 120.899925 80.434753 79.642105 76.540352 75.485695 65.092926 53.874004 37.831371 22.820398 13.407203 5.420296 5.346207 0.144267 0.001773 0.000971 0.000177 0.000028 
0.000053 0.000529 0.005214 0.044436 0.286433 1.397335 24.469940 34.205601 35.857086 44.568966 78.924522 81.753082 84.975967 85.694176 96.348305 99.538513 105.271996 103.029823 125.529694 108.745850 115.848427 107.441948 107.520950 119.600044 84.028351 81.938690 79.052338 77.651093 78.727524 45.523987 34.756332 33.100052 23.433693 15.014858 14.469017 3.003669 0.058632 0.009949 0.001457 0.000203 
0.000089 0.000891 0.009382 0.087043 0.275213 0.608767 16.355642 38.048897 38.547489 42.722443 75.480469 87.003853 93.439713 96.181786 105.039543 108.666451 116.122864 118.951126 147.052216 129.493027 126.660011 120.818825 120.779381 129.215256 99.696518 88.859909 99.845886 68.581406 58.671421 53.087936 42.632950 39.908592 35.956684 32.536930 32.727886 6.939545 0.086615 0.049505 0.009208 0.001377 
0.000184 0.001125 0.010976 0.493643 0.800839 1.187071 11.950491 20.358671 36.904846 41.202049 49.374092 107.772095 108.550346 108.593300 113.540039 122.503090 120.563148 125.261986 144.631927 153.582611 145.238708 138.369019 138.824265 137.276169 113.927483 109.661453 97.594330 87.700058 72.434486 58.850285 55.967686 53.624474 41.955242 37.684872 32.546238 7.347105 2.213828 0.460171 0.069957 0.009493 
0.000955 0.001348 0.093400 3.171126 3.207852 10.293391 32.986549 38.215786 40.925602 43.624447 46.510891 50.295208 62.226425 86.249863 111.418266 116.472000 121.005714 170.892578 200.239609 182.439377 165.367477 155.379868 153.242920 141.279343 120.170380 111.765251 100.216187 89.460228 78.045532 67.725449 58.310905 54.863998 56.165089 55.661098 20.180511 7.392310 7.341953 2.190104 0.363696 0.049436 
0.008364 0.036971 1.655017 3.811255 4.024974 12.177986 35.299999 38.696201 40.955711 44.008396 46.717041 50.081772 56.860973 69.942711 95.960922 114.027397 130.026459 154.994431 183.687317 214.043289 185.689133 170.196564 151.068344 131.283524 122.815231 111.815018 101.247292 90.724358 81.139877 84.193588 78.222908 62.912308 62.436344 61.541847 38.480446 20.734556 20.431253 7.293734 1.398980 0.191933 
0.038637 0.077900 9.702163 5.346426 5.356977 12.283246 34.818783 38.692326 40.501431 43.118782 45.916424 49.250332 54.737186 63.651402 81.528175 106.556801 129.733414 156.146255 185.518494 210.399414 220.368759 172.484024 148.770615 136.518524 131.479797 125.321999 111.132523 107.634674 89.097359 87.728661 85.006119 73.175362 64.976967 54.271141 39.227863 31.051371 22.222462 9.295906 2.933966 0.410070 
0.221399 2.658766 10.396642 9.522366 9.420174 11.311694 22.881229 31.523529 39.971413 43.726509 46.156940 49.169342 54.083466 61.846634 75.941208 99.774788 127.258743 157.177185 188.885223 213.062378 240.251785 183.632965 157.421936 145.856598 140.348694 132.891769 123.755066 111.621246 102.187630 91.814384 83.193184 73.436150 64.310776 54.082092 44.347301 34.713463 24.190107 12.902020 12.354618 11.475616 
4.767414 9.651154 10.471946 22.192448 28.077841 36.630806 40.549496 43.954788 45.421459 45.877140 46.640827 57.476547 60.766930 67.857819 81.336937 103.379028 134.661026 167.869293 198.286301 221.623795 240.899429 225.424896 194.965057 166.625702 149.796310 135.303925 122.353653 112.225319 102.828308 93.636261 84.953339 76.529373 68.530861 57.771400 47.585957 35.488991 22.171297 11.303990 4.612839 2.415573 
4.361046 8.764035 9.395864 21.744322 27.803694 36.611187 40.944759 44.098804 45.806759 46.476601 48.875511 59.149925 63.450886 70.200455 83.517136 105.553307 133.909241 168.876633 206.596680 230.689148 251.344635 246.905655 201.615189 172.262817 150.128723 133.676590 120.218651 110.662498 102.415657 94.425369 86.560387 77.220901 71.028198 64.023705 52.069794 40.786621 25.386427 14.575847 4.682850 2.399233 
0.212235 1.627892 3.173380 8.707599 8.825555 16.056273 43.351685 44.342899 46.022923 48.223900 50.137970 52.748592 57.307358 91.490547 113.736412 153.141785 203.156311 269.728943 286.059265 293.854340 299.291931 255.531967 225.877426 185.452255 153.855713 131.591156 123.188278 116.029457 107.221024 100.973938 94.607147 89.982689 84.585045 78.304985 72.144600 65.625221 58.310364 58.236412 49.317131 10.074859 
0.071406 0.359516 1.210879 3.993133 8.255041 9.856530 22.059488 29.261892 23.340549 24.507435 25.762964 37.366936 42.542629 75.354515 143.253769 208.187149 239.389023 251.771042 256.246002 261.474213 267.401825 250.235565 215.196686 186.891205 159.844696 139.973145 124.845757 113.697754 104.614830 95.770630 89.187004 80.391998 73.207184 66.950432 55.639053 45.162014 29.233149 17.661263 3.249469 0.858621 
0.026431 0.134766 0.522393 0.530894 0.614249 26.666416 26.116043 18.565079 18.076195 18.463594 20.457029 24.952543 35.814991 64.364708 124.424477 190.754532 225.734970 236.130920 235.207809 239.954651 246.389786 250.130203 212.038071 186.062515 162.210632 143.363968 130.422409 119.019295 109.779434 101.581833 93.768433 85.130356 75.957520 67.399124 56.427608 44.904209 29.246832 17.571507 3.154725 0.523815 
0.041008 0.299804 1.867832 7.130719 7.610823 7.854951 12.102603 14.256298 15.610855 17.079269 19.525110 23.892731 31.951113 48.055943 84.374588 140.900635 183.761414 197.830200 194.756302 202.051208 201.173218 212.219376 173.572815 149.399902 141.302032 133.886810 127.866302 120.157181 110.981224 102.229126 94.450493 87.924530 82.673164 97.353188 77.513588 74.171822 75.449715 1.881734 0.297188 0.151861 
0.042675 0.305120 1.937439 7.564036 7.680194 7.889394 13.041711 14.972826 16.055250 17.322773 19.677208 23.570463 29.533564 39.721970 63.797363 104.825150 143.386154 155.111130 158.378098 163.582657 163.172119 178.243729 133.281952 116.603279 106.529396 96.688354 91.984932 90.567375 116.888351 167.467697 157.007233 114.826469 90.672432 91.398933 86.678505 66.236565 8.286215 7.385678 0.432105 0.123552 
0.041229 0.113623 0.582546 2.150396 2.212130 7.810008 16.236059 16.582439 16.728632 17.503136 19.749313 22.965134 26.827694 33.413780 51.683739 81.883255 111.093147 122.536201 130.743134 129.092407 140.326309 155.518204 123.712196 107.016953 97.845215 89.430168 82.488060 76.445023 71.022018 69.423019 65.103058 60.053864 53.191235 50.982727 50.343334 10.241865 7.360671 7.337034 1.598102 0.166033 
0.152655 0.181709 0.204140 0.987946 3.773616 14.687589 15.517699 16.132036 15.678688 16.384367 18.866741 21.480570 23.953840 29.774981 49.561691 75.717117 96.938644 105.741531 113.610634 116.693176 126.712624 138.924637 110.617607 99.376381 95.733818 89.555084 81.985466 75.653503 69.288872 66.543976 65.892242 60.063503 50.937218 39.351963 35.462952 15.062880 7.513770 2.806679 1.616135 1.498500 
0.016673 0.163205 0.208184 0.897019 3.687357 14.667974 15.698348 16.427013 14.002199 14.785789 18.003971 20.126951 21.839943 29.275978 55.798340 76.454422 89.898399 96.498589 102.437416 108.135895 119.368889 131.056137 100.022758 87.031937 85.208183 83.714607 89.606178 60.798351 63.677258 62.842518 62.461098 62.071854 44.332561 36.315968 34.608498 15.040073 6.263650 1.386638 0.488442 0.177203 
0.004128 0.026128 0.997440 1.056022 1.074236 1.689669 19.799944 14.922976 9.111358 12.027810 17.683666 19.215836 20.590405 33.524521 66.323311 76.061012 83.068680 88.401276 94.540741 100.341270 112.544151 122.815247 93.970558 81.297142 77.911621 70.443741 48.675022 47.470161 56.062782 55.429707 55.754700 54.792995 49.225796 43.944008 25.695322 11.950405 2.931122 0.727480 0.486516 0.160928 
0.001283 0.009691 0.028665 0.121132 0.249365 0.236940 17.830975 4.349926 4.395925 11.063756 18.612505 18.948919 20.314850 48.837803 70.886246 71.741455 76.319382 80.740120 86.523445 94.435608 109.841713 114.761696 93.004524 77.861931 73.444809 61.570599 46.146275 36.358105 37.016243 44.422951 47.585144 53.318325 48.765865 39.748444 25.525618 11.955097 2.360245 2.337221 1.788184 0.181655 
0.001066 0.009589 0.010752 0.022097 0.065213 0.069970 0.840963 3.756717 3.792306 4.326485 18.131712 18.720404 19.738209 65.755775 63.400539 64.110840 70.189720 73.069038 79.507553 91.043777 108.953758 108.835670 88.041328 78.889793 77.952576 65.214180 46.850952 22.576839 20.592176 23.997980 24.881464 33.580963 48.958138 41.977291 42.280045 6.832624 0.259642 0.253734 0.006175 0.006020 
0.000410 0.001510 0.003324 0.003356 0.012497 0.035944 0.093904 2.807409 3.556335 4.347575 15.586040 20.447802 20.125332 58.802105 55.536755 56.317902 63.167503 65.034889 74.398132 84.489265 100.588173 100.617386 87.048691 75.339859 73.831093 69.780151 66.233345 21.441282 12.740591 12.470014 12.413734 12.315007 6.907588 7.575993 7.547141 0.223588 0.046882 0.025305 0.002486 0.000691 
0.000297 0.000026 0.000285 0.000451 0.002280 0.012480 0.078067 0.580918 1.239197 4.325814 15.132566 19.730474 19.771097 19.578663 46.391903 47.832214 56.009811 57.511112 71.797569 82.134995 94.522064 92.773979 87.638466 71.349258 69.630280 64.715164 62.618156 28.708235 12.580887 11.927792 10.705872 8.542080 1.270760 1.896478 1.755895 0.212883 0.022647 0.003699 0.000445 0.000083 
0.000020 0.000022 0.000027 0.000095 0.000868 0.008551 0.017953 0.093838 0.290108 1.309088 4.525115 6.730199 12.169762 18.294561 29.467924 38.913750 49.170654 50.117615 50.005745 67.449013 88.308289 80.926498 52.275471 68.153214 64.216148 58.706440 49.268307 39.269318 18.807426 11.805022 7.995906 6.096133 1.258089 0.375035 0.245233 0.041420 0.005113 0.000640 0.000073 0.000011 
0.000000 0.000002 0.000004 0.000032 0.000354 0.008080 0.029859 0.089015 0.080320 0.268216 0.911614 2.220440 7.899976 18.190704 28.790405 36.872669 42.980156 44.469559 46.036728 20.133928 79.268280 51.295498 49.058155 45.596504 59.336090 59.991238 48.842609 39.520454 21.524075 11.253093 3.196558 1.459690 0.320184 0.089071 0.243517 0.024210 0.002377 0.000220 0.000020 0.000002 
0.000000 0.000000 0.000000 0.000003 0.000012 0.000792 0.044209 0.216935 0.249503 0.266668 0.179486 0.589239 3.147966 11.362537 19.587431 26.374184 33.882130 34.334846 44.951443 14.959752 78.451996 45.643124 45.800526 38.672134 43.154221 82.071671 52.690422 49.227104 52.769707 6.277712 0.305279 0.215086 0.056361 0.056041 0.025774 0.002372 0.002354 0.000179 0.000013 0.000001 
0.000000 0.000000 0.000000 0.000000 0.000001 0.000019 0.000996 0.002026 0.002248 0.034361 0.133115 0.134147 0.739838 3.645408 10.430106 18.043770 26.303921 25.600418 7.585547 4.378408 7.173995 29.608307 32.001972 37.841633 41.965736 10.655597 6.635711 1.080019 0.543926 0.081976 0.033748 0.027715 0.013907 0.055598 0.000082 0.000084 0.000170 0.000001 0.000001 0.000001 
0.000000 0.000000 0.000000 0.000000 0.000000 0.000005 0.000095 0.000197 0.000213 0.000071 0.019951 0.131933 0.140263 0.681850 2.709117 7.395720 17.787172 12.482859 2.290706 3.600880 3.321846 16.262817 22.192427 20.827797 35.960194 5.938998 1.687932 0.276244 0.093453 0.012978 0.008460 0.027334 0.027132 0.006848 0.000013 0.000008 0.000000 0.000000 0.000000 0.000000 
0.000000 0.000000 0.000000 0.000000 0.000000 0.000001 0.000008 0.000017 0.000019 0.000026 0.000255 0.104652 0.124885 0.126922 0.663404 3.380694 17.452539 5.277274 2.184445 3.521600 3.220019 8.820365 10.326356 12.800912 37.069302 5.790222 1.593068 0.264721 0.049731 0.007881 0.007820 0.021957 0.000101 0.000010 0.000002 0.000001 0.000000 0.000000 0.000000 0.000000 
0.000000 0.000000 0.000000 0.000000 0.000000 0.000000 0.000001 0.000002 0.000003 0.000017 0.000212 0.009881 0.021244 0.023656 0.123503 0.453214 16.818314 1.066703 0.748530 1.209731 0.993963 2.160688 2.638974 3.164562 37.815823 0.994608 0.423040 0.082065 0.013955 0.002209 0.001960 0.002098 0.000048 0.000005 0.000000 0.000000 0.000000 0.000000 0.000000 0.000000 
