0.000000 0.000000 0.000000 0.000000 0.000000 0.000000 0.000000 0.000000 0.000000 0.000000 0.000000 0.000000 0.000001 0.000012 0.000096 0.000762 0.029883 0.002851 0.002240 0.002731 0.004039 0.000087 0.000038 0.000011 0.000008 0.000007 0.000003 0.000002 0.000000 0.000000 0.000000 0.000000 0.000000 0.000000 0.000000 0.000000 0.000000 0.000000 0.000000 0.000000 
0.000000 0.000000 0.000000 0.000000 0.000000 0.000000 0.000000 0.000000 0.000000 0.000000 0.000000 0.000001 0.000012 0.000092 0.000562 0.001238 0.318795 0.017813 0.016853 0.058501 0.004342 0.000813 0.000422 0.000120 0.000102 0.000087 0.000036 0.000027 0.000002 0.000001 0.000000 0.000000 0.000000 0.000000 0.000000 0.000000 0.000000 0.000000 0.000000 0.000000 
0.000000 0.000000 0.000000 0.000000 0.000000 0.000000 0.000000 0.000000 0.000000 0.000000 0.000002 0.000013 0.000098 0.000868 0.006805 0.051274 0.397828 0.299843 0.034042 1.013614 1.259530 0.009271 0.004850 0.001259 0.001213 0.001062 0.000414 0.000368 0.000026 0.000009 0.000001 0.000002 0.000000 0.000000 0.000000 0.000000 0.000000 0.000000 0.000000 0.000000 
0.000000 0.000000 0.000000 0.000000 0.000000 0.000000 0.000000 0.000000 0.000002 0.000005 0.000025 0.000105 0.000575 0.005413 0.038586 0.182929 0.402494 0.409511 0.485348 1.909290 1.924177 0.290327 0.050402 0.011025 0.012667 0.011381 0.004115 0.003992 0.003469 0.000481 0.000125 0.000123 0.000006 0.000000 0.000000 0.000000 0.000000 0.000000 0.000000 0.000000 
0.000000 0.000000 0.000000 0.000000 0.000000 0.000002 0.000000 0.000000 0.000029 0.000046 0.000264 0.000781 0.001698 0.024793 0.267425 1.436518 2.558250 2.925757 48.218384 2.312119 1.938233 0.574048 0.264817 0.071064 0.111471 0.102754 0.033342 0.021520 0.017080 0.015397 0.000323 0.000018 0.000003 0.000000 0.000000 0.000000 0.000000 0.000000 0.000000 0.000000 
0.000000 0.000000 0.000000 0.000000 0.000000 0.000004 0.000004 0.000202 0.000390 0.000396 0.002660 0.006595 0.045984 0.911173 0.903456 7.384610 9.212223 9.721087 130.156906 5.769922 5.207203 2.781295 1.930448 0.367049 0.761733 0.717631 0.208472 0.039313 0.017858 0.017232 0.004387 0.000026 0.000003 0.000000 0.000000 0.000000 0.000000 0.000000 0.000000 0.000000 
0.000000 0.000000 0.000000 0.000000 0.000001 0.000004 0.000019 0.000028 0.000218 0.002345 0.024462 0.215880 1.399398 1.492037 2.293824 18.816109 19.049574 20.909567 116.608925 16.133347 15.958156 11.575572 9.016093 0.378044 3.236076 3.152431 0.843714 0.138420 0.025636 0.020470 0.005300 0.000193 0.000017 0.000001 0.000000 0.000000 0.000000 0.000000 0.000000 0.000000 
0.000000 0.000000 0.000000 0.000000 0.000001 0.000183 0.000028 0.000028 0.000319 0.003953 0.031628 0.255599 1.449244 2.371096 16.960064 39.370510 38.994865 37.453297 108.091232 37.062698 38.881680 29.686314 29.506218 1.072479 3.285634 3.252270 0.861694 0.148832 0.075391 0.069632 0.005463 0.000211 0.000025 0.000003 0.000000 0.000000 0.000000 0.000000 0.000000 0.000000 
0.000000 0.000000 0.000000 0.000002 0.000025 0.000521 0.000079 0.000075 0.000349 0.016292 0.042957 0.262230 1.400895 2.322657 16.734245 49.088367 50.063526 44.861507 87.531082 41.899124 39.665863 39.723351 39.813229 63.929562 38.760361 25.990303 1.171511 0.917564 0.808446 0.800995 0.078808 0.000257 0.000108 0.000016 0.000004 0.000000 0.000000 0.000000 0.000000 0.000000 
0.000000 0.000000 0.000000 0.000002 0.000027 0.000529 0.000749 0.000770 0.023002 0.166013 0.167326 0.367118 1.197377 1.221917 3.803724 73.760269 70.023003 49.083351 94.509399 84.149757 41.649979 47.217339 47.301193 65.466232 37.097919 30.331791 29.161406 11.100180 4.705219 0.794477 0.105216 0.011428 0.001215 0.000130 0.000049 0.000000 0.000000 0.000000 0.000000 0.000000 
0.000000 0.000000 0.000000 0.000002 0.000116 0.007561 0.010008 0.011989 0.063524 0.168715 1.337148 2.098537 5.898239 10.363860 48.293339 57.426689 67.884026 65.214615 103.173721 100.619713 91.739624 53.328583 53.306103 56.230965 36.185734 29.887701 29.216230 11.291679 5.531635 0.799872 0.105355 0.023508 0.004175 0.000628 0.000609 0.000014 0.000000 0.000000 0.000000 0.000000 
0.000000 0.000000 0.000000 0.000003 0.000043 0.000543 0.009333 0.059800 0.063798 0.670555 8.541512 8.985843 13.779422 19.404539 50.143402 51.715836 58.840847 90.993263 112.959023 112.107635 94.578949 59.569580 59.485245 61.171680 55.864113 38.462242 25.984720 11.267711 11.139785 2.643339 0.136170 0.127850 0.025395 0.003750 0.003366 0.000335 0.000005 0.000000 0.000000 0.000000 
0.000000 0.000000 0.000000 0.000006 0.000041 0.000342 0.018174 0.576180 0.601002 1.354286 9.165437 19.118481 23.589384 28.367453 52.877686 63.184460 68.136795 80.116341 121.929436 121.813751 94.985168 64.778946 64.634140 66.347832 66.346207 48.072479 101.617729 11.067233 9.686624 9.181778 2.101446 0.768826 0.118792 0.016336 0.015772 0.001535 0.000009 0.000002 0.000000 0.000000 
0.000000 0.000000 0.000001 0.000049 0.000154 0.001274 0.062073 0.988947 1.062144 1.293661 12.089975 33.335884 34.670151 38.568287 52.258125 77.164635 71.467751 103.897568 128.213135 128.797745 112.388916 72.698975 72.748138 72.089294 104.326675 145.976608 136.070801 122.763733 79.019089 4.276963 0.297512 0.279315 0.078230 0.035248 0.015842 0.001588 0.000190 0.000021 0.000002 0.000000 
0.000000 0.000000 0.000012 0.000536 0.000555 0.005677 0.051002 0.328236 1.155772 3.330482 26.845329 52.114590 52.802322 53.731956 63.412590 65.743050 69.948792 140.727844 138.941376 137.198456 105.082802 77.611244 76.554626 115.203812 144.107681 146.797760 138.634567 126.566521 107.107033 78.571251 1.093054 0.281733 0.273628 0.273521 0.199608 0.001598 0.001281 0.000163 0.000015 0.000001 
0.000001 0.000004 0.000218 0.000632 0.000734 0.006407 0.048907 0.088991 1.289524 7.815888 28.516586 59.376663 69.740753 70.543076 75.448997 76.795242 96.668259 107.918839 119.050552 130.168457 128.269592 88.991753 108.974388 154.519028 151.974838 146.601151 139.599121 127.999840 110.917511 126.991226 115.416779 2.552049 1.773096 1.772062 1.757311 0.189616 0.016536 0.001264 0.000093 0.000007 
0.000004 0.000012 0.002166 0.001333 0.001356 0.007595 0.131450 0.252089 7.587487 23.289417 50.837135 82.569252 94.137314 93.481636 93.318420 91.417244 101.455589 110.665604 120.787567 128.310455 146.374573 131.047287 161.149963 156.746201 153.979782 152.214569 148.106583 147.301071 62.221806 48.250877 46.474407 30.648220 16.203442 8.699905 1.763895 0.207917 0.019118 0.001528 0.000194 0.000026 
0.000033 0.000390 0.002561 0.002798 0.004373 0.110610 3.370847 27.133875 23.627380 23.574421 49.215576 84.719757 105.485542 109.789413 109.657188 106.043350 110.488853 117.787941 126.489624 132.800201 152.173584 149.927307 163.902435 161.419510 136.777893 119.661552 109.364738 76.410957 64.082504 52.580200 41.152084 31.296408 23.637197 10.049088 1.977110 0.231602 0.021345 0.001821 0.001470 0.001168 
0.000970 0.002109 0.002628 0.021348 0.175549 2.402597 16.337067 19.996658 22.418142 22.424845 25.618742 131.453613 129.659851 129.793076 129.216766 125.583755 126.642563 127.153900 133.329651 139.404343 149.932114 164.484680 151.310532 137.057739 124.048637 113.865509 93.513985 76.163124 64.141617 51.596203 39.130688 29.069429 17.896847 9.318883 1.832782 0.221374 0.021447 0.002091 0.000367 0.000190 
0.000925 0.002013 0.002502 0.021576 0.176238 2.406428 16.863533 20.086622 22.447741 22.684454 52.234833 60.060410 116.287132 131.082245 132.898361 130.999176 132.452621 135.067902 141.529984 147.098633 153.673462 163.046631 146.138580 135.564957 123.390862 107.879250 79.234138 83.629677 65.222137 44.734333 26.556112 7.070312 3.700813 3.562615 0.891535 0.142961 0.018242 0.004511 0.000413 0.000202 
0.000032 0.000231 0.000647 0.003763 0.008684 1.942273 44.209625 44.317837 44.972721 58.787785 57.494957 58.490910 60.045315 93.018341 106.434258 121.428696 123.835541 116.455292 122.893646 127.252266 148.717285 68.851814 62.997658 56.322731 50.124146 44.572350 42.538029 40.583206 36.553299 31.560703 24.668814 7.249876 4.121646 3.960771 1.157332 0.205874 0.029997 0.029606 0.021980 0.002062 
0.000008 0.000052 0.000319 0.002188 0.011950 3.483673 4.915243 11.543789 22.185982 32.758976 41.783897 51.484436 58.064053 65.379738 72.905106 80.866966 88.355377 96.558540 103.255211 109.781921 117.424744 82.961884 62.738445 58.690765 53.818043 49.288799 46.612381 44.574150 42.998550 40.359585 37.289440 20.071133 2.721135 2.471306 0.723024 0.133239 0.020093 0.005085 0.000503 0.000106 
0.000002 0.000015 0.000099 0.000415 0.368123 3.522008 3.540920 10.059154 22.062277 33.005367 41.970844 49.643635 57.515236 64.911118 72.335487 80.069016 87.027725 93.603493 97.768486 103.912766 113.675117 103.191368 63.526020 59.472443 54.863647 49.704800 47.797882 45.753555 44.559868 43.612236 41.734825 37.674419 12.637822 4.312850 0.901633 0.141858 0.031351 0.005081 0.000463 0.000046 
0.000003 0.000033 0.000380 0.004129 0.040932 3.269746 7.320422 7.439947 18.125343 28.247490 37.271862 45.014500 52.553455 59.498348 66.895683 74.572159 80.634430 86.700638 89.306213 94.622314 103.627335 118.391579 97.998833 85.144493 73.256538 55.543182 48.501404 46.135155 44.725586 45.707012 40.321117 37.968807 12.677620 4.078043 0.898435 0.150256 0.149242 0.014972 0.000046 0.000011 
0.000003 0.000033 0.000390 0.004323 0.043412 2.436883 3.139394 3.324938 11.576283 22.371593 31.563620 39.383663 47.534122 54.848167 63.051777 70.564278 76.344650 80.349854 82.529358 87.660049 93.224442 107.389198 99.303314 96.973839 94.543602 91.732056 93.865608 94.775459 52.597809 50.929485 48.889935 48.752327 10.518928 1.299620 1.259381 0.151332 0.060733 0.008426 0.000176 0.000018 
0.000003 0.000008 0.000067 0.000465 0.001183 0.101443 3.087112 3.190262 6.220294 15.576459 25.103619 33.250008 42.377815 50.306889 59.506248 66.193985 71.491356 73.232559 75.487305 68.132874 83.224899 97.970390 92.607475 85.681862 79.405464 74.720589 64.311195 53.676907 42.769165 77.492470 81.098907 50.418068 11.830719 7.933106 7.922242 1.039933 0.006776 0.005808 0.000341 0.000024 
0.000009 0.000011 0.000013 0.000107 0.000949 0.012128 0.147275 3.064094 8.216629 8.433915 17.548891 26.443754 37.196922 46.369240 56.407616 61.431747 66.430946 65.579468 63.825897 59.866238 68.242218 89.012138 82.673492 73.833527 69.449287 70.025726 63.582851 52.781528 40.753628 38.490788 39.174290 37.494133 11.638512 1.825235 1.157842 0.015182 0.001862 0.000611 0.000302 0.000252 
0.000001 0.000009 0.000014 0.000085 0.000867 0.011600 0.071682 0.583090 2.198997 2.362589 8.827935 19.045246 32.394531 43.661774 52.984753 55.595657 60.342495 55.252876 55.137688 56.341068 68.406326 80.454475 79.122162 62.417995 58.980633 57.532700 62.113186 24.860826 25.546907 25.300133 21.732908 21.418293 1.731277 0.141630 0.137012 0.013288 0.001177 0.000134 0.000040 0.000013 
0.000000 0.000002 0.000120 0.000153 0.000183 0.005343 0.229258 0.323713 0.538405 0.580993 3.257747 12.384551 29.192051 42.842144 47.171947 48.641998 47.635010 47.223434 51.554100 52.620537 38.666199 73.748856 75.404427 55.984764 51.198559 49.718208 27.586454 20.959217 21.837740 18.905014 12.066834 8.466059 0.270145 0.041972 0.015814 0.002388 0.000260 0.000040 0.000039 0.000011 
0.000000 0.000000 0.000002 0.000010 0.000069 0.001182 0.186293 0.108773 0.420310 0.576366 3.110800 11.871345 29.507648 39.858246 37.615498 41.062798 40.916031 43.904793 48.882145 50.037022 27.632338 62.876007 83.941643 51.217472 42.371796 37.048069 29.661257 19.913940 11.559367 7.647706 3.460803 1.967511 0.255262 0.028068 0.005551 0.002370 0.000192 0.000187 0.000119 0.000008 
0.000000 0.000000 0.000000 0.000001 0.000007 0.000036 0.005146 0.007476 0.008268 0.107465 3.903014 3.931457 23.779659 26.254311 25.854242 32.152721 37.957687 40.591347 46.660027 42.928345 23.297029 33.069977 75.949646 55.890553 60.546352 35.225227 29.861849 19.528255 11.472301 7.471085 2.691531 1.407146 0.254408 0.026476 0.026244 0.002180 0.000014 0.000013 0.000000 0.000000 
0.000000 0.000000 0.000000 0.000000 0.000001 0.000004 0.000031 0.000553 0.000716 0.001419 0.100650 0.106505 0.113224 26.322298 15.559696 19.012333 32.437366 33.896400 49.921936 31.528530 22.150654 31.626970 79.703369 48.824829 43.653851 37.293915 32.351204 19.942926 20.135471 1.256059 0.435703 0.433275 0.031253 0.002215 0.002182 0.000015 0.000002 0.000001 0.000000 0.000000 
0.000000 0.000000 0.000000 0.000000 0.000000 0.000001 0.000005 0.000043 0.000128 0.001059 0.011246 0.013627 0.018497 5.710050 10.124437 10.131928 20.327370 20.240068 51.149372 20.293507 19.898247 20.328497 78.862297 40.572227 36.998577 29.343172 29.359297 7.038581 0.037089 0.014577 0.022077 0.021011 0.000217 0.000183 0.000166 0.000012 0.000001 0.000000 0.000000 0.000000 
0.000000 0.000000 0.000000 0.000000 0.000000 0.000000 0.000001 0.000004 0.000019 0.000158 0.001059 0.001547 0.003925 0.021649 1.494699 2.301520 6.382646 6.411831 22.661039 19.654011 19.677773 19.628767 6.263196 29.096661 17.940580 12.155918 6.531833 0.139260 0.017855 0.003530 0.002320 0.001947 0.000164 0.000024 0.000013 0.000002 0.000000 0.000000 0.000000 0.000000 
0.000000 0.000000 0.000000 0.000000 0.000000 0.000000 0.000001 0.000004 0.000004 0.000018 0.000094 0.000221 0.001465 0.015658 0.171993 0.366772 1.291817 2.499365 21.697577 10.292722 9.434232 7.414641 4.307220 17.796225 2.760692 2.744756 1.238387 0.128837 0.018295 0.003413 0.000463 0.000181 0.000024 0.000004 0.000013 0.000001 0.000000 0.000000 0.000000 0.000000 
0.000000 0.000000 0.000000 0.000000 0.000000 0.000000 0.000002 0.000013 0.000016 0.000018 0.000009 0.000032 0.000269 0.002530 0.019328 0.069630 0.379973 1.576875 21.664938 9.979201 9.270212 2.982047 1.224844 0.184752 2.202046 2.616856 1.166766 0.127872 0.099312 0.004934 0.000066 0.000017 0.000003 0.000003 0.000001 0.000000 0.000000 0.000000 0.000000 0.000000 
0.000000 0.000000 0.000000 0.000000 0.000000 0.000000 0.000000 0.000000 0.000000 0.000001 0.000004 0.000004 0.000036 0.000309 0.002101 0.009489 0.044191 0.053906 0.372497 1.001872 0.376409 0.214853 0.203697 0.167450 0.211303 0.227409 0.197080 0.004930 0.001067 0.000050 0.000004 0.000001 0.000000 0.000003 0.000000 0.000000 0.000000 0.000000 0.000000 0.000000 
0.000000 0.000000 0.000000 0.000000 0.000000 0.000000 0.000000 0.000000 0.000000 0.000000 0.000000 0.000004 0.000004 0.000033 0.000216 0.001088 0.004697 0.006342 0.003393 0.021425 0.003348 0.026473 0.026552 0.022650 0.019951 0.003725 0.002296 0.000084 0.000038 0.000002 0.000001 0.000001 0.000001 0.000000 0.000000 0.000000 0.000000 0.000000 0.000000 0.000000 
0.000000 0.000000 0.000000 0.000000 0.000000 0.000000 0.000000 0.000000 0.000000 0.000000 0.000000 0.000003 0.000004 0.000004 0.000039 0.000373 0.003957 0.000962 0.000941 0.003092 0.000986 0.002853 0.002980 0.003648 0.017487 0.001632 0.000322 0.000030 0.000005 0.000000 0.000000 0.000001 0.000000 0.000000 0.000000 0.000000 0.000000 0.000000 0.000000 0.000000 
0.000000 0.000000 0.000000 0.000000 0.000000 0.000000 0.000000 0.000000 0.000000 0.000000 0.000000 0.000000 0.000001 0.000001 0.000007 0.000063 0.003314 0.000204 0.000161 0.000396 0.000165 0.000298 0.000327 0.000543 0.015244 0.000278 0.000049 0.000006 0.000001 0.000000 0.000000 0.000000 0.000000 0.000000 0.000000 0.000000 0.000000 0.000000 0.000000 0.000000 
