320.582306 320.594635 320.627808 320.690674 320.795929 320.948608 321.151306 321.393646 321.666016 321.950409 322.237335 322.512360 322.772614 323.011261 323.232391 323.484192 324.016083 325.329590 326.384857 326.734802 326.783600 326.704834 326.582214 326.419403 326.281586 326.191071 326.134796 326.089844 326.052490 326.016113 325.979492 325.944763 325.912750 325.858246 325.819916 325.795868 325.769836 325.752716 325.742706 325.738525 
320.592987 320.607056 320.622192 320.664276 320.790161 320.972565 321.212280 321.455627 321.722595 322.001343 322.281494 322.550323 322.805420 323.036621 323.255676 323.490173 324.053833 325.714600 326.515289 326.771362 326.793152 326.715698 326.600128 326.442474 326.297180 326.201782 326.142975 326.096069 326.055878 326.019470 325.982147 325.945404 325.907227 325.867340 325.830505 325.800354 325.773956 325.756256 325.747131 325.741180 
320.613403 320.629883 320.650665 320.702087 320.791626 320.856018 321.057739 321.718536 321.921051 322.152496 322.400513 322.645355 322.882721 323.101196 323.314240 323.587189 324.319702 325.678192 326.537109 326.786926 326.794647 326.729645 326.623291 326.473206 326.321320 326.219330 326.157166 326.114990 326.058868 326.018555 325.986816 325.950623 325.912048 325.874512 325.837006 325.806824 325.779633 325.760803 325.748932 325.742249 
320.640533 320.657471 320.684753 320.722321 320.791779 320.896454 321.053040 321.348816 321.764008 322.136292 322.454224 322.725586 322.967163 323.184845 323.405762 323.758606 324.724518 326.006073 326.643921 326.791595 326.795746 326.752319 326.663361 326.515961 326.364746 326.251099 326.179443 326.137451 326.076843 326.040558 326.002319 325.964722 325.920959 325.884979 325.850464 325.812225 325.790771 325.769043 325.753662 325.744476 
320.677032 320.700043 320.732849 320.777252 320.856110 320.954407 321.082123 321.311584 321.657318 322.050323 322.428345 322.755066 323.027588 323.269653 323.542664 324.091492 325.346405 326.375977 326.727753 326.794983 326.796967 326.779663 326.699768 326.577118 326.417053 326.289703 326.207886 326.158966 326.094330 326.049957 326.017059 325.973053 325.933411 325.897186 325.865082 325.824280 325.803223 325.777100 325.758423 325.750763 
320.719482 320.725708 320.773499 320.821838 320.895508 321.054413 321.155212 321.326721 321.742065 322.100952 322.484558 322.792603 323.096527 323.493683 323.930878 324.845093 326.038635 326.623413 326.788513 326.797363 326.797638 326.794525 326.731415 326.629974 326.485931 326.346375 326.246399 326.177917 326.125793 326.083527 326.037445 325.985229 325.948730 325.916534 325.888214 325.836334 325.813751 325.798218 325.767456 325.758728 
320.773956 320.765381 320.867035 320.901886 321.017334 321.165710 321.281372 321.490204 321.776184 322.141113 322.562653 322.964691 323.408997 323.892548 324.601776 325.958496 326.557373 326.759644 326.796021 326.797729 326.797791 326.796783 326.772614 326.693695 326.567047 326.419037 326.301514 326.216919 326.158813 326.114380 326.074860 326.021271 325.982147 325.946777 325.915375 325.872467 325.841919 325.830566 325.821045 325.780060 
320.832550 320.887329 320.984558 321.025299 321.125519 321.260468 321.491760 321.662964 321.937805 322.304779 322.747070 323.219635 323.741699 324.408661 325.509644 326.395355 326.708069 326.792938 326.797577 326.797821 326.797821 326.797668 326.794769 326.740692 326.642120 326.506104 326.378174 326.271454 326.205841 326.157684 326.109222 326.066284 326.030365 325.993164 325.960236 325.919067 325.892853 325.887634 325.890411 325.820129 
320.900940 321.004364 321.119781 321.174500 321.268707 321.487885 321.681305 321.905914 322.151459 322.537384 323.003113 323.539337 324.170135 324.995667 326.004700 326.596588 326.776520 326.796844 326.797791 326.797821 326.797821 326.797821 326.797546 326.793182 326.729401 326.619659 326.501312 326.369354 326.282806 326.237854 326.182281 326.139709 326.107758 326.076355 326.047058 326.006683 325.989319 326.004181 326.037140 325.938232 
321.045898 321.146088 321.300629 321.370605 321.434296 321.635315 321.910431 322.134613 322.436859 323.017395 323.460022 324.020233 324.729156 325.595764 326.383545 326.726379 326.794342 326.797668 326.797821 326.797821 326.797821 326.797821 326.797791 326.797455 326.792450 326.720947 326.622772 326.518311 326.403625 326.349518 326.324188 326.259247 326.229126 326.199768 326.168365 326.122101 326.149017 326.185730 326.225739 326.174255 
321.248199 321.326355 321.536194 321.626190 321.706909 321.969543 322.315430 322.549530 323.081329 323.463654 324.011414 324.651917 325.430603 326.193268 326.645538 326.789459 326.797394 326.797791 326.797821 326.797821 326.797821 326.797821 326.797821 326.797791 326.797394 326.791718 326.710754 326.619843 326.520050 326.455627 326.424683 326.385437 326.367004 326.346161 326.327850 326.309265 326.343414 326.367737 326.387024 326.335236 
321.465271 321.585083 321.860870 322.012543 322.220673 322.517731 322.724976 323.070587 323.518524 324.030609 324.786713 325.436127 326.116058 326.572998 326.762482 326.796173 326.797760 326.797821 326.797821 326.797821 326.797821 326.797821 326.797821 326.797821 326.797791 326.797363 326.791473 326.713776 326.635437 326.559753 326.517975 326.493103 326.481384 326.470367 326.464172 326.467346 326.477173 326.492432 326.500244 326.470978 
321.805267 321.970184 322.318604 322.537994 322.727020 322.990814 323.278992 323.807800 324.221619 324.924530 325.647705 326.230560 326.583893 326.751556 326.794769 326.797638 326.797821 326.797821 326.797821 326.797821 326.797821 326.797821 326.797821 326.797821 326.797821 326.797791 326.797363 326.791779 326.718658 326.642395 326.589325 326.566162 326.555267 326.546783 326.542023 326.545532 326.556793 326.564850 326.568085 326.550476 
322.343384 322.558533 322.902222 323.226990 323.431152 323.710480 324.277618 324.684723 325.078613 325.791962 326.365204 326.660004 326.778168 326.795380 326.797607 326.797821 326.797821 326.797821 326.797821 326.797821 326.797821 326.797821 326.797821 326.797821 326.797821 326.797821 326.797791 326.797363 326.791687 326.710876 326.636871 326.604950 326.594177 326.588806 326.585510 326.597198 326.594696 326.596802 326.597504 326.592010 
323.167938 323.406769 323.810730 324.138428 324.312317 324.610107 325.231293 325.515442 325.878326 326.363525 326.679565 326.788361 326.796753 326.797699 326.797821 326.797821 326.797821 326.797821 326.797821 326.797821 326.797821 326.797821 326.797821 326.797821 326.797821 326.797821 326.797821 326.797791 326.797363 326.791138 326.704437 326.643555 326.617737 326.609467 326.606812 326.610352 326.609589 326.610718 326.610901 326.608582 
324.291443 324.569092 325.108551 325.175751 325.291870 325.527924 325.943451 326.228607 326.482178 326.691162 326.789520 326.797180 326.797760 326.797821 326.797821 326.797821 326.797821 326.797821 326.797821 326.797821 326.797821 326.797821 326.797821 326.797821 326.797821 326.797821 326.797821 326.797821 326.797791 326.797333 326.791260 326.713531 326.661499 326.632965 326.623413 326.618530 326.617188 326.617371 326.617249 326.616241 
325.459167 325.673615 325.987549 326.074127 326.148468 326.289917 326.507111 326.658264 326.764954 326.792664 326.797333 326.797791 326.797821 326.797821 326.797821 326.797821 326.797821 326.797821 326.797821 326.797821 326.797821 326.797821 326.797821 326.797821 326.797821 326.797821 326.797821 326.797821 326.797821 326.797791 326.797394 326.792633 326.742035 326.693420 326.649536 326.630829 326.625122 326.623016 326.621948 326.621124 
326.302734 326.429718 326.604706 326.615051 326.646637 326.695099 326.766327 326.791473 326.796387 326.797577 326.797791 326.797821 326.797821 326.797821 326.797821 326.797821 326.797821 326.797821 326.797821 326.797821 326.797821 326.797821 326.797821 326.797821 326.797821 326.797821 326.797821 326.797821 326.797821 326.797821 326.797791 326.797546 326.795044 326.778656 326.716248 326.679535 326.654999 326.643005 326.637848 326.637756 
326.690948 326.724640 326.787720 326.790497 326.791840 326.793762 326.796509 326.797546 326.797760 326.797821 326.797821 326.797821 326.797821 326.797821 326.797821 326.797821 326.797821 326.797821 326.797821 326.797821 326.797821 326.797821 326.797821 326.797821 326.797821 326.797821 326.797821 326.797821 326.797821 326.797821 326.797821 326.797821 326.797699 326.796967 326.793640 326.767853 326.733063 326.710907 326.701111 326.709320 
326.788727 326.792175 326.796631 326.797119 326.797363 326.797516 326.797668 326.797760 326.797821 326.797821 326.797821 326.797821 326.797821 326.797821 326.797821 326.797821 326.797821 326.797821 326.797821 326.797821 326.797821 326.797821 326.797821 326.797821 326.797821 326.797821 326.797821 326.797821 326.797821 326.797821 326.797821 326.797821 326.797821 326.797791 326.797607 326.796600 326.795227 326.794220 326.791412 326.794159 
326.673798 326.728363 326.781799 326.787659 326.792267 326.794189 326.794922 326.796600 326.797577 326.797760 326.797821 326.797821 326.797821 326.797821 326.797821 326.797821 326.797821 326.797821 326.797821 326.797821 326.797821 326.797821 326.797821 326.797821 326.797821 326.797821 326.797821 326.797821 326.797821 326.797821 326.797821 326.797821 326.797821 326.797821 326.797791 326.797638 326.797455 326.797424 326.797241 326.796906 
326.132751 326.328583 326.446075 326.543976 326.661194 326.708069 326.723938 326.767700 326.792664 326.796265 326.797607 326.797791 326.797821 326.797821 326.797821 326.797821 326.797821 326.797821 326.797821 326.797821 326.797821 326.797821 326.797821 326.797821 326.797821 326.797821 326.797821 326.797821 326.797821 326.797821 326.797821 326.797821 326.797791 326.797607 326.797150 326.794220 326.790649 326.791016 326.789673 326.778046 
324.568237 324.994232 325.355347 325.612274 325.870941 326.342590 326.436707 326.582123 326.692810 326.761597 326.793396 326.797363 326.797760 326.797821 326.797821 326.797821 326.797821 326.797821 326.797821 326.797821 326.797821 326.797821 326.797821 326.797821 326.797821 326.797821 326.797821 326.797821 326.797821 326.797821 326.797791 326.797638 326.796997 326.792480 326.783051 326.707672 326.613617 326.628448 326.606659 326.382629 
321.804840 322.450409 323.051086 323.467102 323.941437 324.932556 325.506958 326.059052 326.408539 326.606201 326.715790 326.790283 326.796417 326.797668 326.797821 326.797821 326.797821 326.797821 326.797821 326.797821 326.797821 326.797821 326.797821 326.797821 326.797821 326.797821 326.797821 326.797821 326.797821 326.797760 326.797241 326.793335 326.780609 326.668335 326.493225 326.233765 325.748688 325.625824 325.773926 325.037506 
317.981232 318.685181 319.365753 319.949463 320.710083 322.526917 323.336731 324.723785 325.594269 326.152618 326.492401 326.679504 326.768005 326.795135 326.797607 326.797821 326.797821 326.797821 326.797821 326.797821 326.797821 326.797821 326.797821 326.797821 326.797821 326.797821 326.797821 326.797821 326.797668 326.796387 326.786469 326.693909 326.465668 326.005859 325.503998 325.042145 324.245667 324.049286 323.971680 323.552521 
313.846466 314.262909 314.894073 315.539551 316.426849 317.927612 319.925446 322.502930 323.838074 324.981079 325.859161 326.382874 326.642426 326.755768 326.794830 326.797638 326.797821 326.797821 326.797821 326.797821 326.797821 326.797821 326.797821 326.797821 326.797821 326.797821 326.797821 326.797638 326.795258 326.770691 326.598358 326.225311 325.525360 324.599731 324.035400 323.560608 323.383881 323.323547 323.206757 323.155853 
308.953857 310.243134 310.818237 311.325226 312.276489 313.775787 315.519104 318.179810 320.995270 322.790283 324.456451 325.647095 326.323364 326.630005 326.759857 326.795807 326.797729 326.797821 326.797821 326.797821 326.797821 326.797821 326.797821 326.797821 326.797821 326.797821 326.797699 326.795593 326.755798 326.526703 325.957947 325.144409 324.355103 323.645386 323.376740 323.226349 323.176147 323.148438 323.095673 323.064056 
306.425934 307.344330 307.901154 308.109467 308.839172 310.597687 311.886963 314.574585 317.051208 319.624969 322.138519 324.178223 325.586639 326.327850 326.651520 326.782196 326.797028 326.797791 326.797821 326.797821 326.797821 326.797821 326.797821 326.797821 326.797821 326.797760 326.796753 326.779449 326.538269 325.846985 324.803833 324.045227 323.515808 323.311279 323.216370 323.146332 323.114075 323.098022 323.060974 323.040497 
304.916077 304.951416 305.161407 305.832520 306.377167 307.116547 308.613953 310.851532 313.444702 316.137909 319.129730 321.900238 324.266571 325.691071 326.398712 326.690887 326.791779 326.797516 326.797821 326.797821 326.797821 326.797821 326.797821 326.797821 326.797791 326.797211 326.787445 326.620453 326.023438 324.881561 323.931702 323.489166 323.292633 323.213928 323.159027 323.108582 323.083740 323.073517 323.048920 323.032593 
303.768311 303.764160 303.917480 304.366943 304.880890 305.376648 306.511292 307.644806 309.872681 312.798584 315.779327 318.907623 322.440186 324.648621 325.906525 326.511230 326.741913 326.795441 326.797729 326.797821 326.797821 326.797821 326.797821 326.797791 326.797424 326.791412 326.695831 326.319733 325.371490 324.235077 323.590881 323.333557 323.218597 323.163025 323.129974 323.088562 323.064667 323.056458 323.036682 323.026001 
303.034027 303.110016 303.253601 303.533569 303.878815 304.360748 305.028900 306.126862 307.388428 309.236389 312.592773 315.460052 318.977753 323.160034 325.097351 326.179779 326.640930 326.789520 326.797424 326.797821 326.797821 326.797821 326.797821 326.797546 326.793121 326.727356 326.511169 325.921722 324.863495 323.903198 323.444489 323.269592 323.177521 323.128479 323.108337 323.068817 323.051697 323.042816 323.031525 323.021576 
302.491974 302.413025 302.659637 302.900848 303.185883 303.638184 304.137115 304.972961 306.125854 307.495850 309.648102 312.657104 316.042145 320.472412 323.814575 325.653503 326.460632 326.732513 326.795074 326.797699 326.797821 326.797821 326.797668 326.794739 326.742950 326.584869 326.243103 325.628479 324.499725 323.683105 323.376251 323.251709 323.143219 323.102112 323.081787 323.062103 323.048035 323.036682 323.027954 323.018066 
302.110565 302.098480 302.252838 302.471710 302.702759 303.091888 303.586121 304.274200 305.153107 306.347870 308.071259 310.524933 313.628815 317.751587 322.905487 325.064392 326.196991 326.648224 326.789978 326.797455 326.797821 326.797791 326.796631 326.769958 326.624054 326.323639 325.818542 324.830109 324.085815 323.644623 323.365265 323.218475 323.142975 323.098663 323.072845 323.055328 323.040680 323.032013 323.024445 323.015228 
301.746185 301.862457 301.969147 302.149872 302.335388 302.720306 303.139801 303.729706 304.458038 305.429596 306.833771 308.850189 311.835785 315.758942 320.229218 323.688507 325.637909 326.459259 326.740662 326.795532 326.797729 326.797607 326.793213 326.693634 326.438904 325.961792 325.294495 324.577240 324.018372 323.629913 323.382019 323.223450 323.139923 323.094208 323.068542 323.051331 323.036194 323.027283 323.021362 323.012817 
301.540466 301.612976 301.723907 301.896484 302.056641 302.381592 302.814728 303.372101 303.972717 304.814941 306.035309 307.821136 310.445038 314.110809 318.528290 322.545410 325.084351 326.252197 326.684845 326.793213 326.797607 326.796936 326.778198 326.602081 326.254181 325.706238 325.027008 324.398407 323.931885 323.601349 323.386566 323.256897 323.160217 323.094879 323.065857 323.049225 323.032318 323.023224 323.018616 323.010834 
301.403229 301.457520 301.560394 301.718109 301.878662 302.145416 302.518127 302.981201 303.576294 304.387512 305.546021 307.117615 309.404480 312.632141 316.749390 321.054657 324.244385 325.912231 326.582886 326.788025 326.797241 326.794128 326.716614 326.524048 326.123444 325.524445 324.871460 324.311707 323.902771 323.528076 323.345520 323.262085 323.194061 323.139832 323.078064 323.052734 323.030365 323.019745 323.016174 323.009155 
301.266113 301.319916 301.422607 301.573151 301.746521 301.994019 302.409271 302.830231 303.195374 303.744476 305.242859 306.574036 308.475159 311.209167 314.956757 319.410980 323.189911 325.426178 326.435303 326.752319 326.795258 326.780090 326.671844 326.463837 326.015167 325.299652 324.760925 324.183929 323.807556 323.513306 323.324127 323.235016 323.168518 323.115723 323.088196 323.089966 323.032379 323.016968 323.013855 323.007751 
301.168671 301.223999 301.327698 301.477051 301.676056 301.923584 302.248627 302.640442 303.149078 303.826965 304.674713 305.816681 307.547638 310.042145 313.566071 318.085785 322.296936 325.057465 326.316895 326.704651 326.791656 326.733734 326.574402 326.253204 325.744812 325.158905 324.618713 324.141907 323.802551 323.550476 323.386749 323.263214 323.196960 323.100861 323.073486 323.060974 323.035156 323.022614 323.012238 323.006378 
301.096832 301.153931 301.258423 301.409790 301.607788 301.860626 302.169464 302.569977 303.050720 303.715912 304.428558 305.439545 307.572510 309.992554 313.450867 317.822998 322.075500 325.023041 326.284393 326.689056 326.790161 326.714203 326.519623 326.160461 325.614197 325.029419 324.505066 324.064575 323.747253 323.524048 323.377472 323.228058 323.163116 323.123169 323.080872 323.055115 323.033691 323.018951 323.008881 323.003723 
301.059967 301.118927 301.225922 301.379089 301.576904 301.829529 302.139496 302.526489 303.016571 303.637299 304.461212 305.571655 307.187805 309.488831 312.778778 316.706451 321.228607 325.187012 326.282532 326.680817 326.789581 326.710693 326.522430 326.209869 325.487091 324.888519 324.430939 324.010895 323.709625 323.495911 323.349976 323.246002 323.176147 323.123932 323.084930 323.056000 323.034058 323.018738 323.008575 323.003418 
