0.000000 0.000000 0.000000 0.000000 0.000000 0.000000 0.000000 0.000000 0.000000 0.000000 0.000002 0.000014 0.000112 0.000824 0.005270 0.030415 1.068185 0.103272 0.079934 0.087411 0.088110 0.003195 0.002083 0.000714 0.000499 0.000404 0.000191 0.000131 0.000018 0.000004 0.000001 0.000001 0.000001 0.000000 0.000000 0.000000 0.000000 0.000000 0.000000 0.000000 
0.000000 0.000000 0.000000 0.000000 0.000000 0.000000 0.000000 0.000001 0.000001 0.000003 0.000017 0.000108 0.000788 0.005611 0.029729 0.047697 8.153633 0.497391 0.472568 1.094872 0.089108 0.029346 0.020560 0.006747 0.005141 0.004294 0.001984 0.001529 0.000117 0.000039 0.000008 0.000007 0.000002 0.000000 0.000000 0.000000 0.000000 0.000000 0.000000 0.000000 
0.000000 0.000000 0.000000 0.000000 0.000000 0.000000 0.000003 0.000011 0.000011 0.000031 0.000158 0.000792 0.005461 0.043777 0.302739 1.739884 9.261977 7.854949 0.812246 14.640832 19.907343 0.274834 0.202088 0.060669 0.050584 0.043484 0.019470 0.017515 0.001095 0.000347 0.000049 0.000077 0.000003 0.000000 0.000000 0.000000 0.000000 0.000000 0.000000 0.000000 
0.000000 0.000000 0.000000 0.000000 0.000000 0.000022 0.000030 0.000014 0.000137 0.000295 0.001376 0.004780 0.024162 0.200826 1.349355 4.737051 9.298903 9.234763 1.246633 28.416945 28.151424 6.257936 1.685159 0.445109 0.422716 0.374707 0.160129 0.156784 0.140291 0.018528 0.004948 0.004871 0.000280 0.000001 0.000000 0.000000 0.000000 0.000000 0.000000 0.000000 
0.000000 0.000000 0.000000 0.000000 0.000001 0.000164 0.000031 0.000030 0.001651 0.002575 0.011962 0.026953 0.040499 0.415621 5.480386 15.041429 20.679960 20.663891 1.490413 28.809933 28.408634 11.528462 6.139204 2.276280 2.741832 2.515029 1.027197 0.738082 0.589555 0.543244 0.012127 0.000717 0.000164 0.000020 0.000019 0.000000 0.000000 0.000000 0.000000 0.000000 
0.000000 0.000000 0.000000 0.000000 0.000011 0.000252 0.000264 0.010624 0.018728 0.018959 0.101261 0.180228 0.635742 7.166454 6.523897 18.415394 33.249599 33.548950 2.408207 38.074760 37.841137 24.087055 18.506357 8.726737 11.201765 10.491640 4.597772 1.184117 0.608196 0.592491 0.162862 0.000992 0.000165 0.000021 0.000021 0.000017 0.000001 0.000001 0.000000 0.000000 
0.000000 0.000001 0.000006 0.000006 0.000075 0.000287 0.001262 0.001799 0.011076 0.094814 0.753425 4.517999 19.126984 19.335457 12.892335 42.171417 44.544064 44.858627 18.465441 42.333584 42.035313 29.239191 19.870914 8.752769 27.986389 28.856762 11.606761 3.112813 0.787642 0.666476 0.188008 0.007347 0.000774 0.000076 0.000009 0.000003 0.000000 0.000000 0.000000 0.000000 
0.000001 0.000006 0.000003 0.000027 0.000080 0.011849 0.001793 0.001799 0.016492 0.169168 0.988305 5.379293 19.524416 20.568724 21.206728 39.305191 56.242794 56.150776 141.626389 48.620346 47.797482 37.040668 36.112289 11.097149 29.487389 29.398901 11.762954 3.243376 1.770139 1.644542 0.191760 0.008038 0.001211 0.000166 0.000029 0.000003 0.000000 0.000000 0.000000 0.000000 
0.000003 0.000006 0.000008 0.000120 0.001684 0.029384 0.005227 0.004765 0.017711 0.674996 1.462849 5.797168 19.304049 20.271053 21.172291 36.510117 56.365192 58.701687 120.348694 50.361061 48.827599 45.188400 44.912193 92.910019 28.425964 21.602983 10.855364 9.790328 10.826633 10.958751 2.014388 0.009429 0.005445 0.000954 0.000266 0.000020 0.000001 0.000000 0.000000 0.000000 
0.000003 0.000007 0.000009 0.000132 0.001765 0.029731 0.040354 0.041149 0.919655 4.703742 4.712382 8.891045 20.910049 21.029499 21.456032 67.952377 67.364944 64.808990 116.841904 81.387451 51.152927 53.345306 53.399490 93.549324 45.461880 61.147038 50.623379 39.488716 27.376987 11.209212 2.778785 0.408149 0.053783 0.007016 0.002818 0.000033 0.000003 0.000000 0.000000 0.000000 
0.000000 0.000001 0.000009 0.000095 0.005295 0.323686 0.404972 0.454605 1.612794 4.691531 12.100091 18.598814 29.222595 29.916088 48.455151 54.769737 64.715591 67.363274 118.103500 100.219971 73.116180 62.161221 62.226173 72.261734 53.220074 57.112915 52.088802 41.675877 30.181389 11.167098 2.781819 0.755936 0.163189 0.030242 0.029511 0.000707 0.000006 0.000002 0.000000 0.000000 
0.000000 0.000001 0.000016 0.000188 0.001913 0.020403 0.382913 1.569049 1.613932 5.200537 33.389778 34.762337 42.022259 42.281750 52.505260 53.702370 57.452396 89.660461 119.309166 116.774300 80.584846 72.874741 72.932327 81.537750 72.280136 63.050961 52.373428 43.618187 45.047836 9.483109 2.780550 2.747988 0.753578 0.147966 0.136284 0.016778 0.000276 0.000029 0.000003 0.000000 
0.000000 0.000002 0.000028 0.000347 0.001772 0.010333 0.500960 9.202913 9.414805 15.184059 34.047173 42.770531 51.749916 53.165112 60.552158 60.589123 65.053261 72.106987 143.869537 140.941818 88.640930 83.542809 83.504738 92.517609 89.822533 64.508102 46.917248 33.758549 24.760536 20.265858 12.798187 10.053235 2.560013 0.530781 0.517729 0.069139 0.000450 0.000131 0.000018 0.000002 
0.000000 0.000003 0.000036 0.002441 0.005933 0.028892 1.134767 15.299380 16.126194 16.167618 21.145000 59.920879 62.566231 63.123051 67.008980 72.907417 68.248894 75.749138 123.425064 149.913818 105.654282 99.617645 100.106216 104.305374 104.580696 32.981541 28.917740 22.724972 25.475277 11.208412 5.102687 5.075755 2.142089 1.158826 0.519528 0.071339 0.010830 0.001464 0.000165 0.000017 
0.000003 0.000005 0.000544 0.022112 0.022670 0.166306 0.940132 5.850744 15.459381 15.849462 16.067348 28.724371 53.969219 65.889755 73.251129 74.773460 74.490387 222.349609 210.689102 165.406296 121.660812 111.999031 109.691757 119.058807 71.916969 29.408140 24.337877 20.603046 17.483858 13.164248 5.171542 5.085874 6.071018 6.066541 4.669168 0.071624 0.064320 0.009904 0.001085 0.000109 
0.000032 0.000185 0.009365 0.025495 0.028433 0.178679 0.853733 1.128861 11.148232 15.595317 15.961902 22.435825 41.284859 59.052395 73.968445 78.307030 85.896538 94.466515 104.419060 116.694824 142.210800 125.227493 114.693329 77.563438 51.353127 29.357058 24.541229 20.962572 18.238682 39.286621 33.956970 15.747439 17.771938 17.843678 17.474245 4.519097 0.638389 0.064031 0.005772 0.000540 
0.000175 0.000474 0.078777 0.042737 0.043119 0.180147 0.888903 1.100883 5.590880 12.178161 14.106751 18.411840 31.606663 49.064365 69.104889 79.355339 87.051132 94.935616 104.626945 114.174957 146.301590 142.150192 120.613876 80.129333 64.208458 186.338623 109.516045 113.764420 59.835732 60.284042 58.012657 46.830196 30.609318 31.566561 17.344194 5.146229 0.758266 0.079327 0.012237 0.001639 
0.001350 0.016059 0.090508 0.094411 0.107259 0.307593 0.921642 1.557429 29.306669 62.029259 15.877112 17.998220 26.937250 41.291935 60.933491 76.842522 86.864151 95.750809 106.140114 115.423882 139.253815 169.183380 189.254669 123.009445 98.340820 92.862404 86.891571 78.991966 72.336823 65.490280 57.426212 48.332737 39.144226 29.208986 17.894587 5.503770 0.829609 0.093640 0.079105 0.065540 
0.036369 0.077239 0.092274 0.568489 2.349545 6.197642 12.005007 21.752625 57.557388 63.028934 54.077847 29.871206 31.042187 40.538078 56.413555 72.960411 87.711426 98.875572 109.748589 120.549606 138.408264 189.241211 117.470528 104.508224 97.081154 94.835823 84.703972 78.697327 72.220352 64.708740 57.105843 50.097538 43.872982 34.676777 16.171726 5.192309 0.797638 0.098331 0.021060 0.009892 
0.034211 0.072676 0.086526 0.571914 2.353306 6.193077 12.363436 22.201084 58.632328 85.250847 93.661003 97.726730 46.373318 43.592587 55.803680 71.884712 84.571602 97.050095 115.365616 131.833740 151.233749 155.041473 116.083778 101.728722 90.739342 78.076134 61.758881 56.481655 53.153774 50.254742 47.717918 44.204475 42.152504 39.276974 13.684136 3.794602 0.635669 0.166834 0.022352 0.010046 
0.001273 0.009350 0.022410 0.102994 0.110149 1.188500 94.526718 93.098969 86.605522 92.187431 92.770737 93.796234 95.095383 110.286972 116.799004 135.501389 149.183243 150.200699 160.806366 168.987320 206.467621 186.430420 169.516937 134.908371 98.447853 71.775558 63.550354 58.547310 52.349960 49.080212 45.679783 44.722561 43.504013 38.190426 14.510699 4.342721 0.860335 0.851812 0.664621 0.074075 
0.000327 0.001950 0.009529 0.049133 0.158959 55.020947 59.866905 65.338150 71.746231 78.124321 84.015526 90.358528 93.805611 97.957138 102.538490 108.768120 117.072266 129.248047 144.408798 159.310806 179.811371 195.781662 174.917755 155.882965 128.241043 97.817551 72.043816 60.078655 51.943943 45.741970 42.862190 37.516773 34.655720 32.871803 12.183453 3.286318 0.635672 0.180681 0.020531 0.004494 
0.000101 0.000653 0.003704 0.008536 5.443203 59.331417 60.017830 65.196342 71.718842 78.192047 83.885788 88.374367 92.901825 96.880531 101.182098 107.189568 115.395714 127.380074 141.175797 155.420334 175.339691 193.427231 175.471817 157.932037 136.067856 108.086426 89.928963 73.936867 62.633793 55.134880 49.804897 43.216850 37.090652 31.314037 12.844646 3.515068 0.999863 0.180668 0.019308 0.002243 
0.000153 0.001539 0.015485 0.132027 0.643336 31.619556 75.089989 73.793198 74.557343 76.865005 79.840996 82.501503 85.031120 87.577675 91.676315 98.663139 108.046486 122.435432 135.869293 148.498459 168.717911 178.625809 157.669022 142.639175 128.430817 104.129906 87.196281 75.799156 63.810223 55.257103 48.051643 43.708969 36.633373 27.660572 13.676320 4.001272 3.984108 0.479862 0.001912 0.000588 
0.000156 0.001556 0.016019 0.139016 0.685870 27.619299 54.238228 55.803360 61.759197 67.609673 71.700851 74.235046 76.727104 79.519890 84.598801 93.070198 104.358803 120.135269 131.966110 143.550797 162.829819 168.499039 152.144882 140.449448 128.429962 109.379692 102.731674 102.095093 71.853691 65.995590 64.529495 66.400475 22.533512 18.268904 16.972004 3.997837 1.873300 0.232538 0.005725 0.000750 
0.000144 0.000429 0.003123 0.018667 0.029809 1.389695 48.956326 54.934799 62.580208 63.848129 63.802910 64.763657 67.256859 70.632553 77.239464 88.162224 102.091240 116.613785 127.221420 131.359421 152.503265 161.952499 153.220215 141.925262 125.972038 103.472466 89.781845 81.794891 72.765175 90.683884 54.193768 49.407753 43.320805 78.244102 78.292877 5.096133 0.155876 0.149578 0.012950 0.001027 
0.000514 0.000643 0.000765 0.005458 0.039702 0.347582 1.305568 32.502785 48.788391 44.959690 47.618389 51.920670 56.849297 61.911995 71.283379 85.685509 101.695587 110.132370 122.384834 123.256973 137.124374 154.383545 150.542892 143.314194 138.144012 113.372787 89.241882 81.029167 70.822739 63.278061 52.900322 49.356834 38.310806 8.056133 7.326966 0.478883 0.073035 0.023427 0.012104 0.010493 
0.000050 0.000554 0.000798 0.004656 0.037578 0.342626 1.001143 11.664504 24.043653 24.961718 33.791519 42.128632 49.154877 55.542377 69.448929 86.645012 99.747108 100.448631 106.759232 114.077438 131.760681 145.221161 143.575836 131.660370 133.885254 132.120880 112.353508 73.096428 63.137138 59.523041 46.515289 44.126312 5.630768 3.209920 3.195967 0.470530 0.052838 0.006850 0.002081 0.000708 
0.000012 0.000123 0.007026 0.008513 0.009655 0.201933 7.354120 10.091221 15.416176 15.878374 28.142948 38.253365 45.583214 52.752880 74.693993 88.918434 87.095497 85.979462 95.626892 105.162788 124.071571 137.032089 136.509750 115.924553 120.538147 119.722374 96.480972 82.563332 74.886528 50.320580 35.547882 21.540447 5.931001 1.375702 0.575262 0.107963 0.013989 0.002468 0.002056 0.000591 
0.000003 0.000029 0.000139 0.000655 0.003373 0.041379 6.183999 3.564592 13.277878 15.795548 28.178823 37.851860 45.304634 59.262791 80.367790 82.421608 71.856064 73.733223 83.559219 101.998001 122.280464 127.929253 169.844940 92.954735 102.777298 103.401222 100.298241 87.215820 69.405067 51.000935 35.598690 23.041977 5.972291 1.013940 0.247132 0.107369 0.010513 0.010309 0.006929 0.000534 
0.000002 0.000028 0.000029 0.000075 0.000400 0.001575 0.205014 0.283946 0.307052 1.340395 28.222441 27.805063 17.777082 69.531876 64.590973 61.564190 60.697765 60.665154 72.601601 118.510849 121.245934 121.211914 103.104530 57.638504 62.516956 86.583664 98.677521 86.533333 68.403023 49.280659 32.805458 21.919882 5.969950 0.961337 0.955684 0.097997 0.000890 0.000807 0.000019 0.000016 
0.000001 0.000003 0.000008 0.000008 0.000046 0.000251 0.001415 0.028607 0.035246 0.044412 1.094544 1.161779 0.637048 66.759956 45.688110 45.026886 46.643547 45.947430 63.124279 99.481880 111.319183 110.228432 97.791618 47.859451 46.962231 47.952614 59.483852 87.147903 33.985092 7.257232 8.168317 8.203265 0.880005 0.098863 0.097921 0.000878 0.000130 0.000063 0.000005 0.000001 
0.000000 0.000000 0.000001 0.000001 0.000005 0.000039 0.000302 0.002681 0.006623 0.040361 0.304534 0.362667 0.363329 1.501647 30.119234 30.556658 34.289001 34.351788 61.189610 98.150513 91.829338 92.957695 100.438744 44.310196 43.484581 39.564430 37.564648 3.451835 0.253431 0.186082 0.601587 0.580357 0.009186 0.009591 0.008783 0.000721 0.000059 0.000008 0.000001 0.000000 
0.000000 0.000000 0.000000 0.000000 0.000002 0.000022 0.000044 0.000280 0.001116 0.007453 0.040992 0.059088 0.128555 0.610515 10.837429 17.495853 25.790571 25.932425 36.120888 81.630852 78.152718 73.289787 21.052771 42.099213 39.746632 35.315529 17.072130 3.850730 0.601211 0.116529 0.089084 0.075316 0.007707 0.001392 0.000810 0.000109 0.000011 0.000001 0.000000 0.000000 
0.000000 0.000000 0.000000 0.000000 0.000001 0.000020 0.000077 0.000258 0.000234 0.001034 0.004626 0.011264 0.068887 0.604407 4.383951 8.181534 16.332975 17.258297 32.948643 74.671394 47.063995 20.996309 17.779163 9.368896 37.741409 37.691051 17.786766 3.859688 0.802432 0.117530 0.020275 0.008578 0.001311 0.000259 0.000801 0.000062 0.000005 0.000000 0.000000 0.000000 
0.000000 0.000000 0.000000 0.000000 0.000000 0.000002 0.000125 0.000769 0.000931 0.001025 0.000585 0.001997 0.015327 0.124141 0.766862 2.229593 7.038586 7.649656 31.988922 61.757965 44.764172 17.170214 14.371436 4.233013 30.310186 37.653877 17.564856 3.901693 3.237475 0.183073 0.002807 0.000928 0.000176 0.000175 0.000067 0.000005 0.000005 0.000000 0.000000 0.000000 
0.000000 0.000000 0.000000 0.000000 0.000000 0.000000 0.000003 0.000007 0.000008 0.000094 0.000328 0.000332 0.002380 0.017822 0.102862 0.378829 1.288302 1.294455 0.794032 2.390846 3.102496 4.482036 4.530978 4.132632 4.105113 4.047426 4.351685 0.145376 0.037018 0.001920 0.000187 0.000090 0.000036 0.000173 0.000000 0.000000 0.000000 0.000000 0.000000 0.000000 
0.000000 0.000000 0.000000 0.000000 0.000000 0.000000 0.000000 0.000001 0.000001 0.000000 0.000040 0.000324 0.000338 0.002165 0.012294 0.051560 0.178763 0.193111 0.030101 0.165461 0.053335 0.758283 0.796496 0.712773 0.609469 0.102888 0.060252 0.003028 0.001569 0.000114 0.000031 0.000089 0.000088 0.000017 0.000000 0.000000 0.000000 0.000000 0.000000 0.000000 
0.000000 0.000000 0.000000 0.000000 0.000000 0.000000 0.000000 0.000000 0.000000 0.000000 0.000001 0.000242 0.000318 0.000325 0.002324 0.018210 0.156618 0.037849 0.022854 0.066148 0.029520 0.099474 0.109316 0.138398 0.558783 0.062259 0.012986 0.001454 0.000252 0.000030 0.000029 0.000067 0.000000 0.000000 0.000000 0.000000 0.000000 0.000000 0.000000 0.000000 
0.000000 0.000000 0.000000 0.000000 0.000000 0.000000 0.000000 0.000000 0.000000 0.000000 0.000000 0.000019 0.000048 0.000056 0.000422 0.002825 0.136129 0.007579 0.005403 0.011798 0.006122 0.012384 0.014284 0.021816 0.507963 0.010269 0.002280 0.000320 0.000045 0.000006 0.000005 0.000005 0.000000 0.000000 0.000000 0.000000 0.000000 0.000000 0.000000 0.000000 
