0.000000 0.000000 0.000000 0.000000 0.000000 0.000000 0.000000 0.000000 0.000000 0.000000 0.000000 0.000000 0.000000 0.000000 0.000000 0.000000 0.000006 0.000002 0.000002 0.000005 0.000006 0.000000 0.000000 0.000000 0.000000 0.000000 0.000000 0.000000 0.000000 0.000000 0.000000 0.000000 0.000000 0.000000 0.000000 0.000000 0.000000 0.000000 0.000000 0.000000 
0.000000 0.000000 0.000000 0.000000 0.000000 0.000000 0.000000 0.000000 0.000000 0.000000 0.000000 0.000000 0.000000 0.000000 0.000000 0.000001 0.000108 0.000031 0.000032 0.000153 0.000009 0.000001 0.000000 0.000000 0.000000 0.000000 0.000000 0.000000 0.000000 0.000000 0.000000 0.000000 0.000000 0.000000 0.000000 0.000000 0.000000 0.000000 0.000000 0.000000 
0.000000 0.000000 0.000000 0.000000 0.000000 0.000000 0.000000 0.000000 0.000000 0.000000 0.000000 0.000000 0.000000 0.000000 0.000002 0.000021 0.000313 0.000231 0.000745 0.002990 0.001111 0.000015 0.000004 0.000001 0.000001 0.000001 0.000000 0.000000 0.000000 0.000000 0.000000 0.000000 0.000000 0.000000 0.000000 0.000000 0.000000 0.000000 0.000000 0.000000 
0.000000 0.000000 0.000000 0.000000 0.000000 0.000000 0.000000 0.000000 0.000000 0.000000 0.000000 0.000000 0.000000 0.000004 0.000015 0.000081 0.000345 0.001490 0.050237 0.005181 0.004006 0.000321 0.000057 0.000016 0.000017 0.000013 0.000003 0.000003 0.000002 0.000001 0.000000 0.000000 0.000000 0.000000 0.000000 0.000000 0.000000 0.000000 0.000000 0.000000 
0.000000 0.000000 0.000000 0.000000 0.000000 0.000000 0.000000 0.000000 0.000000 0.000000 0.000000 0.000001 0.000006 0.000053 0.000203 0.001093 0.003853 0.038168 1.260763 0.038798 0.004434 0.000998 0.000575 0.000185 0.000251 0.000195 0.000046 0.000019 0.000022 0.000013 0.000000 0.000000 0.000000 0.000000 0.000000 0.000000 0.000000 0.000000 0.000000 0.000000 
0.000000 0.000000 0.000000 0.000000 0.000000 0.000000 0.000000 0.000000 0.000000 0.000000 0.000001 0.000010 0.000147 0.001687 0.002208 0.013608 0.018112 0.060731 1.665079 0.062809 0.017719 0.008804 0.006750 0.001797 0.003345 0.002685 0.000549 0.000067 0.000027 0.000023 0.000008 0.000000 0.000000 0.000000 0.000000 0.000000 0.000000 0.000000 0.000000 0.000000 
0.000000 0.000000 0.000000 0.000000 0.000000 0.000000 0.000000 0.000000 0.000000 0.000001 0.000013 0.000231 0.003564 0.011091 0.066510 0.167728 0.169775 0.340955 2.096988 0.423646 0.120656 0.079568 0.070189 0.010902 0.037721 0.031157 0.005312 0.000507 0.000063 0.000035 0.000017 0.000001 0.000000 0.000000 0.000000 0.000000 0.000000 0.000000 0.000000 0.000000 
0.000000 0.000000 0.000000 0.000000 0.000000 0.000000 0.000000 0.000000 0.000000 0.000002 0.000023 0.000370 0.005266 0.062778 1.007922 1.292354 1.325158 0.571590 2.392931 2.090251 0.563308 0.602403 0.614740 2.413833 0.323454 0.273629 0.033386 0.001733 0.000439 0.000333 0.000020 0.000001 0.000000 0.000000 0.000000 0.000000 0.000000 0.000000 0.000000 0.000000 
0.000000 0.000000 0.000000 0.000000 0.000000 0.000000 0.000000 0.000000 0.000000 0.000013 0.000042 0.000508 0.006373 0.068996 1.039578 6.354457 6.460588 0.940514 8.703772 8.402269 0.643613 3.524682 5.131444 18.435343 16.078590 13.059518 0.926358 0.034190 0.005213 0.004812 0.000339 0.000003 0.000000 0.000000 0.000000 0.000000 0.000000 0.000000 0.000000 0.000000 
0.000000 0.000000 0.000000 0.000000 0.000000 0.000000 0.000000 0.000000 0.000018 0.000191 0.000201 0.001135 0.009319 0.041271 3.713129 45.395920 43.051151 4.975751 15.579628 15.455168 1.311113 12.884106 13.250899 19.126827 16.039351 2.706672 1.293109 0.232390 0.042955 0.004154 0.000481 0.000034 0.000002 0.000000 0.000000 0.000000 0.000000 0.000000 0.000000 0.000000 
0.000000 0.000000 0.000000 0.000000 0.000000 0.000003 0.000005 0.000009 0.000107 0.000216 0.001994 0.005601 0.040979 0.362979 2.636154 7.981297 29.583250 39.547318 24.734180 24.400824 8.612445 26.749910 27.252234 29.295284 16.334827 2.024117 1.315985 0.242078 0.079741 0.005040 0.000496 0.000061 0.000006 0.000001 0.000001 0.000000 0.000000 0.000000 0.000000 0.000000 
0.000000 0.000000 0.000000 0.000000 0.000000 0.000001 0.000005 0.000060 0.000112 0.002242 0.025459 0.036239 0.106407 0.652395 2.656556 2.897965 4.513438 47.085667 36.174652 36.023914 56.805878 46.082222 46.369228 47.281578 95.411499 28.764759 6.394876 0.358938 0.360635 0.097265 0.001542 0.000455 0.000050 0.000005 0.000003 0.000000 0.000000 0.000000 0.000000 0.000000 
0.000000 0.000000 0.000000 0.000000 0.000000 0.000001 0.000034 0.001035 0.001677 0.028872 0.088905 0.358122 0.537620 2.960486 10.505388 19.335718 27.408054 35.184391 52.708336 51.855106 79.274261 61.871719 62.079617 66.974869 79.334877 41.027843 33.896950 12.892136 1.187783 1.014940 0.065307 0.005203 0.000378 0.000032 0.000028 0.000002 0.000000 0.000000 0.000000 0.000000 
0.000000 0.000000 0.000000 0.000000 0.000000 0.000006 0.000194 0.002148 0.003636 0.041090 0.611402 1.860148 2.135554 8.132067 17.875923 41.887051 34.814838 37.085518 55.092434 63.128876 89.454773 81.351265 82.351082 85.115807 66.682564 46.891750 37.172184 27.848362 28.324699 3.646533 0.037029 0.005367 0.000566 0.000133 0.000028 0.000002 0.000000 0.000000 0.000000 0.000000 
0.000000 0.000000 0.000000 0.000001 0.000001 0.000016 0.000225 0.000818 0.008438 0.171411 1.078899 1.802420 7.122065 17.152584 28.216118 32.232700 34.069302 39.144035 86.358444 86.006767 99.676407 96.078712 93.837227 84.894104 61.023338 47.663006 37.570179 26.312410 10.521872 2.420618 0.489830 0.008897 0.001320 0.001277 0.000231 0.000002 0.000001 0.000000 0.000000 0.000000 
0.000000 0.000000 0.000000 0.000001 0.000002 0.000027 0.000319 0.002151 0.054573 0.981750 1.247315 6.016538 15.592808 23.872932 35.062218 39.041420 47.484325 55.830700 64.188469 80.638756 108.430702 100.771965 92.048553 71.497093 60.652969 46.835258 37.347660 24.616611 10.319869 2.441811 2.398561 0.559944 0.005852 0.002770 0.002312 0.000148 0.000009 0.000000 0.000000 0.000000 
0.000000 0.000000 0.000003 0.000007 0.000008 0.000066 0.001969 0.012180 0.625077 3.055963 3.819937 14.760293 25.652061 32.512833 41.857697 46.763226 53.170620 59.278126 66.785210 76.843338 114.507103 98.819130 88.309471 73.738983 63.974880 51.588436 43.865894 40.319073 7.311781 3.570669 3.558041 3.104780 0.352574 0.030762 0.002419 0.000167 0.000010 0.000001 0.000000 0.000000 
0.000000 0.000001 0.000006 0.000010 0.000042 0.001745 0.040052 0.494863 0.712344 0.900718 3.769073 15.034393 26.332958 34.060688 43.238762 50.514156 56.863327 63.062515 70.157181 77.370178 121.141869 99.632797 91.952141 81.309120 67.488235 56.393936 51.822948 43.738789 31.373947 16.088814 12.834459 3.133898 0.397837 0.037490 0.003009 0.000216 0.000014 0.000001 0.000001 0.000000 
0.000001 0.000004 0.000007 0.000092 0.001157 0.016657 0.132515 0.211331 0.217534 0.251540 1.151554 55.526775 47.058830 47.259460 52.618519 58.626259 65.137947 69.907021 76.763924 82.583824 124.022354 103.405258 95.910034 83.474915 72.073212 61.912949 55.077271 44.687572 33.749149 22.062887 14.853580 3.137771 0.444332 0.047129 0.004277 0.000348 0.000026 0.000002 0.000000 0.000000 
0.000002 0.000004 0.000008 0.000105 0.001238 0.017139 0.163377 0.220510 0.337164 7.017337 18.658579 19.388889 34.096706 46.590485 54.829800 61.109032 66.911110 72.256645 79.547859 84.508423 124.894531 108.647240 102.223526 92.703827 83.669479 77.858589 74.065895 62.226532 54.025902 44.487343 40.008896 2.463234 0.112927 0.047654 0.006653 0.000671 0.000057 0.000011 0.000001 0.000000 
0.000000 0.000001 0.000008 0.000076 0.000587 0.066040 1.043841 1.090842 12.379612 18.822084 19.029032 19.134754 21.305511 26.081230 30.509783 35.538635 41.481297 50.314751 59.037201 61.266785 118.610786 113.284424 111.082581 104.221756 99.081398 96.152939 93.037834 85.724228 78.763596 58.883286 20.384672 2.936704 0.625693 0.150229 0.017741 0.001613 0.000133 0.000122 0.000045 0.000003 
0.000000 0.000001 0.000007 0.000073 0.000639 0.017177 0.094947 0.155522 0.637684 7.482001 18.062298 27.521791 36.665894 45.044456 52.873596 59.656273 64.568832 69.556297 76.002205 82.796730 96.009041 148.002121 117.769951 104.962105 87.381393 70.711426 52.020676 28.480978 15.730472 7.846944 5.748799 1.739446 0.107998 0.054433 0.008353 0.000885 0.000079 0.000014 0.000001 0.000000 
0.000000 0.000000 0.000001 0.000006 0.001441 0.017270 0.017827 0.066018 0.536918 3.950541 13.802045 25.562569 35.686024 44.202381 52.031517 58.479450 62.887257 67.330765 73.458809 80.969711 97.358803 104.953339 116.220718 94.846169 57.695465 17.808994 11.804902 7.124986 3.939558 2.939609 2.315078 1.343683 0.394207 0.065445 0.007665 0.000720 0.000096 0.000013 0.000001 0.000000 
0.000000 0.000000 0.000001 0.000013 0.000173 0.012129 0.019084 0.021740 0.197836 1.607913 8.169755 19.332827 28.848021 36.929054 44.974964 50.771740 54.324917 59.391602 65.926445 73.008720 97.008179 93.184464 111.444016 111.874527 96.857315 41.882046 15.327757 8.031579 3.860442 2.056767 1.367492 1.315255 0.396026 0.059734 0.006603 0.000652 0.000620 0.000043 0.000000 0.000000 
0.000000 0.000000 0.000001 0.000012 0.000177 0.005552 0.003926 0.005317 0.050504 0.458995 3.139238 11.879677 21.846100 30.270926 39.705101 44.501217 47.976799 52.934597 61.954666 68.679924 89.403732 77.973289 91.457253 96.963821 89.131035 62.217854 37.473396 30.844288 7.486837 4.556801 2.403880 2.368881 0.439237 0.006002 0.002658 0.000640 0.000151 0.000025 0.000001 0.000000 
0.000000 0.000000 0.000000 0.000001 0.000006 0.000280 0.003597 0.004170 0.010786 0.097415 0.792776 4.557757 13.759133 22.883877 33.812386 37.190174 40.456371 46.769054 58.948864 64.241104 78.214836 62.671532 72.899353 77.324127 70.364311 54.147610 21.225416 12.563557 11.440866 11.559111 3.046815 2.005309 0.258383 0.022243 0.021170 0.002234 0.000022 0.000013 0.000001 0.000000 
0.000000 0.000000 0.000000 0.000000 0.000001 0.000015 0.000218 0.003113 0.012721 0.017220 0.148553 1.079818 5.402216 14.652852 27.175772 28.989315 32.917332 42.228111 59.463989 59.540958 63.379379 49.800941 52.381493 56.896660 55.904507 56.041019 32.123611 12.234274 11.129531 10.422903 2.516717 1.566941 0.252537 0.014222 0.002324 0.000030 0.000003 0.000001 0.000000 0.000000 
0.000000 0.000000 0.000000 0.000000 0.000001 0.000013 0.000080 0.000319 0.001835 0.002596 0.024128 0.204925 1.419571 6.767763 18.945713 19.230236 24.484354 41.769684 51.010166 51.970055 42.326504 43.305729 41.233051 33.055729 39.783665 38.690701 30.598246 2.211997 2.540715 2.524635 0.663784 0.641093 0.048869 0.000562 0.000181 0.000012 0.000001 0.000000 0.000000 0.000000 
0.000000 0.000000 0.000000 0.000000 0.000000 0.000003 0.000080 0.000142 0.000311 0.000416 0.004225 0.041070 0.342103 2.133342 8.482570 8.508429 7.168223 33.502781 42.567860 42.388210 17.114340 39.525024 36.243832 20.081760 23.576801 23.229406 2.035085 0.483392 0.575001 0.407539 0.105995 0.066320 0.001197 0.000126 0.000019 0.000002 0.000000 0.000000 0.000000 0.000000 
0.000000 0.000000 0.000000 0.000000 0.000000 0.000001 0.000051 0.000039 0.000187 0.000395 0.003177 0.031725 0.323182 0.454813 1.881163 2.274997 2.192912 23.279625 32.613853 33.083847 9.908444 37.014816 35.553570 10.600529 10.400135 9.785010 1.039910 0.370023 0.156060 0.060590 0.014174 0.006195 0.000518 0.000040 0.000005 0.000002 0.000000 0.000000 0.000000 0.000000 
0.000000 0.000000 0.000000 0.000000 0.000000 0.000000 0.000002 0.000007 0.000009 0.000328 0.007602 0.008307 0.177748 0.337232 0.349992 0.928924 1.592206 12.671377 22.392803 23.160843 6.984868 31.171574 26.001463 5.878635 5.436407 4.423776 0.906657 0.178235 0.126304 0.050753 0.006687 0.001808 0.000492 0.000033 0.000031 0.000002 0.000000 0.000000 0.000000 0.000000 
0.000000 0.000000 0.000000 0.000000 0.000000 0.000000 0.000000 0.000000 0.000001 0.000005 0.000339 0.000535 0.003379 0.327408 0.076813 0.202623 0.822342 4.107322 9.384050 8.905041 3.043151 23.102854 24.980125 5.494844 1.463408 0.710323 0.179135 0.174640 0.143644 0.007837 0.000937 0.000885 0.000071 0.000002 0.000002 0.000000 0.000000 0.000000 0.000000 0.000000 
0.000000 0.000000 0.000000 0.000000 0.000000 0.000000 0.000000 0.000000 0.000000 0.000001 0.000022 0.000045 0.000158 0.029444 0.036679 0.037832 0.228464 1.579804 9.224575 2.906389 0.585655 7.190102 25.146275 4.677996 0.692028 0.127356 0.123018 0.023647 0.000735 0.000195 0.000064 0.000049 0.000001 0.000000 0.000000 0.000000 0.000000 0.000000 0.000000 0.000000 
0.000000 0.000000 0.000000 0.000000 0.000000 0.000000 0.000000 0.000000 0.000000 0.000000 0.000001 0.000004 0.000020 0.000132 0.002807 0.004377 0.022883 0.056842 4.434893 0.455591 0.418627 0.456132 4.071894 2.514842 0.332419 0.035867 0.010835 0.000178 0.000072 0.000020 0.000005 0.000003 0.000000 0.000000 0.000000 0.000000 0.000000 0.000000 0.000000 0.000000 
0.000000 0.000000 0.000000 0.000000 0.000000 0.000000 0.000000 0.000000 0.000000 0.000000 0.000000 0.000000 0.000002 0.000020 0.000198 0.000447 0.002667 0.014579 0.166436 0.105915 0.100701 0.092636 0.058242 0.281945 0.004935 0.002882 0.000861 0.000061 0.000010 0.000013 0.000001 0.000000 0.000000 0.000000 0.000000 0.000000 0.000000 0.000000 0.000000 0.000000 
0.000000 0.000000 0.000000 0.000000 0.000000 0.000000 0.000000 0.000000 0.000000 0.000000 0.000000 0.000000 0.000000 0.000002 0.000015 0.000074 0.000817 0.009465 0.147292 0.087612 0.094521 0.020591 0.008155 0.001480 0.002619 0.002249 0.000652 0.000056 0.000030 0.000008 0.000000 0.000000 0.000000 0.000000 0.000000 0.000000 0.000000 0.000000 0.000000 0.000000 
0.000000 0.000000 0.000000 0.000000 0.000000 0.000000 0.000000 0.000000 0.000000 0.000000 0.000000 0.000000 0.000000 0.000000 0.000001 0.000007 0.000063 0.000217 0.004588 0.007755 0.004483 0.000959 0.000771 0.000466 0.000443 0.000351 0.000161 0.000005 0.000001 0.000000 0.000000 0.000000 0.000000 0.000000 0.000000 0.000000 0.000000 0.000000 0.000000 0.000000 
0.000000 0.000000 0.000000 0.000000 0.000000 0.000000 0.000000 0.000000 0.000000 0.000000 0.000000 0.000000 0.000000 0.000000 0.000000 0.000001 0.000005 0.000019 0.000063 0.000279 0.000062 0.000079 0.000061 0.000037 0.000025 0.000007 0.000003 0.000000 0.000000 0.000000 0.000000 0.000000 0.000000 0.000000 0.000000 0.000000 0.000000 0.000000 0.000000 0.000000 
0.000000 0.000000 0.000000 0.000000 0.000000 0.000000 0.000000 0.000000 0.000000 0.000000 0.000000 0.000000 0.000000 0.000000 0.000000 0.000000 0.000003 0.000002 0.000006 0.000021 0.000007 0.000006 0.000004 0.000003 0.000015 0.000001 0.000000 0.000000 0.000000 0.000000 0.000000 0.000000 0.000000 0.000000 0.000000 0.000000 0.000000 0.000000 0.000000 0.000000 
0.000000 0.000000 0.000000 0.000000 0.000000 0.000000 0.000000 0.000000 0.000000 0.000000 0.000000 0.000000 0.000000 0.000000 0.000000 0.000000 0.000001 0.000000 0.000000 0.000001 0.000001 0.000000 0.000000 0.000000 0.000009 0.000000 0.000000 0.000000 0.000000 0.000000 0.000000 0.000000 0.000000 0.000000 0.000000 0.000000 0.000000 0.000000 0.000000 0.000000 
