0.000000 0.000000 0.000000 0.000000 0.000000 0.000000 0.000000 0.000000 0.000000 0.000000 0.000000 0.000000 0.000000 0.000001 0.000012 0.000107 0.004366 0.000430 0.000344 0.000448 0.000741 0.000014 0.000005 0.000001 0.000001 0.000001 0.000000 0.000000 0.000000 0.000000 0.000000 0.000000 0.000000 0.000000 0.000000 0.000000 0.000000 0.000000 0.000000 0.000000 
0.000000 0.000000 0.000000 0.000000 0.000000 0.000000 0.000000 0.000000 0.000000 0.000000 0.000000 0.000000 0.000001 0.000011 0.000069 0.000180 0.052972 0.003124 0.002972 0.011950 0.000816 0.000124 0.000055 0.000015 0.000013 0.000011 0.000004 0.000003 0.000000 0.000000 0.000000 0.000000 0.000000 0.000000 0.000000 0.000000 0.000000 0.000000 0.000000 0.000000 
0.000000 0.000000 0.000000 0.000000 0.000000 0.000000 0.000000 0.000000 0.000000 0.000000 0.000000 0.000002 0.000012 0.000109 0.000897 0.007586 0.068682 0.050171 0.013858 0.233427 0.251029 0.001537 0.000674 0.000165 0.000171 0.000151 0.000055 0.000048 0.000004 0.000001 0.000000 0.000000 0.000000 0.000000 0.000000 0.000000 0.000000 0.000000 0.000000 0.000000 
0.000000 0.000000 0.000000 0.000000 0.000000 0.000000 0.000000 0.000000 0.000000 0.000001 0.000003 0.000014 0.000079 0.000776 0.005509 0.028279 0.069710 0.083824 1.176918 0.434347 0.416405 0.050502 0.007560 0.001574 0.001990 0.001793 0.000597 0.000576 0.000493 0.000070 0.000018 0.000018 0.000001 0.000000 0.000000 0.000000 0.000000 0.000000 0.000000 0.000000 
0.000000 0.000000 0.000000 0.000000 0.000000 0.000000 0.000000 0.000000 0.000003 0.000006 0.000035 0.000119 0.000304 0.004735 0.044809 0.267210 0.547058 1.362148 63.530121 1.240153 0.421781 0.097040 0.042726 0.011257 0.019952 0.018373 0.005405 0.003305 0.002631 0.002342 0.000048 0.000003 0.000000 0.000000 0.000000 0.000000 0.000000 0.000000 0.000000 0.000000 
0.000000 0.000000 0.000000 0.000000 0.000000 0.000000 0.000000 0.000025 0.000050 0.000051 0.000385 0.001121 0.009734 0.209148 0.226880 2.055106 2.477149 3.214191 63.578728 1.961988 1.174206 0.537512 0.378701 0.065744 0.161806 0.151549 0.038853 0.006458 0.002773 0.002661 0.000657 0.000004 0.000000 0.000000 0.000000 0.000000 0.000000 0.000000 0.000000 0.000000 
0.000000 0.000000 0.000000 0.000000 0.000000 0.000000 0.000002 0.000003 0.000028 0.000330 0.003892 0.039864 0.320896 0.403492 1.389838 11.063589 11.113824 15.214418 61.191528 11.447974 6.166665 3.509253 2.859379 0.069381 0.879180 0.843654 0.188030 0.026153 0.004207 0.003253 0.000812 0.000029 0.000002 0.000000 0.000000 0.000000 0.000000 0.000000 0.000000 0.000000 
0.000000 0.000000 0.000000 0.000000 0.000000 0.000020 0.000003 0.000003 0.000040 0.000545 0.005041 0.047734 0.343424 1.214095 23.023504 31.788040 29.922100 21.342787 57.602009 25.953556 17.203568 13.911782 13.856065 0.988972 1.265285 1.247136 0.214575 0.029002 0.013734 0.012606 0.000842 0.000031 0.000003 0.000000 0.000000 0.000000 0.000000 0.000000 0.000000 0.000000 
0.000000 0.000000 0.000000 0.000000 0.000003 0.000060 0.000009 0.000008 0.000044 0.002198 0.006563 0.048594 0.333259 1.202220 22.943268 35.658115 34.713432 23.180832 52.339745 30.690960 17.369661 20.541666 21.291113 63.718079 44.479668 89.869064 0.950310 0.211238 0.159760 0.158048 0.013516 0.000039 0.000014 0.000002 0.000000 0.000000 0.000000 0.000000 0.000000 0.000000 
0.000000 0.000000 0.000000 0.000000 0.000003 0.000061 0.000088 0.000091 0.003059 0.024303 0.024531 0.059079 0.224923 0.252555 7.362427 43.619255 42.765003 27.688581 57.278061 55.018501 18.508020 31.987906 32.181679 65.837761 36.869785 11.042353 10.324317 3.082220 1.031206 0.147250 0.017665 0.001719 0.000165 0.000016 0.000006 0.000000 0.000000 0.000000 0.000000 0.000000 
0.000000 0.000000 0.000000 0.000000 0.000014 0.000963 0.001307 0.001614 0.010216 0.024984 0.233070 0.375479 1.372306 6.509464 30.692410 31.936460 40.323593 64.074448 63.617153 63.286518 128.637161 42.509815 42.440498 47.482658 30.848848 10.592902 10.337644 3.119443 1.238913 0.149402 0.017697 0.003690 0.000595 0.000081 0.000078 0.000002 0.000000 0.000000 0.000000 0.000000 
0.000000 0.000000 0.000000 0.000000 0.000006 0.000075 0.001216 0.009358 0.010288 0.159347 2.200119 2.389444 4.135650 11.563175 30.954874 31.134260 33.201962 68.156044 69.291893 69.376671 130.874832 53.757107 53.557590 56.268417 58.598003 26.754444 8.980986 3.092457 3.038719 1.011416 0.027534 0.024023 0.004095 0.000531 0.000470 0.000042 0.000001 0.000000 0.000000 0.000000 
0.000000 0.000000 0.000000 0.000001 0.000005 0.000053 0.002975 0.117508 0.131886 0.922415 2.918061 11.870218 13.620946 21.142538 36.242153 34.591125 37.831844 53.388775 74.689697 74.809723 126.696060 62.678814 62.358738 65.213615 68.171501 42.114357 62.638329 6.363171 6.672626 6.820318 0.871363 0.185095 0.022276 0.002545 0.002442 0.000203 0.000001 0.000000 0.000000 0.000000 
0.000000 0.000000 0.000000 0.000006 0.000021 0.000214 0.011375 0.204454 0.237384 0.917069 26.937513 31.685335 31.207861 33.931110 40.218098 48.636150 40.638454 66.170464 77.916702 78.476952 139.201523 75.149460 75.256058 77.235603 84.273033 77.265724 71.550171 66.037491 62.720661 3.430250 0.087759 0.062746 0.013570 0.005419 0.002450 0.000208 0.000022 0.000002 0.000000 0.000000 
0.000000 0.000000 0.000002 0.000073 0.000076 0.000878 0.009638 0.062790 0.399191 8.222158 41.587589 47.804054 46.886585 47.069702 49.302849 50.059326 48.109924 85.055367 83.683075 83.094025 120.058456 81.775581 79.995140 105.542763 83.060928 77.325066 71.199455 65.756554 60.661011 54.625080 6.519908 0.075637 0.047988 0.047931 0.031238 0.000209 0.000159 0.000019 0.000002 0.000000 
0.000000 0.000001 0.000031 0.000087 0.000103 0.001029 0.009837 0.035289 1.131093 30.114367 43.763821 50.742630 53.692284 55.386333 57.417374 57.789116 72.318306 80.656136 90.268974 93.544548 125.946075 97.793701 88.273010 88.454109 85.048531 76.605072 71.297188 65.738396 60.875778 59.477036 57.771523 8.446836 0.350631 0.336705 0.330706 0.029337 0.002255 0.000156 0.000010 0.000001 
0.000001 0.000002 0.000335 0.000210 0.000215 0.001413 0.041178 0.163848 10.525804 67.921951 66.115784 66.661278 66.933533 67.366051 68.671318 67.844315 75.170235 82.474854 91.547058 97.704514 124.991829 106.641800 100.750992 91.291229 86.995163 82.565773 77.751991 77.136292 59.477905 55.464901 54.702183 23.404728 10.825590 2.534903 0.332860 0.031934 0.002584 0.000187 0.000022 0.000003 
0.000005 0.000057 0.000401 0.000445 0.000811 0.033508 1.508777 16.729710 13.309806 14.207809 63.491009 69.054085 71.705635 73.489006 75.897041 76.248230 80.576813 87.178154 95.603989 101.845085 124.002625 113.279602 106.147804 100.797554 89.909607 84.330467 82.193100 72.338432 64.610077 56.338196 44.862186 23.357382 12.898552 2.983394 0.376316 0.035735 0.002902 0.000224 0.000178 0.000139 
0.000148 0.000325 0.000412 0.003645 0.032674 0.488902 3.676601 4.646546 5.650650 5.664742 17.848015 81.649773 81.387558 82.612556 85.237755 86.730698 91.107697 93.747063 100.785805 107.504333 119.524147 134.586853 110.625374 100.621513 95.216583 87.611214 80.263802 71.926460 64.698311 55.399532 41.377441 22.828899 11.414472 2.749092 0.355933 0.035234 0.003029 0.000274 0.000044 0.000025 
0.000142 0.000313 0.000395 0.003693 0.032850 0.490224 3.845331 4.633087 5.675943 6.522792 71.495323 88.980705 83.597961 84.249344 86.869209 89.273026 93.111565 97.600960 107.555466 114.511284 123.052330 130.557617 110.962723 103.234581 96.863785 90.644638 84.265579 76.802010 72.433716 66.231125 59.086670 6.592516 0.909262 0.791794 0.171302 0.024534 0.002844 0.000690 0.000052 0.000027 
0.000005 0.000034 0.000104 0.000668 0.002185 0.630783 14.681808 14.720649 27.428896 81.470741 77.806969 79.562622 80.061180 122.091370 130.904724 132.519867 125.767220 110.305290 117.269768 121.351517 138.733810 98.499840 88.117249 69.052345 57.869377 39.130764 36.112965 34.663036 21.142796 15.845981 7.561493 2.417316 1.109510 1.055837 0.264131 0.040704 0.005211 0.005135 0.003704 0.000317 
0.000001 0.000008 0.000055 0.000415 0.002781 0.652238 1.231354 3.368258 11.911012 23.786869 34.561752 49.381721 52.157589 59.234215 66.468521 73.913574 80.777748 88.863495 95.816299 102.957809 113.080681 79.040344 49.434624 45.221127 37.475224 27.962545 20.703035 15.996323 12.843237 12.196005 11.621853 7.443416 0.656713 0.574098 0.149833 0.024654 0.003328 0.000791 0.000073 0.000015 
0.000000 0.000002 0.000015 0.000068 0.061156 0.660695 0.665539 2.791159 11.881018 24.266109 33.993790 42.621254 51.145325 58.640354 65.770126 72.885422 79.040894 85.434486 89.880989 97.162437 111.058647 97.469673 52.532150 49.578857 42.329784 31.198870 28.914591 20.957285 13.296701 13.048307 12.816180 12.652344 4.097847 1.017058 0.182191 0.025602 0.005142 0.000790 0.000066 0.000006 
0.000000 0.000004 0.000055 0.000633 0.006849 0.599371 1.542018 1.598162 7.944485 19.553661 29.802591 38.279148 46.071232 52.497532 59.240597 66.017021 71.292725 77.623940 80.694023 87.589905 108.178230 98.742981 79.902641 74.224564 68.343895 53.522472 40.942303 29.407368 13.557283 16.805418 12.929543 12.776917 4.106085 0.957431 0.177310 0.026547 0.026349 0.002440 0.000007 0.000001 
0.000000 0.000004 0.000056 0.000661 0.007237 0.420419 0.545748 0.600870 3.598195 13.108011 23.393267 32.235527 40.601715 46.995712 54.368679 60.659878 65.723610 70.075394 73.208626 81.476395 102.887306 90.018684 80.339180 78.378365 76.392181 72.220955 70.428375 70.332642 30.947590 24.240185 22.157238 22.127514 4.580989 0.247186 0.234354 0.026741 0.010077 0.001376 0.000028 0.000003 
0.000000 0.000001 0.000009 0.000067 0.000184 0.016631 0.533184 0.558759 1.257588 6.044848 16.198561 25.464359 34.527935 40.950077 49.106941 54.331596 59.207645 61.550907 65.725739 63.829235 90.287292 84.446175 78.332779 75.496758 71.815659 68.160156 61.064240 52.962017 41.929092 44.819820 40.176929 38.956558 10.211156 1.899599 1.890073 0.195560 0.001122 0.000942 0.000050 0.000003 
0.000001 0.000001 0.000002 0.000014 0.000125 0.001730 0.024611 0.529514 1.730419 1.884821 7.876596 17.835852 27.849459 34.774509 43.713940 47.367676 52.727108 52.347023 59.295464 56.202866 81.661057 79.770210 72.669128 69.734879 66.921974 66.742462 60.405499 52.336578 40.960430 38.626720 33.909145 32.995560 10.191310 0.564077 0.225325 0.002315 0.000265 0.000089 0.000043 0.000036 
0.000000 0.000001 0.000002 0.000010 0.000112 0.001640 0.011264 0.083967 0.361400 0.402504 2.369141 9.399789 20.473497 28.640911 37.712021 39.401546 46.167789 38.767826 45.869438 50.445808 89.780624 69.069382 67.318260 60.340675 59.311913 57.992840 60.231888 14.446024 16.800636 16.827208 13.145593 13.104073 0.855410 0.024707 0.022478 0.001949 0.000158 0.000017 0.000005 0.000002 
0.000000 0.000000 0.000014 0.000018 0.000022 0.000688 0.030737 0.043850 0.075376 0.082975 0.590793 3.549662 13.647012 22.959942 30.150660 30.768379 27.512978 25.743128 40.898613 45.435486 55.539841 63.827122 62.955910 53.081802 51.665359 50.049152 13.768670 6.912338 7.711767 7.181049 3.547922 2.536385 0.047220 0.006501 0.002309 0.000319 0.000032 0.000005 0.000005 0.000001 
0.000000 0.000000 0.000000 0.000001 0.000008 0.000155 0.024731 0.014428 0.056861 0.082166 0.549911 3.324024 13.712937 15.361311 20.167852 21.521469 18.474211 22.210991 38.073547 45.495060 21.276117 56.838257 59.578751 44.297386 39.567268 30.785749 15.476741 6.125400 2.632460 1.672109 0.668302 0.375429 0.041705 0.004140 0.000754 0.000316 0.000023 0.000023 0.000014 0.000001 
0.000000 0.000000 0.000000 0.000000 0.000001 0.000004 0.000653 0.000987 0.001100 0.019318 0.781605 0.792894 8.547276 9.010898 8.964796 12.772744 16.719852 20.273649 37.800804 56.739719 16.475306 37.221024 49.904102 39.937214 57.367069 25.504108 15.569453 5.913106 2.573033 1.609127 0.484675 0.243517 0.041520 0.003900 0.003862 0.000296 0.000002 0.000001 0.000000 0.000000 
0.000000 0.000000 0.000000 0.000000 0.000000 0.000000 0.000004 0.000067 0.000089 0.000217 0.018658 0.020096 0.036334 9.005484 3.436215 5.892557 15.625220 18.748581 51.309875 33.966492 11.526167 26.668470 50.595783 32.582905 28.274284 17.771452 10.335471 6.050653 5.915548 0.287295 0.072504 0.071996 0.004939 0.000302 0.000296 0.000002 0.000000 0.000000 0.000000 0.000000 
0.000000 0.000000 0.000000 0.000000 0.000000 0.000000 0.000001 0.000005 0.000016 0.000151 0.001773 0.002178 0.003410 1.439774 2.342446 2.350844 8.882299 10.164455 53.742870 6.510097 5.457265 5.974444 50.971462 23.788578 21.759396 10.245821 10.234677 1.983442 0.009500 0.003018 0.003520 0.003328 0.000030 0.000023 0.000021 0.000001 0.000000 0.000000 0.000000 0.000000 
0.000000 0.000000 0.000000 0.000000 0.000000 0.000000 0.000000 0.000000 0.000002 0.000021 0.000150 0.000221 0.000597 0.003596 0.265257 0.418553 1.616755 1.650101 23.119394 5.393099 5.373753 5.363713 2.175587 18.221260 12.711710 3.835173 1.660835 0.021339 0.002707 0.000548 0.000335 0.000280 0.000022 0.000003 0.000002 0.000000 0.000000 0.000000 0.000000 0.000000 
0.000000 0.000000 0.000000 0.000000 0.000000 0.000000 0.000000 0.000000 0.000000 0.000002 0.000012 0.000028 0.000191 0.002174 0.026030 0.057319 0.239461 0.591315 6.513932 2.455179 2.192686 1.823800 1.043351 9.732562 0.531337 0.515784 0.208482 0.018442 0.002371 0.000518 0.000064 0.000024 0.000003 0.000000 0.000002 0.000000 0.000000 0.000000 0.000000 0.000000 
0.000000 0.000000 0.000000 0.000000 0.000000 0.000000 0.000000 0.000002 0.000002 0.000002 0.000001 0.000004 0.000032 0.000323 0.002667 0.010585 0.069633 0.408274 6.483938 2.368860 2.154125 0.645696 0.256411 0.039306 0.393453 0.478909 0.191664 0.018254 0.013942 0.000698 0.000009 0.000002 0.000000 0.000000 0.000000 0.000000 0.000000 0.000000 0.000000 0.000000 
0.000000 0.000000 0.000000 0.000000 0.000000 0.000000 0.000000 0.000000 0.000000 0.000000 0.000000 0.000000 0.000004 0.000037 0.000270 0.001346 0.007129 0.009822 0.107229 0.230203 0.078590 0.040556 0.038087 0.030630 0.038007 0.040354 0.032548 0.000742 0.000148 0.000007 0.000000 0.000000 0.000000 0.000000 0.000000 0.000000 0.000000 0.000000 0.000000 0.000000 
0.000000 0.000000 0.000000 0.000000 0.000000 0.000000 0.000000 0.000000 0.000000 0.000000 0.000000 0.000000 0.000000 0.000004 0.000026 0.000143 0.000685 0.001044 0.000855 0.004667 0.000655 0.004554 0.004486 0.003728 0.003197 0.000605 0.000367 0.000012 0.000005 0.000000 0.000000 0.000000 0.000000 0.000000 0.000000 0.000000 0.000000 0.000000 0.000000 0.000000 
0.000000 0.000000 0.000000 0.000000 0.000000 0.000000 0.000000 0.000000 0.000000 0.000000 0.000000 0.000000 0.000000 0.000000 0.000005 0.000048 0.000566 0.000141 0.000173 0.000584 0.000168 0.000449 0.000457 0.000543 0.002758 0.000239 0.000045 0.000004 0.000001 0.000000 0.000000 0.000000 0.000000 0.000000 0.000000 0.000000 0.000000 0.000000 0.000000 0.000000 
0.000000 0.000000 0.000000 0.000000 0.000000 0.000000 0.000000 0.000000 0.000000 0.000000 0.000000 0.000000 0.000000 0.000000 0.000001 0.000009 0.000466 0.000031 0.000025 0.000067 0.000025 0.000043 0.000046 0.000079 0.002367 0.000042 0.000006 0.000001 0.000000 0.000000 0.000000 0.000000 0.000000 0.000000 0.000000 0.000000 0.000000 0.000000 0.000000 0.000000 
