326.797821 326.797821 326.797821 326.797821 326.797821 326.797821 326.797821 326.797821 326.797821 326.797821 326.797821 326.797821 326.797821 326.797821 326.797821 326.797821 326.797821 326.797821 326.797821 326.797821 326.797821 326.797821 326.797821 326.797821 326.797821 326.797821 326.797821 326.797821 326.797821 326.797821 326.797821 326.797821 326.797821 326.797821 326.797821 326.797821 326.797821 326.797821 326.797821 326.797821 
326.797821 326.797821 326.797821 326.797821 326.797821 326.797821 326.797821 326.797821 326.797821 326.797821 326.797821 326.797821 326.797821 326.797821 326.797821 326.797821 326.797821 326.797821 326.797821 326.797821 326.797821 326.797821 326.797821 326.797821 326.797821 326.797821 326.797821 326.797821 326.797821 326.797821 326.797821 326.797821 326.797821 326.797821 326.797821 326.797821 326.797821 326.797821 326.797821 326.797821 
326.797821 326.797821 326.797821 326.797821 326.797821 326.797821 326.797821 326.797821 326.797821 326.797821 326.797821 326.797821 326.797821 326.797821 326.797821 326.797821 326.797821 326.797821 326.797821 326.797821 326.797821 326.797821 326.797821 326.797821 326.797821 326.797821 326.797821 326.797821 326.797821 326.797821 326.797821 326.797821 326.797821 326.797821 326.797821 326.797821 326.797821 326.797821 326.797821 326.797821 
326.797821 326.797821 326.797821 326.797821 326.797821 326.797821 326.797821 326.797821 326.797821 326.797821 326.797821 326.797821 326.797821 326.797821 326.797821 326.797821 326.797821 326.797821 326.797821 326.797821 326.797821 326.797821 326.797821 326.797821 326.797821 326.797821 326.797821 326.797821 326.797821 326.797821 326.797821 326.797821 326.797821 326.797821 326.797821 326.797821 326.797821 326.797821 326.797821 326.797821 
326.797821 326.797821 326.797821 326.797821 326.797821 326.797821 326.797821 326.797821 326.797821 326.797821 326.797821 326.797821 326.797821 326.797821 326.797821 326.797821 326.797821 326.797821 326.797821 326.797821 326.797821 326.797821 326.797821 326.797821 326.797821 326.797821 326.797821 326.797821 326.797821 326.797821 326.797821 326.797821 326.797821 326.797821 326.797821 326.797821 326.797821 326.797821 326.797821 326.797821 
326.797821 326.797821 326.797821 326.797821 326.797821 326.797821 326.797821 326.797821 326.797821 326.797821 326.797821 326.797821 326.797821 326.797821 326.797821 326.797821 326.797821 326.797821 326.797821 326.797821 326.797821 326.797821 326.797821 326.797821 326.797821 326.797821 326.797821 326.797821 326.797821 326.797821 326.797821 326.797821 326.797821 326.797821 326.797821 326.797821 326.797821 326.797821 326.797821 326.797821 
326.797821 326.797821 326.797821 326.797821 326.797821 326.797821 326.797821 326.797821 326.797821 326.797821 326.797821 326.797821 326.797821 326.797821 326.797821 326.797821 326.797821 326.797821 326.797821 326.797821 326.797821 326.797821 326.797821 326.797821 326.797821 326.797821 326.797821 326.797821 326.797821 326.797821 326.797821 326.797821 326.797821 326.797821 326.797821 326.797821 326.797821 326.797821 326.797821 326.797821 
326.797821 326.797821 326.797821 326.797821 326.797821 326.797821 326.797821 326.797821 326.797821 326.797821 326.797821 326.797821 326.797821 326.797821 326.797821 326.797821 326.797821 326.797821 326.797821 326.797821 326.797821 326.797821 326.797821 326.797821 326.797821 326.797821 326.797821 326.797821 326.797821 326.797821 326.797821 326.797821 326.797821 326.797821 326.797821 326.797821 326.797821 326.797821 326.797821 326.797821 
326.797821 326.797821 326.797821 326.797821 326.797821 326.797821 326.797821 326.797821 326.797821 326.797821 326.797821 326.797821 326.797821 326.797821 326.797821 326.797821 326.797821 326.797821 326.797821 326.797821 326.797821 326.797821 326.797821 326.797821 326.797821 326.797821 326.797821 326.797821 326.797821 326.797821 326.797821 326.797821 326.797821 326.797821 326.797821 326.797821 326.797821 326.797821 326.797821 326.797821 
326.797821 326.797821 326.797821 326.797821 326.797821 326.797821 326.797821 326.797821 326.797821 326.797821 326.797821 326.797821 326.797821 326.797821 326.797821 326.797821 326.797821 326.797821 326.797821 326.797821 326.797821 326.797821 326.797821 326.797821 326.797821 326.797821 326.797821 326.797821 326.797821 326.797821 326.797821 326.797821 326.797821 326.797821 326.797821 326.797821 326.797821 326.797821 326.797821 326.797821 
326.797821 326.797821 326.797821 326.797821 326.797821 326.797821 326.797821 326.797821 326.797821 326.797821 326.797821 326.797821 326.797821 326.797821 326.797821 326.797821 326.797821 326.797821 326.797821 326.797821 326.797821 326.797821 326.797821 326.797821 326.797821 326.797821 326.797821 326.797821 326.797821 326.797821 326.797821 326.797821 326.797821 326.797821 326.797821 326.797821 326.797821 326.797821 326.797821 326.797821 
326.797821 326.797821 326.797821 326.797821 326.797821 326.797821 326.797821 326.797821 326.797821 326.797821 326.797821 326.797821 326.797821 326.797821 326.797821 326.797821 326.797821 326.797821 326.797821 326.797821 326.797821 326.797821 326.797821 326.797821 326.797821 326.797821 326.797821 326.797821 326.797821 326.797821 326.797821 326.797821 326.797821 326.797821 326.797821 326.797821 326.797821 326.797821 326.797821 326.797821 
326.797821 326.797821 326.797821 326.797821 326.797821 326.797821 326.797821 326.797821 326.797821 326.797821 326.797821 326.797821 326.797821 326.797821 326.797821 326.797821 326.797821 326.797821 326.797821 326.797821 326.797821 326.797821 326.797821 326.797821 326.797821 326.797821 326.797821 326.797821 326.797821 326.797821 326.797821 326.797821 326.797821 326.797821 326.797821 326.797821 326.797821 326.797821 326.797821 326.797821 
326.797821 326.797821 326.797821 326.797821 326.797821 326.797821 326.797821 326.797821 326.797821 326.797821 326.797821 326.797821 326.797821 326.797821 326.797821 326.797821 326.797821 326.797821 326.797821 326.797821 326.797821 326.797821 326.797821 326.797821 326.797821 326.797821 326.797821 326.797821 326.797821 326.797821 326.797821 326.797821 326.797821 326.797821 326.797821 326.797821 326.797821 326.797821 326.797821 326.797821 
326.797821 326.797821 326.797821 326.797821 326.797821 326.797821 326.797821 326.797821 326.797821 326.797821 326.797821 326.797821 326.797821 326.797821 326.797821 326.797821 326.797821 326.797821 326.797821 326.797821 326.797821 326.797821 326.797821 326.797821 326.797821 326.797821 326.797821 326.797821 326.797821 326.797821 326.797821 326.797821 326.797821 326.797821 326.797821 326.797821 326.797821 326.797821 326.797821 326.797821 
326.797821 326.797821 326.797821 326.797821 326.797821 326.797821 326.797821 326.797821 326.797821 326.797821 326.797821 326.797821 326.797821 326.797821 326.797821 326.797821 326.797821 326.797821 326.797821 326.797821 326.797821 326.797821 326.797821 326.797821 326.797821 326.797821 326.797821 326.797821 326.797821 326.797821 326.797821 326.797821 326.797821 326.797821 326.797821 326.797821 326.797821 326.797821 326.797821 326.797821 
326.797821 326.797821 326.797821 326.797821 326.797821 326.797821 326.797821 326.797821 326.797821 326.797821 326.797821 326.797821 326.797821 326.797821 326.797821 326.797821 326.797821 326.797821 326.797821 326.797821 326.797821 326.797821 326.797821 326.797821 326.797821 326.797821 326.797821 326.797821 326.797821 326.797821 326.797821 326.797821 326.797821 326.797821 326.797821 326.797821 326.797821 326.797821 326.797821 326.797821 
326.797821 326.797821 326.797821 326.797821 326.797821 326.797821 326.797821 326.797821 326.797821 326.797821 326.797821 326.797821 326.797821 326.797821 326.797821 326.797821 326.797821 326.797821 326.797821 326.797821 326.797821 326.797821 326.797821 326.797821 326.797821 326.797821 326.797821 326.797821 326.797821 326.797821 326.797821 326.797821 326.797821 326.797821 326.797821 326.797821 326.797821 326.797821 326.797821 326.797821 
326.797821 326.797821 326.797821 326.797821 326.797821 326.797821 326.797821 326.797821 326.797821 326.797821 326.797821 326.797821 326.797821 326.797821 326.797821 326.797821 326.797821 326.797821 326.797821 326.797821 326.797821 326.797821 326.797821 326.797821 326.797821 326.797821 326.797821 326.797821 326.797821 326.797821 326.797821 326.797821 326.797821 326.797821 326.797821 326.797821 326.797821 326.797821 326.797821 326.797821 
326.797821 326.797821 326.797821 326.797821 326.797821 326.797821 326.797821 326.797821 326.797821 326.797821 326.797821 326.797821 326.797821 326.797821 326.797821 326.797821 326.797821 326.797821 326.797821 326.797821 326.797821 326.797821 326.797821 326.797821 326.797821 326.797821 326.797821 326.797821 326.797821 326.797821 326.797821 326.797821 326.797821 326.797821 326.797821 326.797821 326.797821 326.797821 326.797821 326.797821 
326.797821 326.797821 326.797821 326.797821 326.797821 326.797821 326.797821 326.797821 326.797821 326.797821 326.797821 326.797821 326.797821 326.797821 326.797821 326.797821 326.797821 326.797821 326.797821 326.797821 326.797821 326.797821 326.797821 326.797821 326.797821 326.797821 326.797821 326.797821 326.797821 326.797821 326.797821 326.797821 326.797821 326.797821 326.797821 326.797821 326.797821 326.797821 326.797821 326.797821 
326.797821 326.797821 326.797821 326.797821 326.797821 326.797821 326.797821 326.797821 326.797821 326.797821 326.797821 326.797821 326.797821 326.797821 326.797821 326.797821 326.797821 326.797821 326.797821 326.797821 326.797821 326.797821 326.797821 326.797821 326.797821 326.797821 326.797821 326.797821 326.797821 326.797821 326.797821 326.797821 326.797821 326.797821 326.797821 326.797821 326.797821 326.797821 326.797821 326.797821 
326.797821 326.797821 326.797821 326.797821 326.797821 326.797821 326.797821 326.797821 326.797821 326.797821 326.797821 326.797821 326.797821 326.797821 326.797821 326.797821 326.797821 326.797821 326.797821 326.797821 326.797821 326.797821 326.797821 326.797821 326.797821 326.797821 326.797821 326.797821 326.797821 326.797821 326.797821 326.797821 326.797821 326.797821 326.797821 326.797821 326.797821 326.797821 326.797821 326.797821 
326.797821 326.797821 326.797821 326.797821 326.797821 326.797821 326.797821 326.797821 326.797821 326.797821 326.797821 326.797821 326.797821 326.797821 326.797821 326.797821 326.797821 326.797821 326.797821 326.797821 326.797821 326.797821 326.797821 326.797821 326.797821 326.797821 326.797821 326.797821 326.797821 326.797821 326.797821 326.797821 326.797821 326.797821 326.797821 326.797821 326.797821 326.797821 326.797821 326.797821 
326.797821 326.797821 326.797821 326.797821 326.797821 326.797821 326.797821 326.797821 326.797821 326.797821 326.797821 326.797821 326.797821 326.797821 326.797821 326.797821 326.797821 326.797821 326.797821 326.797821 326.797821 326.797821 326.797821 326.797821 326.797821 326.797821 326.797821 326.797821 326.797821 326.797821 326.797821 326.797821 326.797821 326.797821 326.797821 326.797821 326.797821 326.797821 326.797821 326.797821 
326.797821 326.797821 326.797821 326.797821 326.797821 326.797821 326.797821 326.797821 326.797821 326.797821 326.797821 326.797821 326.797821 326.797821 326.797821 326.797821 326.797821 326.797821 326.797821 326.797821 326.797821 326.797821 326.797821 326.797821 326.797821 326.797821 326.797821 326.797821 326.797821 326.797821 326.797821 326.797821 326.797821 326.797821 326.797821 326.797821 326.797821 326.797821 326.797821 326.797821 
326.797821 326.797821 326.797821 326.797821 326.797821 326.797821 326.797821 326.797821 326.797821 326.797821 326.797821 326.797821 326.797821 326.797821 326.797821 326.797821 326.797821 326.797821 326.797821 326.797821 326.797821 326.797821 326.797821 326.797821 326.797821 326.797821 326.797821 326.797821 326.797821 326.797821 326.797821 326.797821 326.797821 326.797821 326.797821 326.797821 326.797821 326.797821 326.797821 326.797821 
326.797821 326.797821 326.797821 326.797821 326.797821 326.797821 326.797821 326.797821 326.797821 326.797821 326.797821 326.797821 326.797821 326.797821 326.797821 326.797821 326.797821 326.797821 326.797821 326.797821 326.797821 326.797821 326.797821 326.797821 326.797821 326.797821 326.797821 326.797821 326.797821 326.797821 326.797821 326.797821 326.797821 326.797821 326.797821 326.797821 326.797821 326.797821 326.797821 326.797821 
326.797821 326.797821 326.797821 326.797821 326.797821 326.797821 326.797821 326.797821 326.797821 326.797821 326.797821 326.797821 326.797821 326.797821 326.797821 326.797821 326.797821 326.797821 326.797821 326.797821 326.797821 326.797821 326.797821 326.797821 326.797821 326.797821 326.797821 326.797821 326.797821 326.797821 326.797821 326.797821 326.797821 326.797821 326.797821 326.797821 326.797821 326.797821 326.797821 326.797821 
326.797821 326.797821 326.797821 326.797821 326.797821 326.797821 326.797821 326.797821 326.797821 326.797821 326.797821 326.797821 326.797821 326.797821 326.797821 326.797821 326.797821 326.797821 326.797821 326.797821 326.797821 326.797821 326.797821 326.797821 326.797821 326.797821 326.797821 326.797821 326.797821 326.797821 326.797821 326.797821 326.797821 326.797821 326.797821 326.797821 326.797821 326.797821 326.797821 326.797821 
326.797821 326.797821 326.797821 326.797821 326.797821 326.797821 326.797821 326.797821 326.797821 326.797821 326.797821 326.797821 326.797821 326.797821 326.797821 326.797821 326.797821 326.797821 326.797821 326.797821 326.797821 326.797821 326.797821 326.797821 326.797821 326.797821 326.797821 326.797821 326.797821 326.797821 326.797821 326.797821 326.797821 326.797821 326.797821 326.797821 326.797821 326.797821 326.797821 326.797821 
326.797821 326.797821 326.797821 326.797821 326.797821 326.797821 326.797821 326.797821 326.797821 326.797821 326.797821 326.797821 326.797821 326.797821 326.797821 326.797821 326.797821 326.797821 326.797821 326.797821 326.797821 326.797821 326.797821 326.797821 326.797821 326.797821 326.797821 326.797821 326.797821 326.797821 326.797821 326.797821 326.797821 326.797821 326.797821 326.797821 326.797821 326.797821 326.797821 326.797821 
326.797821 326.797821 326.797821 326.797821 326.797821 326.797821 326.797821 326.797821 326.797821 326.797821 326.797821 326.797821 326.797821 326.797821 326.797821 326.797821 326.797821 326.797821 326.797821 326.797821 326.797821 326.797821 326.797821 326.797821 326.797821 326.797821 326.797821 326.797821 326.797821 326.797821 326.797821 326.797821 326.797821 326.797821 326.797821 326.797821 326.797821 326.797821 326.797821 326.797821 
326.797821 326.797821 326.797821 326.797821 326.797821 326.797821 326.797821 326.797821 326.797821 326.797821 326.797821 326.797821 326.797821 326.797821 326.797821 326.797821 326.797821 326.797821 326.797821 326.797821 326.797821 326.797821 326.797821 326.797821 326.797821 326.797821 326.797821 326.797821 326.797821 326.797821 326.797821 326.797821 326.797821 326.797821 326.797821 326.797821 326.797821 326.797821 326.797821 326.797821 
326.797821 326.797821 326.797821 326.797821 326.797821 326.797821 326.797821 326.797821 326.797821 326.797821 326.797821 326.797821 326.797821 326.797821 326.797821 326.797821 326.797821 326.797821 326.797821 326.797821 326.797821 326.797821 326.797821 326.797821 326.797821 326.797821 326.797821 326.797821 326.797821 326.797821 326.797821 326.797821 326.797821 326.797821 326.797821 326.797821 326.797821 326.797821 326.797821 326.797821 
326.797821 326.797821 326.797821 326.797821 326.797821 326.797821 326.797821 326.797821 326.797821 326.797821 326.797821 326.797821 326.797821 326.797821 326.797821 326.797821 326.797821 326.797821 326.797821 326.797821 326.797821 326.797821 326.797821 326.797821 326.797821 326.797821 326.797821 326.797821 326.797821 326.797821 326.797821 326.797821 326.797821 326.797821 326.797821 326.797821 326.797821 326.797821 326.797821 326.797821 
326.797821 326.797821 326.797821 326.797821 326.797821 326.797821 326.797821 326.797821 326.797821 326.797821 326.797821 326.797821 326.797821 326.797821 326.797821 326.797821 326.797821 326.797821 326.797821 326.797821 326.797821 326.797821 326.797821 326.797821 326.797821 326.797821 326.797821 326.797821 326.797821 326.797821 326.797821 326.797821 326.797821 326.797821 326.797821 326.797821 326.797821 326.797821 326.797821 326.797821 
326.797821 326.797821 326.797821 326.797821 326.797821 326.797821 326.797821 326.797821 326.797821 326.797821 326.797821 326.797821 326.797821 326.797821 326.797821 326.797821 326.797821 326.797821 326.797821 326.797821 326.797821 326.797821 326.797821 326.797821 326.797821 326.797821 326.797821 326.797821 326.797821 326.797821 326.797821 326.797821 326.797821 326.797821 326.797821 326.797821 326.797821 326.797821 326.797821 326.797821 
326.797821 326.797821 326.797821 326.797821 326.797821 326.797821 326.797821 326.797821 326.797821 326.797821 326.797821 326.797821 326.797821 326.797821 326.797821 326.797821 326.797821 326.797821 326.797821 326.797821 326.797821 326.797821 326.797821 326.797821 326.797821 326.797821 326.797821 326.797821 326.797821 326.797821 326.797821 326.797821 326.797821 326.797821 326.797821 326.797821 326.797821 326.797821 326.797821 326.797821 
326.797821 326.797821 326.797821 326.797821 326.797821 326.797821 326.797821 326.797821 326.797821 326.797821 326.797821 326.797821 326.797821 326.797821 326.797821 326.797821 326.797821 326.797821 326.797821 326.797821 326.797821 326.797821 326.797821 326.797821 326.797821 326.797821 326.797821 326.797821 326.797821 326.797821 326.797821 326.797821 326.797821 326.797821 326.797821 326.797821 326.797821 326.797821 326.797821 326.797821 
