0.000000 0.000000 0.000000 0.000000 0.000000 0.000000 0.000000 0.000000 0.000000 0.000000 0.000000 0.000000 0.000000 0.000000 0.000000 0.000000 0.000001 0.000000 0.000000 0.000000 0.000000 0.000000 0.000000 0.000000 0.000000 0.000000 0.000000 0.000000 0.000000 0.000000 0.000000 0.000000 0.000000 0.000000 0.000000 0.000000 0.000000 0.000000 0.000000 0.000000 
0.000000 0.000000 0.000000 0.000000 0.000000 0.000000 0.000000 0.000000 0.000000 0.000000 0.000000 0.000000 0.000000 0.000000 0.000000 0.000000 0.000014 0.000001 0.000001 0.000006 0.000000 0.000000 0.000000 0.000000 0.000000 0.000000 0.000000 0.000000 0.000000 0.000000 0.000000 0.000000 0.000000 0.000000 0.000000 0.000000 0.000000 0.000000 0.000000 0.000000 
0.000000 0.000000 0.000000 0.000000 0.000000 0.000000 0.000000 0.000000 0.000000 0.000000 0.000000 0.000000 0.000000 0.000000 0.000000 0.000001 0.000022 0.000015 0.000027 0.000180 0.000118 0.000000 0.000000 0.000000 0.000000 0.000000 0.000000 0.000000 0.000000 0.000000 0.000000 0.000000 0.000000 0.000000 0.000000 0.000000 0.000000 0.000000 0.000000 0.000000 
0.000000 0.000000 0.000000 0.000000 0.000000 0.000000 0.000000 0.000000 0.000000 0.000000 0.000000 0.000000 0.000000 0.000000 0.000001 0.000006 0.000022 0.000064 0.003972 0.000326 0.000257 0.000017 0.000002 0.000000 0.000001 0.000000 0.000000 0.000000 0.000000 0.000000 0.000000 0.000000 0.000000 0.000000 0.000000 0.000000 0.000000 0.000000 0.000000 0.000000 
0.000000 0.000000 0.000000 0.000000 0.000000 0.000000 0.000000 0.000000 0.000000 0.000000 0.000000 0.000000 0.000000 0.000002 0.000012 0.000088 0.000300 0.003100 0.189060 0.003073 0.000267 0.000033 0.000014 0.000004 0.000009 0.000008 0.000002 0.000001 0.000001 0.000001 0.000000 0.000000 0.000000 0.000000 0.000000 0.000000 0.000000 0.000000 0.000000 0.000000 
0.000000 0.000000 0.000000 0.000000 0.000000 0.000000 0.000000 0.000000 0.000000 0.000000 0.000000 0.000000 0.000005 0.000105 0.000124 0.001212 0.001494 0.004368 0.212726 0.003864 0.000679 0.000242 0.000181 0.000037 0.000125 0.000114 0.000019 0.000002 0.000001 0.000001 0.000000 0.000000 0.000000 0.000000 0.000000 0.000000 0.000000 0.000000 0.000000 0.000000 
0.000000 0.000000 0.000000 0.000000 0.000000 0.000000 0.000000 0.000000 0.000000 0.000000 0.000001 0.000016 0.000248 0.000545 0.003777 0.017045 0.017085 0.026737 0.247315 0.039309 0.005442 0.002665 0.002338 0.000213 0.001530 0.001405 0.000174 0.000014 0.000001 0.000001 0.000000 0.000000 0.000000 0.000000 0.000000 0.000000 0.000000 0.000000 0.000000 0.000000 
0.000000 0.000000 0.000000 0.000000 0.000000 0.000000 0.000000 0.000000 0.000000 0.000000 0.000001 0.000021 0.000300 0.003574 0.125388 0.181810 0.180526 0.050211 0.277787 0.254544 0.030067 0.027186 0.027479 0.203938 0.015575 0.014193 0.000828 0.000028 0.000007 0.000006 0.000000 0.000000 0.000000 0.000000 0.000000 0.000000 0.000000 0.000000 0.000000 0.000000 
0.000000 0.000000 0.000000 0.000000 0.000000 0.000000 0.000000 0.000000 0.000000 0.000000 0.000002 0.000022 0.000308 0.003653 0.127303 1.663936 1.675573 0.812654 2.091104 2.067003 0.034740 0.254097 0.424593 2.036875 1.785710 1.540963 0.042277 0.000720 0.000112 0.000110 0.000006 0.000000 0.000000 0.000000 0.000000 0.000000 0.000000 0.000000 0.000000 0.000000 
0.000000 0.000000 0.000000 0.000000 0.000000 0.000000 0.000000 0.000000 0.000000 0.000005 0.000005 0.000024 0.000200 0.001124 0.454563 13.571271 13.637465 58.817886 14.831034 14.729304 1.610376 1.979593 1.981844 2.072355 1.821018 0.167613 0.046728 0.005407 0.000902 0.000075 0.000006 0.000000 0.000000 0.000000 0.000000 0.000000 0.000000 0.000000 0.000000 0.000000 
0.000000 0.000000 0.000000 0.000000 0.000000 0.000000 0.000000 0.000000 0.000002 0.000005 0.000063 0.000125 0.000847 0.008480 0.077581 2.393285 13.274533 54.169781 44.519062 43.616169 71.051651 11.666641 10.550571 10.611109 21.279371 0.146651 0.048591 0.005518 0.001355 0.000080 0.000006 0.000001 0.000000 0.000000 0.000000 0.000000 0.000000 0.000000 0.000000 0.000000 
0.000000 0.000000 0.000000 0.000000 0.000000 0.000000 0.000000 0.000002 0.000002 0.000057 0.000956 0.001081 0.002546 0.016393 0.073138 0.082303 5.920558 58.134754 61.107052 62.147907 70.830078 21.177668 19.322952 14.613410 26.643644 13.644094 1.436632 0.008459 0.008262 0.002261 0.000018 0.000010 0.000001 0.000000 0.000000 0.000000 0.000000 0.000000 0.000000 0.000000 
0.000000 0.000000 0.000000 0.000000 0.000000 0.000000 0.000001 0.000032 0.000041 0.000751 0.001919 0.013410 0.017785 0.110888 0.518079 1.413554 1.779264 41.341160 72.030937 72.197838 68.237320 27.913464 26.965744 26.209902 26.415426 25.774738 13.037166 1.643185 0.052467 0.047793 0.001936 0.000140 0.000009 0.000001 0.000001 0.000000 0.000000 0.000000 0.000000 0.000000 
0.000000 0.000000 0.000000 0.000000 0.000000 0.000000 0.000003 0.000055 0.000073 0.000844 0.039057 0.109312 0.114589 0.653749 2.380381 3.556031 2.073053 70.470932 77.608498 77.703255 67.826248 38.899719 37.550331 29.064634 23.411608 14.864179 5.988268 3.365139 3.259540 0.210318 0.000521 0.000058 0.000005 0.000001 0.000001 0.000000 0.000000 0.000000 0.000000 0.000000 
0.000000 0.000000 0.000000 0.000000 0.000000 0.000000 0.000003 0.000016 0.000208 0.009085 0.066475 0.104995 0.680145 3.724229 10.136500 10.132920 8.504562 81.731476 82.394295 81.964615 58.217197 40.540886 38.709415 37.923302 26.239035 14.829040 6.292019 3.371969 0.750289 0.107785 0.015826 0.000095 0.000017 0.000017 0.000007 0.000000 0.000000 0.000000 0.000000 0.000000 
0.000000 0.000000 0.000000 0.000000 0.000000 0.000000 0.000004 0.000030 0.001552 0.060135 0.069647 0.529653 2.922198 11.401266 23.954746 24.028244 42.815910 49.928944 66.472443 76.267090 69.802139 56.746372 42.818676 44.142834 43.318260 23.903118 15.984900 11.046235 0.762689 0.108192 0.107476 0.029104 0.000156 0.000113 0.000108 0.000006 0.000000 0.000000 0.000000 0.000000 
0.000000 0.000000 0.000000 0.000000 0.000000 0.000001 0.000028 0.000278 0.031755 0.236903 0.282029 2.499141 7.435339 17.712378 31.958204 35.666786 44.402367 50.768124 58.901768 67.649918 80.382462 54.717464 47.609024 45.368633 44.100712 39.286877 28.540619 28.482080 10.551822 0.304757 0.289355 0.276812 0.022948 0.001640 0.000110 0.000007 0.000000 0.000000 0.000000 0.000000 
0.000000 0.000000 0.000000 0.000000 0.000000 0.000026 0.001331 0.027394 0.034511 0.045235 0.292484 8.642910 15.661670 24.205225 36.219349 42.660465 48.837139 55.156338 61.776440 67.603783 84.031334 54.431541 48.390030 47.435299 47.087353 43.470367 42.634403 41.260662 24.971895 9.913462 2.337850 0.278786 0.024819 0.001864 0.000124 0.000008 0.000000 0.000000 0.000000 0.000000 
0.000000 0.000000 0.000000 0.000002 0.000024 0.000453 0.004462 0.005757 0.005822 0.011492 6.293305 46.369331 45.912907 46.720856 51.523579 55.397205 61.681862 60.472595 65.449020 70.437767 80.348618 65.253777 63.297104 60.748337 62.098495 55.321106 49.203323 38.375885 25.019144 13.081347 4.969707 0.299229 0.026053 0.001990 0.000139 0.000009 0.000001 0.000000 0.000000 0.000000 
0.000000 0.000000 0.000000 0.000002 0.000025 0.000455 0.004903 0.005829 0.007383 0.225068 0.703218 7.664866 44.894508 48.018406 52.885689 57.665390 61.762547 64.682922 73.733009 76.789131 81.727448 70.980659 69.079559 66.186340 63.465919 58.269642 54.551399 37.582664 28.858023 21.481373 20.993860 0.689048 0.006062 0.001123 0.000128 0.000012 0.000001 0.000000 0.000000 0.000000 
0.000000 0.000000 0.000000 0.000000 0.000003 0.001146 0.036929 0.037519 0.555252 0.689985 0.694391 0.711839 1.482046 115.787079 113.596184 99.068489 89.708374 81.494514 87.684364 89.727028 97.529747 80.994362 78.283455 73.788803 67.008865 49.397587 43.955471 41.028957 28.093702 21.617552 21.135841 1.175497 0.028733 0.003870 0.000382 0.000031 0.000002 0.000002 0.000001 0.000000 
0.000000 0.000000 0.000000 0.000000 0.000003 0.000376 0.001722 0.003428 0.024525 0.369706 2.200919 10.202766 21.848986 31.661991 40.383972 48.116646 56.202667 67.800003 77.844833 85.055740 87.275269 95.240875 99.919411 86.739738 86.586296 82.252052 48.873310 45.901756 38.908031 20.006544 16.222803 0.311050 0.004170 0.001285 0.000169 0.000016 0.000001 0.000000 0.000000 0.000000 
0.000000 0.000000 0.000000 0.000000 0.000029 0.000379 0.000383 0.002018 0.023345 0.257275 2.102546 10.507062 21.878098 31.458759 39.960560 47.281059 55.217224 66.490898 74.892982 83.624840 85.683899 84.606308 92.828850 72.073708 74.584015 103.831772 48.877365 16.415133 7.863474 3.432787 0.360822 0.050752 0.012481 0.001745 0.000179 0.000015 0.000002 0.000000 0.000000 0.000000 
0.000000 0.000000 0.000000 0.000000 0.000003 0.000324 0.000656 0.000709 0.008409 0.094775 0.874388 5.533652 16.435917 25.562447 33.224117 40.032749 48.477203 65.196396 72.022408 80.318039 77.688164 75.979874 53.158688 50.717804 50.041904 41.496738 31.840834 29.607269 9.620020 0.191857 0.049716 0.046022 0.012489 0.001632 0.000163 0.000015 0.000014 0.000001 0.000000 0.000000 
0.000000 0.000000 0.000000 0.000000 0.000003 0.000202 0.000141 0.000167 0.001951 0.022546 0.222792 1.713516 8.033175 18.068537 26.687151 33.297508 44.644962 65.243462 70.182236 79.737625 69.414024 68.900787 50.003334 50.016857 49.375427 42.972576 33.304703 33.040062 2.935547 0.146215 0.076099 0.075805 0.013361 0.000143 0.000111 0.000015 0.000004 0.000001 0.000000 0.000000 
0.000000 0.000000 0.000000 0.000000 0.000000 0.000005 0.000132 0.000143 0.000371 0.004016 0.041378 0.354963 2.285897 8.909033 18.532686 25.169016 42.124298 63.342793 66.545799 58.359890 63.243477 62.358742 48.525799 49.251095 46.917576 44.867035 33.260376 27.618332 2.563200 0.682963 0.124900 0.103330 0.016693 0.001324 0.001308 0.000107 0.000000 0.000000 0.000000 0.000000 
0.000000 0.000000 0.000000 0.000000 0.000000 0.000000 0.000005 0.000124 0.000502 0.000607 0.006214 0.057028 0.431597 2.476233 9.120177 17.117271 41.346218 56.904789 66.320671 51.686852 58.599972 58.650970 40.077118 45.795647 43.363926 49.252529 46.296364 27.127468 2.541601 0.655509 0.112329 0.091687 0.016541 0.000520 0.000109 0.000001 0.000000 0.000000 0.000000 0.000000 
0.000000 0.000000 0.000000 0.000000 0.000000 0.000000 0.000002 0.000012 0.000067 0.000081 0.000868 0.008804 0.079147 0.614830 3.679964 9.339070 44.696594 50.057819 44.316265 48.461025 55.125858 28.916979 20.747587 37.958797 34.885815 35.129185 40.436676 5.181208 0.116168 0.104680 0.024593 0.024361 0.001122 0.000010 0.000007 0.000000 0.000000 0.000000 0.000000 0.000000 
0.000000 0.000000 0.000000 0.000000 0.000000 0.000000 0.000004 0.000005 0.000010 0.000012 0.000137 0.001531 0.015092 0.122694 0.775844 1.602068 51.815269 31.215517 30.394514 29.174208 54.455219 16.261803 17.538937 17.554743 23.884525 23.867804 12.482752 0.028309 0.016277 0.012812 0.003384 0.002322 0.000021 0.000002 0.000000 0.000000 0.000000 0.000000 0.000000 0.000000 
0.000000 0.000000 0.000000 0.000000 0.000000 0.000000 0.000003 0.000002 0.000007 0.000012 0.000124 0.001357 0.014770 0.018423 0.094441 0.140063 0.986507 10.884045 11.469355 11.632269 71.412048 13.627306 13.406417 1.767168 3.549895 3.530693 0.087970 0.010936 0.002847 0.001464 0.000386 0.000201 0.000015 0.000001 0.000000 0.000000 0.000000 0.000000 0.000000 0.000000 
0.000000 0.000000 0.000000 0.000000 0.000000 0.000000 0.000000 0.000000 0.000000 0.000008 0.000357 0.000367 0.008807 0.011417 0.011584 0.031948 0.099068 2.349902 4.332521 4.333491 0.738505 9.730994 9.611860 0.661952 0.621436 0.548198 0.060776 0.006308 0.002508 0.001352 0.000229 0.000094 0.000015 0.000001 0.000001 0.000000 0.000000 0.000000 0.000000 0.000000 
0.000000 0.000000 0.000000 0.000000 0.000000 0.000000 0.000000 0.000000 0.000000 0.000000 0.000008 0.000009 0.000039 0.011311 0.002192 0.006308 0.040927 0.338127 0.844565 0.839387 0.116335 4.019794 4.058504 0.613884 0.118996 0.060166 0.010144 0.006379 0.005756 0.000187 0.000025 0.000025 0.000001 0.000000 0.000000 0.000000 0.000000 0.000000 0.000000 0.000000 
0.000000 0.000000 0.000000 0.000000 0.000000 0.000000 0.000000 0.000000 0.000000 0.000000 0.000000 0.000001 0.000001 0.000895 0.001370 0.001383 0.012176 0.112646 0.837887 0.206522 0.028182 0.993523 4.048171 0.561415 0.058943 0.009235 0.009142 0.001010 0.000007 0.000002 0.000001 0.000001 0.000000 0.000000 0.000000 0.000000 0.000000 0.000000 0.000000 0.000000 
0.000000 0.000000 0.000000 0.000000 0.000000 0.000000 0.000000 0.000000 0.000000 0.000000 0.000000 0.000000 0.000000 0.000001 0.000094 0.000152 0.000984 0.001907 0.546960 0.021986 0.020982 0.022218 0.508538 0.294287 0.028966 0.002615 0.000725 0.000004 0.000001 0.000000 0.000000 0.000000 0.000000 0.000000 0.000000 0.000000 0.000000 0.000000 0.000000 0.000000 
0.000000 0.000000 0.000000 0.000000 0.000000 0.000000 0.000000 0.000000 0.000000 0.000000 0.000000 0.000000 0.000000 0.000000 0.000006 0.000014 0.000098 0.000520 0.010099 0.004691 0.004435 0.003991 0.002368 0.025107 0.000223 0.000179 0.000052 0.000003 0.000000 0.000000 0.000000 0.000000 0.000000 0.000000 0.000000 0.000000 0.000000 0.000000 0.000000 0.000000 
0.000000 0.000000 0.000000 0.000000 0.000000 0.000000 0.000000 0.000000 0.000000 0.000000 0.000000 0.000000 0.000000 0.000000 0.000000 0.000003 0.000032 0.000392 0.009444 0.004324 0.004294 0.000836 0.000299 0.000040 0.000136 0.000156 0.000045 0.000003 0.000002 0.000000 0.000000 0.000000 0.000000 0.000000 0.000000 0.000000 0.000000 0.000000 0.000000 0.000000 
0.000000 0.000000 0.000000 0.000000 0.000000 0.000000 0.000000 0.000000 0.000000 0.000000 0.000000 0.000000 0.000000 0.000000 0.000000 0.000000 0.000002 0.000005 0.000133 0.000288 0.000103 0.000029 0.000026 0.000018 0.000019 0.000018 0.000011 0.000000 0.000000 0.000000 0.000000 0.000000 0.000000 0.000000 0.000000 0.000000 0.000000 0.000000 0.000000 0.000000 
0.000000 0.000000 0.000000 0.000000 0.000000 0.000000 0.000000 0.000000 0.000000 0.000000 0.000000 0.000000 0.000000 0.000000 0.000000 0.000000 0.000000 0.000000 0.000001 0.000005 0.000001 0.000002 0.000002 0.000001 0.000001 0.000000 0.000000 0.000000 0.000000 0.000000 0.000000 0.000000 0.000000 0.000000 0.000000 0.000000 0.000000 0.000000 0.000000 0.000000 
0.000000 0.000000 0.000000 0.000000 0.000000 0.000000 0.000000 0.000000 0.000000 0.000000 0.000000 0.000000 0.000000 0.000000 0.000000 0.000000 0.000000 0.000000 0.000000 0.000000 0.000000 0.000000 0.000000 0.000000 0.000001 0.000000 0.000000 0.000000 0.000000 0.000000 0.000000 0.000000 0.000000 0.000000 0.000000 0.000000 0.000000 0.000000 0.000000 0.000000 
0.000000 0.000000 0.000000 0.000000 0.000000 0.000000 0.000000 0.000000 0.000000 0.000000 0.000000 0.000000 0.000000 0.000000 0.000000 0.000000 0.000000 0.000000 0.000000 0.000000 0.000000 0.000000 0.000000 0.000000 0.000001 0.000000 0.000000 0.000000 0.000000 0.000000 0.000000 0.000000 0.000000 0.000000 0.000000 0.000000 0.000000 0.000000 0.000000 0.000000 
