0.000017 0.000089 0.000519 0.020312 0.038694 0.045816 0.359001 2.733247 4.823900 11.711929 24.792234 34.744164 47.809341 57.706306 72.577339 77.314796 80.867065 89.910698 248.152374 194.085129 153.162811 119.517052 92.787544 73.798500 61.764885 51.926716 44.346600 36.910007 29.303942 20.160831 8.496508 4.160972 4.024822 1.609324 0.033176 0.008062 0.001303 0.000204 0.000093 0.000065 
0.000118 0.000491 0.000792 0.135713 0.072608 0.073052 0.365980 8.622863 13.470980 20.714870 30.861162 39.257076 50.802593 59.796093 74.437576 77.133148 82.953033 121.375954 178.111481 180.768433 148.128922 121.867714 89.243843 74.488655 63.128307 54.495335 47.872063 41.506428 35.034115 27.544235 13.927423 8.221910 6.027832 1.637962 0.195342 0.028417 0.003855 0.000757 0.000656 0.000566 
0.001029 0.005164 0.031730 0.154628 0.076838 0.079942 2.896068 22.875196 23.092346 28.552488 36.581570 44.207802 54.447559 62.822285 75.803841 82.025780 93.800102 100.850426 112.553757 205.989197 132.252563 106.200172 91.270592 73.194672 62.948082 54.675163 48.292774 41.851810 34.196594 24.331429 14.156250 8.455712 6.034109 1.634152 0.201806 0.034780 0.008031 0.003782 0.000744 0.000560 
0.007328 0.026849 0.142850 0.155972 0.182941 1.318177 73.936195 56.497494 47.145588 44.680450 47.709736 52.206665 60.316612 67.877274 78.950523 86.860283 96.948151 102.424561 112.635033 181.678604 141.430817 111.285675 90.941406 73.942619 64.636627 57.104614 51.609947 46.767445 32.250526 22.598740 17.129635 15.891330 6.813994 1.009781 0.796170 0.043441 0.036388 0.029478 0.003460 0.000636 
0.055343 0.143354 1.075842 1.122274 0.558350 18.157482 73.682846 58.476768 60.052433 59.810947 60.954926 63.554405 68.331924 73.370537 83.419991 92.130539 102.287392 107.428291 116.926697 184.398331 148.458694 116.025742 92.966698 77.015457 67.792000 60.411713 55.653339 51.734585 29.148218 22.057251 19.513813 73.017319 87.654053 66.529999 51.200592 0.253468 0.221252 0.209092 0.004450 0.002635 
0.371968 0.155035 4.638233 4.681504 4.703717 94.141121 95.205818 62.182117 69.407944 69.620293 71.202751 73.892906 76.325867 83.960609 87.579399 95.508751 106.244843 111.155769 120.356499 191.878128 159.584549 122.463737 96.793785 80.219353 71.074799 64.938614 60.995575 58.739918 57.884174 46.036304 79.241188 92.702370 88.812561 77.116409 76.086700 60.806332 11.361707 11.318875 0.766590 0.113867 
3.379510 6.696022 17.709539 17.652088 31.014193 88.980690 96.848694 91.060944 76.968971 77.109749 78.979156 81.808327 85.940735 89.305534 92.571106 107.758888 115.162926 118.652313 127.441650 200.010239 166.537186 124.543503 98.823654 83.897614 84.399643 77.778755 80.987427 99.585983 116.075401 107.214287 97.440117 86.916992 69.819206 53.537178 42.062336 22.138229 8.412305 2.075752 0.844662 0.343216 
5.277524 57.756329 45.629910 34.231342 35.256668 40.368748 89.587799 84.154388 87.214378 86.408562 87.716042 90.075134 94.496414 96.913269 108.176445 116.389542 125.878899 127.988731 135.953629 213.996567 187.774826 149.136475 134.649017 89.414848 90.783531 88.739235 103.676712 113.077133 116.216766 107.433159 97.401413 82.426765 63.451637 51.060951 39.468166 21.978468 8.545618 1.970235 0.848005 0.377775 
32.031651 58.927017 63.129601 72.938217 73.909439 55.225140 59.318630 63.049515 88.576775 92.024536 94.791061 97.679573 102.121811 105.652725 111.989426 120.567902 131.420715 134.801102 150.200760 224.797791 207.695190 184.185181 173.448868 123.507423 103.088158 104.080833 118.629730 122.165192 122.195290 119.155533 78.498276 66.086288 62.959938 47.443268 36.740986 23.461245 13.181222 4.372319 4.097524 3.781128 
12.852105 33.159279 42.729485 40.451916 45.426964 50.066616 58.510368 59.867561 64.473412 104.589005 104.287788 106.113800 110.378632 113.017746 116.828171 128.857300 141.823853 145.446136 169.310852 234.059677 225.994400 214.971481 209.576904 137.954102 127.357735 142.902054 124.065033 116.596169 102.606277 86.409195 76.493904 66.639114 58.942574 45.221996 35.879513 23.764011 15.724134 6.582219 2.602666 2.850242 
3.866275 13.453922 29.772865 32.341511 34.301083 37.180202 40.550697 49.822948 58.167736 66.970222 88.989174 106.472466 116.918419 120.755104 128.927460 144.369720 150.177185 156.447891 182.104752 248.385696 259.829590 241.769760 238.665024 157.002502 137.675095 135.521622 125.908142 113.673363 100.036598 87.195450 78.694534 69.931488 62.205360 53.051998 49.280590 18.856625 14.436458 13.842813 7.297208 3.077362 
3.455539 11.368829 29.498003 34.156628 37.100647 43.017395 46.663528 53.223209 57.178146 61.733723 77.783295 98.956169 120.556503 129.431854 139.487610 148.777603 160.705460 175.598694 203.051743 264.440247 273.182159 260.171448 250.452927 162.983795 148.648422 143.187775 129.915909 123.094193 130.593964 83.550140 77.636116 73.596092 62.506138 53.061996 43.041904 26.482695 25.756538 24.866592 17.340620 10.905804 
4.851600 13.513670 29.153063 35.992558 41.011570 44.977264 48.016956 54.431801 59.608917 65.580711 75.087982 91.743134 115.640930 135.766129 153.661591 165.498856 194.116547 205.157791 261.174988 284.438232 283.513824 274.386780 264.610168 176.092041 161.368469 153.610550 186.811859 107.767616 96.663055 91.109627 82.760620 76.878578 66.328415 58.733334 52.315186 36.875889 35.513554 34.993069 27.556797 23.057674 
7.379674 15.194522 29.127668 36.045818 41.721306 45.762363 49.719421 54.954212 61.771336 67.390091 74.249954 90.012123 113.224045 144.902481 172.127228 201.616272 214.752151 241.299591 275.837616 295.758331 296.068085 285.792908 273.117157 194.412003 171.852249 154.100784 133.018280 117.437729 104.714264 91.826691 83.703506 78.785561 67.467377 60.345886 53.776215 54.515373 46.880627 46.425900 41.679825 39.744892 
14.525527 14.832001 19.632772 44.978844 47.103588 49.704136 53.386890 57.947144 63.898296 70.633980 81.057533 95.894257 118.518875 148.315765 186.834808 211.695984 229.648743 278.891693 303.602234 309.959869 307.544922 297.195740 281.377319 212.809448 178.542068 155.556808 134.450363 118.824554 105.755569 94.577026 86.726944 81.519966 81.823784 79.238068 58.472645 56.531204 55.544373 54.762802 50.613548 49.198727 
21.907360 21.962145 22.570677 36.513477 45.442299 50.863964 55.665672 60.228165 66.236244 75.642784 86.646088 102.393509 126.279419 156.923355 194.012451 223.500717 247.837296 268.426025 290.649384 314.069153 315.699585 307.167847 265.306549 215.957245 183.391144 157.264542 137.497925 122.395683 111.384377 107.407127 100.397499 92.184227 92.809631 89.999596 78.365784 65.820763 65.786942 64.958855 61.666061 61.044289 
41.338337 41.282261 38.217453 48.412724 56.456532 55.775444 60.696514 63.883190 70.240196 79.616127 93.001755 112.014175 139.537949 172.423630 206.649597 233.943558 253.906525 271.201569 292.652405 314.963776 321.967224 312.011902 281.704376 239.030746 207.681747 173.489777 151.974182 141.054703 124.109001 124.470833 119.763130 107.707291 96.807884 90.288261 80.877769 73.891121 73.873016 71.878983 68.103790 66.080353 
58.341560 59.301170 72.858467 85.885628 90.171326 76.308037 74.313103 72.921249 78.367432 89.897804 98.609375 117.861725 146.523849 180.573517 213.191895 238.974716 257.565826 274.574707 297.417755 317.660278 324.662811 320.911133 307.196716 277.573517 240.290787 212.068375 187.879013 173.965179 152.241653 132.112411 122.131767 110.198090 100.845612 93.525597 85.558090 80.461044 79.847275 77.156357 73.507935 70.174263 
66.068748 67.513321 76.934868 86.921043 93.722511 101.601349 97.272270 100.833389 98.680260 103.036644 108.212112 155.411667 179.101929 206.780090 231.460922 250.271820 265.004181 282.790894 306.871735 321.626373 325.621735 325.391083 322.549164 309.921021 285.136688 240.140869 207.784790 181.247116 158.799545 141.258667 128.884933 117.481522 109.366341 101.346687 94.985229 90.906487 89.977081 86.720490 83.929817 78.117470 
88.567513 84.663521 90.914528 100.555435 123.185516 115.373672 110.249649 112.622375 108.807991 112.167160 134.209274 172.953323 200.870529 222.273148 241.459579 256.411499 270.740509 293.926727 317.860260 324.606903 326.266235 326.296570 325.063812 319.603882 297.951172 255.174576 216.965866 187.588074 164.659821 147.144577 134.043793 121.214394 112.792648 105.564560 99.552780 95.892952 94.687637 91.263260 88.723984 93.765320 
186.503403 185.374207 181.472122 188.219894 189.296066 182.387436 156.744278 153.866684 145.208252 135.216263 161.353745 186.676682 213.169312 264.776428 281.152649 297.413300 313.998138 317.883423 323.985046 325.927032 326.543457 326.563354 326.112366 324.725708 320.847565 307.964874 284.385468 251.294754 218.133148 190.298447 178.091949 157.343948 146.194656 140.748184 142.034286 153.372421 179.470383 193.042282 222.407959 241.077118 
184.711365 184.715302 186.005737 186.047195 189.115234 187.758331 176.779251 174.891357 183.822449 191.065048 190.056305 192.344101 193.317520 207.032196 227.445496 253.666763 280.924805 301.772552 316.014740 322.568695 325.593597 326.310608 325.190063 320.408386 307.926910 294.817078 286.737579 280.758911 275.556732 269.556732 264.720245 259.453766 255.139481 251.805023 248.648285 246.236740 244.272476 242.825363 241.965927 242.294128 
182.528625 182.626175 183.900055 184.003983 184.297455 229.257584 234.501083 203.796249 180.548935 168.286026 164.370667 165.886978 175.276108 189.214386 208.207428 233.151672 261.873779 286.929718 307.372314 318.449951 323.519775 325.579742 323.783539 317.552399 304.235626 293.331512 286.061554 280.674072 275.900299 270.753998 265.699036 260.825409 256.350983 252.464172 249.308731 246.664856 244.410187 242.850677 241.834518 241.714386 
183.416290 183.455780 184.586594 185.194092 189.412888 183.794830 161.830383 153.539276 146.091400 141.473328 142.027161 147.032043 155.783981 168.137589 184.877380 207.407654 235.905960 265.285370 289.868439 308.047668 316.649994 322.548248 319.378448 303.240967 289.801422 276.851044 266.939301 272.121338 275.212708 268.709595 264.215607 260.213837 254.169769 229.691574 252.056213 250.297501 216.485138 216.654556 240.909973 240.969162 
188.014481 187.955276 189.216934 189.719650 189.758743 176.858276 149.132248 139.483109 130.040527 126.352982 128.509918 134.466370 143.915695 156.206421 172.214539 193.565689 221.357483 253.498138 277.490204 295.332916 306.221680 315.500824 302.205444 277.390381 262.792236 242.198975 225.870621 213.899139 182.366943 149.411041 122.499954 100.242889 93.379326 97.576775 109.826706 179.877823 97.944893 91.684868 239.142624 240.597198 
180.907074 161.667007 178.442719 163.405991 146.758377 116.238632 102.298752 105.977394 108.167252 111.559456 117.017570 124.835793 135.226624 147.550049 163.247543 184.650558 213.403488 246.469971 268.573822 281.708496 295.549011 307.271698 280.330322 249.699539 238.459625 226.114243 209.175354 189.029358 173.076736 150.035187 108.634918 86.775444 76.358833 71.462311 68.902603 65.987633 82.476784 82.133263 185.519958 232.262451 
39.259460 40.527927 51.710094 75.148842 82.317787 83.500740 87.225800 94.127472 99.611778 103.912979 110.147644 118.850182 129.707642 141.896805 157.805893 180.932587 212.917099 246.408676 267.249298 275.485016 284.707733 298.356567 241.713715 219.795044 213.945343 214.221283 208.019424 183.758820 166.839096 151.932877 117.084335 87.057365 73.462936 66.541351 61.662395 54.304485 52.908119 53.059753 44.865570 21.367910 
38.062996 39.261868 51.047337 70.623672 75.919937 78.731819 83.339912 90.718437 93.195099 97.874580 104.974594 114.858383 126.080719 138.103470 155.266541 182.832214 219.098160 251.881104 264.162567 270.087708 278.840088 295.571045 212.597076 192.285843 190.901443 189.318405 194.346283 170.136658 162.669434 151.398880 124.027435 102.762260 70.068176 64.850792 61.182289 52.949299 48.237396 48.641941 34.524632 18.757847 
37.797173 39.356564 57.588936 69.937599 72.473503 69.247971 71.607307 83.147682 85.624260 91.801521 100.737366 112.384781 123.689819 135.627960 157.030365 192.505737 233.028244 254.376007 260.419525 265.116333 274.015930 286.111572 194.660034 176.602997 176.863434 176.219223 172.764893 170.037842 163.976227 146.577774 117.245651 85.755432 70.420433 66.754166 60.063553 49.801086 44.095551 44.130852 35.995979 18.461176 
28.961639 43.847466 54.706005 58.936192 63.224979 59.065197 63.998638 74.495857 77.793694 87.680382 99.858078 112.193665 122.790970 135.357712 173.065765 219.991745 242.748413 249.819244 254.505569 259.694977 269.897369 283.220978 171.641785 158.353775 163.455460 166.627563 168.644104 168.943924 162.364136 156.014038 131.357117 90.986496 68.471878 63.313828 62.573380 48.615879 38.470531 38.266750 24.036097 17.550484 
26.520121 43.714584 49.590137 45.604370 44.137665 48.969418 54.216400 68.506676 70.950203 77.027473 106.663437 111.805733 115.684898 194.864182 238.132660 237.919571 239.915207 241.949448 247.472168 253.924576 266.703613 277.810089 142.498978 135.739243 140.257599 152.290756 161.572372 162.899338 155.601929 155.748154 148.959061 118.805321 66.441650 58.420464 58.162888 41.383217 33.246746 32.555183 24.124868 17.273687 
16.224304 9.935379 20.985413 21.299242 27.041061 43.077148 49.545601 58.013542 67.391708 79.723526 88.396980 103.662025 109.410561 151.467163 224.402847 226.369217 230.083450 231.802872 239.560532 247.046387 259.119110 265.385468 129.203232 121.988640 121.020851 125.368965 136.954987 159.187027 143.297531 144.722931 149.068710 146.805862 66.617004 52.830898 51.441879 44.289719 61.673618 28.137255 24.051020 16.638277 
13.280992 1.978710 7.129988 11.577898 19.478380 33.346912 46.233555 57.516960 68.800041 79.448357 88.432716 104.239632 107.977882 146.898087 212.445160 214.977295 219.065613 221.273407 231.855438 240.603882 249.853897 238.402710 121.755119 113.955048 111.655930 110.936447 109.829376 119.416374 132.607803 132.050751 136.525955 125.706818 82.288406 53.207676 47.077179 43.354885 34.046806 21.566219 12.630546 5.568295 
1.706811 1.890220 2.045993 4.940083 10.727489 27.776329 43.887608 57.478592 69.323059 80.219826 91.151093 101.823296 122.709557 177.946960 197.038498 204.084702 208.858429 211.615997 213.599945 226.982590 237.226761 193.411224 109.120895 109.755867 104.401978 104.380440 102.278503 100.952225 120.406235 120.217171 122.256126 134.171417 81.185120 52.510300 41.834843 37.265228 32.536201 14.444658 5.321708 1.413738 
0.038785 0.234272 0.439290 1.674110 3.010924 21.632385 42.435410 57.480141 58.253147 72.596924 85.251915 101.548080 146.396042 179.607681 193.259552 196.451080 200.267487 204.917145 207.551544 214.439331 227.999222 110.693825 103.106270 98.561546 97.065361 96.390381 96.415695 97.168053 96.069031 100.528534 103.859467 125.606445 124.702072 55.984432 41.088963 32.859627 29.303150 9.088331 2.157826 0.384270 
0.006183 0.026340 0.067449 0.248594 0.269062 0.600859 1.577795 3.015695 4.436987 60.761715 61.554264 61.983826 152.165756 169.619324 183.349472 188.056213 193.743149 198.162384 204.411606 211.911118 231.383499 102.142303 96.396782 93.089127 92.095993 87.375969 84.248543 79.436577 77.653679 79.432503 85.830872 105.635780 134.971634 136.377060 20.421867 29.080315 29.255239 6.338527 1.306630 0.190637 
0.000743 0.002799 0.008768 0.031541 0.044674 0.178055 2.035119 2.971645 2.974357 2.145717 15.189977 18.910063 106.270226 144.797821 171.729355 179.463120 188.246216 194.499298 199.758881 207.301315 252.100708 100.231316 95.523857 91.886261 88.335121 85.636581 82.951111 76.430145 73.418144 68.408310 70.663048 88.635475 105.600777 112.899925 0.288773 0.317551 5.100475 0.169577 0.161207 0.165861 
0.000079 0.000304 0.001250 0.006115 0.028791 0.159398 1.788800 2.955867 2.959375 0.754999 0.812711 10.692556 72.315353 107.951309 151.142471 164.066605 176.452881 188.629868 195.755280 203.958969 230.143539 97.893669 93.287949 90.139061 87.243835 84.811920 81.990097 75.954498 74.219383 66.437515 67.302467 88.106583 75.062920 0.893047 0.169902 0.169126 0.010517 0.017850 0.017756 0.017644 
0.000008 0.000038 0.000220 0.001507 0.010601 0.072440 0.413711 0.706323 0.795905 0.749734 0.752804 1.548047 56.644726 68.468239 119.888603 139.846344 160.179611 179.139267 190.839844 202.188538 208.556076 97.384453 92.667450 89.137024 85.488571 81.882736 79.041603 71.806183 66.862846 59.701431 59.554707 33.275223 0.564699 0.269657 0.083406 0.039137 0.006072 0.002128 0.001584 0.000331 
0.000001 0.000006 0.000044 0.000342 0.002454 0.015213 0.068981 0.131015 0.260438 0.932905 1.162219 1.836225 10.445962 29.977470 85.408318 107.937584 130.907928 164.689240 185.402969 215.141724 229.165939 94.948402 87.647415 83.051247 77.640266 73.756683 71.551758 63.140434 57.071209 46.763290 46.203461 31.823347 1.050097 0.269489 0.044996 0.009580 0.001574 0.000324 0.000151 0.000040 
