0.000000 0.000000 0.000000 0.000000 0.000000 0.000000 0.000000 0.000000 0.000000 0.000000 0.000000 0.000000 0.000000 0.000000 0.000000 0.000000 0.000000 0.000000 0.000000 0.000000 0.000000 0.000000 0.000000 0.000000 0.000000 0.000000 0.000000 0.000000 0.000000 0.000000 0.000000 0.000000 0.000000 0.000000 0.000000 0.000000 0.000000 0.000000 0.000000 0.000000 
0.000000 0.000000 0.000000 0.000000 0.000000 0.000000 0.000000 0.000000 0.000000 0.000000 0.000000 0.000000 0.000000 0.000000 0.000000 0.000000 0.000000 0.000000 0.000000 0.000000 0.000000 0.000000 0.000000 0.000000 0.000000 0.000000 0.000000 0.000000 0.000000 0.000000 0.000000 0.000000 0.000000 0.000000 0.000000 0.000000 0.000000 0.000000 0.000000 0.000000 
0.000000 0.000000 0.000000 0.000000 0.000000 0.000000 0.000000 0.000000 0.000000 0.000000 0.000000 0.000000 0.000000 0.000000 0.000000 0.000000 0.000000 0.000000 0.000000 0.000000 0.000000 0.000000 0.000000 0.000000 0.000000 0.000000 0.000000 0.000000 0.000000 0.000000 0.000000 0.000000 0.000000 0.000000 0.000000 0.000000 0.000000 0.000000 0.000000 0.000000 
0.000000 0.000000 0.000000 0.000000 0.000000 0.000000 0.000000 0.000000 0.000000 0.000000 0.000000 0.000000 0.000000 0.000000 0.000000 0.000000 0.000000 0.000000 0.000006 0.000000 0.000000 0.000000 0.000000 0.000000 0.000000 0.000000 0.000000 0.000000 0.000000 0.000000 0.000000 0.000000 0.000000 0.000000 0.000000 0.000000 0.000000 0.000000 0.000000 0.000000 
0.000000 0.000000 0.000000 0.000000 0.000000 0.000000 0.000000 0.000000 0.000000 0.000000 0.000000 0.000000 0.000000 0.000000 0.000000 0.000000 0.000000 0.000005 0.000341 0.000005 0.000000 0.000000 0.000000 0.000000 0.000000 0.000000 0.000000 0.000000 0.000000 0.000000 0.000000 0.000000 0.000000 0.000000 0.000000 0.000000 0.000000 0.000000 0.000000 0.000000 
0.000000 0.000000 0.000000 0.000000 0.000000 0.000000 0.000000 0.000000 0.000000 0.000000 0.000000 0.000000 0.000000 0.000000 0.000000 0.000001 0.000001 0.000007 0.000418 0.000006 0.000001 0.000000 0.000000 0.000000 0.000000 0.000000 0.000000 0.000000 0.000000 0.000000 0.000000 0.000000 0.000000 0.000000 0.000000 0.000000 0.000000 0.000000 0.000000 0.000000 
0.000000 0.000000 0.000000 0.000000 0.000000 0.000000 0.000000 0.000000 0.000000 0.000000 0.000000 0.000000 0.000000 0.000001 0.000008 0.000025 0.000025 0.000058 0.000546 0.000057 0.000012 0.000005 0.000005 0.000001 0.000004 0.000003 0.000000 0.000000 0.000000 0.000000 0.000000 0.000000 0.000000 0.000000 0.000000 0.000000 0.000000 0.000000 0.000000 0.000000 
0.000000 0.000000 0.000000 0.000000 0.000000 0.000000 0.000000 0.000000 0.000000 0.000000 0.000000 0.000000 0.000000 0.000008 0.000302 0.000420 0.000433 0.000410 0.000681 0.000615 0.000114 0.000072 0.000073 0.000592 0.000058 0.000052 0.000002 0.000000 0.000000 0.000000 0.000000 0.000000 0.000000 0.000000 0.000000 0.000000 0.000000 0.000000 0.000000 0.000000 
0.000000 0.000000 0.000000 0.000000 0.000000 0.000000 0.000000 0.000000 0.000000 0.000000 0.000000 0.000000 0.000000 0.000008 0.000311 0.006705 0.006973 0.019639 0.010478 0.010144 0.000598 0.000903 0.001252 0.009330 0.007832 0.006163 0.000138 0.000002 0.000000 0.000000 0.000000 0.000000 0.000000 0.000000 0.000000 0.000000 0.000000 0.000000 0.000000 0.000000 
0.000000 0.000000 0.000000 0.000000 0.000000 0.000000 0.000000 0.000000 0.000000 0.000000 0.000000 0.000000 0.000000 0.000006 0.002867 0.100663 0.102898 1.310677 0.180622 0.179971 0.378263 0.010484 0.009413 0.009551 0.008102 0.001621 0.000196 0.000015 0.000002 0.000000 0.000000 0.000000 0.000000 0.000000 0.000000 0.000000 0.000000 0.000000 0.000000 0.000000 
0.000000 0.000000 0.000000 0.000000 0.000000 0.000000 0.000000 0.000000 0.000000 0.000000 0.000000 0.000000 0.000002 0.000023 0.000305 0.011060 0.103477 1.548719 0.837261 1.221074 4.321556 0.591620 0.100938 0.099261 0.177778 0.001758 0.000211 0.000015 0.000003 0.000000 0.000000 0.000000 0.000000 0.000000 0.000000 0.000000 0.000000 0.000000 0.000000 0.000000 
0.000000 0.000000 0.000000 0.000000 0.000000 0.000000 0.000000 0.000000 0.000000 0.000000 0.000001 0.000001 0.000004 0.000041 0.000284 0.000487 0.180052 1.685794 1.813062 2.197760 4.327568 0.812049 0.269996 0.086639 0.328137 0.173462 0.010736 0.000032 0.000031 0.000005 0.000000 0.000000 0.000000 0.000000 0.000000 0.000000 0.000000 0.000000 0.000000 0.000000 
0.000000 0.000000 0.000000 0.000000 0.000000 0.000000 0.000000 0.000000 0.000000 0.000001 0.000002 0.000020 0.000031 0.000329 0.002895 0.018981 0.075175 5.367735 11.321746 11.323625 4.319529 1.420661 1.361228 0.338422 0.335060 0.225464 0.101634 0.007001 0.000134 0.000112 0.000004 0.000000 0.000000 0.000000 0.000000 0.000000 0.000000 0.000000 0.000000 0.000000 
0.000000 0.000000 0.000000 0.000000 0.000000 0.000000 0.000000 0.000000 0.000000 0.000001 0.000048 0.000182 0.000196 0.001809 0.012085 0.038911 0.120822 44.097786 32.062683 31.715479 7.263012 5.998798 5.990232 1.369460 0.259500 0.148520 0.030829 0.015759 0.015024 0.000660 0.000002 0.000000 0.000000 0.000000 0.000000 0.000000 0.000000 0.000000 0.000000 0.000000 
0.000000 0.000000 0.000000 0.000000 0.000000 0.000000 0.000000 0.000000 0.000000 0.000009 0.000098 0.000162 0.001630 0.016489 0.113632 0.126333 8.269665 44.404640 44.186737 43.731598 60.366447 6.405226 5.989250 1.917441 0.558503 0.149550 0.035554 0.015903 0.002192 0.000239 0.000026 0.000000 0.000000 0.000000 0.000000 0.000000 0.000000 0.000000 0.000000 0.000000 
0.000000 0.000000 0.000000 0.000000 0.000000 0.000000 0.000000 0.000000 0.000002 0.000085 0.000106 0.001217 0.011336 0.128246 1.204495 7.135941 26.961000 46.916222 51.721115 52.058193 61.804363 47.731209 4.777638 1.149162 1.138717 0.535118 0.218212 0.156549 0.002511 0.000240 0.000238 0.000048 0.000000 0.000000 0.000000 0.000000 0.000000 0.000000 0.000000 0.000000 
0.000000 0.000000 0.000000 0.000000 0.000000 0.000000 0.000000 0.000000 0.000053 0.000484 0.000633 0.009374 0.042336 0.349170 2.285035 10.212729 26.994923 41.527733 54.246590 56.118580 62.762089 58.022106 15.420328 1.225113 1.150574 1.883026 1.435171 1.429833 0.246637 0.001009 0.000705 0.000661 0.000037 0.000002 0.000000 0.000000 0.000000 0.000000 0.000000 0.000000 
0.000000 0.000000 0.000000 0.000000 0.000000 0.000000 0.000002 0.000045 0.000060 0.000079 0.000775 0.095350 0.223506 1.526689 6.208714 17.338371 27.824364 39.935360 51.207790 57.898785 65.127747 64.859367 20.030714 11.555595 6.285581 7.028633 7.144174 2.241778 1.241541 0.118977 0.009890 0.000670 0.000039 0.000002 0.000000 0.000000 0.000000 0.000000 0.000000 0.000000 
0.000000 0.000000 0.000000 0.000000 0.000000 0.000001 0.000016 0.000022 0.000015 0.000086 0.080755 0.920932 0.926769 5.926806 13.225281 27.002556 37.251797 41.554104 51.850246 58.405567 65.060829 69.351822 77.110687 27.118347 26.795740 23.058750 16.548683 7.079268 1.246510 0.134095 0.023396 0.000776 0.000047 0.000003 0.000000 0.000000 0.000000 0.000000 0.000000 0.000000 
0.000000 0.000000 0.000000 0.000000 0.000000 0.000001 0.000019 0.000023 0.000030 0.001886 0.007542 0.171375 0.930787 8.977025 17.596817 30.087250 33.152409 39.225460 64.608986 65.517281 66.130249 69.785820 46.632565 37.892632 27.594498 23.966921 16.732616 7.830210 1.525110 0.188046 0.177068 0.003931 0.000030 0.000003 0.000000 0.000000 0.000000 0.000000 0.000000 0.000000 
0.000000 0.000000 0.000000 0.000000 0.000000 0.000007 0.000251 0.000256 0.005673 0.007313 0.007350 0.010954 3.522407 89.990295 89.691498 80.099228 67.662720 61.976566 66.400406 67.373878 72.169731 78.506050 77.996811 76.001022 75.522942 5.153924 4.400035 4.347720 2.301207 0.222810 0.190008 0.010472 0.000200 0.000015 0.000001 0.000000 0.000000 0.000000 0.000000 0.000000 
0.000000 0.000000 0.000000 0.000000 0.000000 0.000001 0.000009 0.000013 0.000059 0.001807 0.011588 0.126568 1.217835 10.405575 21.211073 31.025400 42.082874 54.219799 59.093143 62.617908 62.422806 66.250633 60.900208 49.757812 41.460732 29.052906 17.455107 11.983042 11.823828 3.811341 0.426204 0.006393 0.000055 0.000006 0.000000 0.000000 0.000000 0.000000 0.000000 0.000000 
0.000000 0.000000 0.000000 0.000000 0.000000 0.000001 0.000001 0.000004 0.000047 0.000727 0.009215 0.117273 1.214512 8.028809 17.467545 26.112648 38.083839 47.104576 50.770073 59.879967 61.383430 63.160851 62.537758 48.728561 41.612858 29.281273 18.379829 12.608501 12.182746 3.522715 0.056658 0.000853 0.000079 0.000006 0.000000 0.000000 0.000000 0.000000 0.000000 0.000000 
0.000000 0.000000 0.000000 0.000000 0.000000 0.000001 0.000001 0.000001 0.000012 0.000176 0.002425 0.030165 0.306645 2.230713 8.509974 17.934414 27.722012 43.665257 42.055222 54.689556 56.196941 55.842426 72.741081 28.338417 35.137043 43.648502 11.462420 11.679636 12.100869 0.314669 0.002856 0.000398 0.000078 0.000005 0.000000 0.000000 0.000000 0.000000 0.000000 0.000000 
0.000000 0.000000 0.000000 0.000000 0.000000 0.000000 0.000000 0.000000 0.000002 0.000029 0.000410 0.005072 0.052218 0.420615 2.403044 8.897610 17.090990 32.733967 31.538914 52.204472 48.641739 48.359367 16.666553 13.393848 13.369358 1.788707 0.560864 0.571016 1.461375 0.002572 0.000599 0.000590 0.000069 0.000000 0.000000 0.000000 0.000000 0.000000 0.000000 0.000000 
0.000000 0.000000 0.000000 0.000000 0.000000 0.000000 0.000000 0.000000 0.000000 0.000004 0.000054 0.000672 0.007175 0.063019 0.440266 2.324911 7.724566 13.704210 13.830186 7.732692 39.392689 39.675915 17.144653 13.028032 12.348621 0.971844 0.402415 0.532680 0.042572 0.006043 0.000633 0.000442 0.000035 0.000002 0.000002 0.000000 0.000000 0.000000 0.000000 0.000000 
0.000000 0.000000 0.000000 0.000000 0.000000 0.000000 0.000000 0.000000 0.000000 0.000000 0.000006 0.000076 0.000844 0.007996 0.062761 0.392459 1.757000 4.289579 5.551901 5.838437 27.916653 29.143459 17.773603 8.147099 4.510547 0.852367 0.595052 0.531528 0.040971 0.005704 0.000565 0.000385 0.000034 0.000001 0.000000 0.000000 0.000000 0.000000 0.000000 0.000000 
0.000000 0.000000 0.000000 0.000000 0.000000 0.000000 0.000000 0.000000 0.000000 0.000000 0.000001 0.000009 0.000116 0.001408 0.015974 0.168249 1.575450 0.928455 1.756077 5.771791 26.169149 23.249393 19.678745 8.138388 0.430645 0.312602 0.444739 0.081949 0.000748 0.000560 0.000081 0.000079 0.000003 0.000000 0.000000 0.000000 0.000000 0.000000 0.000000 0.000000 
0.000000 0.000000 0.000000 0.000000 0.000000 0.000000 0.000000 0.000000 0.000000 0.000000 0.000000 0.000001 0.000020 0.000265 0.003083 0.027345 1.373117 0.719830 0.793447 4.636370 26.317924 17.798731 17.066624 3.261891 0.384467 0.379129 0.143779 0.000244 0.000071 0.000044 0.000007 0.000005 0.000000 0.000000 0.000000 0.000000 0.000000 0.000000 0.000000 0.000000 
0.000000 0.000000 0.000000 0.000000 0.000000 0.000000 0.000000 0.000000 0.000000 0.000000 0.000000 0.000001 0.000020 0.000031 0.000268 0.001037 0.024454 0.105625 0.111818 0.278053 23.582682 3.927078 3.848635 0.125335 0.028376 0.027603 0.000442 0.000040 0.000009 0.000003 0.000001 0.000000 0.000000 0.000000 0.000000 0.000000 0.000000 0.000000 0.000000 0.000000 
0.000000 0.000000 0.000000 0.000000 0.000000 0.000000 0.000000 0.000000 0.000000 0.000000 0.000000 0.000000 0.000015 0.000024 0.000024 0.000123 0.000638 0.011039 0.041839 0.312999 15.101514 0.534940 0.288624 0.004209 0.002353 0.002018 0.000147 0.000012 0.000007 0.000003 0.000000 0.000000 0.000000 0.000000 0.000000 0.000000 0.000000 0.000000 0.000000 0.000000 
0.000000 0.000000 0.000000 0.000000 0.000000 0.000000 0.000000 0.000000 0.000000 0.000000 0.000000 0.000000 0.000000 0.000024 0.000003 0.000014 0.000100 0.000968 0.003999 0.007121 0.275153 0.027984 0.025111 0.001930 0.000252 0.000129 0.000015 0.000012 0.000010 0.000000 0.000000 0.000000 0.000000 0.000000 0.000000 0.000000 0.000000 0.000000 0.000000 0.000000 
0.000000 0.000000 0.000000 0.000000 0.000000 0.000000 0.000000 0.000000 0.000000 0.000000 0.000000 0.000000 0.000000 0.000001 0.000002 0.000002 0.000021 0.000298 0.003932 0.001024 0.001823 0.003575 0.024844 0.001675 0.000103 0.000012 0.000012 0.000001 0.000000 0.000000 0.000000 0.000000 0.000000 0.000000 0.000000 0.000000 0.000000 0.000000 0.000000 0.000000 
0.000000 0.000000 0.000000 0.000000 0.000000 0.000000 0.000000 0.000000 0.000000 0.000000 0.000000 0.000000 0.000000 0.000000 0.000000 0.000000 0.000001 0.000004 0.001748 0.000218 0.000217 0.000220 0.001586 0.000857 0.000050 0.000003 0.000001 0.000000 0.000000 0.000000 0.000000 0.000000 0.000000 0.000000 0.000000 0.000000 0.000000 0.000000 0.000000 0.000000 
0.000000 0.000000 0.000000 0.000000 0.000000 0.000000 0.000000 0.000000 0.000000 0.000000 0.000000 0.000000 0.000000 0.000000 0.000000 0.000000 0.000000 0.000001 0.000020 0.000019 0.000019 0.000018 0.000010 0.000046 0.000000 0.000000 0.000000 0.000000 0.000000 0.000000 0.000000 0.000000 0.000000 0.000000 0.000000 0.000000 0.000000 0.000000 0.000000 0.000000 
0.000000 0.000000 0.000000 0.000000 0.000000 0.000000 0.000000 0.000000 0.000000 0.000000 0.000000 0.000000 0.000000 0.000000 0.000000 0.000000 0.000000 0.000001 0.000018 0.000016 0.000018 0.000002 0.000001 0.000000 0.000000 0.000000 0.000000 0.000000 0.000000 0.000000 0.000000 0.000000 0.000000 0.000000 0.000000 0.000000 0.000000 0.000000 0.000000 0.000000 
0.000000 0.000000 0.000000 0.000000 0.000000 0.000000 0.000000 0.000000 0.000000 0.000000 0.000000 0.000000 0.000000 0.000000 0.000000 0.000000 0.000000 0.000000 0.000000 0.000001 0.000000 0.000000 0.000000 0.000000 0.000000 0.000000 0.000000 0.000000 0.000000 0.000000 0.000000 0.000000 0.000000 0.000000 0.000000 0.000000 0.000000 0.000000 0.000000 0.000000 
0.000000 0.000000 0.000000 0.000000 0.000000 0.000000 0.000000 0.000000 0.000000 0.000000 0.000000 0.000000 0.000000 0.000000 0.000000 0.000000 0.000000 0.000000 0.000000 0.000000 0.000000 0.000000 0.000000 0.000000 0.000000 0.000000 0.000000 0.000000 0.000000 0.000000 0.000000 0.000000 0.000000 0.000000 0.000000 0.000000 0.000000 0.000000 0.000000 0.000000 
0.000000 0.000000 0.000000 0.000000 0.000000 0.000000 0.000000 0.000000 0.000000 0.000000 0.000000 0.000000 0.000000 0.000000 0.000000 0.000000 0.000000 0.000000 0.000000 0.000000 0.000000 0.000000 0.000000 0.000000 0.000000 0.000000 0.000000 0.000000 0.000000 0.000000 0.000000 0.000000 0.000000 0.000000 0.000000 0.000000 0.000000 0.000000 0.000000 0.000000 
0.000000 0.000000 0.000000 0.000000 0.000000 0.000000 0.000000 0.000000 0.000000 0.000000 0.000000 0.000000 0.000000 0.000000 0.000000 0.000000 0.000000 0.000000 0.000000 0.000000 0.000000 0.000000 0.000000 0.000000 0.000000 0.000000 0.000000 0.000000 0.000000 0.000000 0.000000 0.000000 0.000000 0.000000 0.000000 0.000000 0.000000 0.000000 0.000000 0.000000 
