0.000000 0.000000 0.000000 0.000001 0.000002 0.000002 0.000020 0.000253 0.000407 0.001524 0.008505 0.051693 0.313764 1.571909 5.295542 5.932044 137.945618 36.271694 35.681362 35.235107 11.162770 2.817796 2.690122 1.373308 0.906319 0.698721 0.407493 0.282129 0.045448 0.009792 0.002211 0.001318 0.001229 0.000448 0.000007 0.000001 0.000000 0.000000 0.000000 0.000000 
0.000000 0.000000 0.000000 0.000018 0.000008 0.000008 0.000030 0.002952 0.003732 0.010988 0.051667 0.269613 1.490305 6.067622 13.469262 13.571786 71.727631 40.263699 40.201885 35.241821 11.221106 10.927731 10.701016 6.810062 5.095920 4.169788 2.646074 2.027313 0.154956 0.044344 0.010213 0.007730 0.003326 0.000488 0.000038 0.000003 0.000000 0.000000 0.000000 0.000000 
0.000000 0.000000 0.000002 0.000023 0.000021 0.000070 0.008685 0.034810 0.035087 0.082891 0.319188 1.263136 5.544101 15.044386 24.422493 24.876156 53.315762 41.990814 41.373466 46.501728 15.673766 21.016104 21.034985 18.390650 16.948496 15.085591 11.417818 10.055008 0.261658 0.072675 0.015890 0.021409 0.003651 0.000498 0.000042 0.000004 0.000001 0.000000 0.000000 0.000000 
0.000000 0.000001 0.000010 0.000024 0.000599 0.054814 0.072214 0.041678 0.294417 0.573506 1.757363 4.217122 11.356896 22.022923 36.572002 38.046242 53.134235 48.750580 43.599525 52.362556 50.317432 34.129925 34.347130 31.900877 27.234238 25.297075 23.533724 22.665064 5.769867 0.562183 0.438829 0.472439 0.161901 0.001178 0.000613 0.000009 0.000004 0.000003 0.000000 0.000000 
0.000003 0.000009 0.000118 0.000180 0.001866 0.327529 0.074447 0.058215 2.237662 3.295578 7.610884 10.903927 12.533890 22.628374 34.342377 40.538479 50.926502 54.944866 45.459431 58.986031 53.449638 44.084225 43.917107 41.498623 39.300556 36.262451 33.636971 33.374081 91.054390 2.999800 0.509675 0.203116 0.176817 0.036733 0.036094 0.000144 0.000038 0.000035 0.000000 0.000000 
0.000030 0.000017 0.001480 0.001563 0.024538 0.468729 0.481347 10.522408 12.853048 12.820305 18.093895 18.777380 16.820940 29.969109 35.668060 41.201805 50.138351 54.061153 47.691444 64.372955 60.626652 54.784103 55.769485 54.070118 47.603340 44.773186 42.832485 44.920933 91.058281 118.877594 1.965410 0.196463 0.177591 0.038687 0.038206 0.033229 0.002201 0.002176 0.000107 0.000009 
0.000526 0.005933 0.020871 0.021082 0.139811 0.529670 2.448087 2.987132 9.040287 18.481916 29.314745 30.360821 29.451571 30.686903 36.194881 50.906643 54.768818 56.707737 49.863266 70.276985 68.058601 63.746105 62.079597 55.361561 59.121151 62.081467 66.513657 79.679573 65.478630 18.128609 4.364170 1.618464 0.696907 0.120948 0.022251 0.011662 0.001295 0.000164 0.000047 0.000016 
0.002876 0.023799 0.014863 0.082634 0.144932 12.979665 2.986543 2.983777 10.304573 20.488317 36.224838 43.143372 47.086586 45.258606 59.116997 59.699097 61.162994 61.557224 53.459438 79.136307 77.951111 72.559731 71.989990 59.154106 69.747498 69.612999 96.333542 95.391884 59.591106 17.874739 4.423064 2.260557 1.331665 0.321537 0.080840 0.011823 0.001338 0.000141 0.000047 0.000019 
0.013828 0.024098 0.029024 0.271203 2.031054 20.845469 6.376539 5.737945 10.323399 20.263321 35.839939 46.641766 53.886658 58.779991 61.876236 63.572899 65.672859 65.933884 66.638382 82.770447 81.043739 81.440674 81.356354 142.107864 89.557419 94.549820 120.826187 123.259407 114.964333 110.617874 5.718546 4.859450 4.860961 1.581072 0.566137 0.056979 0.005180 0.000496 0.000408 0.000333 
0.009528 0.023452 0.030192 0.276816 2.056155 20.832319 12.115631 12.118163 12.990049 46.613819 48.133289 55.060383 62.692272 65.193794 67.101952 72.201393 73.503746 72.136185 77.389511 85.252548 86.132652 90.601242 90.684464 138.777832 114.553802 130.443771 110.256638 83.034714 63.151772 47.180378 35.349209 16.615215 16.313108 6.952894 3.610386 0.071899 0.007633 0.001157 0.000216 0.000189 
0.000591 0.003416 0.013250 0.037537 0.667257 46.956593 35.815548 31.338099 49.850327 53.221889 57.263992 63.288658 71.048004 74.061478 87.714951 103.405563 83.644287 81.883537 88.686340 92.590965 109.999130 100.166283 100.264198 132.377701 122.939354 120.731422 110.171684 80.638153 62.219246 47.410973 37.630688 27.704071 25.692049 17.802191 17.457603 0.509463 0.009272 0.006398 0.001301 0.000225 
0.000394 0.003552 0.031480 0.234832 1.237296 2.288252 24.798296 43.561958 50.011482 56.762062 72.033440 76.102760 82.444084 85.227722 96.117958 100.552101 104.455505 89.878113 97.829758 103.141304 118.774117 111.060486 111.209770 143.622208 132.167648 127.241127 108.861626 88.144005 93.529076 45.595966 39.883095 38.313622 34.467926 28.302917 27.330572 7.607691 0.210793 0.059135 0.010255 0.001593 
0.000640 0.005958 0.057543 0.480025 1.264606 1.584799 12.127950 58.018040 61.664398 64.155365 75.196861 82.774742 90.520264 95.014412 105.483147 110.846008 121.742126 120.561668 123.435188 120.647186 128.156067 122.522644 122.619644 155.705841 144.307877 130.716843 120.421043 76.838882 65.018227 58.463470 51.422844 51.038498 52.211906 49.439575 50.529301 11.003966 0.375643 0.302493 0.063959 0.010515 
0.001259 0.007267 0.065042 2.414462 3.598019 3.884745 12.247676 25.002380 46.735271 52.783367 59.561222 87.718224 113.021164 116.267921 121.824615 131.788864 128.681198 134.494125 139.800110 143.730255 145.267426 138.026886 138.576065 160.258347 134.318710 113.441277 102.004433 92.814636 76.991478 70.896240 71.303497 69.901558 64.929306 60.054893 49.565697 16.622065 7.912148 2.406341 0.443293 0.067776 
0.005985 0.007681 0.399185 12.642941 12.722600 16.133089 35.479919 54.388580 69.481949 81.438629 91.030212 98.149117 104.243668 111.643173 125.182053 129.781097 133.218750 173.668030 200.230728 180.861603 167.699112 156.007019 154.157654 152.446609 126.332565 115.046051 104.694595 96.356377 88.068092 81.315697 74.430580 71.693138 81.189590 80.443741 28.280577 17.459324 17.257252 8.196266 1.970828 0.322445 
0.048102 0.164086 5.734578 16.264332 16.655317 22.157602 42.258717 55.847202 68.998627 83.468781 92.172600 98.692802 104.350624 109.613197 118.807037 128.470688 133.755295 143.664642 161.442886 205.056412 193.872635 176.009842 159.247711 141.128571 128.071991 115.120186 105.620171 97.507462 90.608749 92.501762 88.128967 74.734940 71.430237 69.045876 46.383572 29.821774 29.561350 15.709031 5.830715 1.099624 
0.203677 0.332343 34.022854 21.256948 21.229874 23.337887 42.774689 56.656574 67.229851 80.048782 89.931412 97.261238 103.441345 108.551079 114.636520 123.811081 132.044250 142.825424 161.368027 193.477600 241.807312 193.382660 170.961319 151.098480 141.469910 128.520081 114.007156 110.760925 97.768761 96.458855 93.442177 81.599144 69.173279 58.183189 47.816067 40.302849 33.954182 21.317518 10.072394 1.788573 
0.846876 7.139664 36.797085 28.882986 28.380817 28.322962 39.215969 51.397995 70.789574 85.185638 91.090813 97.447205 103.231857 108.225143 113.459496 120.889626 129.514954 140.777954 160.837143 193.365906 258.801910 217.116959 193.442429 171.276993 162.570908 155.810715 143.006805 126.557846 113.967056 101.199577 92.708466 83.496277 75.472702 68.614403 61.203854 55.650295 50.445747 44.240940 43.669945 42.092911 
15.409151 33.013424 37.444408 43.651142 45.745739 57.266537 60.823261 68.889946 78.342621 80.019135 86.785202 105.170006 108.142982 111.560326 115.707703 121.339279 129.646118 142.614655 165.684357 205.165527 254.410233 253.591614 222.509201 196.042648 179.111465 159.316574 142.098618 127.784096 114.998810 103.318146 93.150009 83.696930 74.609909 65.326271 56.733852 48.418751 39.168156 30.296438 18.958450 12.100357 
13.510913 27.277897 29.292381 36.990807 39.895424 56.353146 62.651379 69.586174 78.691841 81.587082 89.335350 102.746529 109.634216 112.687943 116.504967 121.701233 128.894379 142.341141 174.780533 223.668732 275.542572 266.660095 227.755051 204.430405 184.825348 167.752777 152.552216 135.027359 121.193550 107.598793 95.570007 82.975365 74.731178 66.881058 57.347988 49.135201 39.698460 30.740856 18.927845 12.037931 
0.904804 6.302017 11.500547 21.481730 22.082920 29.050989 69.292976 71.326836 77.862709 87.798553 93.797760 97.252655 102.212936 118.360016 122.429047 130.491074 149.026474 209.454727 264.170197 296.720490 309.796539 275.457245 245.249573 217.409042 199.979080 185.994675 178.903107 171.426193 162.713150 153.421371 149.944977 142.925751 138.474747 132.859558 129.081589 127.311798 127.329536 128.092148 41.688751 35.887196 
0.394716 1.834931 5.301754 12.489301 21.046745 23.361691 37.387409 46.790123 45.568642 47.165165 47.933033 49.713104 47.246979 48.263165 50.722927 56.014553 69.055946 111.993393 203.385666 263.839233 289.205902 268.974579 234.691940 212.996216 195.528610 181.347931 168.472275 154.897552 142.990952 130.050598 119.452888 106.365089 95.054138 85.306885 71.533913 59.214146 44.053082 28.347998 8.661143 3.802616 
0.156450 0.730436 2.534745 2.581765 2.744803 40.011799 40.572338 41.818218 43.079765 43.967133 44.371048 44.625889 45.597694 47.210377 50.018654 55.900158 69.021652 98.926506 155.266235 213.534576 253.824524 264.641327 227.353134 207.348633 193.545273 181.365387 168.006119 154.830734 142.796356 131.345963 119.409470 107.585625 95.868034 84.393471 71.311302 58.660679 43.824322 28.186342 8.521350 2.648855 
0.235036 1.473717 7.015288 19.632708 22.702719 24.034536 33.624447 39.092331 41.973427 42.902695 42.925461 43.179298 44.227654 46.209705 49.727707 57.091473 70.935234 96.750504 129.488068 162.769867 194.783401 228.535690 180.986435 166.983948 163.300980 160.684448 158.733398 156.151581 144.023438 130.704575 119.582359 110.236862 100.836990 99.707947 83.658226 79.614334 79.392021 2.724747 1.216297 0.855519 
0.245627 1.498050 7.226457 22.111940 23.075281 24.313316 35.516861 40.524494 42.469540 42.095890 41.279934 41.512840 43.149609 45.795029 50.363243 59.781410 76.053215 102.538712 124.717636 144.464935 165.568115 209.114029 156.134293 145.802612 138.547913 129.858826 123.779053 120.895241 106.903267 101.721344 96.531761 83.986076 82.802986 85.944298 86.193382 67.501259 23.593515 22.887768 1.620777 0.612374 
0.241105 0.640428 2.783287 8.370627 8.687192 18.843348 42.219410 43.829491 42.460239 39.208851 37.865932 39.343445 42.420120 46.033897 52.327717 64.481712 82.928825 104.634583 120.381744 130.020203 148.654022 186.513260 147.816116 137.072708 130.536835 123.600845 115.065163 106.303291 97.642242 92.667976 79.483353 66.117439 56.810711 51.646450 50.381981 23.942045 22.893549 22.777246 6.214289 0.791184 
0.880703 1.029004 1.131763 4.460180 10.769084 33.242359 38.124924 40.962063 36.427792 32.555672 33.510506 38.211052 42.868668 47.244858 55.950172 70.458145 88.486610 102.965561 116.207283 121.686554 134.204681 163.949051 133.958374 124.911552 122.517181 122.903244 114.360657 104.888809 94.631996 90.098366 85.009308 66.396156 54.421562 43.462502 39.133354 23.759863 21.425219 10.402282 6.524164 6.387420 
0.099591 0.937953 1.142516 4.083110 10.403548 33.156151 39.023254 41.093967 29.467558 25.789724 31.534006 39.855042 44.741299 49.570831 61.881294 76.213852 89.919830 99.340721 106.150833 112.464226 125.898224 156.077606 121.272606 106.508675 101.256012 97.335144 123.342995 78.167122 84.303436 84.253937 88.682182 90.796440 53.357941 40.948204 39.192345 23.546364 16.792732 6.056159 2.554753 0.992313 
0.024850 0.131485 4.048993 4.219952 4.236307 4.452038 40.302704 18.693041 15.114950 16.580978 34.429306 43.692062 47.016464 53.096741 69.339073 78.255501 86.052818 91.980583 98.051094 103.869408 117.334450 139.262497 114.348953 98.949600 91.496262 79.053146 57.239586 58.102627 66.197769 68.684044 72.962769 79.042274 76.650620 54.034744 36.641151 23.952652 10.840602 3.956583 2.553553 0.924349 
0.008403 0.054501 0.137339 0.537669 0.883782 0.680244 32.605175 12.192239 12.254078 15.910592 43.591278 46.697388 48.027821 60.409645 72.942780 74.910896 79.649849 84.419769 89.953941 96.800880 109.690651 120.430840 116.005386 94.657745 85.266708 67.763161 53.269043 47.854851 47.344944 50.540432 53.334797 65.144585 76.719505 52.540009 38.268379 23.918249 10.331540 10.306121 8.701386 1.078895 
0.007041 0.054047 0.062954 0.118049 0.284562 0.289795 1.208500 11.513723 11.662613 13.222943 42.785576 45.192245 46.785885 71.787964 66.882629 67.486778 73.823982 77.313843 83.236206 89.706375 101.579063 103.353180 112.539513 99.190247 95.100433 72.082405 53.108871 41.010181 39.257950 38.075329 35.748802 36.281334 77.238235 29.849461 30.440758 3.706508 1.413826 1.410183 0.035485 0.037916 
0.002947 0.009784 0.020527 0.020686 0.065018 0.160308 0.460273 9.573640 12.994147 13.295898 30.327610 49.185009 45.438221 67.798485 59.376461 60.122723 67.904892 70.674652 78.623024 77.993851 82.383774 83.797356 110.597221 93.516502 90.396889 81.938484 68.144638 40.744473 37.832455 36.108936 32.198029 31.479286 7.344337 8.687465 8.610754 1.125154 0.287478 0.163208 0.017203 0.004879 
0.002180 0.000203 0.001990 0.003134 0.014200 0.071557 0.420584 2.695666 5.450996 13.048056 28.178928 41.440811 41.970772 34.180058 51.192333 52.580051 62.677940 65.149269 76.264244 64.545181 65.285622 67.312279 110.956017 86.333656 83.139297 75.895393 73.186829 44.552944 38.252098 37.798141 30.140511 20.364958 5.321347 7.074062 6.382673 1.121543 0.143055 0.025815 0.003314 0.000640 
0.000159 0.000172 0.000208 0.000711 0.005915 0.052083 0.114010 0.544412 1.559974 5.612821 12.914452 17.726231 29.396738 28.915270 37.551052 45.048115 58.705944 60.617867 59.458508 48.982353 53.048485 55.417347 56.495762 81.043701 74.525169 67.258537 57.042435 49.338531 41.021744 36.631927 24.725254 17.659641 5.280476 1.965414 1.330545 0.259928 0.035360 0.004761 0.000580 0.000088 
0.000003 0.000013 0.000031 0.000235 0.002337 0.049746 0.184561 0.522831 0.493305 1.471961 4.201153 8.795652 18.798557 28.467880 36.463879 43.196136 57.499729 61.534115 53.945278 35.249596 39.847778 53.642883 53.046669 51.513016 68.257004 68.640320 56.664181 49.386303 40.524910 32.345722 10.582297 5.972954 1.669619 0.542231 1.323984 0.154338 0.016783 0.001678 0.000160 0.000017 
0.000000 0.000001 0.000004 0.000023 0.000081 0.005015 0.275582 1.234122 1.389530 1.465583 1.052136 3.039956 10.459648 20.946348 28.509716 35.000290 54.405460 54.646282 51.233719 26.876352 26.391342 49.132133 51.394119 46.291496 55.431023 25.405064 72.398186 68.269737 96.298302 5.965999 1.226900 1.104437 0.336006 0.334473 0.162868 0.016750 0.016639 0.001352 0.000104 0.000009 
0.000000 0.000000 0.000000 0.000002 0.000009 0.000122 0.006166 0.011792 0.013062 0.218242 0.836133 0.841312 3.663695 11.323833 20.036390 27.489973 53.058758 45.200153 12.886245 13.634259 13.868326 35.856853 40.860134 45.395233 68.703171 9.460646 7.160546 1.523992 0.728292 0.144716 0.172301 0.163180 0.090283 0.332182 0.000508 0.000520 0.001273 0.000010 0.000008 0.000007 
0.000000 0.000000 0.000000 0.000000 0.000003 0.000033 0.000643 0.001271 0.001372 0.000488 0.138835 0.830394 0.880385 3.432616 9.667412 17.271843 54.019440 19.496868 9.566734 13.168374 13.134790 23.518318 33.271671 34.203369 69.614441 8.795230 6.083900 1.295652 0.322992 0.053804 0.047902 0.161274 0.160247 0.044515 0.000089 0.000052 0.000002 0.000001 0.000001 0.000001 
0.000000 0.000000 0.000000 0.000000 0.000001 0.000007 0.000060 0.000120 0.000137 0.000189 0.001701 0.681422 0.778238 0.787833 3.298285 8.923020 54.799789 13.747195 9.311809 12.845693 12.989803 21.090981 23.103127 25.013884 75.695160 8.562534 6.015265 1.283964 0.248911 0.043213 0.042980 0.132596 0.000611 0.000071 0.000013 0.000005 0.000000 0.000000 0.000000 0.000000 
0.000000 0.000000 0.000000 0.000000 0.000000 0.000001 0.000006 0.000012 0.000021 0.000134 0.001560 0.071036 0.143979 0.157763 0.696749 1.511564 55.364624 4.330361 3.578958 5.274401 4.901990 9.572598 11.739646 12.397213 85.665085 2.687300 1.997692 0.455142 0.083070 0.014177 0.012694 0.013944 0.000326 0.000033 0.000004 0.000001 0.000000 0.000000 0.000000 0.000000 
