399.995361 399.995453 399.995605 399.995758 399.995728 399.995636 399.995514 399.995331 399.995117 399.994965 399.994904 399.994873 399.994965 399.995087 399.995300 399.995575 399.995850 399.995972 399.996094 399.996216 399.996307 399.995880 399.995575 399.995361 399.995239 399.995239 399.995300 399.995422 399.995575 399.995605 399.995667 399.995728 399.995880 399.996124 399.995789 399.995575 399.995483 399.995483 399.995605 399.995789 
399.995422 399.995514 399.995697 399.996063 399.995880 399.995789 399.995667 399.995422 399.995209 399.995026 399.994934 399.994934 399.994995 399.995148 399.995331 399.995636 399.996094 399.996033 399.996185 399.996338 399.996155 399.995850 399.995544 399.995361 399.995270 399.995270 399.995361 399.995544 399.995728 399.995758 399.995758 399.995758 399.995819 399.995850 399.995728 399.995575 399.995483 399.995514 399.995667 399.996033 
399.995483 399.995544 399.995697 399.995911 399.996002 399.996002 399.996063 399.995605 399.995331 399.995148 399.995056 399.995056 399.995117 399.995239 399.995392 399.995605 399.995850 399.996033 399.996307 399.996216 399.996216 399.995819 399.995544 399.995361 399.995300 399.995331 399.995483 399.995728 399.996155 399.995972 399.995941 399.995880 399.995911 399.995850 399.995789 399.995636 399.995514 399.995483 399.995575 399.995697 
399.995575 399.995636 399.995758 399.995972 399.996246 399.996246 399.995972 399.995697 399.995422 399.995239 399.995178 399.995209 399.995300 399.995392 399.995483 399.995605 399.995789 399.995972 399.996277 399.996063 399.995911 399.995697 399.995514 399.995392 399.995361 399.995392 399.995544 399.995819 399.996246 399.996094 399.996216 399.996033 399.996124 399.995941 399.996063 399.995728 399.995544 399.995514 399.995544 399.995575 
399.995697 399.995758 399.995850 399.996002 399.996155 399.996094 399.995972 399.995819 399.995544 399.995392 399.995331 399.995422 399.995605 399.995667 399.995667 399.995697 399.995758 399.995911 399.996033 399.995911 399.995789 399.995636 399.995514 399.995453 399.995422 399.995483 399.995605 399.995850 399.996216 399.996063 399.996063 399.995941 399.995880 399.995789 399.995789 399.995728 399.995605 399.995544 399.995636 399.995575 
399.995880 399.995941 399.995972 399.996094 399.996338 399.996155 399.996033 399.996094 399.995697 399.995483 399.995453 399.995605 399.996033 399.996094 399.995911 399.995789 399.995819 399.995911 399.996155 399.995880 399.995728 399.995605 399.995575 399.995575 399.995544 399.995575 399.995667 399.995789 399.995941 399.995972 399.996155 399.995850 399.995728 399.995636 399.995697 399.995941 399.995636 399.995636 399.995911 399.995667 
399.996094 399.996246 399.996094 399.996124 399.996338 399.996185 399.996033 399.995911 399.995697 399.995575 399.995514 399.995605 399.995789 399.995941 399.996124 399.995880 399.995850 399.995880 399.995911 399.995819 399.995728 399.995667 399.995697 399.995789 399.995758 399.995758 399.995758 399.995789 399.995850 399.995850 399.995850 399.995697 399.995575 399.995483 399.995483 399.995544 399.995483 399.995483 399.995605 399.995575 
399.996185 399.996155 399.996063 399.996094 399.996185 399.996277 399.996033 399.995880 399.995758 399.995636 399.995575 399.995575 399.995667 399.995789 399.995911 399.995880 399.995911 399.995972 399.995911 399.995819 399.995789 399.995758 399.995880 399.996155 399.996033 399.995972 399.995911 399.995941 399.995850 399.995819 399.995819 399.995636 399.995483 399.995392 399.995361 399.995361 399.995331 399.995361 399.995483 399.995605 
399.996399 399.996155 399.996063 399.996033 399.996094 399.996124 399.996033 399.995941 399.995880 399.995758 399.995636 399.995605 399.995636 399.995758 399.995911 399.995911 399.996002 399.996246 399.996002 399.995911 399.995911 399.995850 399.995911 399.996094 399.996307 399.996307 399.996124 399.996185 399.995941 399.995880 399.996033 399.995636 399.995422 399.995331 399.995300 399.995300 399.995270 399.995300 399.995453 399.995880 
399.996368 399.996124 399.996033 399.996033 399.996124 399.996155 399.996063 399.996063 399.996185 399.995911 399.995758 399.995667 399.995667 399.995789 399.996124 399.995972 399.996063 399.996277 399.996063 399.996002 399.996185 399.995941 399.995941 399.996033 399.996185 399.996155 399.996094 399.996033 399.995941 399.995850 399.995758 399.995544 399.995392 399.995300 399.995331 399.995392 399.995270 399.995209 399.995239 399.995361 
399.996063 399.995972 399.995972 399.996063 399.996307 399.996338 399.996155 399.996094 399.996094 399.996033 399.995880 399.995728 399.995667 399.995728 399.995850 399.995911 399.996033 399.996094 399.996002 399.995972 399.996002 399.995941 399.995941 399.996033 399.996277 399.996185 399.996124 399.996063 399.995972 399.995880 399.995697 399.995514 399.995392 399.995331 399.995453 399.995789 399.995331 399.995117 399.995056 399.995056 
399.995880 399.995850 399.995880 399.995972 399.996094 399.996185 399.996185 399.996155 399.996185 399.996338 399.996094 399.995850 399.995697 399.995667 399.995728 399.995880 399.996185 399.996094 399.996002 399.995972 399.996033 399.995941 399.995911 399.995972 399.996094 399.996185 399.996307 399.996155 399.996063 399.996124 399.995758 399.995514 399.995392 399.995361 399.995422 399.995544 399.995270 399.995026 399.994904 399.994843 
399.995789 399.995819 399.995850 399.995911 399.996002 399.996155 399.996368 399.996216 399.996216 399.996399 399.996307 399.995911 399.995697 399.995605 399.995636 399.995789 399.996002 399.996185 399.996002 399.996033 399.996246 399.996002 399.995911 399.995911 399.996033 399.996277 399.996185 399.996246 399.996063 399.996002 399.995758 399.995544 399.995422 399.995392 399.995483 399.995758 399.995270 399.994965 399.994812 399.994751 
399.995789 399.995850 399.995941 399.995941 399.995972 399.996094 399.996338 399.996185 399.996155 399.996216 399.996277 399.995880 399.995636 399.995544 399.995575 399.995697 399.995880 399.995941 399.995880 399.995972 399.996216 399.995972 399.995911 399.995880 399.995911 399.995972 399.995972 399.996002 399.995972 399.996124 399.995789 399.995575 399.995453 399.995422 399.995514 399.995422 399.995117 399.994904 399.994751 399.994720 
399.995819 399.995941 399.996185 399.996002 399.995972 399.996033 399.996124 399.996124 399.996155 399.996063 399.995941 399.995728 399.995544 399.995453 399.995483 399.995667 399.996033 399.995819 399.995758 399.995819 399.995911 399.995911 399.995941 399.995880 399.995850 399.995850 399.995850 399.995850 399.995850 399.995850 399.995728 399.995667 399.995514 399.995483 399.995758 399.995300 399.995026 399.994873 399.994781 399.994751 
399.995880 399.995941 399.996063 399.995972 399.995941 399.996002 399.996063 399.996155 399.996307 399.996033 399.995819 399.995636 399.995453 399.995392 399.995392 399.995483 399.995636 399.995605 399.995636 399.995697 399.995789 399.995911 399.996155 399.995941 399.995850 399.995789 399.995789 399.995789 399.995850 399.995789 399.995758 399.995941 399.995544 399.995361 399.995331 399.995117 399.994965 399.994873 399.994873 399.994934 
399.995941 399.996002 399.996216 399.996002 399.995972 399.996033 399.996063 399.996185 399.996277 399.995972 399.995758 399.995575 399.995422 399.995331 399.995331 399.995392 399.995483 399.995514 399.995544 399.995636 399.995728 399.995850 399.995972 399.995972 399.995941 399.995819 399.995789 399.995819 399.996063 399.995758 399.995667 399.995605 399.995392 399.995239 399.995117 399.994995 399.994934 399.994965 399.995056 399.995239 
399.996063 399.996002 399.996002 399.995941 399.995972 399.996216 399.996124 399.996246 399.996094 399.995911 399.995789 399.995575 399.995392 399.995300 399.995300 399.995361 399.995483 399.995544 399.995575 399.995636 399.995758 399.995911 399.996002 399.996063 399.996185 399.995911 399.995789 399.995758 399.995789 399.995667 399.995605 399.995514 399.995361 399.995178 399.995056 399.994995 399.994965 399.995056 399.995300 399.995789 
399.996338 399.996033 399.995911 399.995850 399.995911 399.996002 399.995972 399.996002 399.995941 399.995880 399.996002 399.995636 399.995422 399.995331 399.995331 399.995422 399.995636 399.995697 399.995667 399.995697 399.995850 399.996155 399.996063 399.996246 399.996094 399.995941 399.995819 399.995728 399.995697 399.995667 399.995636 399.995636 399.995422 399.995209 399.995087 399.995026 399.995056 399.995148 399.995331 399.995514 
399.996277 399.995972 399.995819 399.995819 399.995850 399.995941 399.995911 399.995880 399.995880 399.995758 399.995697 399.995544 399.995514 399.995361 399.995361 399.995544 399.996002 399.996063 399.995789 399.995758 399.995819 399.995972 399.996002 399.996063 399.996033 399.996002 399.995880 399.995789 399.995758 399.995758 399.995789 399.996002 399.995575 399.995300 399.995148 399.995087 399.995148 399.995300 399.995483 399.995514 
399.995911 399.995789 399.995728 399.995758 399.995880 399.996124 399.995880 399.995850 399.996002 399.995667 399.995514 399.995514 399.995789 399.995392 399.995300 399.995422 399.995667 399.995789 399.995789 399.995819 399.995880 399.995941 399.995972 399.996033 399.996094 399.996246 399.996002 399.995911 399.995880 399.995911 399.995880 399.995880 399.995605 399.995392 399.995239 399.995209 399.995300 399.995483 399.995880 399.995667 
399.995667 399.995636 399.995667 399.995758 399.995911 399.995911 399.995789 399.995667 399.995605 399.995422 399.995300 399.995239 399.995270 399.995178 399.995178 399.995300 399.995483 399.995697 399.995880 399.995911 399.995972 399.996063 399.996063 399.996094 399.996094 399.996155 399.996063 399.996002 399.996033 399.996216 399.996033 399.996124 399.995728 399.995483 399.995361 399.995331 399.995422 399.995575 399.995697 399.995667 
399.995544 399.995575 399.995636 399.995789 399.996124 399.995941 399.995728 399.995544 399.995392 399.995239 399.995117 399.995026 399.994995 399.994995 399.995026 399.995178 399.995422 399.995728 399.996185 399.996094 399.996155 399.996338 399.996216 399.996216 399.996216 399.996246 399.996216 399.996124 399.996124 399.996155 399.996002 399.995941 399.995728 399.995575 399.995483 399.995483 399.995575 399.995758 399.995789 399.995758 
399.995544 399.995544 399.995605 399.995728 399.995941 399.996124 399.995758 399.995514 399.995300 399.995117 399.994965 399.994873 399.994843 399.994843 399.994934 399.995117 399.995361 399.995697 399.996185 399.996155 399.996338 399.996277 399.996307 399.996429 399.996338 399.996490 399.996429 399.996277 399.996246 399.996307 399.996033 399.995911 399.995850 399.995667 399.995605 399.995636 399.995789 399.996124 399.996002 399.995941 
399.995636 399.995605 399.995636 399.995697 399.995819 399.995941 399.995758 399.995544 399.995300 399.995087 399.994934 399.994812 399.994781 399.994781 399.994873 399.995056 399.995300 399.995575 399.995911 399.996094 399.996185 399.996246 399.996429 399.996338 399.996338 399.996490 399.996368 399.996307 399.996368 399.996155 399.996002 399.995941 399.996094 399.995819 399.995728 399.995819 399.995880 399.996063 399.996277 399.996124 
399.995850 399.995758 399.995697 399.995728 399.995850 399.996094 399.995850 399.995697 399.995392 399.995148 399.994934 399.994812 399.994751 399.994781 399.994873 399.995056 399.995270 399.995514 399.995819 399.996185 399.996124 399.996185 399.996307 399.996277 399.996277 399.996307 399.996307 399.996277 399.996216 399.996063 399.995941 399.995880 399.995880 399.995789 399.995819 399.996063 399.995911 399.996002 399.996277 399.996185 
399.996216 399.995941 399.995819 399.995789 399.995850 399.995941 399.995911 399.996033 399.995575 399.995239 399.994995 399.994873 399.994812 399.994843 399.994934 399.995117 399.995300 399.995483 399.995697 399.995911 399.996002 399.996124 399.996368 399.996307 399.996246 399.996246 399.996307 399.996429 399.996185 399.996002 399.995880 399.995850 399.995880 399.995758 399.995728 399.995789 399.995789 399.995880 399.996063 399.996277 
399.996063 399.996033 399.995972 399.995880 399.995880 399.995972 399.995941 399.995911 399.995636 399.995331 399.995117 399.994965 399.994904 399.994934 399.995056 399.995239 399.995483 399.995544 399.995667 399.995789 399.995911 399.996033 399.996216 399.996368 399.996246 399.996246 399.996338 399.996460 399.996155 399.995972 399.995850 399.995850 399.996063 399.995758 399.995667 399.995667 399.995667 399.995758 399.995880 399.995972 
399.996063 399.996246 399.996216 399.995941 399.995941 399.996155 399.996063 399.996155 399.995758 399.995483 399.995239 399.995117 399.995087 399.995087 399.995178 399.995453 399.995941 399.995697 399.995667 399.995789 399.995941 399.996002 399.996094 399.996216 399.996185 399.996216 399.996399 399.996399 399.996124 399.995941 399.995819 399.995758 399.995789 399.995667 399.995605 399.995605 399.995605 399.995667 399.995789 399.995789 
399.995941 399.995972 399.995941 399.995819 399.995819 399.995941 399.996033 399.996155 399.995819 399.995636 399.995392 399.995300 399.995331 399.995239 399.995300 399.995514 399.995941 399.995697 399.995697 399.995850 399.996155 399.996033 399.996063 399.996277 399.996124 399.996094 399.996155 399.996155 399.996063 399.995941 399.995819 399.995728 399.995697 399.995636 399.995605 399.995636 399.995575 399.995636 399.995941 399.995697 
399.995880 399.995911 399.995789 399.995697 399.995697 399.995819 399.996094 399.995911 399.995758 399.995911 399.995514 399.995453 399.995758 399.995422 399.995331 399.995392 399.995544 399.995575 399.995636 399.995789 399.996002 399.995972 399.995972 399.996033 399.995972 399.995972 399.996033 399.996094 399.996094 399.996002 399.995850 399.995758 399.995758 399.995636 399.995636 399.995911 399.995544 399.995483 399.995514 399.995422 
399.995880 399.996033 399.995728 399.995605 399.995575 399.995636 399.995697 399.995636 399.995544 399.995514 399.995361 399.995331 399.995453 399.995453 399.995300 399.995300 399.995361 399.995483 399.995605 399.995789 399.996124 399.995941 399.995941 399.995911 399.995911 399.995941 399.996002 399.996155 399.996307 399.996246 399.995911 399.995819 399.996002 399.995667 399.995544 399.995514 399.995361 399.995270 399.995239 399.995209 
399.995819 399.995728 399.995544 399.995483 399.995483 399.995544 399.995544 399.995483 399.995392 399.995300 399.995209 399.995209 399.995361 399.995697 399.995331 399.995209 399.995300 399.995453 399.995667 399.995758 399.995880 399.995911 399.995972 399.995941 399.995911 399.995911 399.996002 399.996246 399.996124 399.996002 399.995850 399.995728 399.995697 399.995544 399.995422 399.995361 399.995239 399.995148 399.995087 399.995056 
399.995941 399.995544 399.995392 399.995361 399.995483 399.995605 399.995544 399.995453 399.995331 399.995209 399.995117 399.995087 399.995117 399.995209 399.995117 399.995117 399.995239 399.995483 399.995911 399.995758 399.995789 399.995911 399.996185 399.996033 399.995941 399.995911 399.995941 399.996002 399.995972 399.995911 399.995789 399.995667 399.995575 399.995514 399.995422 399.995331 399.995209 399.995087 399.995026 399.994995 
399.995331 399.995209 399.995178 399.995270 399.995514 399.995972 399.995697 399.995575 399.995392 399.995239 399.995087 399.994995 399.994965 399.994965 399.994965 399.995026 399.995148 399.995392 399.995636 399.995667 399.995758 399.995850 399.996002 399.996216 399.996033 399.995972 399.995941 399.995972 399.995972 399.995941 399.995789 399.995667 399.995605 399.995575 399.995575 399.995422 399.995300 399.995148 399.995087 399.995056 
399.994873 399.994873 399.994934 399.995117 399.995453 399.995972 399.995758 399.995880 399.995483 399.995361 399.995148 399.994995 399.994904 399.994843 399.994873 399.994965 399.995117 399.995361 399.995605 399.995697 399.995789 399.995789 399.995880 399.996002 399.996063 399.996063 399.996002 399.996033 399.996063 399.996216 399.995911 399.995728 399.995667 399.995697 399.995941 399.995605 399.995483 399.995300 399.995209 399.995178 
399.994507 399.994537 399.994659 399.994873 399.995239 399.995819 399.995544 399.995483 399.995453 399.995697 399.995239 399.995056 399.994904 399.994843 399.994873 399.994965 399.995148 399.995422 399.995880 399.995758 399.996002 399.995789 399.995819 399.995941 399.996246 399.996246 399.996094 399.996216 399.996094 399.996216 399.995911 399.995789 399.995728 399.995758 399.995728 399.995667 399.995850 399.995453 399.995361 399.995453 
399.994202 399.994263 399.994385 399.994598 399.994873 399.995148 399.995148 399.995148 399.995178 399.995270 399.995209 399.995178 399.994995 399.994904 399.994904 399.994995 399.995178 399.995331 399.995514 399.995544 399.995636 399.995636 399.995697 399.995819 399.995972 399.996002 399.995941 399.995941 399.995911 399.995911 399.995850 399.995850 399.995819 399.996002 399.995667 399.995544 399.995514 399.995392 399.995483 399.995880 
399.994019 399.994080 399.994171 399.994354 399.994568 399.994751 399.994812 399.994873 399.994965 399.995056 399.995209 399.995605 399.995148 399.994965 399.994965 399.995148 399.995361 399.995361 399.995361 399.995392 399.995453 399.995514 399.995636 399.995789 399.995941 399.995911 399.995819 399.995789 399.995758 399.995789 399.995850 399.996063 399.995789 399.995697 399.995514 399.995392 399.995331 399.995300 399.995331 399.995483 
399.993896 399.993958 399.994080 399.994232 399.994385 399.994537 399.994659 399.994751 399.994843 399.994934 399.995087 399.995209 399.995056 399.994965 399.995056 399.995300 399.995819 399.995483 399.995361 399.995331 399.995361 399.995453 399.995605 399.995819 399.996155 399.995941 399.995789 399.995728 399.995697 399.995697 399.995758 399.995819 399.995697 399.995575 399.995422 399.995331 399.995239 399.995209 399.995239 399.995300 
