0.000000 0.000008 0.001459 0.308232 0.001568 0.000022 0.000023 0.000001 0.000000 0.000000 0.000000 0.000000 0.000000 0.000000 0.000008 0.001453 0.304991 0.003104 0.001065 0.012438 6.005795 0.001773 0.000026 0.000000 0.000000 0.000000 0.000000 0.000001 0.000019 0.000002 0.000001 0.000026 0.001733 4.584599 0.001727 0.000024 0.000000 0.000005 0.000659 0.067358 
0.000000 0.000019 0.001612 27.614204 0.002477 0.000359 0.001633 0.000070 0.000001 0.000000 0.000000 0.000000 0.000000 0.000000 0.000019 0.001611 27.132578 0.028297 0.024116 18.738684 0.654768 0.002464 0.000024 0.000000 0.000000 0.000000 0.000001 0.000063 0.001427 0.000137 0.000029 0.000036 0.000375 0.023078 0.000362 0.000007 0.000000 0.000020 0.001644 4.381115 
0.000000 0.000002 0.000132 0.004623 0.005777 0.008237 29.668335 0.001618 0.000019 0.000000 0.000000 0.000000 0.000000 0.000000 0.000002 0.000077 0.001914 0.004825 3.093659 0.291891 18.227434 0.001598 0.000019 0.000000 0.000000 0.000000 0.000020 0.001486 2.076035 0.005135 0.001655 0.002120 0.002348 0.022050 0.002226 0.000085 0.000002 0.000002 0.000083 0.001799 
0.000000 0.000001 0.000032 0.001765 4.125176 4.547252 0.007201 0.000288 0.000007 0.000000 0.000000 0.000001 0.000023 0.000023 0.000002 0.000003 0.000094 0.002086 11.902253 0.005355 0.001797 0.000074 0.000001 0.000000 0.000000 0.000000 0.000024 0.001641 14.790396 2.481403 14.755397 4.519856 24.800320 3.723326 15.931933 0.001682 0.000046 0.000012 0.000031 0.000059 
0.000009 0.000021 0.000049 0.002769 1.038149 0.133327 0.004414 0.002282 0.000086 0.000002 0.000002 0.000075 0.001707 0.001708 0.000101 0.000005 0.000025 0.001749 6.217638 0.001994 0.000074 0.000002 0.000000 0.000000 0.000000 0.000000 0.000020 0.001485 2.072809 0.472691 3.107990 0.004919 0.001860 0.002599 0.004570 0.004447 0.001703 0.001498 0.001660 0.001572 
0.001449 0.001624 0.001118 0.003892 7.595469 0.168515 0.171955 28.423056 0.001623 0.000022 0.000023 0.001651 4.367014 4.427248 0.002965 0.000107 0.000031 0.001534 8.495141 0.001508 0.000021 0.000000 0.000001 0.000018 0.000002 0.000000 0.000002 0.000074 0.001626 0.004505 17.450293 0.001814 0.000093 0.000084 0.001829 27.456470 0.314257 0.314546 30.080790 0.322875 
0.279354 28.615671 0.101122 0.096284 3.817149 0.131856 0.003400 0.001894 0.000084 0.000002 0.000002 0.000077 0.001829 0.005309 27.499962 0.001696 0.000047 0.000191 0.001952 0.000076 0.000003 0.000002 0.000071 0.001615 0.000142 0.000034 0.000022 0.000031 0.000086 0.001781 0.260230 0.001413 0.000012 0.000003 0.000075 0.001624 0.001474 0.001541 0.002178 0.002916 
0.232745 0.005085 0.001086 0.000992 0.004340 29.873365 0.001901 0.000108 0.000034 0.000002 0.000000 0.000002 0.000051 0.001753 0.304930 0.001804 0.000227 0.002126 0.000239 0.000022 0.000024 0.000030 0.001653 29.728872 0.004972 0.001885 0.001760 0.001548 0.001365 0.004423 0.261592 0.001389 0.000009 0.000000 0.000002 0.000022 0.000010 0.000018 0.000241 0.005211 
3.325514 0.002023 0.000057 0.000037 0.001310 0.109898 0.001030 0.000164 0.001666 0.000073 0.000002 0.000000 0.000011 0.001481 0.304823 0.005396 0.007883 4.279728 0.003630 0.001136 0.001631 0.000101 0.000180 0.005351 2.857043 10.914223 7.302930 9.185293 0.180831 0.184053 26.146200 0.001609 0.000019 0.000000 0.000002 0.000022 0.000003 0.000022 0.001649 4.394563 
2.896517 0.001827 0.000040 0.000121 0.003870 0.105118 0.001505 0.003811 29.787172 0.001711 0.000029 0.000001 0.000019 0.001611 26.543446 0.116765 0.112218 4.682294 0.108770 0.113348 27.680923 0.001819 0.000103 0.002263 1.113574 0.105020 0.094044 0.003499 0.001630 0.002204 0.002146 0.000083 0.000002 0.000001 0.000070 0.001606 0.000071 0.000005 0.000076 0.001709 
0.001775 0.000088 0.000031 0.001680 4.384871 4.414724 0.002705 0.000490 0.007219 0.004626 0.000174 0.000005 0.000002 0.000076 0.001833 0.003140 0.117048 0.016186 0.001933 0.003305 0.117176 0.000955 0.000048 0.001658 15.282571 0.101339 0.098030 0.001447 0.000557 0.004537 0.000229 0.000006 0.000000 0.000019 0.001603 22.152594 0.001606 0.000020 0.000002 0.000023 
0.000024 0.000002 0.000003 0.000084 0.001990 0.005174 0.005925 0.001128 0.003825 6.895378 0.003101 0.000106 0.000002 0.000003 0.000082 0.001841 28.695286 0.012490 0.001912 0.003216 0.112695 0.000892 0.000015 0.000133 0.004518 0.039369 29.535450 0.011802 0.015420 22.899786 0.001611 0.000020 0.000001 0.000022 0.002708 1.360069 0.002697 0.000021 0.000000 0.000000 
0.000000 0.000002 0.000019 0.000008 0.000100 0.002056 4.497336 0.049231 0.047427 2.388034 2.262625 0.001700 0.000023 0.000000 0.000005 0.000249 0.009303 28.817526 0.119464 0.114923 5.151384 0.001789 0.000034 0.000034 0.001723 28.710905 0.104222 24.048817 0.788653 0.804454 0.002549 0.000024 0.000001 0.000029 0.001696 22.225023 0.001604 0.000019 0.000000 0.000000 
0.000002 0.000070 0.001601 0.000079 0.000041 0.001767 4.354614 0.003988 0.001399 0.004692 6.983957 0.001768 0.000024 0.000000 0.000004 0.000271 0.012499 0.004643 0.001392 0.003941 4.188787 0.001940 0.000093 0.000008 0.000076 0.001625 0.000799 0.001743 0.004698 22.998461 0.001831 0.000086 0.000009 0.000146 0.004473 0.004455 0.000127 0.000002 0.000000 0.000000 
0.000023 0.001620 23.124615 0.001648 0.000033 0.000100 0.002082 0.000472 0.003782 0.000500 0.001988 0.000084 0.000001 0.000000 0.000019 0.001615 29.629448 0.001784 0.000060 0.000212 0.008206 0.000554 0.001860 0.000085 0.000007 0.000021 0.000010 0.000044 0.000315 0.002469 0.000373 0.001848 0.000201 0.002118 29.827595 0.001706 0.000027 0.000000 0.000000 0.000000 
0.000028 0.002651 0.983494 0.002699 0.000035 0.000039 0.000201 0.002204 4.422321 0.001982 0.000104 0.000003 0.000000 0.000000 0.000001 0.000070 0.001628 0.000077 0.000112 0.002393 0.014807 0.015784 29.416410 0.001843 0.000084 0.000004 0.000002 0.000095 0.002327 0.000410 0.002504 29.914982 0.002100 0.000191 0.001617 0.000072 0.000001 0.000000 0.000001 0.000023 
0.000106 0.001869 23.134319 0.002087 0.000195 0.001650 0.003516 0.006157 4.434240 0.001970 0.000100 0.000003 0.000000 0.000000 0.000000 0.000001 0.000024 0.000185 0.007504 0.100267 0.309453 0.128617 0.241406 0.004617 0.001844 0.000084 0.000030 0.001652 29.896950 0.002141 0.000214 0.001842 0.000089 0.000006 0.000019 0.000001 0.000000 0.000001 0.000075 0.001708 
0.002063 0.000343 0.001844 0.000201 0.002064 19.555883 2.642022 20.305349 0.003663 0.000440 0.001877 0.000083 0.000002 0.000000 0.000000 0.000003 0.000123 0.006197 0.177903 1.228010 0.352548 1.193898 0.263472 0.096113 29.553719 0.001656 0.000030 0.000077 0.001619 0.000086 0.000013 0.000084 0.000006 0.000000 0.000000 0.000000 0.000000 0.000020 0.001644 4.394294 
2.953525 0.002039 0.000096 0.000021 0.001483 0.275309 0.011885 0.005384 0.000556 0.002738 29.902185 0.001838 0.000082 0.000003 0.000002 0.000094 0.002291 0.021728 0.935409 1.127201 22.665619 1.608106 1.606038 23.016150 0.038400 0.000617 0.000009 0.000002 0.000020 0.000007 0.000083 0.001780 0.000074 0.000001 0.000000 0.000000 0.000000 0.000006 0.000238 0.005165 
2.944902 0.001804 0.000030 0.000012 0.001434 0.276274 0.007247 0.003074 0.002727 0.000417 0.002142 0.000345 0.001838 0.000084 0.000035 0.001781 2.817670 12.412885 2.213899 16.725199 52.931400 16.752033 1.293739 0.836350 0.105691 0.002734 0.000092 0.000002 0.000004 0.000081 0.001788 17.412058 0.001580 0.000019 0.000000 0.000000 0.000001 0.000083 0.002161 0.002863 
0.001781 0.000082 0.000003 0.000029 0.001702 25.923519 0.304203 0.304375 27.544565 0.002129 0.000213 0.002138 29.903515 0.001748 0.000147 0.007140 0.105996 0.218459 22.537104 52.804218 364.952179 53.378796 23.131208 0.849672 0.824630 26.227844 0.001654 0.000031 0.000083 0.001778 0.005427 3.342998 0.002423 0.000021 0.000000 0.000000 0.000019 0.001612 27.537931 0.308161 
0.000024 0.000002 0.000002 0.000129 0.004517 0.012328 0.002205 0.001524 0.001615 0.000083 0.000008 0.000083 0.001613 0.000072 0.000020 0.001800 0.069089 0.467491 2.437368 17.959400 53.170059 17.334412 2.001614 1.495338 0.142164 0.094574 0.001069 0.000072 0.001687 15.927948 0.812643 15.885043 0.001574 0.000020 0.000000 0.000000 0.000006 0.000195 0.002250 0.001571 
0.000000 0.000000 0.000019 0.001616 29.695044 0.009178 0.000286 0.000021 0.000020 0.000001 0.000000 0.000001 0.000018 0.000001 0.000001 0.000076 0.003625 0.020424 6.933850 2.971101 22.930124 2.147600 2.345563 1.442000 0.079389 0.089854 0.003547 0.000597 0.004048 3.309132 0.006371 0.002387 0.000197 0.000006 0.000000 0.000003 0.000089 0.002105 0.000270 0.000037 
0.000000 0.000000 0.000002 0.000128 0.004569 20.235342 0.001611 0.000024 0.000001 0.000000 0.000000 0.000000 0.000000 0.000000 0.000000 0.000002 0.000104 0.002582 3.372916 0.830152 0.619088 1.620029 2.060726 13.527988 2.497191 3.805236 5.831377 0.019190 0.015447 17.447048 0.002405 0.000400 0.002105 0.000098 0.000008 0.000083 0.001843 29.031530 0.003906 0.000807 
0.000023 0.000001 0.000000 0.000029 0.002952 2.996441 0.003101 0.000071 0.000002 0.000000 0.000000 0.000000 0.000000 0.000000 0.000000 0.000000 0.000004 0.000258 0.009805 0.828624 0.424303 0.417604 23.823887 0.015521 0.017351 5.570797 0.011911 0.015790 29.453758 0.003223 0.000264 0.002247 27.554159 0.002179 0.000247 0.001844 0.002831 0.082638 4.433687 0.067811 
0.001707 0.000083 0.000004 0.000022 0.001610 21.454615 0.004478 0.001675 0.000067 0.000001 0.000000 0.000000 0.000000 0.000000 0.000000 0.000000 0.000001 0.000029 0.001708 26.359282 0.021900 0.018765 2.308736 0.004710 0.000543 0.002022 0.001162 0.018537 0.004517 0.000176 0.000026 0.001553 0.307934 0.002809 0.005249 28.792988 0.110078 0.105308 4.427100 0.082559 
4.388460 0.001973 0.000093 0.000030 0.001329 0.182259 0.178915 9.332594 0.001517 0.000018 0.000000 0.000000 0.000000 0.000000 0.000000 0.000001 0.000020 0.000005 0.000075 0.001653 0.000416 0.002356 21.964514 0.005207 0.000224 0.000144 0.001912 2.367952 0.001680 0.000035 0.000013 0.001474 0.307925 0.001692 0.000175 0.001640 0.000898 0.000991 0.003849 4.406543 
0.072680 0.005246 0.002010 0.000921 0.003220 0.180293 0.173584 4.444288 0.001820 0.000025 0.000000 0.000000 0.000000 0.000000 0.000001 0.000075 0.001641 0.000078 0.000006 0.000032 0.000051 0.000244 0.006339 20.100203 0.002529 0.000501 0.004800 16.030899 0.001699 0.000030 0.000023 0.001627 27.544518 0.001654 0.000032 0.000026 0.000008 0.000020 0.000320 0.005188 
0.073038 4.765247 4.897931 0.090779 0.092802 10.613379 3.439449 6.868932 0.002019 0.000093 0.000012 0.000009 0.000019 0.000002 0.000024 0.001712 4.394273 0.001756 0.000037 0.000091 0.001671 0.001841 0.007636 2.736480 0.016098 0.018712 9.384425 1.416031 0.001518 0.000025 0.000003 0.000078 0.001837 0.000080 0.000006 0.000023 0.000007 0.000101 0.002319 0.002883 
0.003029 0.109530 0.003729 0.000923 0.001000 0.004801 1.763491 3.305531 0.004872 0.001917 0.001497 0.001462 0.001612 0.000080 0.000036 0.001751 4.394637 0.001953 0.000097 0.001826 19.507652 0.254923 0.254890 19.328419 0.002255 0.000345 0.001888 0.002023 0.000200 0.000037 0.000007 0.000013 0.000086 0.000013 0.000085 0.001632 0.000191 0.002091 27.541965 0.308091 
0.004733 0.114000 0.001141 0.000027 0.000042 0.001682 14.697376 0.019804 0.023822 28.019670 0.309217 0.309152 27.465382 0.001741 0.000041 0.000085 0.001646 0.000086 0.000040 0.002870 2.688467 0.006862 0.001752 0.001638 0.000086 0.000008 0.000048 0.000259 0.002181 0.001802 0.000880 0.000921 0.001844 0.000202 0.002118 29.918228 0.002098 0.000190 0.001615 0.001459 
0.271620 26.660152 0.001617 0.000021 0.000003 0.000077 0.001602 0.000383 0.000413 0.001616 0.001483 0.001706 0.004551 0.004544 0.000133 0.000006 0.000021 0.000007 0.000087 0.001815 20.250204 0.001912 0.000142 0.000036 0.000002 0.000002 0.000112 0.003237 4.213273 5.160045 0.112326 0.116878 28.757019 0.002097 0.000192 0.001620 0.000082 0.000005 0.000019 0.000008 
0.239202 0.004675 0.000133 0.000002 0.000002 0.000027 0.000031 0.000007 0.000005 0.000020 0.000011 0.000047 0.001750 29.829653 0.001619 0.000020 0.000004 0.000078 0.001841 0.000345 0.002112 0.000354 0.001952 0.000115 0.000005 0.000020 0.001621 29.770218 0.005289 0.002094 0.000907 0.000894 0.001618 0.000084 0.000007 0.000020 0.000001 0.000000 0.000000 0.000000 
4.356006 0.001756 0.000030 0.000003 0.000064 0.001451 0.000148 0.000028 0.000002 0.000001 0.000000 0.000002 0.000073 0.001613 0.000070 0.000002 0.000020 0.001615 27.610638 0.002157 0.000227 0.002164 29.843443 0.003009 0.000108 0.000008 0.000084 0.001892 0.000197 0.000115 0.000014 0.000007 0.000020 0.000005 0.000020 0.000003 0.000000 0.000000 0.000000 0.000000 
0.001705 0.000077 0.000003 0.000020 0.001491 2.088297 0.005207 0.001636 0.000125 0.000028 0.000002 0.000000 0.000001 0.000018 0.000001 0.000000 0.000008 0.001418 0.279204 0.001795 0.000079 0.000145 0.003143 29.837252 0.001927 0.000097 0.000038 0.000108 0.000201 0.001959 0.000085 0.000002 0.000003 0.000074 0.001620 0.000129 0.000027 0.000002 0.000000 0.000000 
0.000023 0.000001 0.000000 0.000023 0.001630 13.605729 4.008256 13.269665 0.004369 0.001706 0.000078 0.000002 0.000000 0.000000 0.000000 0.000000 0.000008 0.001414 0.278043 0.006877 0.001734 0.000119 0.000207 0.004728 0.004701 0.002063 0.001806 0.001858 0.005537 4.716898 0.001764 0.000033 0.000036 0.001730 29.733305 0.004508 0.001706 0.000084 0.000006 0.000024 
0.000000 0.000000 0.000000 0.000020 0.001489 2.087362 0.005302 0.001726 0.004488 29.835455 0.001837 0.000082 0.000002 0.000000 0.000000 0.000000 0.000022 0.001596 19.499861 2.682343 20.253065 0.001842 0.000105 0.001837 2.956664 10.531520 8.182838 12.796406 1.832058 3.626543 0.001932 0.000117 0.000229 0.004532 0.005681 0.009169 29.730804 0.002107 0.000198 0.001714 
0.000000 0.000000 0.000000 0.000001 0.000063 0.001421 0.000140 0.000037 0.000137 0.001841 0.000319 0.001831 0.000076 0.000001 0.000000 0.000002 0.000030 0.000089 0.001626 0.002754 0.001595 0.000077 0.000012 0.000601 0.053531 0.003235 0.001815 0.001567 0.002043 0.001835 0.000331 0.001967 0.004873 29.767836 0.002464 0.000357 0.001621 0.000192 0.002134 4.408010 
0.000000 0.000000 0.000000 0.000000 0.000001 0.000016 0.000002 0.000000 0.000003 0.000083 0.001836 27.543596 0.001614 0.000019 0.000002 0.000076 0.001678 0.000096 0.000031 0.000023 0.000019 0.000002 0.000006 0.000600 0.055093 0.000833 0.000043 0.000022 0.000027 0.000087 0.001842 27.484919 0.004575 0.001766 0.000093 0.000008 0.000020 0.000006 0.000087 0.001724 
0.000000 0.000000 0.000000 0.000000 0.000000 0.000000 0.000000 0.000000 0.000000 0.000011 0.001489 0.307501 0.001464 0.000011 0.000024 0.001713 4.395820 0.001723 0.000027 0.000001 0.000000 0.000000 0.000024 0.001731 4.747758 0.001743 0.000027 0.000001 0.000000 0.000011 0.001490 0.307190 0.001730 0.000053 0.000002 0.000000 0.000000 0.000000 0.000002 0.000027 
