0.000000 0.000000 0.000073 0.026749 0.000077 0.000001 0.000006 0.000000 0.000000 0.000000 0.000000 0.000000 0.000000 0.000000 0.000000 0.000073 0.026720 0.000153 0.000133 0.008366 3.438551 0.001505 0.000006 0.000000 0.000000 0.000000 0.000000 0.000000 0.000005 0.000000 0.000000 0.000006 0.001463 2.865961 0.001462 0.000006 0.000000 0.000000 0.000053 0.013130 
0.000000 0.000005 0.001450 9.170393 0.001841 0.000088 0.001455 0.000021 0.000000 0.000000 0.000000 0.000000 0.000000 0.000000 0.000005 0.001449 9.125778 0.013664 0.011549 8.272011 0.231805 0.000492 0.000001 0.000000 0.000000 0.000000 0.000000 0.000019 0.001291 0.000033 0.000007 0.000001 0.000053 0.002146 0.000052 0.000000 0.000000 0.000005 0.001403 2.852388 
0.000000 0.000000 0.000034 0.003954 0.004386 0.006384 9.163854 0.001451 0.000005 0.000000 0.000000 0.000000 0.000000 0.000000 0.000000 0.000022 0.001615 0.004054 2.643306 0.192200 8.177471 0.001443 0.000005 0.000000 0.000000 0.000000 0.000005 0.001348 1.875471 0.004166 0.001514 0.000306 0.001678 0.000431 0.001670 0.000023 0.000000 0.000000 0.000021 0.001470 
0.000000 0.000000 0.000007 0.001492 2.829738 2.883427 0.003095 0.000066 0.000000 0.000000 0.000000 0.000000 0.000006 0.000006 0.000000 0.000000 0.000023 0.001723 5.258006 0.004528 0.001529 0.000021 0.000000 0.000000 0.000000 0.000000 0.000006 0.001516 8.803823 0.532852 8.626978 0.213801 9.239202 0.162695 8.972316 0.001517 0.000007 0.000000 0.000007 0.000008 
0.000000 0.000005 0.000001 0.000246 0.100511 0.016988 0.000280 0.001725 0.000022 0.000000 0.000000 0.000020 0.001458 0.001459 0.000030 0.000000 0.000002 0.001062 2.044512 0.001163 0.000011 0.000000 0.000000 0.000000 0.000000 0.000000 0.000005 0.001348 1.876547 0.071254 0.162398 0.000939 0.001570 0.000339 0.003977 0.003949 0.000098 0.000074 0.001461 0.000075 
0.000076 0.001453 0.000102 0.001857 3.248061 0.018594 0.019952 9.162859 0.001452 0.000006 0.000006 0.001404 2.841074 2.871188 0.002652 0.000032 0.000007 0.001440 7.200656 0.001430 0.000006 0.000000 0.000000 0.000005 0.000000 0.000000 0.000000 0.000021 0.001384 0.003891 9.044298 0.001565 0.000023 0.000010 0.001535 9.147109 0.026755 0.026764 9.214427 0.026829 
0.028205 9.190709 0.017850 0.016122 2.795154 0.014564 0.000257 0.001568 0.000022 0.000000 0.000000 0.000021 0.001511 0.004388 9.149213 0.001471 0.000008 0.000051 0.001628 0.000022 0.000000 0.000000 0.000021 0.001450 0.000041 0.000007 0.000001 0.000007 0.000009 0.000099 0.026662 0.000074 0.000000 0.000000 0.000021 0.001453 0.000073 0.000075 0.001665 0.000129 
0.020184 0.004105 0.000087 0.000075 0.002826 9.193994 0.001570 0.000025 0.000007 0.000000 0.000000 0.000000 0.000007 0.000107 0.026748 0.000080 0.000027 0.001598 0.000052 0.000001 0.000006 0.000007 0.001460 9.169085 0.004418 0.001645 0.001060 0.001439 0.000076 0.000163 0.026675 0.000073 0.000000 0.000000 0.000000 0.000006 0.000000 0.000000 0.000050 0.001793 
2.043952 0.001571 0.000008 0.000001 0.000124 0.017953 0.000069 0.000027 0.001463 0.000021 0.000000 0.000000 0.000000 0.000075 0.026748 0.000210 0.001964 2.830453 0.001811 0.000102 0.001455 0.000024 0.000038 0.003620 2.516743 5.288484 2.065921 7.317135 0.025538 0.025845 9.119844 0.001449 0.000005 0.000000 0.000000 0.000006 0.000000 0.000005 0.001405 2.853610 
1.977621 0.001466 0.000007 0.000023 0.001869 0.016249 0.000107 0.001792 9.183843 0.001517 0.000007 0.000000 0.000005 0.001449 9.126739 0.018935 0.017383 2.955610 0.016475 0.018137 9.137223 0.001491 0.000013 0.000933 0.735471 0.010724 0.003071 0.001812 0.000084 0.000126 0.001667 0.000022 0.000000 0.000000 0.000021 0.001450 0.000021 0.000000 0.000021 0.001459 
0.001455 0.000021 0.000006 0.001411 2.851372 2.862266 0.001751 0.000080 0.004571 0.003901 0.000045 0.000000 0.000000 0.000022 0.001556 0.000251 0.019111 0.009238 0.000115 0.000135 0.017829 0.000064 0.000007 0.001450 7.772330 0.007654 0.005087 0.000121 0.000068 0.001824 0.000051 0.000000 0.000000 0.000005 0.001451 9.011045 0.001452 0.000005 0.000000 0.000006 
0.000006 0.000000 0.000000 0.000021 0.001580 0.004077 0.004120 0.000120 0.001984 3.612709 0.002658 0.000030 0.000000 0.000000 0.000022 0.001558 9.167976 0.007502 0.000121 0.000124 0.016136 0.000058 0.000001 0.000035 0.003979 0.010757 9.135705 0.007951 0.010377 8.982246 0.001453 0.000005 0.000000 0.000001 0.000257 0.103690 0.000256 0.000001 0.000000 0.000000 
0.000000 0.000000 0.000005 0.000000 0.000024 0.001641 2.898606 0.010904 0.010131 1.773119 1.739551 0.001418 0.000005 0.000000 0.000000 0.000057 0.007546 9.184190 0.018172 0.016510 2.982270 0.001478 0.000007 0.000007 0.001521 9.089465 0.014498 9.098611 0.089263 0.103754 0.000261 0.000001 0.000000 0.000007 0.001520 9.027316 0.001452 0.000005 0.000000 0.000000 
0.000000 0.000021 0.001448 0.000022 0.000008 0.001472 2.842781 0.001952 0.000164 0.002987 3.589615 0.001499 0.000006 0.000000 0.000000 0.000057 0.009808 0.004000 0.000132 0.001867 2.830344 0.001556 0.000023 0.000000 0.000022 0.001453 0.000135 0.001532 0.004076 9.000371 0.001558 0.000022 0.000001 0.000036 0.003952 0.003945 0.000034 0.000000 0.000000 0.000000 
0.000006 0.001455 9.014632 0.001462 0.000007 0.000023 0.001522 0.000093 0.001848 0.000111 0.001553 0.000021 0.000000 0.000000 0.000005 0.001450 9.166484 0.001529 0.000009 0.000024 0.001499 0.000087 0.001558 0.000022 0.000000 0.000005 0.000000 0.000008 0.000074 0.001797 0.000093 0.001557 0.000051 0.001668 9.184489 0.001517 0.000007 0.000000 0.000000 0.000000 
0.000001 0.000254 0.098394 0.000257 0.000001 0.000007 0.000029 0.001625 2.849632 0.001562 0.000024 0.000000 0.000000 0.000000 0.000000 0.000021 0.001452 0.000021 0.000000 0.000001 0.000040 0.001559 9.194010 0.001557 0.000022 0.000000 0.000000 0.000023 0.001731 0.000096 0.001800 9.194752 0.001666 0.000050 0.001451 0.000021 0.000000 0.000000 0.000000 0.000006 
0.000024 0.001562 9.015480 0.001668 0.000051 0.001467 0.000331 0.004688 2.875618 0.001563 0.000024 0.000000 0.000000 0.000000 0.000000 0.000000 0.000006 0.000000 0.000004 0.000184 0.001854 0.000220 0.002177 0.000115 0.001556 0.000022 0.000007 0.001459 9.193164 0.001672 0.000052 0.001555 0.000023 0.000000 0.000005 0.000000 0.000000 0.000000 0.000020 0.001459 
0.001557 0.000087 0.001555 0.000051 0.001666 8.973562 0.105810 9.007442 0.002945 0.000112 0.001562 0.000022 0.000000 0.000000 0.000000 0.000000 0.000006 0.000011 0.000383 0.008700 0.010854 0.008863 0.000662 0.003156 9.175716 0.001462 0.000007 0.000022 0.001450 0.000022 0.000001 0.000022 0.000000 0.000000 0.000000 0.000000 0.000000 0.000005 0.001405 2.853598 
1.985425 0.001553 0.000023 0.000001 0.000076 0.026692 0.000433 0.001840 0.000118 0.001866 9.193898 0.001555 0.000022 0.000000 0.000000 0.000020 0.001416 0.001713 0.010687 0.021249 22.324453 0.084860 0.066501 9.042615 0.003094 0.000066 0.000000 0.000000 0.000005 0.000000 0.000022 0.001551 0.000022 0.000000 0.000000 0.000000 0.000000 0.000000 0.000050 0.001793 
1.983334 0.001461 0.000006 0.000000 0.000074 0.026713 0.000178 0.000132 0.001864 0.000096 0.001675 0.000090 0.001555 0.000022 0.000006 0.001362 2.324108 4.884501 0.699623 15.547659 52.590801 15.427372 0.060365 0.029267 0.000513 0.001725 0.000022 0.000000 0.000000 0.000022 0.001559 9.000658 0.001451 0.000005 0.000000 0.000000 0.000000 0.000022 0.001663 0.000129 
0.001456 0.000021 0.000000 0.000007 0.001518 9.155847 0.026782 0.026778 9.156322 0.001671 0.000052 0.001672 9.193417 0.001459 0.000007 0.000036 0.002619 0.012307 22.324800 52.584064 273.277985 52.622852 22.347773 0.033416 0.025345 9.132877 0.001461 0.000007 0.000023 0.001557 0.000825 0.130378 0.000268 0.000001 0.000000 0.000000 0.000005 0.001450 9.156447 0.026760 
0.000006 0.000000 0.000000 0.000035 0.003980 0.009806 0.000136 0.000075 0.001450 0.000022 0.000000 0.000022 0.001449 0.000021 0.000000 0.000001 0.000184 0.008385 1.254712 16.634369 52.625984 15.386294 0.022033 0.009163 0.000364 0.015324 0.000099 0.000009 0.001474 8.826635 0.098582 8.831316 0.001451 0.000005 0.000000 0.000000 0.000000 0.000051 0.001724 0.000076 
0.000000 0.000000 0.000005 0.001450 9.168176 0.007541 0.000057 0.000001 0.000005 0.000000 0.000000 0.000000 0.000005 0.000000 0.000000 0.000000 0.000010 0.001695 3.908406 1.410305 22.370014 0.040614 0.011583 0.005032 0.001210 0.013307 0.001847 0.000065 0.000388 0.131592 0.000859 0.001801 0.000051 0.000000 0.000000 0.000000 0.000023 0.001667 0.000067 0.000001 
0.000000 0.000000 0.000000 0.000032 0.002972 9.039809 0.001457 0.000006 0.000000 0.000000 0.000000 0.000000 0.000000 0.000000 0.000000 0.000000 0.000006 0.001435 2.494463 0.048140 0.057706 0.010028 0.009925 7.722517 0.856147 2.184566 3.543190 0.010034 0.008306 8.986489 0.001804 0.000096 0.001669 0.000023 0.000000 0.000022 0.001557 9.158321 0.002786 0.000072 
0.000006 0.000000 0.000000 0.000001 0.000291 0.102836 0.000303 0.000009 0.000000 0.000000 0.000000 0.000000 0.000000 0.000000 0.000000 0.000000 0.000000 0.000033 0.003905 0.041759 0.002688 0.003699 9.017711 0.008693 0.010746 3.450853 0.008132 0.010696 9.166493 0.002787 0.000068 0.001730 9.157641 0.001670 0.000052 0.001559 0.000249 0.013547 2.865097 0.013616 
0.001459 0.000021 0.000000 0.000005 0.001455 9.067127 0.003972 0.001501 0.000021 0.000000 0.000000 0.000000 0.000000 0.000000 0.000000 0.000000 0.000000 0.000007 0.001515 9.113712 0.002337 0.000409 0.099223 0.000410 0.000069 0.001562 0.000216 0.011356 0.003940 0.000047 0.000001 0.000076 0.026746 0.000127 0.001827 9.165979 0.018356 0.016711 2.862327 0.021887 
2.855246 0.001575 0.000022 0.000001 0.000076 0.026952 0.026721 7.254866 0.001428 0.000005 0.000000 0.000000 0.000000 0.000000 0.000000 0.000000 0.000005 0.000000 0.000022 0.001460 0.000056 0.001681 9.019721 0.003085 0.000040 0.000028 0.001532 2.042254 0.001473 0.000007 0.000000 0.000073 0.026743 0.000079 0.000026 0.001456 0.000064 0.000075 0.002757 2.858515 
0.013541 0.004066 0.001586 0.000061 0.000146 0.026606 0.014900 1.683432 0.001028 0.000002 0.000000 0.000000 0.000000 0.000000 0.000000 0.000020 0.001403 0.000021 0.000000 0.000007 0.000009 0.000038 0.003089 9.013647 0.001769 0.000084 0.003914 7.153826 0.001506 0.000007 0.000006 0.001453 9.156528 0.001460 0.000007 0.000006 0.000000 0.000001 0.000067 0.001793 
0.013392 2.945589 2.957961 0.015794 0.017232 7.390106 1.543428 4.312129 0.001686 0.000023 0.000000 0.000000 0.000005 0.000000 0.000006 0.001459 2.853548 0.001469 0.000007 0.000023 0.001470 0.000086 0.000462 0.107933 0.000398 0.002253 3.962717 1.294984 0.001318 0.000006 0.000000 0.000022 0.001553 0.000022 0.000000 0.000006 0.000000 0.000024 0.001724 0.000130 
0.000117 0.016431 0.001825 0.000062 0.000086 0.004197 0.650163 2.667296 0.004059 0.001617 0.000075 0.000073 0.001450 0.000022 0.000007 0.001468 2.853578 0.001555 0.000023 0.001557 8.977276 0.026645 0.026646 8.972116 0.001673 0.000054 0.001537 0.001514 0.000048 0.000007 0.000000 0.000000 0.000022 0.000001 0.000022 0.001455 0.000050 0.001665 9.156562 0.026759 
0.000155 0.018099 0.000102 0.000001 0.000007 0.001511 8.391957 0.011269 0.013414 9.198818 0.026756 0.026749 9.147063 0.001527 0.000008 0.000022 0.001403 0.000021 0.000001 0.000259 0.103422 0.000414 0.000084 0.001463 0.000022 0.000000 0.000008 0.000065 0.001645 0.001481 0.000058 0.000063 0.001555 0.000051 0.001668 9.194656 0.001665 0.000050 0.001451 0.000073 
0.028260 9.140060 0.001451 0.000005 0.000000 0.000022 0.001451 0.000064 0.000063 0.001451 0.000074 0.000098 0.003953 0.003962 0.000035 0.000000 0.000005 0.000000 0.000022 0.001558 9.014527 0.001572 0.000026 0.000008 0.000000 0.000000 0.000032 0.002742 2.847537 2.971244 0.016087 0.017787 9.166675 0.001665 0.000050 0.001451 0.000022 0.000000 0.000005 0.000000 
0.022863 0.003981 0.000034 0.000000 0.000000 0.000006 0.000007 0.000000 0.000000 0.000005 0.000000 0.000007 0.001520 9.184091 0.001450 0.000005 0.000000 0.000022 0.001556 0.000090 0.001676 0.000091 0.001570 0.000033 0.000000 0.000005 0.001451 9.170276 0.004419 0.001618 0.000060 0.000062 0.001450 0.000022 0.000000 0.000005 0.000000 0.000000 0.000000 0.000000 
2.852888 0.001487 0.000006 0.000000 0.000019 0.001296 0.000034 0.000007 0.000000 0.000000 0.000000 0.000000 0.000021 0.001449 0.000021 0.000000 0.000005 0.001450 9.156152 0.001677 0.000054 0.001677 9.178161 0.002689 0.000032 0.000001 0.000022 0.001565 0.000046 0.000025 0.000000 0.000000 0.000005 0.000000 0.000005 0.000000 0.000000 0.000000 0.000000 0.000000 
0.001459 0.000021 0.000000 0.000005 0.001348 1.875660 0.004170 0.001508 0.000035 0.000007 0.000000 0.000000 0.000000 0.000005 0.000000 0.000000 0.000000 0.000073 0.026688 0.000084 0.000010 0.000036 0.002729 9.184835 0.001617 0.000023 0.000002 0.000025 0.000041 0.001509 0.000021 0.000000 0.000000 0.000022 0.001450 0.000035 0.000007 0.000000 0.000000 0.000000 
0.000006 0.000000 0.000000 0.000006 0.001516 8.784328 0.574129 8.474660 0.003933 0.001517 0.000022 0.000000 0.000000 0.000000 0.000000 0.000000 0.000000 0.000073 0.026672 0.000411 0.001480 0.000027 0.000051 0.004039 0.003981 0.001727 0.001089 0.001626 0.004593 2.874999 0.001468 0.000007 0.000007 0.001522 9.174185 0.003964 0.001517 0.000023 0.000000 0.000006 
0.000000 0.000000 0.000000 0.000005 0.001348 1.875498 0.004248 0.001580 0.004017 9.184826 0.001555 0.000022 0.000000 0.000000 0.000000 0.000000 0.000006 0.001451 8.976751 0.103286 9.013548 0.001561 0.000025 0.001555 2.571487 5.368219 2.231608 8.748090 0.866557 2.698095 0.001551 0.000026 0.000054 0.003959 0.004467 0.007196 9.176072 0.001661 0.000049 0.001461 
0.000000 0.000000 0.000000 0.000000 0.000019 0.001289 0.000034 0.000008 0.000036 0.001556 0.000088 0.001555 0.000022 0.000000 0.000000 0.000000 0.000006 0.000024 0.001461 0.000254 0.001451 0.000022 0.000000 0.000054 0.012196 0.001960 0.001087 0.001458 0.000882 0.001495 0.000088 0.001630 0.004103 9.177034 0.001815 0.000083 0.001453 0.000050 0.001598 2.857343 
0.000000 0.000000 0.000000 0.000000 0.000000 0.000005 0.000000 0.000000 0.000000 0.000022 0.001556 9.156360 0.001450 0.000005 0.000000 0.000021 0.001411 0.000023 0.000007 0.000001 0.000005 0.000000 0.000000 0.000052 0.012334 0.000090 0.000002 0.000006 0.000001 0.000022 0.001553 9.148149 0.003959 0.001523 0.000023 0.000000 0.000005 0.000000 0.000022 0.001462 
0.000000 0.000000 0.000000 0.000000 0.000000 0.000000 0.000000 0.000000 0.000000 0.000000 0.000074 0.026724 0.000073 0.000000 0.000006 0.001459 2.853748 0.001462 0.000006 0.000000 0.000000 0.000000 0.000006 0.001467 2.941385 0.001470 0.000006 0.000000 0.000000 0.000000 0.000074 0.026728 0.000099 0.000008 0.000000 0.000000 0.000000 0.000000 0.000000 0.000006 
