0.000022 0.000258 0.004178 10.562292 0.004994 0.000641 0.000161 0.000033 0.000004 0.000000 0.000000 0.000000 0.000001 0.000016 0.000255 0.004172 9.793732 0.029578 0.020011 0.034161 24.325539 0.001726 0.000118 0.000010 0.000001 0.000000 0.000004 0.000029 0.000087 0.000060 0.000056 0.000216 0.001885 18.670586 0.001822 0.000172 0.000063 0.000384 0.005157 0.330811 
0.000009 0.000076 0.001427 158.566788 0.002973 0.001166 0.001574 0.000156 0.000018 0.000001 0.000000 0.000000 0.000001 0.000008 0.000074 0.001426 157.250031 0.076083 0.071282 102.067596 3.844880 0.003105 0.000178 0.000012 0.000001 0.000002 0.000020 0.000171 0.001462 0.000385 0.000214 0.000839 0.007788 0.825067 0.007160 0.000578 0.000080 0.000137 0.001695 15.442029 
0.000007 0.000041 0.000328 0.004364 0.006118 0.008590 345.804810 0.001451 0.000066 0.000005 0.000001 0.000002 0.000006 0.000012 0.000034 0.000184 0.001816 0.004544 5.931415 0.816026 98.436417 0.001431 0.000070 0.000006 0.000001 0.000005 0.000067 0.001473 3.565156 0.004868 0.001592 0.002473 0.009921 0.822934 0.008997 0.000884 0.000156 0.000122 0.000397 0.002756 
0.000026 0.000052 0.000271 0.001906 10.645718 19.656271 0.029555 0.002267 0.000212 0.000018 0.000006 0.000024 0.000079 0.000086 0.000050 0.000073 0.000280 0.002022 44.368256 0.004777 0.001719 0.000173 0.000022 0.000003 0.000001 0.000006 0.000069 0.001443 44.547745 12.036636 34.576561 17.609264 198.855453 15.510648 39.311844 0.002007 0.000587 0.000420 0.000341 0.000926 
0.000277 0.000219 0.001059 0.004105 5.915288 2.341338 0.027820 0.004077 0.000385 0.000045 0.000034 0.000197 0.001669 0.001677 0.000254 0.000102 0.000163 0.001545 16.588179 0.001762 0.000226 0.000041 0.000009 0.000005 0.000004 0.000009 0.000078 0.001493 3.577828 0.817642 14.508992 0.004089 0.001983 0.002441 0.004177 0.004351 0.004994 0.004466 0.001767 0.005187 
0.003900 0.001618 0.007666 0.010951 84.908997 3.980630 3.991334 222.872467 0.001443 0.000075 0.000090 0.001645 15.402441 15.761441 0.002708 0.000362 0.000266 0.001658 19.582600 0.001437 0.000093 0.000022 0.000023 0.000047 0.000031 0.000024 0.000070 0.000478 0.004455 0.007191 56.903648 0.001954 0.000436 0.000386 0.001868 149.531677 15.385044 15.393304 280.685883 13.921837 
1.370312 272.354034 0.688252 0.678478 6.764453 3.742571 0.009700 0.002516 0.000275 0.000046 0.000044 0.000288 0.002478 0.005670 161.240265 0.003258 0.001823 0.002871 0.090180 0.004936 0.000199 0.000074 0.000180 0.001427 0.000300 0.000142 0.000144 0.000435 0.002600 0.009229 5.205893 0.005197 0.000464 0.000119 0.000206 0.001470 0.004388 0.005534 0.008901 0.294191 
1.171252 0.006499 0.008657 0.010610 0.013905 269.772797 0.002537 0.000963 0.000224 0.000048 0.000022 0.000089 0.000654 0.005254 8.405212 0.056677 0.048618 0.005379 0.093157 0.070172 0.002211 0.002130 0.003620 347.214783 0.004732 0.001962 0.001524 0.001860 0.009805 0.022316 5.212091 0.004919 0.000348 0.000045 0.000041 0.000113 0.000399 0.001111 0.006978 0.294395 
12.185236 0.003698 0.001592 0.002693 0.010945 1.520409 0.014949 0.006272 0.001663 0.000187 0.000039 0.000046 0.000344 0.004365 8.401856 0.521148 0.526376 14.045716 0.614105 0.579105 0.003713 0.086647 0.234724 2.624115 7.784672 35.360104 22.258801 25.598238 2.423436 2.431357 175.741257 0.001445 0.000089 0.000019 0.000029 0.000076 0.000096 0.000210 0.001789 15.552051 
9.298540 0.002464 0.000598 0.001667 0.014240 1.509769 0.125417 0.128887 345.683258 0.001586 0.000127 0.000041 0.000096 0.001448 148.391876 17.048508 15.946777 53.400154 4.745811 4.757745 237.817001 1.367273 1.378772 2.591846 5.407958 0.547104 0.516066 0.041080 0.044773 0.166300 0.007082 0.000507 0.000054 0.000029 0.000130 0.001405 0.000158 0.000089 0.000235 0.001678 
0.001842 0.000354 0.000239 0.001853 15.662715 15.446242 0.026523 0.023746 0.038424 0.004245 0.000439 0.000087 0.000053 0.000370 0.011360 0.306258 13.711124 46.488632 17.517454 17.775745 67.183960 7.507479 7.129161 7.477534 115.395912 0.533370 0.523099 0.037762 0.033018 0.169417 0.005338 0.000352 0.000042 0.000072 0.001400 69.840096 0.001419 0.000089 0.000049 0.000085 
0.000104 0.000060 0.000079 0.000324 0.002294 0.005417 0.030138 0.031202 0.034710 58.857956 0.003042 0.000300 0.000087 0.000855 0.009814 0.011486 303.163391 39.740898 34.120735 35.457718 67.248993 20.109705 19.094032 17.532360 42.393764 10.310631 197.773270 0.048534 0.052191 145.258728 0.001492 0.000125 0.000043 0.000177 0.003025 16.643112 0.002985 0.000153 0.000018 0.000009 
0.000020 0.000032 0.000074 0.000136 0.000431 0.002341 16.248377 0.447844 0.442373 4.779510 4.178659 0.002546 0.001362 0.024623 0.235337 0.861031 1.286784 283.386353 58.849266 58.979607 86.063560 32.867077 32.350708 37.817444 40.005585 205.047318 24.350100 293.245911 4.075818 4.081045 0.003290 0.000252 0.000069 0.000154 0.001543 70.002068 0.001390 0.000062 0.000006 0.000001 
0.000034 0.000141 0.001408 0.000234 0.000271 0.001951 15.183439 0.070401 0.068601 0.066468 64.756119 0.036018 0.034223 0.360288 1.603409 3.629132 1.703307 105.305870 84.948044 85.451553 130.183060 59.778133 58.917885 48.035744 32.963993 17.696882 9.005151 3.926676 3.976780 143.475479 0.001835 0.000325 0.000172 0.000414 0.003921 0.003833 0.000239 0.000027 0.000003 0.000001 
0.000126 0.001473 89.866936 0.001643 0.000273 0.000548 0.003232 0.009002 0.071848 0.008227 0.018271 0.032770 0.388560 2.206924 5.368594 5.481981 337.041504 142.727127 144.956451 127.385376 136.553452 65.249092 61.734074 52.228130 31.565527 17.578213 8.905662 3.788656 0.599992 0.034409 0.002243 0.001885 0.000618 0.002334 347.979584 0.001541 0.000091 0.000012 0.000004 0.000006 
0.000410 0.003780 14.929379 0.003895 0.000466 0.000416 0.001219 0.003342 16.305992 0.016461 0.016836 0.289081 1.809390 5.424298 13.508931 15.168528 45.979370 72.334297 107.842979 133.251129 164.368515 130.437759 218.695251 44.725327 42.355034 20.302954 11.906627 4.929707 0.594351 0.032210 0.034409 348.197632 0.002212 0.000513 0.001439 0.000148 0.000024 0.000010 0.000025 0.000078 
0.000563 0.002062 89.967941 0.002241 0.000648 0.001773 0.003997 0.006662 15.565541 0.118046 0.130517 1.595245 5.057743 10.357408 22.233301 28.584023 48.285995 70.656883 106.567146 130.626801 190.762207 143.456741 124.405884 48.242725 44.097469 34.596878 22.818113 22.402555 346.286102 0.121413 0.120762 0.107970 0.001970 0.000106 0.000056 0.000019 0.000009 0.000028 0.000194 0.001668 
0.002617 0.001062 0.001990 0.000713 0.002266 48.182873 14.616608 51.024410 0.013226 0.009984 0.130465 2.276043 7.040020 14.427751 28.166761 40.637726 57.697510 83.102249 111.205078 143.803833 201.444336 167.537430 141.338501 90.212158 228.218430 42.725918 41.285542 33.650558 15.837861 3.210450 1.406784 0.103841 0.002058 0.000038 0.000006 0.000003 0.000009 0.000097 0.001646 15.549609 
10.042166 0.002527 0.000504 0.000642 0.004968 2.397347 0.279335 0.226568 0.024500 0.026832 346.280670 31.174080 29.942961 36.438507 49.484138 64.429268 86.937088 94.549667 123.162231 148.207062 200.536667 207.252640 199.116592 160.642807 85.064835 69.239235 53.482510 33.139194 15.972443 6.076610 2.153355 0.103602 0.002051 0.000040 0.000003 0.000002 0.000023 0.000403 0.005765 0.235286 
10.004346 0.002075 0.000267 0.000464 0.004594 2.402751 0.274984 0.224675 0.026548 0.059182 0.441216 1.034709 27.889154 38.824932 53.145966 70.088272 86.314659 161.234879 163.179703 180.466827 219.873367 213.963333 164.392410 131.091965 88.774529 76.654602 76.220695 46.366631 32.179943 22.600443 19.289326 42.853039 0.001374 0.000054 0.000005 0.000004 0.000041 0.000565 0.007534 0.233301 
0.001844 0.000276 0.000092 0.000182 0.001593 128.408585 5.987707 5.990647 166.111130 0.448124 0.434538 0.428471 328.043701 240.766983 236.825150 202.036774 177.912262 153.460724 183.065964 205.063034 390.175568 250.173111 230.686615 202.747025 189.763748 179.492386 67.367760 61.531902 42.045380 32.091503 28.288879 13.271317 0.001981 0.000102 0.000009 0.000007 0.000055 0.001403 159.680847 6.974258 
0.000098 0.000045 0.000052 0.000287 0.004007 0.011556 0.006605 0.004661 0.003189 0.149751 1.423464 4.359530 14.023857 27.714577 45.589088 65.292938 89.207878 118.719566 139.517303 168.524612 209.562592 234.774124 207.245514 167.074341 139.831406 111.204170 88.000694 74.814072 52.299522 44.368202 9.613920 36.694149 0.001377 0.000070 0.000012 0.000015 0.000096 0.000638 0.003977 0.007179 
0.000011 0.000012 0.000055 0.001438 347.551483 0.008857 0.001365 0.000539 0.001701 0.085355 1.224448 5.720215 14.030796 26.666288 42.476192 59.329525 78.749268 97.997940 127.636002 154.260208 190.619949 207.529190 215.230286 157.714188 133.345749 111.841370 73.675980 63.116497 27.724134 14.202030 0.011302 0.004585 0.000693 0.000146 0.000055 0.000062 0.000296 0.002329 0.002249 0.002498 
0.000010 0.000009 0.000038 0.000332 0.004077 50.170170 0.001497 0.000167 0.000335 0.019910 0.479472 2.957743 8.601660 17.057014 28.492323 41.546528 56.183998 84.492035 97.720673 147.091614 167.762756 169.069626 206.940582 143.763092 116.801453 109.323906 62.553852 35.326729 28.024084 43.021328 0.004666 0.002921 0.002318 0.000865 0.000579 0.000304 0.001844 315.914886 0.011886 0.009143 
0.000082 0.000039 0.000041 0.000198 0.002451 15.738948 0.002684 0.000307 0.000072 0.001969 0.081304 1.017260 4.051087 9.737319 18.881769 28.364334 41.896656 69.995598 76.916351 141.850220 137.014923 135.590271 161.278854 90.983719 83.880989 70.716980 34.126068 33.405575 342.155975 0.019367 0.006585 0.008307 159.272369 0.009141 0.007364 0.001849 0.008872 0.445029 15.806927 0.327105 
0.001672 0.000290 0.000125 0.000252 0.001590 55.644009 0.004076 0.001749 0.000171 0.000119 0.005923 0.162027 1.349641 4.490089 11.249549 16.638971 31.144316 54.229984 61.023968 162.327667 103.492294 102.730087 92.780785 83.280983 65.256187 48.291389 24.103668 10.059722 0.497453 0.277636 0.021183 0.020758 7.719810 0.549886 0.555081 319.295715 0.507359 0.497292 15.727756 0.355944 
15.448338 0.002483 0.000618 0.001558 0.006546 0.533596 0.524927 22.550800 0.001367 0.000063 0.000234 0.010404 0.214910 1.500884 5.795538 8.498529 23.051653 41.795193 65.369789 44.729630 76.746811 76.066574 114.591591 56.897663 42.672661 51.514858 31.477936 13.121898 0.495603 0.260175 0.017551 0.017395 7.723734 0.014170 0.007907 0.001661 0.005372 0.007508 0.011892 15.705530 
0.688665 0.005776 0.002566 0.009383 0.020065 0.532408 0.534399 15.211385 0.001613 0.000134 0.000048 0.000440 0.017489 0.330015 2.440556 3.231335 22.464531 36.301830 33.251228 39.382065 72.640549 60.615974 39.991497 74.855064 21.118683 20.645884 26.733265 185.436996 0.015683 0.013993 0.001412 0.002771 159.221786 0.002091 0.000695 0.000243 0.000626 0.001831 0.009699 0.243735 
0.716581 16.949703 21.573978 1.596647 1.599481 38.391193 11.094289 20.412718 0.002122 0.000365 0.000351 0.000290 0.001064 0.030135 0.371393 0.405154 43.096069 18.330549 19.955175 19.764456 76.366173 26.283331 28.796885 19.459295 9.498591 9.614561 172.362991 1.851391 0.001899 0.000489 0.000167 0.000322 0.001881 0.000315 0.000162 0.000146 0.000265 0.001229 0.011562 0.241643 
0.335023 1.309104 0.012444 0.010082 0.008450 0.006247 7.083409 7.744294 0.004705 0.001907 0.004395 0.004218 0.002417 0.001395 0.014672 0.017274 15.560128 6.007387 8.251842 8.309847 111.471870 14.020175 13.794433 48.470211 0.873028 0.839116 0.009426 0.002777 0.000731 0.000338 0.000573 0.000660 0.000387 0.000218 0.000312 0.001554 0.000538 0.002158 159.808075 6.903259 
0.343359 1.318549 0.008520 0.001871 0.001146 0.002651 58.728195 0.027925 0.031989 160.588181 10.619180 10.618999 157.757141 0.002045 0.000606 0.001631 0.008015 1.189043 3.586194 3.657259 22.276068 8.220243 6.949345 0.358122 0.305218 0.220518 0.007596 0.001114 0.002662 0.002112 0.006505 0.006676 0.001918 0.000630 0.002346 348.296295 0.002177 0.000482 0.001440 0.004033 
1.668436 205.178421 0.001614 0.000237 0.000163 0.000331 0.001591 0.001738 0.001721 0.001473 0.004353 0.005063 0.004546 0.004465 0.000355 0.000224 0.003854 0.142082 0.683544 0.653822 50.379902 5.183840 5.467336 0.332888 0.030745 0.008174 0.000795 0.003771 11.205392 32.644497 3.311212 3.322091 278.430145 0.002190 0.000525 0.001466 0.000229 0.000084 0.000086 0.000247 
1.457847 0.004326 0.000339 0.000074 0.000071 0.000179 0.000206 0.000222 0.000183 0.000117 0.000339 0.000586 0.002144 347.991028 0.001480 0.000090 0.000558 0.025025 0.701567 0.060511 0.003238 0.451194 5.633061 0.269159 0.009181 0.000479 0.001877 347.765411 0.005803 0.002857 0.007034 0.006307 0.001510 0.000260 0.000115 0.000076 0.000031 0.000011 0.000008 0.000016 
14.957171 0.001794 0.000151 0.000069 0.000227 0.001670 0.000465 0.000162 0.000071 0.000037 0.000043 0.000074 0.000211 0.001424 0.000146 0.000043 0.000106 0.001478 206.909592 0.003100 0.001369 0.003163 347.607483 0.086828 0.002651 0.000177 0.000308 0.002130 0.000905 0.000797 0.000799 0.000525 0.000132 0.000088 0.000089 0.000051 0.000018 0.000005 0.000002 0.000002 
0.001664 0.000216 0.000057 0.000101 0.001585 4.182938 0.004905 0.001528 0.000270 0.000104 0.000036 0.000018 0.000025 0.000045 0.000021 0.000031 0.000306 0.004578 4.320771 0.006569 0.001187 0.000832 0.003441 347.954712 0.001954 0.000346 0.000284 0.000532 0.000907 0.002719 0.000482 0.000143 0.000083 0.000201 0.001482 0.000280 0.000100 0.000032 0.000011 0.000008 
0.000078 0.000029 0.000017 0.000075 0.001431 32.745533 16.304682 32.303383 0.003807 0.001555 0.000189 0.000041 0.000011 0.000005 0.000004 0.000022 0.000301 0.004565 4.311688 0.011419 0.002609 0.000676 0.000830 0.004986 0.004629 0.002068 0.001688 0.002072 0.005563 27.628794 0.001937 0.000235 0.000218 0.001702 347.630432 0.003960 0.001552 0.000256 0.000101 0.000097 
0.000006 0.000003 0.000007 0.000074 0.001543 4.172176 0.004891 0.001601 0.003975 348.031708 0.001744 0.000205 0.000036 0.000006 0.000003 0.000014 0.000103 0.001420 47.665836 14.658395 50.525326 0.002062 0.000602 0.002382 6.366055 29.945448 26.695078 34.826923 5.907181 8.261086 0.002298 0.000524 0.000659 0.004134 0.005655 0.008791 347.605133 0.002337 0.000618 0.001698 
0.000000 0.000000 0.000002 0.000021 0.000177 0.001473 0.000376 0.000177 0.000348 0.001851 0.000697 0.001688 0.000168 0.000025 0.000011 0.000037 0.000144 0.000247 0.001493 0.002273 0.001381 0.000278 0.000714 0.007286 0.516806 0.010404 0.002289 0.001517 0.002081 0.002088 0.000935 0.002095 0.004644 347.820740 0.002820 0.000932 0.001470 0.000567 0.002517 15.621759 
0.000000 0.000000 0.000000 0.000003 0.000019 0.000059 0.000038 0.000026 0.000069 0.000298 0.001788 158.412521 0.001450 0.000096 0.000055 0.000229 0.001736 0.000328 0.000158 0.000129 0.000065 0.000077 0.000526 0.006797 0.522271 0.007822 0.000818 0.000174 0.000195 0.000392 0.001892 158.376465 0.004710 0.002298 0.000418 0.000140 0.000079 0.000100 0.000312 0.001753 
0.000000 0.000000 0.000000 0.000000 0.000002 0.000005 0.000004 0.000005 0.000033 0.000343 0.004383 10.578212 0.004368 0.000352 0.000167 0.001785 15.588461 0.001745 0.000128 0.000031 0.000013 0.000022 0.000152 0.001784 17.988075 0.001870 0.000213 0.000050 0.000067 0.000383 0.004451 10.539860 0.005315 0.000721 0.000119 0.000024 0.000011 0.000015 0.000051 0.000134 
