0.000003 0.000143 0.004740 1.528885 0.005408 0.000308 0.000079 0.000012 0.000001 0.000000 0.000000 0.000000 0.000000 0.000003 0.000142 0.004734 1.480633 0.015425 0.006300 0.020742 8.015649 0.001964 0.000079 0.000003 0.000000 0.000000 0.000001 0.000010 0.000051 0.000020 0.000013 0.000093 0.001990 6.320237 0.001951 0.000074 0.000008 0.000099 0.003411 0.168306 
0.000002 0.000050 0.001695 40.328396 0.003204 0.000911 0.001770 0.000144 0.000008 0.000000 0.000000 0.000000 0.000000 0.000002 0.000049 0.001693 39.545074 0.045540 0.040509 27.672695 1.005631 0.003611 0.000130 0.000003 0.000000 0.000000 0.000008 0.000132 0.001556 0.000303 0.000099 0.000260 0.003331 0.143237 0.003094 0.000109 0.000009 0.000058 0.001822 5.570618 
0.000001 0.000016 0.000289 0.005001 0.006873 0.009584 57.720135 0.001708 0.000046 0.000001 0.000000 0.000000 0.000002 0.000003 0.000013 0.000170 0.002148 0.005302 3.409287 0.364939 26.562212 0.001697 0.000052 0.000002 0.000000 0.000002 0.000048 0.001606 2.233115 0.005509 0.001772 0.002603 0.005741 0.141990 0.005193 0.000305 0.000029 0.000028 0.000230 0.002489 
0.000004 0.000011 0.000129 0.002021 4.896810 6.055573 0.024301 0.001282 0.000064 0.000003 0.000001 0.000010 0.000059 0.000061 0.000019 0.000029 0.000234 0.002351 15.506488 0.005767 0.002031 0.000161 0.000010 0.000000 0.000000 0.000002 0.000056 0.001724 17.734159 3.082006 16.150784 5.972406 39.892422 5.211274 17.363140 0.002032 0.000319 0.000197 0.000139 0.000457 
0.000136 0.000086 0.000473 0.004458 1.768319 0.627827 0.023493 0.003515 0.000236 0.000015 0.000013 0.000167 0.001878 0.001882 0.000221 0.000041 0.000096 0.001907 7.011136 0.002228 0.000196 0.000018 0.000002 0.000001 0.000001 0.000002 0.000050 0.001613 2.236690 0.505581 4.292281 0.005561 0.002168 0.003133 0.004977 0.004927 0.005566 0.005000 0.001870 0.005668 
0.004145 0.001769 0.005263 0.009019 12.158757 0.936273 0.941063 45.601658 0.001715 0.000055 0.000062 0.001827 5.570076 5.661872 0.003191 0.000254 0.000114 0.001682 9.275169 0.001593 0.000058 0.000006 0.000010 0.000041 0.000015 0.000006 0.000020 0.000210 0.002709 0.005903 22.160582 0.002107 0.000275 0.000293 0.002147 39.614513 1.741532 1.743804 57.263950 1.989266 
0.588852 49.517441 0.298553 0.290892 4.282898 0.788074 0.010367 0.002284 0.000204 0.000016 0.000014 0.000196 0.002410 0.006387 40.369324 0.002011 0.000256 0.000518 0.002829 0.000217 0.000023 0.000016 0.000147 0.001698 0.000289 0.000098 0.000078 0.000139 0.000921 0.007198 1.014376 0.004937 0.000192 0.000035 0.000173 0.001725 0.004890 0.005387 0.003949 0.052867 
0.505907 0.006128 0.005346 0.005848 0.009821 54.458618 0.002306 0.000367 0.000118 0.000016 0.000003 0.000022 0.000360 0.005743 1.438878 0.008985 0.002276 0.002746 0.000958 0.000290 0.000082 0.000094 0.001805 58.234352 0.005237 0.002026 0.001911 0.001761 0.006641 0.018418 1.016906 0.004746 0.000148 0.000007 0.000014 0.000066 0.000175 0.000306 0.001703 0.054655 
4.446293 0.002785 0.000451 0.000683 0.006814 0.390115 0.006550 0.001247 0.001846 0.000160 0.000013 0.000008 0.000175 0.004874 1.437946 0.044196 0.046058 5.364771 0.008732 0.005287 0.001760 0.000290 0.000526 0.006475 3.104874 13.003373 8.771843 10.932273 0.610401 0.615829 37.163502 0.001691 0.000050 0.000004 0.000012 0.000054 0.000029 0.000079 0.001860 5.610965 
3.583300 0.002224 0.000190 0.000622 0.010306 0.382313 0.016165 0.019342 58.045654 0.001852 0.000087 0.000011 0.000055 0.001698 37.327801 0.318300 0.311379 6.268617 0.403538 0.410552 44.172562 0.002284 0.000421 0.003157 1.362004 0.297473 0.277464 0.013700 0.012020 0.023837 0.003251 0.000219 0.000014 0.000012 0.000134 0.001672 0.000145 0.000036 0.000179 0.001883 
0.001991 0.000231 0.000114 0.001936 5.598413 5.641518 0.006175 0.003300 0.014898 0.004989 0.000397 0.000037 0.000017 0.000164 0.002031 0.008951 0.319281 0.044703 0.024653 0.037389 0.461311 0.005448 0.000394 0.002177 22.007883 0.290067 0.283777 0.010770 0.005323 0.026987 0.001133 0.000060 0.000007 0.000052 0.001669 25.532665 0.001681 0.000059 0.000019 0.000061 
0.000068 0.000019 0.000026 0.000222 0.002416 0.005956 0.010088 0.007060 0.010831 10.101852 0.003476 0.000244 0.000020 0.000022 0.000196 0.002061 50.503662 0.039879 0.026315 0.039892 0.454609 0.005629 0.000281 0.000348 0.004880 0.088664 53.590801 0.023629 0.027761 32.805634 0.001715 0.000062 0.000011 0.000140 0.003896 4.321757 0.003860 0.000130 0.000005 0.000002 
0.000005 0.000012 0.000049 0.000057 0.000288 0.002484 5.795212 0.149831 0.146901 2.863593 2.577482 0.001888 0.000064 0.000007 0.000043 0.000624 0.010436 48.893585 0.548286 0.540578 7.059645 0.007004 0.001708 0.000178 0.001946 47.407761 0.560832 38.509697 1.055972 1.064931 0.003553 0.000154 0.000018 0.000099 0.001811 25.624392 0.001668 0.000050 0.000002 0.000000 
0.000013 0.000138 0.001669 0.000184 0.000152 0.002071 5.553891 0.014239 0.010753 0.012731 10.529529 0.001943 0.000063 0.000005 0.000032 0.000662 0.014192 1.637616 0.397323 0.491713 21.180691 0.113811 0.040496 0.001705 0.000235 0.001778 0.004428 0.001999 0.005111 32.666878 0.002083 0.000234 0.000074 0.000351 0.004701 0.004642 0.000255 0.000013 0.000000 0.000000 
0.000074 0.001717 28.173008 0.001810 0.000134 0.000325 0.003088 0.002358 0.013985 0.002080 0.002437 0.000210 0.000012 0.000003 0.000047 0.001722 55.228127 1.620492 1.548514 2.186639 59.800121 0.637955 0.043781 0.009544 0.000997 0.000111 0.000155 0.000186 0.000834 0.003440 0.000969 0.002119 0.000509 0.002594 58.496380 0.001831 0.000074 0.000004 0.000001 0.000002 
0.000235 0.004392 3.379491 0.004520 0.000269 0.000189 0.000826 0.003236 5.779235 0.002446 0.000307 0.000028 0.000001 0.000005 0.000540 0.042221 1.478643 2.436925 4.238360 6.814424 41.385914 15.742380 34.584576 0.012312 0.009599 0.000944 0.000077 0.000280 0.003060 0.001166 0.003512 58.706757 0.002520 0.000453 0.001705 0.000146 0.000011 0.000002 0.000010 0.000059 
0.000342 0.002196 28.204781 0.002491 0.000496 0.001848 0.004930 0.007455 5.662226 0.002393 0.000285 0.000027 0.000002 0.000042 0.002512 0.095668 1.432294 4.242016 10.923725 12.796423 45.446835 29.361504 27.787600 0.393397 0.012869 0.008781 0.001509 0.003150 58.647614 0.002698 0.000588 0.002082 0.000233 0.000042 0.000044 0.000009 0.000002 0.000010 0.000165 0.001878 
0.002616 0.000837 0.002123 0.000522 0.002459 21.077557 4.713645 22.171886 0.004941 0.001243 0.002198 0.000204 0.000036 0.001118 0.032579 0.555547 2.928147 10.757775 17.534353 32.903233 52.666302 49.711819 28.658340 9.486120 37.337456 0.041321 0.035551 0.001987 0.002172 0.000230 0.000096 0.000209 0.000040 0.000004 0.000002 0.000000 0.000002 0.000052 0.001808 5.608541 
3.731837 0.002529 0.000292 0.000290 0.005073 0.897289 0.078520 0.048855 0.003290 0.005886 58.640648 0.002409 0.000572 0.026047 0.241061 1.855586 5.297859 11.450440 24.507870 34.923836 70.686996 78.004028 56.980232 34.019485 7.572949 4.604073 0.646991 0.029488 0.000531 0.000057 0.000197 0.001960 0.000154 0.000009 0.000000 0.000000 0.000002 0.000063 0.001500 0.048201 
3.713152 0.002112 0.000119 0.000203 0.004765 0.900154 0.072444 0.046394 0.005793 0.001365 0.002679 0.000839 0.002656 0.376789 1.162318 2.764376 6.955019 37.464642 35.155830 52.591915 97.474152 83.751884 46.720074 24.830746 8.759568 5.120646 0.819311 0.049659 0.001150 0.000196 0.001950 19.081696 0.001634 0.000045 0.000002 0.000001 0.000011 0.000227 0.003653 0.045949 
0.002003 0.000201 0.000029 0.000099 0.001834 34.414047 1.353798 1.355112 40.621613 0.002628 0.000569 0.002662 52.524815 11.291488 11.273361 13.430339 24.563204 31.984602 57.576118 85.967926 386.904358 119.385773 92.093010 62.237991 49.141815 28.572958 0.028114 0.020155 0.003286 0.001951 0.006079 4.597314 0.002722 0.000087 0.000003 0.000002 0.000044 0.001684 40.231136 1.491611 
0.000067 0.000015 0.000020 0.000271 0.004768 0.013707 0.007320 0.005187 0.001711 0.000203 0.000060 0.000216 0.002543 0.468832 2.105470 6.611843 15.064311 26.980682 28.265659 46.315334 84.512062 74.099846 49.456070 29.750757 15.271028 6.711861 0.945261 0.092251 0.084214 17.031429 1.879137 16.986103 0.001632 0.000050 0.000002 0.000003 0.000042 0.000480 0.003135 0.006131 
0.000003 0.000003 0.000043 0.001702 58.177269 0.010335 0.001027 0.000277 0.000059 0.000011 0.000003 0.000015 0.000606 0.046747 0.544716 2.725858 9.383062 11.192411 23.036295 31.005548 56.123173 59.564560 59.568199 27.002039 15.290915 6.957049 0.993439 0.082184 0.055633 4.569507 0.008026 0.003155 0.000473 0.000047 0.000007 0.000022 0.000227 0.002548 0.000971 0.000706 
0.000002 0.000002 0.000016 0.000324 0.005128 21.885885 0.001708 0.000087 0.000008 0.000001 0.000000 0.000000 0.000027 0.001998 0.058844 0.717111 3.062816 7.090169 10.643312 37.945930 31.640493 35.417778 58.851807 23.696629 12.978999 20.776478 7.214940 0.055586 0.062153 19.149199 0.003189 0.001062 0.002507 0.000312 0.000091 0.000206 0.002077 52.684132 0.007955 0.004834 
0.000059 0.000013 0.000010 0.000156 0.003504 5.075254 0.003783 0.000267 0.000019 0.000001 0.000000 0.000000 0.000001 0.000054 0.002757 0.076286 0.735743 4.069620 3.896420 33.557751 20.209105 18.115456 29.432470 0.557067 0.577778 6.829304 0.017739 0.022294 57.178280 0.003791 0.000734 0.002877 40.274483 0.003755 0.001588 0.002078 0.008799 0.223179 5.719321 0.165292 
0.001877 0.000205 0.000036 0.000091 0.001722 24.076487 0.004885 0.001975 0.000145 0.000008 0.000000 0.000000 0.000000 0.000001 0.000069 0.002965 0.060419 0.409253 0.428444 29.006742 6.671289 6.998722 5.557254 0.368765 0.209752 0.005438 0.003555 0.024682 0.004884 0.000453 0.000346 0.005438 1.507318 0.046938 0.050590 51.940807 0.279625 0.271720 5.696836 0.188518 
5.580774 0.002418 0.000299 0.000511 0.004983 0.334635 0.328230 10.429608 0.001589 0.000044 0.000002 0.000000 0.000000 0.000000 0.000002 0.000071 0.001911 0.020262 0.053934 0.036420 3.008769 3.267162 24.281713 0.145347 0.021549 0.001301 0.002966 2.511919 0.001899 0.000136 0.000212 0.004961 1.507621 0.008138 0.001812 0.001786 0.004165 0.005017 0.007437 5.666154 
0.219154 0.006153 0.002503 0.005650 0.014742 0.332993 0.332696 5.635707 0.002042 0.000090 0.000009 0.000003 0.000002 0.000001 0.000011 0.000174 0.002704 0.000785 0.003599 0.027769 0.521859 0.401538 0.195470 22.072319 0.007183 0.004797 0.008050 25.971998 0.001869 0.000095 0.000077 0.001743 40.247074 0.001855 0.000151 0.000089 0.000162 0.000355 0.002298 0.048980 
0.224916 6.374927 6.912999 0.318721 0.321059 13.307160 4.386714 8.290595 0.002333 0.000257 0.000183 0.000148 0.000051 0.000018 0.000071 0.001904 5.612246 0.002201 0.000432 0.011700 0.499626 0.092371 0.071247 4.740382 0.179755 0.184635 17.476097 1.463781 0.001669 0.000082 0.000033 0.000195 0.002086 0.000200 0.000048 0.000071 0.000066 0.000371 0.004575 0.046673 
0.043580 0.403951 0.009548 0.005767 0.005177 0.005834 2.365812 3.764697 0.005389 0.002180 0.004936 0.004761 0.001695 0.000182 0.000124 0.002016 5.614111 0.002380 0.000291 0.002171 21.284163 0.728350 0.727857 20.847782 0.005549 0.003433 0.002263 0.002661 0.000532 0.000152 0.000163 0.000212 0.000240 0.000094 0.000223 0.001758 0.000456 0.002480 40.264221 1.485790 
0.050327 0.410581 0.005615 0.000507 0.000318 0.002094 18.969852 0.024585 0.029109 41.122963 1.538997 1.538838 40.058338 0.001926 0.000146 0.000220 0.001832 0.000248 0.000238 0.003646 4.838452 0.013085 0.006168 0.001787 0.000298 0.000134 0.000199 0.000706 0.002773 0.002166 0.004814 0.004921 0.002113 0.000513 0.002600 58.728916 0.002507 0.000443 0.001703 0.004726 
0.616904 39.943150 0.001734 0.000073 0.000032 0.000188 0.001764 0.001137 0.001188 0.001711 0.004879 0.005586 0.005144 0.004867 0.000298 0.000047 0.000066 0.000057 0.000234 0.002015 22.052034 0.002583 0.000715 0.000142 0.000027 0.000027 0.000277 0.003851 5.052391 7.983717 0.476397 0.483639 49.781338 0.002511 0.000459 0.001720 0.000195 0.000040 0.000054 0.000143 
0.544322 0.005035 0.000292 0.000022 0.000018 0.000087 0.000108 0.000069 0.000055 0.000059 0.000174 0.000332 0.002191 58.506458 0.001720 0.000053 0.000027 0.000180 0.002089 0.000815 0.002649 0.000943 0.002739 0.000308 0.000042 0.000058 0.001729 58.366444 0.006144 0.002736 0.005063 0.004684 0.001725 0.000207 0.000054 0.000052 0.000012 0.000002 0.000002 0.000003 
5.468784 0.001976 0.000095 0.000022 0.000145 0.001645 0.000355 0.000087 0.000023 0.000010 0.000007 0.000020 0.000165 0.001694 0.000142 0.000017 0.000057 0.001711 42.324215 0.002773 0.000677 0.002811 58.589344 0.003309 0.000257 0.000062 0.000220 0.002268 0.000584 0.000404 0.000236 0.000148 0.000060 0.000038 0.000057 0.000023 0.000005 0.000001 0.000000 0.000000 
0.001870 0.000177 0.000021 0.000056 0.001640 2.288890 0.005647 0.001740 0.000255 0.000077 0.000013 0.000003 0.000010 0.000040 0.000009 0.000005 0.000143 0.004645 1.013810 0.006253 0.000570 0.000467 0.003654 58.525471 0.002213 0.000255 0.000165 0.000337 0.000606 0.002550 0.000254 0.000031 0.000026 0.000165 0.001727 0.000273 0.000076 0.000013 0.000002 0.000002 
0.000058 0.000011 0.000005 0.000055 0.001696 14.794619 5.835546 14.461622 0.004562 0.001835 0.000172 0.000018 0.000002 0.000002 0.000000 0.000003 0.000142 0.004632 1.009678 0.013032 0.002313 0.000382 0.000558 0.005332 0.005206 0.002333 0.002064 0.002201 0.006291 6.503151 0.002053 0.000123 0.000128 0.001922 58.250656 0.004755 0.001834 0.000207 0.000044 0.000066 
0.000002 0.000001 0.000002 0.000048 0.001624 2.285570 0.005728 0.001858 0.004739 58.530273 0.002053 0.000188 0.000017 0.000001 0.000000 0.000003 0.000060 0.001663 20.970085 4.747429 22.058769 0.002117 0.000319 0.002249 3.254214 12.454320 10.135180 15.007601 2.446790 4.233220 0.002402 0.000360 0.000559 0.004864 0.006634 0.010412 58.238998 0.002576 0.000498 0.001898 
0.000000 0.000000 0.000000 0.000008 0.000131 0.001543 0.000317 0.000119 0.000306 0.002092 0.000690 0.002021 0.000162 0.000010 0.000002 0.000013 0.000095 0.000208 0.001735 0.003287 0.001651 0.000179 0.000166 0.003412 0.150900 0.006885 0.002216 0.001680 0.002484 0.002199 0.000785 0.002328 0.005418 58.379105 0.003166 0.000849 0.001721 0.000471 0.002691 5.638203 
0.000000 0.000000 0.000000 0.000000 0.000007 0.000038 0.000015 0.000007 0.000026 0.000216 0.002061 40.234070 0.001705 0.000056 0.000019 0.000178 0.001902 0.000254 0.000104 0.000118 0.000049 0.000018 0.000107 0.003296 0.154220 0.004040 0.000278 0.000075 0.000116 0.000254 0.002109 40.169846 0.005235 0.002264 0.000272 0.000060 0.000051 0.000042 0.000229 0.001934 
0.000000 0.000000 0.000000 0.000000 0.000000 0.000001 0.000001 0.000000 0.000005 0.000180 0.004922 1.526402 0.004858 0.000179 0.000083 0.001925 5.616637 0.001930 0.000082 0.000010 0.000003 0.000004 0.000071 0.001939 6.384284 0.001990 0.000094 0.000010 0.000013 0.000189 0.004950 1.522622 0.005766 0.000385 0.000030 0.000003 0.000002 0.000002 0.000016 0.000083 
