0.000082 0.000398 0.004379 11.272077 0.005634 0.001170 0.000387 0.000105 0.000022 0.000004 0.000008 0.000237 0.007202 0.129836 1.040062 1.133323 128.190018 29.445698 29.420031 29.878979 28.122562 0.513744 0.415153 0.119353 0.052781 0.032002 0.012821 0.006744 0.000386 0.000191 0.000244 0.000584 0.002302 19.214279 0.002199 0.000503 0.000301 0.000738 0.005653 0.334206 
0.000048 0.000153 0.001506 158.566788 0.003530 0.001717 0.001817 0.000243 0.000051 0.000021 0.000233 0.005257 0.107209 0.914642 3.269220 3.318904 235.772202 32.778538 33.554817 121.385536 7.003974 2.812219 2.452743 1.209654 0.763468 0.563719 0.303905 0.202063 0.003574 0.000727 0.000543 0.001633 0.009418 0.985206 0.008639 0.001268 0.000384 0.000399 0.001987 15.632764 
0.000048 0.000127 0.000509 0.004713 0.006713 0.009210 350.411560 0.001696 0.000268 0.000650 0.007316 0.083960 0.815094 3.347499 8.750010 9.709132 54.497261 41.476067 43.245468 47.778870 109.962898 7.578329 6.943076 4.925353 4.387710 3.702128 2.563100 2.385003 3.596817 0.005353 0.001940 0.003321 0.011583 0.982833 0.010507 0.001691 0.000561 0.000441 0.000821 0.003584 
0.000117 0.000207 0.000591 0.002254 10.741085 19.942373 0.031116 0.003010 0.008002 0.023854 0.149866 0.615325 2.612919 7.168407 18.479223 21.723221 53.483154 56.437370 81.581390 65.875000 56.356544 18.999533 18.195837 14.044985 11.020957 9.732771 8.220846 8.797738 46.810349 12.223862 34.767296 17.798098 202.087708 15.709469 39.502579 0.002529 0.001093 0.000874 0.000848 0.001708 
0.000502 0.000544 0.001802 0.004925 5.993078 2.372610 0.029331 0.004969 0.236514 0.442979 1.393362 2.836710 3.587502 8.027121 19.202513 30.515120 58.494267 70.642326 95.347603 74.917778 59.481503 32.133739 29.908373 24.501484 24.847246 22.220757 18.079710 19.820702 73.385399 20.049078 14.693403 0.007604 0.005383 0.002955 0.004674 0.004876 0.005607 0.005020 0.002285 0.005998 
0.004206 0.001960 0.008971 0.012291 86.202087 4.038087 4.045121 226.680573 4.533237 3.829987 5.248847 6.133549 22.536430 35.710304 21.811819 33.849792 63.893803 73.595078 148.505508 90.199425 80.579521 56.719620 55.810417 49.824917 38.838650 35.926823 34.336544 36.536926 59.562885 108.856956 59.781719 0.005310 0.003375 0.000864 0.002365 149.531677 16.871458 16.880035 282.407379 13.996234 
1.385348 277.514771 0.747144 0.737167 6.790086 3.805407 0.594989 0.691990 2.504236 5.987251 13.445198 15.480332 31.982538 34.305683 183.121307 76.074387 86.086983 91.402046 182.808075 106.893356 100.778053 77.903450 68.937752 52.511463 69.303757 67.735809 62.072235 60.943035 43.568634 21.693771 7.308730 0.084289 0.029417 0.001612 0.000438 0.001649 0.004903 0.006601 0.010231 0.300378 
1.183388 0.008988 0.011809 0.015523 0.019911 273.742218 0.719907 0.614686 2.618795 6.839722 19.099144 26.989473 44.788532 53.603149 92.727707 108.748444 122.755775 120.734528 244.175461 140.161621 134.972107 107.963936 107.314880 357.784851 78.709061 76.845100 82.055931 67.393768 43.313255 21.857933 7.241827 0.182613 0.100213 0.008581 0.000805 0.000286 0.000815 0.002031 0.008289 0.300606 
12.346273 0.006142 0.003967 0.012795 0.169991 12.685472 1.710676 1.435859 2.753789 7.559582 20.865919 32.642948 53.203701 71.165947 95.455460 119.057129 140.519333 154.695160 263.821869 152.989685 142.407791 139.589951 140.070831 271.585114 136.120697 169.567841 116.807068 121.062904 87.869194 86.477623 178.693359 0.818539 0.755021 0.136498 0.023237 0.000518 0.000298 0.000553 0.002165 15.742785 
9.406144 0.003766 0.001861 0.010461 0.178515 11.744738 3.372795 3.543817 349.045868 43.869740 43.401882 51.929550 74.234207 79.439827 209.010773 200.080811 196.112564 202.972092 277.112732 226.534088 307.000702 175.681427 175.558533 268.295929 157.482010 164.752136 130.020721 97.354317 68.655296 44.976341 25.560608 5.288537 4.076397 1.208497 0.415964 0.001994 0.000284 0.000235 0.000375 0.001743 
0.001945 0.000668 0.000633 0.002337 15.846288 45.241528 17.693369 14.355433 28.251011 46.095600 58.333153 69.705643 93.895172 102.422546 157.874771 189.338303 200.700836 241.026840 294.937256 270.703278 302.597107 210.824249 210.795456 258.068237 237.765381 148.297745 132.803177 99.405830 70.349136 45.291054 26.391146 12.939576 9.566350 5.447285 5.908646 69.840096 0.001519 0.000182 0.000120 0.000137 
0.000186 0.000184 0.000350 0.005394 0.112961 0.182122 10.489016 22.954496 27.213081 98.652458 95.148056 100.902596 122.381020 131.929382 173.634872 182.118439 356.358917 272.888153 310.936188 304.909149 314.233429 248.579803 248.255310 278.992798 232.786423 176.367355 271.661194 109.340469 115.728790 174.698975 26.191998 24.093357 17.219656 11.358867 11.374745 17.674044 0.004440 0.000494 0.000066 0.000032 
0.000076 0.000111 0.000526 0.019428 0.108796 0.130944 22.020517 36.420132 39.316689 74.881859 108.025497 119.267197 144.118958 158.420258 195.022751 208.978134 230.836502 361.682037 342.578674 335.850800 333.311218 279.582916 279.097900 307.866119 276.076752 308.939667 236.364624 324.201569 85.912033 78.418533 50.119560 42.187859 33.490036 28.383341 30.785551 72.373810 0.010590 0.007069 0.000406 0.000022 
0.000109 0.000237 0.001961 0.281975 0.597115 0.626181 20.131649 37.035248 58.377033 68.770653 146.090134 167.673904 189.272858 198.712250 219.531647 256.965546 243.746170 310.722015 344.342621 356.118774 360.598236 316.908722 317.320343 327.484802 298.892212 272.394409 227.449203 193.991104 151.647690 199.163910 70.870224 67.496178 46.732479 38.473736 29.552622 4.614851 1.264983 0.243898 0.013946 0.000436 
0.000290 0.001644 89.872177 4.750474 4.256653 5.388104 19.581537 31.860399 56.427807 77.121780 110.518433 144.645706 181.003830 211.930466 244.977249 254.418472 381.696228 385.240234 386.454590 375.284454 364.783142 336.814026 333.755493 342.648804 298.412781 270.943939 232.873154 198.087372 162.457718 130.672623 75.535423 70.680084 75.586884 75.756004 352.865417 4.860369 4.480931 1.425668 0.175899 0.008092 
0.000972 0.005187 15.656799 7.942307 7.719384 10.198062 25.616360 34.691193 70.767944 86.523842 114.608643 147.809860 183.718765 215.927399 254.818130 272.383148 310.627869 337.254181 360.944519 378.486969 379.944244 363.670471 372.502625 324.933380 307.128998 269.589386 236.787048 201.747742 170.199234 201.425598 183.624573 362.146301 76.303024 73.005936 40.968571 14.413954 12.154214 3.619285 0.909892 0.074224 
0.004287 0.007659 105.847168 11.711926 11.371867 11.556421 26.921143 36.189091 66.530754 97.268059 125.574837 157.841751 192.587677 223.679001 260.963501 285.538208 314.344025 338.608490 361.753204 376.426666 390.693054 375.874512 368.957886 337.587189 325.537659 344.288879 312.713776 312.816925 375.952423 185.570511 177.459564 133.364655 88.872215 71.733978 40.643845 24.984753 14.977326 5.578500 1.641126 0.122635 
0.026395 0.626628 21.090748 16.313114 16.077105 63.900166 36.377647 94.664154 88.474335 124.968781 127.167343 159.911362 196.080872 228.874313 264.703552 293.435120 319.860779 343.903748 364.781128 378.910797 393.404510 387.356659 383.702942 367.400360 374.608856 325.021210 309.239014 273.442841 240.245926 202.487839 173.936203 137.584824 109.139679 84.132111 61.597424 46.827061 37.719608 29.408632 30.099764 47.491650 
15.657475 15.401204 21.784456 31.292141 34.795341 49.051208 58.204010 82.372444 112.613602 117.168549 365.784973 240.557343 244.377518 263.172394 288.936371 312.007446 337.000031 353.245422 370.837769 382.989288 393.064728 397.779022 387.977814 378.892639 354.386444 334.013367 305.838043 273.373322 240.827164 206.668564 173.051285 139.008438 110.209702 83.166153 58.117989 40.626133 25.153004 16.026768 9.100880 5.966667 
14.682240 10.373131 10.929196 17.943218 22.133358 45.754139 60.089577 82.815796 114.277641 125.975723 209.667007 254.493698 249.784470 270.083099 294.452728 317.733551 343.364075 369.955200 379.858337 389.087402 395.386353 395.343597 386.070099 374.789490 356.513855 336.613403 310.630402 278.345703 248.276413 214.752655 183.655365 159.448288 105.560486 88.825760 58.844967 43.078682 26.236351 16.841152 9.130017 5.832792 
0.040231 0.892879 2.528009 6.651381 7.184697 139.219589 145.717072 148.093857 270.072906 219.770065 250.484543 260.453217 380.423981 376.912170 381.040344 383.980804 387.196472 391.135193 395.120544 396.851105 399.911591 395.273926 391.355896 382.201904 370.289612 357.508728 315.956665 300.396881 270.140289 244.957733 224.039627 194.837723 174.792068 159.272812 145.188873 141.456528 139.702820 139.315033 188.819153 29.650126 
0.012652 0.183784 0.982132 2.830034 7.146124 54.290134 97.620361 133.265366 167.375275 199.283234 226.620468 260.241943 266.075958 287.780762 311.031616 333.444977 353.386414 371.449615 384.044464 391.671509 395.949707 394.722168 385.790771 375.203613 360.527771 340.732971 317.854767 291.681244 260.355347 235.413940 187.494141 173.427322 115.627426 95.983154 61.444588 41.676350 21.007330 9.382937 1.380866 0.542561 
0.002184 0.038223 0.363881 0.397843 349.600647 164.739456 164.257568 153.100143 167.079468 187.200119 208.168503 229.497208 255.822876 280.558655 304.191772 326.364380 345.791290 362.486023 379.407959 385.877411 393.322693 396.667694 385.777618 373.399841 359.878540 341.600677 316.641296 292.345428 256.637207 227.012558 191.338226 159.127365 121.789268 94.440071 63.326797 42.081757 21.663021 10.371423 1.539886 0.431323 
0.004499 0.116625 1.251701 5.528345 9.071632 67.611298 84.633690 103.369133 126.854561 149.325928 173.263718 198.346939 224.545761 249.479935 275.584625 301.178619 323.381104 345.898590 362.773315 374.389008 387.836029 391.355988 381.054230 367.317749 349.635864 338.315338 313.690735 287.062469 260.152771 243.159912 188.041183 164.793457 132.121582 131.443909 95.353638 85.725090 89.389618 318.790314 0.123234 0.086667 
0.005565 0.127597 1.274054 7.757791 8.854759 31.196247 48.887630 70.927521 98.087860 122.265480 147.572083 173.332733 200.286026 225.863861 254.814575 281.459229 305.995331 328.527100 340.451172 361.571838 371.279510 382.567047 371.801056 344.352234 329.925812 313.350922 288.064819 285.592621 379.932434 255.114365 247.384079 221.509613 231.737061 110.283974 106.763374 73.458931 12.190997 12.266295 16.202021 0.378951 
0.008549 0.038368 0.397213 2.050857 2.200006 62.380089 47.371708 66.835625 88.758255 105.338547 127.157921 150.192200 175.749115 201.086029 232.900192 259.002350 285.940308 305.247864 319.475555 348.767761 351.449310 367.762970 352.147186 331.748993 308.013092 277.095062 240.362335 207.858002 174.580612 204.642014 138.813812 102.933319 72.316666 90.100235 92.337761 324.967834 10.740802 11.687814 17.918707 0.431953 
15.756032 0.123229 0.116880 0.906855 2.397789 14.025199 18.126472 54.617241 65.623344 80.132431 103.223839 125.273415 150.572037 177.439545 212.387848 236.431137 264.335632 277.914001 301.937256 296.178864 328.553009 347.905975 349.419922 313.933685 300.124939 281.249725 241.781342 213.736099 166.900208 149.946106 127.792595 100.338219 67.051102 32.687080 28.226349 10.385446 8.387142 2.980341 2.087920 18.793140 
0.982155 0.119246 0.141008 0.888655 2.342768 14.288409 19.008789 39.864876 44.513412 60.984394 84.949310 103.061951 127.962769 157.693817 194.125366 212.452408 240.220245 247.803864 262.029633 276.467377 319.650146 325.913910 314.401550 296.784485 269.317505 264.516876 271.537842 267.429321 134.565857 128.823944 115.366592 114.640038 188.334564 29.201378 27.111116 9.640133 5.115377 1.418776 0.509811 0.360493 
1.041383 17.597580 23.869242 2.981702 2.869248 40.298931 44.287518 42.113766 29.714144 49.191956 70.527588 81.763466 108.646324 143.967392 175.973755 185.427628 217.281082 209.531128 234.909058 247.662094 298.453064 293.459290 296.755920 245.507004 235.264511 222.138840 262.990143 136.871811 125.565186 98.726524 83.605759 73.446869 57.152195 36.575626 18.167910 8.422468 2.920639 0.955520 0.508381 0.337896 
0.610294 1.329095 0.016182 0.032919 0.054120 0.032768 31.851845 14.443016 11.912954 44.897537 56.350643 60.326160 99.120049 138.836548 151.857025 153.322464 173.370575 175.920410 205.036850 225.401642 275.730652 259.901489 303.969940 239.061996 201.714417 175.716614 145.514862 123.510124 94.448586 80.260155 64.903252 63.260414 56.233879 31.003040 18.866882 9.227669 3.448390 3.910706 163.489502 7.033891 
0.618528 1.338550 0.010756 0.004720 0.008091 0.010198 59.312973 4.479624 4.172954 163.977676 38.673183 39.534836 182.062180 127.346001 116.676872 117.977150 135.832672 146.591629 181.597870 214.065384 215.009674 221.241394 263.574982 188.786560 198.100327 160.655991 139.943954 103.683121 74.471413 59.690189 38.975449 37.954082 58.087975 19.622564 21.165527 351.651215 0.122612 0.116636 0.001631 0.004299 
1.986206 206.704300 0.002213 0.000816 0.000989 0.002726 0.018466 2.345212 4.798805 3.541027 10.724577 23.591999 20.537117 116.287292 86.370895 87.318428 110.901993 117.710152 171.998077 172.531342 210.072296 186.521027 265.996796 165.334702 155.863708 141.722229 129.087463 104.153198 59.972065 57.329277 21.845301 21.604136 279.675049 2.241421 2.100953 0.081780 0.007517 0.002566 0.000196 0.000359 
1.712284 0.004489 0.000554 0.000276 0.000301 0.000942 0.015089 0.346421 1.003978 3.180458 9.589015 16.919794 17.962591 352.302216 60.286549 61.161987 85.440117 90.107124 170.005600 140.835342 143.262299 144.743576 269.503693 142.638016 134.263672 113.103325 108.758247 355.385651 22.922764 21.603258 12.867927 6.219473 1.008007 1.697510 1.271445 0.073206 0.001835 0.000116 0.000040 0.000054 
15.126549 0.001948 0.000284 0.000196 0.000400 0.002319 0.002290 0.027411 0.153802 0.975542 2.733444 4.422311 10.686708 12.689290 25.078697 39.432491 66.742004 70.247238 257.020294 107.856720 122.470604 117.132568 358.870148 127.864616 107.853340 88.004417 59.536850 44.469208 27.271479 18.786444 8.209236 4.890423 0.942413 0.222206 0.120350 0.006072 0.000193 0.000034 0.000019 0.000017 
0.001710 0.000297 0.000137 0.000193 0.001711 4.230918 0.009925 0.032826 0.025907 0.153177 0.652754 1.809231 5.105140 11.792807 22.746357 33.224464 54.226910 61.413555 72.092560 56.045841 83.217453 61.032574 58.194622 357.969971 91.786858 92.127586 58.289684 43.559765 26.233551 14.093540 1.882877 1.000866 0.165679 0.028210 0.146136 0.002836 0.000200 0.000085 0.000047 0.000034 
0.000113 0.000066 0.000057 0.000132 0.001495 32.936268 16.455879 32.684868 0.192899 0.186813 0.090434 0.404248 2.032329 6.132809 11.898077 18.191761 40.507042 41.190720 70.057747 39.137611 75.490425 50.210030 50.699341 38.037670 55.845024 92.574104 66.649155 69.639870 58.954117 29.257004 0.095571 0.082729 0.011464 0.014477 352.266632 0.004094 0.001668 0.000379 0.000208 0.000166 
0.000016 0.000015 0.000025 0.000115 0.001607 4.219860 0.005031 0.001754 0.004144 352.633392 0.072814 0.060729 0.501484 2.216196 5.714558 9.860682 34.906803 25.561403 53.110275 20.271042 58.204639 25.615591 28.885443 36.615475 74.007805 35.543121 30.705601 35.163128 5.959223 8.308770 0.005846 0.003757 0.002040 0.017647 0.005965 0.009121 352.253204 0.002554 0.000819 0.001781 
0.000002 0.000003 0.000009 0.000045 0.000227 0.001529 0.000486 0.000305 0.000513 0.002074 0.003300 0.070605 0.063787 0.448917 1.885792 3.682353 42.812157 6.310461 3.239354 5.102273 5.128102 11.116726 17.439035 17.497284 46.482742 2.047735 1.351947 0.116135 0.009240 0.002685 0.001602 0.005612 0.008185 352.471436 0.003110 0.001203 0.001579 0.000770 0.002746 15.814061 
0.000000 0.000000 0.000002 0.000011 0.000042 0.000094 0.000089 0.000092 0.000185 0.000504 0.001998 158.467606 0.057325 0.047037 0.412104 1.084273 44.857750 3.765415 2.966197 4.583862 4.732630 7.995585 9.343784 10.465423 53.203949 1.830420 1.249318 0.100520 0.005236 0.000882 0.002407 158.376465 0.005290 0.002872 0.000747 0.000324 0.000177 0.000224 0.000466 0.001882 
0.000000 0.000000 0.000001 0.000003 0.000009 0.000019 0.000023 0.000038 0.000124 0.000577 0.004693 11.298219 0.007018 0.003024 0.032338 0.067093 65.470123 0.770447 0.671234 1.232291 1.154398 3.065454 4.605760 4.807828 86.325172 0.259575 0.219319 0.016174 0.000895 0.000728 0.004880 11.250939 0.005976 0.001269 0.000378 0.000128 0.000065 0.000077 0.000144 0.000244 
