0.000006 0.000189 0.005023 1.807268 0.005818 0.000413 0.000099 0.000016 0.000001 0.000000 0.000000 0.000000 0.000000 0.000005 0.000188 0.005015 1.738262 0.018178 0.008182 0.023231 8.325657 0.002000 0.000093 0.000004 0.000000 0.000000 0.000001 0.000013 0.000059 0.000027 0.000019 0.000116 0.002048 6.628153 0.001997 0.000090 0.000013 0.000144 0.003962 0.181503 
0.000003 0.000059 0.001710 41.387966 0.003353 0.001040 0.001803 0.000159 0.000011 0.000000 0.000000 0.000000 0.000000 0.000003 0.000058 0.001708 40.610733 0.049458 0.044335 29.082624 1.060025 0.003751 0.000157 0.000005 0.000000 0.000000 0.000010 0.000146 0.001582 0.000337 0.000122 0.000355 0.004334 0.178020 0.004003 0.000167 0.000015 0.000071 0.001859 5.755351 
0.000001 0.000021 0.000321 0.005078 0.007077 0.009821 62.774185 0.001724 0.000052 0.000002 0.000000 0.000001 0.000003 0.000005 0.000018 0.000189 0.002191 0.005384 3.461606 0.377141 27.848364 0.001716 0.000060 0.000002 0.000000 0.000002 0.000054 0.001629 2.258807 0.005587 0.001805 0.002754 0.006832 0.176684 0.006154 0.000397 0.000045 0.000042 0.000274 0.002691 
0.000006 0.000017 0.000162 0.002083 5.008252 6.284615 0.026873 0.001589 0.000091 0.000004 0.000002 0.000013 0.000067 0.000070 0.000026 0.000039 0.000266 0.002404 16.119932 0.005836 0.002074 0.000179 0.000013 0.000001 0.000000 0.000003 0.000063 0.001740 18.201754 3.223929 16.380133 6.209092 42.601757 5.428137 17.574575 0.002140 0.000412 0.000267 0.000182 0.000600 
0.000179 0.000112 0.000622 0.004760 1.865159 0.750491 0.026255 0.003856 0.000280 0.000020 0.000017 0.000186 0.001906 0.001912 0.000246 0.000056 0.000117 0.001947 7.149922 0.002274 0.000223 0.000024 0.000003 0.000002 0.000001 0.000003 0.000058 0.001639 2.265520 0.512964 4.496668 0.005693 0.002244 0.003233 0.005055 0.005053 0.005951 0.005336 0.001930 0.006121 
0.004350 0.001810 0.006094 0.009981 12.810505 1.141692 1.146630 47.310478 0.001730 0.000064 0.000072 0.001858 5.757955 5.855189 0.003230 0.000291 0.000142 0.001725 9.413234 0.001613 0.000068 0.000009 0.000013 0.000046 0.000019 0.000009 0.000028 0.000257 0.003105 0.006366 23.074150 0.002183 0.000329 0.000346 0.002211 40.511189 2.111633 2.114407 61.416866 2.419159 
0.610409 53.248318 0.339173 0.331080 4.345648 0.966815 0.010974 0.002393 0.000233 0.000022 0.000020 0.000226 0.002564 0.006594 41.504135 0.002121 0.000348 0.000613 0.003104 0.000265 0.000033 0.000022 0.000162 0.001710 0.000315 0.000115 0.000096 0.000185 0.001251 0.008090 1.187390 0.005343 0.000262 0.000051 0.000196 0.001745 0.005211 0.005845 0.004805 0.075651 
0.524184 0.006427 0.006270 0.007052 0.011110 57.707954 0.002419 0.000457 0.000144 0.000022 0.000006 0.000033 0.000462 0.006142 1.671825 0.010356 0.003043 0.002894 0.001197 0.000406 0.000102 0.000113 0.001837 63.452839 0.005283 0.002056 0.001947 0.001834 0.007632 0.020303 1.189890 0.005107 0.000200 0.000012 0.000019 0.000080 0.000238 0.000435 0.002490 0.077148 
4.602200 0.003034 0.000626 0.001001 0.008076 0.457280 0.008036 0.001757 0.001887 0.000178 0.000018 0.000013 0.000234 0.005180 1.670629 0.052274 0.053992 5.525646 0.009648 0.006057 0.001791 0.000342 0.000614 0.006711 3.146023 13.327006 9.033626 11.274742 0.707997 0.713631 38.169239 0.001707 0.000060 0.000006 0.000016 0.000063 0.000042 0.000101 0.001912 5.799974 
3.689990 0.002335 0.000251 0.000814 0.011699 0.449061 0.022776 0.026142 63.095394 0.001880 0.000103 0.000016 0.000066 0.001716 38.240097 0.348249 0.341112 6.563641 0.473957 0.481230 46.004482 0.002410 0.000523 0.003360 1.402689 0.318830 0.297844 0.016896 0.015579 0.033058 0.003694 0.000260 0.000020 0.000016 0.000146 0.001685 0.000160 0.000048 0.000202 0.001912 
0.002029 0.000267 0.000140 0.001993 5.788466 5.836288 0.007727 0.004692 0.017453 0.005047 0.000441 0.000049 0.000024 0.000183 0.002066 0.009440 0.349384 0.068835 0.038643 0.061491 0.704616 0.011269 0.000661 0.002464 23.072426 0.310937 0.304371 0.013769 0.007702 0.036401 0.001540 0.000087 0.000011 0.000061 0.001683 25.799957 0.001698 0.000071 0.000026 0.000070 
0.000079 0.000026 0.000036 0.000256 0.002504 0.006100 0.011782 0.009268 0.013264 10.636560 0.003540 0.000274 0.000027 0.000030 0.000221 0.002100 53.814182 0.072983 0.068980 0.105232 0.699980 0.020263 0.001669 0.000528 0.006669 0.094439 57.006859 0.027126 0.031379 34.543652 0.001740 0.000076 0.000016 0.000169 0.003985 4.666369 0.003943 0.000155 0.000008 0.000003 
0.000007 0.000016 0.000058 0.000075 0.000337 0.002574 6.007142 0.174681 0.171575 2.944526 2.620578 0.001921 0.000075 0.000011 0.000059 0.000763 0.011691 49.578289 1.485723 1.480148 7.389721 0.052959 0.033482 0.002355 0.004053 49.753448 0.630564 41.594193 1.108672 1.117618 0.003672 0.000187 0.000027 0.000120 0.001838 25.893179 0.001680 0.000058 0.000003 0.000000 
0.000018 0.000151 0.001682 0.000209 0.000186 0.002139 5.741063 0.018466 0.014869 0.016076 11.150726 0.001973 0.000072 0.000008 0.000050 0.000947 0.017086 10.855221 4.023365 3.959643 21.550303 0.581447 0.501075 0.037350 0.002342 0.003193 0.004910 0.002078 0.005217 34.305515 0.002140 0.000273 0.000099 0.000397 0.004743 0.004670 0.000276 0.000017 0.000001 0.000000 
0.000090 0.001740 28.555315 0.001855 0.000170 0.000393 0.003324 0.003142 0.018278 0.002695 0.002530 0.000238 0.000017 0.000008 0.000246 0.002140 55.797066 10.820353 9.829619 10.146109 61.875916 1.112158 0.514028 0.145228 0.020561 0.001567 0.000271 0.000243 0.000961 0.003665 0.001110 0.002176 0.000578 0.002688 63.746666 0.001852 0.000085 0.000005 0.000001 0.000003 
0.000298 0.004570 3.755294 0.004710 0.000340 0.000245 0.000995 0.003479 6.013371 0.002544 0.000360 0.000038 0.000004 0.000216 0.016073 0.403849 6.135221 14.945350 17.446732 19.893093 71.775864 16.232635 34.910919 0.140314 0.131510 0.019685 0.001615 0.000843 0.003218 0.001356 0.003739 63.977810 0.002597 0.000508 0.001720 0.000160 0.000014 0.000003 0.000014 0.000067 
0.000411 0.002278 28.591476 0.002580 0.000572 0.001914 0.005173 0.007733 5.854321 0.002480 0.000333 0.000038 0.000032 0.001855 0.065909 0.899249 6.124865 14.727652 26.638470 28.833057 74.474129 29.735903 27.925875 0.523236 0.140431 0.134638 0.035765 0.037004 63.886810 0.002819 0.000681 0.002129 0.000267 0.000055 0.000050 0.000011 0.000003 0.000014 0.000183 0.001905 
0.002740 0.000946 0.002193 0.000605 0.002554 21.263163 4.883639 22.423082 0.005389 0.001487 0.002265 0.000363 0.000805 0.032290 0.447076 2.683535 8.013638 20.533659 32.438469 49.755230 81.989273 50.042469 28.809708 9.638809 37.687809 0.438666 0.450849 0.050785 0.015895 0.000400 0.000127 0.000240 0.000053 0.000007 0.000002 0.000001 0.000003 0.000061 0.001838 5.796925 
3.854821 0.002638 0.000350 0.000389 0.005461 0.981681 0.099419 0.065600 0.004713 0.007404 63.896164 0.013793 0.012314 0.364787 1.746379 6.525224 14.590653 23.350719 40.788475 53.662521 95.560799 79.409195 59.645691 38.341667 13.816803 7.821794 2.445440 0.383204 0.014459 0.000263 0.000232 0.002001 0.000170 0.000013 0.000001 0.000000 0.000004 0.000095 0.002117 0.066250 
3.833970 0.002184 0.000151 0.000275 0.005099 0.984706 0.093361 0.063119 0.007280 0.001697 0.002800 0.001591 0.014789 0.980338 3.436446 8.844609 16.011433 49.205196 52.800774 71.584465 120.349426 87.615433 52.513542 31.903988 15.799392 9.600387 2.951172 0.584245 0.029078 0.000746 0.002407 19.336670 0.001645 0.000051 0.000002 0.000001 0.000015 0.000274 0.004313 0.064076 
0.002040 0.000228 0.000040 0.000122 0.001865 35.097298 1.538333 1.539879 41.845833 0.002739 0.000663 0.002773 52.627533 59.068714 57.643707 53.367313 56.653309 64.157585 89.447922 115.611885 388.153656 121.800514 94.558777 64.254387 50.353458 29.056482 0.402512 0.363148 0.075950 0.002869 0.006619 4.748425 0.002762 0.000101 0.000004 0.000003 0.000049 0.001695 41.320854 1.725140 
0.000077 0.000021 0.000027 0.000298 0.004816 0.013979 0.007865 0.005544 0.001731 0.000232 0.000085 0.000608 0.018931 1.227136 4.932034 11.963426 23.550137 41.693333 46.815720 66.843208 102.849129 94.120995 66.588303 42.699795 25.027643 12.030650 3.281218 1.387078 1.329479 17.297333 2.023023 17.135094 0.001645 0.000058 0.000004 0.000004 0.000055 0.000548 0.003407 0.006842 
0.000004 0.000004 0.000049 0.001716 63.390629 0.010582 0.001219 0.000366 0.000072 0.000016 0.000006 0.000210 0.016319 0.538326 2.658754 6.745807 16.421202 23.634005 38.318485 50.799358 75.447945 79.634064 76.233208 38.651684 25.272903 12.445759 3.566730 1.241613 1.005995 4.767389 0.008399 0.003331 0.000535 0.000064 0.000011 0.000029 0.000260 0.002637 0.001216 0.001019 
0.000004 0.000003 0.000022 0.000362 0.005209 22.107941 0.001738 0.000110 0.000012 0.000001 0.000000 0.000013 0.001186 0.053318 0.647138 2.999017 7.162937 17.071001 20.921391 52.634933 49.086258 51.907742 63.022022 28.889334 18.992599 33.027298 7.924644 0.735174 0.948538 19.393488 0.003368 0.001220 0.002583 0.000387 0.000136 0.000237 0.002123 56.550026 0.009008 0.005907 
0.000068 0.000018 0.000016 0.000188 0.003576 5.303387 0.003873 0.000311 0.000026 0.000001 0.000000 0.000000 0.000039 0.002381 0.069301 0.763135 2.730158 9.282139 9.240955 37.787289 33.572857 31.421837 32.875309 3.231590 2.932498 6.912844 0.039423 0.045804 61.400799 0.003931 0.000863 0.003026 41.354511 0.004476 0.002264 0.002125 0.009322 0.239610 5.923726 0.178592 
0.001906 0.000234 0.000051 0.000120 0.001760 24.403473 0.004962 0.002037 0.000162 0.000011 0.000000 0.000000 0.000001 0.000062 0.002929 0.072755 0.668549 1.943750 2.154573 29.780107 15.959324 16.448225 9.114082 2.954376 1.811818 0.036136 0.012282 0.047848 0.005115 0.000530 0.000465 0.005861 1.759605 0.067730 0.071661 55.897705 0.299011 0.290750 5.898647 0.203025 
5.764994 0.002528 0.000366 0.000713 0.005548 0.346984 0.340193 10.602142 0.001603 0.000050 0.000003 0.000000 0.000000 0.000001 0.000068 0.002622 0.051361 0.306254 0.692192 0.518341 8.194499 9.192729 26.555004 1.301381 0.303249 0.016017 0.010543 2.552884 0.002086 0.000173 0.000288 0.005299 1.760156 0.009556 0.002611 0.001823 0.004694 0.005791 0.008471 5.868891 
0.251847 0.006338 0.002623 0.006736 0.016595 0.345411 0.345542 5.798936 0.002084 0.000108 0.000015 0.000006 0.000002 0.000002 0.000018 0.000559 0.033374 0.018531 0.078158 0.426440 5.430243 3.216080 2.089361 23.565722 0.011436 0.007266 0.011714 27.737751 0.001906 0.000114 0.000096 0.001770 41.325157 0.001925 0.000207 0.000112 0.000236 0.000533 0.003317 0.067602 
0.259933 6.630357 7.284855 0.378050 0.380418 13.802820 4.523636 8.510164 0.002404 0.000300 0.000244 0.000196 0.000060 0.000024 0.000084 0.001964 5.819713 0.008371 0.009842 0.194420 5.554908 1.392637 1.151353 4.985159 0.230035 0.235303 19.191874 1.469386 0.001702 0.000100 0.000048 0.000228 0.002142 0.000233 0.000066 0.000086 0.000095 0.000480 0.005647 0.065347 
0.062253 0.468968 0.010726 0.006959 0.006118 0.006133 2.455668 3.837247 0.005485 0.002236 0.005253 0.005049 0.001711 0.000204 0.000149 0.002071 5.804989 0.002635 0.000572 0.004158 24.729828 0.861775 0.854963 21.041344 0.006648 0.004487 0.002354 0.002801 0.000612 0.000192 0.000240 0.000302 0.000284 0.000124 0.000259 0.001785 0.000513 0.002551 41.363773 1.714707 
0.069338 0.475867 0.006549 0.000737 0.000446 0.002253 19.638498 0.025258 0.029826 42.212753 1.819892 1.819718 41.103802 0.001966 0.000176 0.000253 0.001870 0.000293 0.000311 0.005033 5.515824 0.016491 0.007297 0.001835 0.000386 0.000208 0.000250 0.000817 0.002892 0.002254 0.005534 0.005659 0.002173 0.000585 0.002695 64.006004 0.002579 0.000494 0.001720 0.004993 
0.661716 41.590382 0.001768 0.000096 0.000048 0.000221 0.001804 0.001300 0.001347 0.001732 0.005188 0.005973 0.005284 0.004925 0.000333 0.000062 0.000080 0.000075 0.000272 0.002064 22.281399 0.002794 0.000904 0.000180 0.000041 0.000040 0.000319 0.003985 5.158687 8.575355 0.578478 0.586064 52.571209 0.002587 0.000516 0.001738 0.000220 0.000052 0.000065 0.000189 
0.581162 0.005095 0.000324 0.000030 0.000025 0.000106 0.000133 0.000095 0.000077 0.000073 0.000232 0.000425 0.002311 63.757675 0.001739 0.000062 0.000036 0.000203 0.002141 0.000920 0.002794 0.001102 0.002965 0.000362 0.000057 0.000069 0.001752 63.601864 0.006334 0.002895 0.005854 0.005363 0.001749 0.000236 0.000070 0.000061 0.000016 0.000003 0.000003 0.000005 
5.640021 0.002019 0.000112 0.000030 0.000165 0.001691 0.000399 0.000106 0.000032 0.000014 0.000012 0.000030 0.000187 0.001706 0.000155 0.000022 0.000069 0.001731 43.959270 0.002926 0.000806 0.002972 63.860035 0.003372 0.000292 0.000081 0.000255 0.002356 0.000689 0.000496 0.000340 0.000217 0.000074 0.000050 0.000067 0.000030 0.000008 0.000001 0.000000 0.000000 
0.001897 0.000198 0.000029 0.000067 0.001672 2.325443 0.005720 0.001767 0.000279 0.000089 0.000018 0.000005 0.000013 0.000044 0.000012 0.000009 0.000191 0.004962 1.155829 0.006811 0.000739 0.000567 0.003777 63.779179 0.002272 0.000296 0.000205 0.000403 0.000713 0.002698 0.000306 0.000046 0.000036 0.000186 0.001748 0.000299 0.000088 0.000017 0.000003 0.000003 
0.000067 0.000015 0.000007 0.000063 0.001709 14.969518 6.004913 14.636989 0.004595 0.001858 0.000191 0.000024 0.000004 0.000002 0.000001 0.000005 0.000189 0.004949 1.151306 0.013705 0.002501 0.000464 0.000649 0.005465 0.005301 0.002393 0.002127 0.002288 0.006447 6.809592 0.002117 0.000152 0.000155 0.001965 63.472706 0.004793 0.001857 0.000235 0.000058 0.000076 
0.000002 0.000001 0.000003 0.000055 0.001650 2.321342 0.005793 0.001890 0.004787 63.786865 0.002089 0.000210 0.000022 0.000002 0.000000 0.000004 0.000072 0.001680 21.143467 4.922317 22.300411 0.002194 0.000383 0.002354 3.303891 12.758259 10.434083 15.350571 2.535704 4.321690 0.002505 0.000425 0.000632 0.004927 0.006790 0.010603 63.459930 0.002665 0.000564 0.001931 
0.000000 0.000000 0.000000 0.000010 0.000145 0.001566 0.000351 0.000141 0.000342 0.002144 0.000758 0.002052 0.000178 0.000013 0.000003 0.000018 0.000112 0.000235 0.001762 0.003340 0.001664 0.000206 0.000241 0.004167 0.172950 0.007767 0.002343 0.001712 0.002560 0.002280 0.000884 0.002407 0.005523 63.624126 0.003291 0.000946 0.001740 0.000531 0.002794 5.830735 
0.000000 0.000000 0.000000 0.000001 0.000010 0.000043 0.000020 0.000010 0.000036 0.000251 0.002107 41.290581 0.001723 0.000068 0.000026 0.000200 0.001945 0.000290 0.000125 0.000139 0.000057 0.000026 0.000160 0.003993 0.176576 0.004841 0.000370 0.000094 0.000142 0.000301 0.002168 41.231834 0.005397 0.002405 0.000322 0.000080 0.000060 0.000056 0.000263 0.001974 
0.000000 0.000000 0.000000 0.000000 0.000000 0.000002 0.000001 0.000001 0.000009 0.000239 0.005238 1.805210 0.005173 0.000239 0.000103 0.001972 5.807728 0.001970 0.000097 0.000015 0.000005 0.000006 0.000087 0.001981 6.656329 0.002045 0.000117 0.000015 0.000021 0.000253 0.005276 1.800094 0.006192 0.000497 0.000045 0.000006 0.000003 0.000004 0.000023 0.000099 
