0.000001 0.000053 0.003411 3.474317 0.003701 0.000104 0.000032 0.000003 0.000000 0.000000 0.000000 0.000000 0.000000 0.000000 0.000053 0.003414 3.397364 0.009777 0.003214 0.015510 19.590343 0.001594 0.000037 0.000001 0.000000 0.000000 0.000000 0.000003 0.000025 0.000006 0.000003 0.000040 0.001605 14.063758 0.001591 0.000035 0.000002 0.000031 0.002366 0.220952 
0.000000 0.000023 0.001365 145.185883 0.002237 0.000464 0.001404 0.000078 0.000003 0.000000 0.000000 0.000000 0.000000 0.000000 0.000023 0.001364 143.467911 0.048438 0.043894 80.533653 2.963216 0.002757 0.000057 0.000001 0.000000 0.000000 0.000003 0.000075 0.001305 0.000169 0.000040 0.000084 0.001935 0.180780 0.001841 0.000031 0.000002 0.000028 0.001521 12.629136 
0.000000 0.000005 0.000155 0.004043 0.005231 0.007587 251.566193 0.001380 0.000022 0.000000 0.000000 0.000000 0.000001 0.000001 0.000004 0.000087 0.001631 0.004218 5.366190 0.680115 77.980888 0.001365 0.000025 0.000000 0.000000 0.000000 0.000025 0.001342 3.201934 0.004518 0.001387 0.001585 0.003820 0.179632 0.003497 0.000129 0.000007 0.000007 0.000117 0.001856 
0.000001 0.000003 0.000053 0.001610 9.451091 15.169725 0.020388 0.000615 0.000018 0.000000 0.000000 0.000003 0.000031 0.000032 0.000005 0.000008 0.000113 0.001801 35.310970 0.004537 0.001546 0.000083 0.000003 0.000000 0.000000 0.000001 0.000027 0.001383 39.955864 9.188752 31.523819 14.378066 142.152451 12.587571 36.583881 0.001501 0.000126 0.000068 0.000052 0.000180 
0.000051 0.000033 0.000170 0.002920 4.747268 0.985823 0.018495 0.002349 0.000111 0.000004 0.000004 0.000096 0.001567 0.001567 0.000120 0.000012 0.000035 0.001330 13.940458 0.001531 0.000089 0.000005 0.000000 0.000000 0.000000 0.000001 0.000025 0.001343 3.196566 0.713344 11.514745 0.003587 0.001618 0.002073 0.003858 0.003820 0.003855 0.003506 0.001440 0.003881 
0.003162 0.001394 0.003373 0.006357 55.621578 1.604141 1.611445 191.776291 0.001381 0.000026 0.000031 0.001529 12.599030 12.844910 0.002544 0.000125 0.000044 0.001333 16.978376 0.001294 0.000026 0.000001 0.000003 0.000021 0.000005 0.000001 0.000005 0.000100 0.001861 0.004346 44.458984 0.001561 0.000120 0.000121 0.001585 140.157990 4.186778 4.190701 232.649246 5.262912 
1.100339 196.693604 0.320679 0.312855 6.576038 1.479938 0.007728 0.001667 0.000100 0.000004 0.000004 0.000105 0.001840 0.004938 146.275345 0.001484 0.000088 0.000249 0.001967 0.000098 0.000006 0.000004 0.000079 0.001376 0.000158 0.000044 0.000028 0.000050 0.000347 0.004785 1.567529 0.003593 0.000066 0.000008 0.000086 0.001377 0.003456 0.003671 0.002526 0.052215 
0.939505 0.004735 0.003376 0.003494 0.006606 222.957672 0.001676 0.000152 0.000048 0.000004 0.000001 0.000006 0.000150 0.004006 3.300519 0.005746 0.001028 0.002076 0.000437 0.000094 0.000033 0.000040 0.001423 252.675751 0.004282 0.001605 0.001327 0.001361 0.004439 0.013499 1.573323 0.003516 0.000053 0.000001 0.000004 0.000029 0.000060 0.000101 0.000794 0.054293 
9.915264 0.002064 0.000162 0.000212 0.004352 0.516162 0.004081 0.000469 0.001440 0.000083 0.000004 0.000001 0.000063 0.003480 3.299657 0.040971 0.043365 11.788091 0.006544 0.003665 0.001396 0.000132 0.000258 0.005211 5.006166 27.923588 16.966286 19.899529 0.785525 0.792786 151.413361 0.001367 0.000023 0.000001 0.000003 0.000025 0.000008 0.000034 0.001536 12.713568 
7.703996 0.001797 0.000075 0.000265 0.007321 0.507675 0.009267 0.011754 252.364075 0.001459 0.000039 0.000003 0.000024 0.001365 135.278046 0.404926 0.397653 14.190877 0.542790 0.550974 194.195663 0.001654 0.000176 0.002341 2.709670 0.366314 0.345411 0.008050 0.006559 0.014022 0.002125 0.000103 0.000004 0.000003 0.000073 0.001346 0.000076 0.000011 0.000099 0.001568 
0.001694 0.000126 0.000050 0.001582 12.735229 12.621931 0.003499 0.001235 0.009718 0.004050 0.000215 0.000011 0.000005 0.000085 0.001566 0.006960 0.406180 0.029344 0.012866 0.022466 0.648504 0.003618 0.000139 0.001566 78.570816 0.358979 0.351905 0.005738 0.001911 0.016541 0.000470 0.000016 0.000001 0.000024 0.001343 66.945404 0.001347 0.000026 0.000006 0.000032 
0.000036 0.000005 0.000007 0.000115 0.001898 0.004862 0.006768 0.003610 0.006502 39.092117 0.002803 0.000135 0.000006 0.000006 0.000097 0.001589 225.365784 0.024735 0.013285 0.023008 0.640280 0.003454 0.000077 0.000165 0.003831 0.102279 168.279068 0.015568 0.018851 112.540581 0.001370 0.000027 0.000002 0.000055 0.002769 10.988214 0.002756 0.000052 0.000001 0.000001 
0.000001 0.000003 0.000023 0.000018 0.000143 0.001940 13.101501 0.156771 0.152724 4.329973 3.964313 0.001572 0.000033 0.000002 0.000012 0.000311 0.008063 218.931717 0.668554 0.659911 18.855768 0.001675 0.000056 0.000047 0.001458 152.403748 1.973716 188.917877 2.198703 2.209842 0.002627 0.000060 0.000004 0.000040 0.001416 67.097206 0.001343 0.000023 0.000000 0.000000 
0.000004 0.000074 0.001348 0.000091 0.000065 0.001657 12.445259 0.008247 0.005279 0.008243 41.825230 0.001597 0.000032 0.000001 0.000009 0.000337 0.010842 0.004937 0.004342 0.008741 11.138520 0.002938 0.000135 0.000018 0.000085 0.001376 0.002674 0.001517 0.003975 112.195053 0.001583 0.000109 0.000021 0.000173 0.003747 0.003728 0.000137 0.000004 0.000000 0.000000 
0.000031 0.001368 85.008469 0.001404 0.000051 0.000151 0.002184 0.000981 0.008067 0.000939 0.001886 0.000112 0.000004 0.000001 0.000021 0.001377 252.239258 0.002522 0.001038 0.030378 1.040949 0.062379 0.001635 0.000104 0.000016 0.000027 0.000051 0.000070 0.000392 0.002288 0.000464 0.001610 0.000248 0.001886 253.167923 0.001450 0.000034 0.000001 0.000000 0.000001 
0.000086 0.003154 7.635011 0.003213 0.000097 0.000065 0.000347 0.002270 12.958562 0.001903 0.000150 0.000008 0.000000 0.000000 0.000003 0.000081 0.002161 0.001158 0.023641 0.231994 1.186190 1.177987 188.369324 0.001586 0.000101 0.000010 0.000008 0.000122 0.002117 0.000535 0.002339 253.517883 0.001857 0.000229 0.001379 0.000079 0.000003 0.000000 0.000003 0.000031 
0.000157 0.001632 85.057030 0.001802 0.000232 0.001396 0.002957 0.005506 12.727906 0.001871 0.000137 0.000007 0.000000 0.000000 0.000000 0.000013 0.000801 0.030829 0.458264 1.543964 6.975026 4.170734 10.164100 0.281903 0.001590 0.000100 0.000040 0.001422 253.431427 0.001924 0.000274 0.001593 0.000111 0.000013 0.000022 0.000003 0.000000 0.000003 0.000095 0.001567 
0.002060 0.000445 0.001602 0.000245 0.001765 45.844666 12.068752 47.987553 0.003378 0.000582 0.001658 0.000100 0.000006 0.000000 0.000003 0.000205 0.010746 0.311718 1.984077 13.376108 8.928596 12.051671 10.255879 5.530015 201.134781 0.001427 0.000047 0.000089 0.001384 0.000106 0.000028 0.000099 0.000012 0.000001 0.000000 0.000000 0.000000 0.000027 0.001517 12.712474 
8.225679 0.002021 0.000139 0.000098 0.003602 1.502830 0.065695 0.041729 0.001343 0.003304 253.423996 0.001591 0.000097 0.000009 0.000048 0.001249 0.015820 0.326278 5.860631 10.989985 31.529387 19.223501 19.380016 89.275833 0.712988 0.059013 0.000828 0.000010 0.000024 0.000016 0.000093 0.001502 0.000078 0.000003 0.000000 0.000000 0.000000 0.000018 0.000719 0.045468 
8.201307 0.001751 0.000052 0.000070 0.003458 1.507409 0.060979 0.039763 0.003229 0.000587 0.001918 0.000414 0.001591 0.000306 0.000700 0.005179 4.429130 79.071121 12.265372 27.235310 61.260345 36.309704 23.451101 24.592623 1.253157 0.061398 0.001103 0.000015 0.000009 0.000089 0.001494 39.290546 0.001318 0.000021 0.000000 0.000000 0.000003 0.000107 0.002392 0.042910 
0.001704 0.000114 0.000008 0.000041 0.001436 117.662148 3.046550 3.048294 148.519775 0.001882 0.000269 0.001917 253.419052 0.015200 0.013820 0.305256 2.209524 3.439863 25.906540 55.995052 379.759094 79.551445 51.417965 29.643276 30.092152 130.608231 0.001413 0.000048 0.000096 0.001485 0.003951 11.108278 0.001761 0.000032 0.000001 0.000000 0.000021 0.001362 145.146317 3.406862 
0.000036 0.000005 0.000006 0.000144 0.003800 0.010475 0.004916 0.003627 0.001370 0.000099 0.000018 0.000100 0.001375 0.000369 0.003729 0.142432 1.814317 3.725760 7.219133 25.755974 62.275509 43.559002 26.862553 12.998932 2.314705 0.394417 0.004919 0.000202 0.001553 34.933743 4.026056 34.744686 0.001314 0.000022 0.000001 0.000000 0.000013 0.000236 0.002104 0.003998 
0.000001 0.000001 0.000021 0.001377 252.637283 0.007826 0.000469 0.000096 0.000026 0.000003 0.000000 0.000003 0.000021 0.000008 0.000224 0.011480 0.182078 0.203187 20.293680 15.563033 32.734779 27.274586 36.521896 12.056253 2.017246 0.390064 0.007643 0.001072 0.003725 11.077096 0.004955 0.002113 0.000228 0.000013 0.000001 0.000006 0.000110 0.001864 0.000426 0.000223 
0.000001 0.000000 0.000004 0.000160 0.003800 47.537537 0.001346 0.000033 0.000002 0.000000 0.000000 0.000000 0.000000 0.000000 0.000006 0.000340 0.007136 0.013020 6.853439 16.153477 10.037837 14.233109 29.537914 44.372787 8.227975 9.990047 19.131737 0.016984 0.013231 39.553612 0.002132 0.000491 0.001826 0.000134 0.000024 0.000100 0.001594 231.568939 0.005728 0.002984 
0.000031 0.000004 0.000002 0.000054 0.002225 12.713995 0.002390 0.000109 0.000005 0.000000 0.000000 0.000000 0.000000 0.000000 0.000000 0.000008 0.000353 0.006642 0.033986 15.500028 5.801114 5.557160 87.768379 0.018822 0.020050 18.618837 0.011699 0.015175 250.897705 0.002844 0.000332 0.001995 145.154144 0.002396 0.000721 0.001595 0.006852 0.316089 12.839515 0.215872 
0.001566 0.000111 0.000010 0.000033 0.001348 51.971321 0.003780 0.001493 0.000075 0.000003 0.000000 0.000000 0.000000 0.000000 0.000000 0.000000 0.000009 0.000180 0.001608 124.338203 0.519839 0.514288 12.295117 0.005483 0.001106 0.002043 0.001663 0.017994 0.003848 0.000216 0.000115 0.003712 3.437448 0.043107 0.046334 229.373383 0.366427 0.358053 12.794068 0.238698 
12.636716 0.001886 0.000140 0.000175 0.003480 0.433656 0.427001 19.806704 0.001297 0.000021 0.000000 0.000000 0.000000 0.000000 0.000000 0.000003 0.000027 0.000014 0.000092 0.001414 0.015171 0.017010 65.051514 0.004807 0.000432 0.000282 0.001819 3.235954 0.001448 0.000053 0.000071 0.003494 3.437697 0.005233 0.000796 0.001409 0.002943 0.003367 0.005305 12.753654 
0.256010 0.004942 0.001914 0.003622 0.010734 0.432032 0.431863 12.639831 0.001451 0.000036 0.000002 0.000001 0.000000 0.000000 0.000003 0.000096 0.001516 0.000104 0.000014 0.000047 0.000289 0.000772 0.007399 47.387821 0.004505 0.002760 0.005530 118.433952 0.001479 0.000041 0.000032 0.001383 145.113281 0.001425 0.000054 0.000036 0.000049 0.000104 0.001015 0.045733 
0.258544 13.605270 15.379723 0.399808 0.402383 29.210810 9.125748 17.078054 0.001799 0.000121 0.000065 0.000054 0.000024 0.000006 0.000034 0.001576 12.720543 0.001641 0.000058 0.000109 0.001615 0.004787 0.010021 11.951607 0.268610 0.274709 93.793625 1.839512 0.001328 0.000035 0.000008 0.000094 0.001582 0.000095 0.000013 0.000030 0.000017 0.000151 0.002763 0.043165 
0.024875 0.525478 0.006853 0.003635 0.003401 0.004495 5.608778 6.689070 0.004304 0.001642 0.003493 0.003416 0.001365 0.000092 0.000055 0.001634 12.723293 0.001855 0.000131 0.001552 45.642128 1.015746 1.015719 45.357006 0.003799 0.002148 0.001719 0.001898 0.000267 0.000062 0.000050 0.000068 0.000109 0.000028 0.000106 0.001399 0.000228 0.001823 145.204849 3.403216 
0.031289 0.533190 0.003772 0.000165 0.000112 0.001532 47.637566 0.024701 0.028660 147.088364 3.491771 3.491639 144.490356 0.001482 0.000060 0.000115 0.001526 0.000123 0.000080 0.002245 12.265396 0.008811 0.004204 0.001378 0.000128 0.000038 0.000078 0.000346 0.002101 0.001696 0.003389 0.003442 0.001603 0.000249 0.001888 253.553345 0.001852 0.000224 0.001368 0.003407 
1.069363 162.297699 0.001380 0.000029 0.000008 0.000091 0.001390 0.000694 0.000731 0.001370 0.003469 0.003885 0.003978 0.003849 0.000153 0.000015 0.000031 0.000017 0.000106 0.001522 47.559460 0.001752 0.000291 0.000053 0.000006 0.000007 0.000136 0.002913 10.133287 19.810528 0.662228 0.670847 219.495331 0.001851 0.000230 0.001383 0.000098 0.000012 0.000024 0.000053 
0.949767 0.004109 0.000158 0.000006 0.000005 0.000039 0.000045 0.000021 0.000016 0.000026 0.000062 0.000134 0.001609 253.185074 0.001384 0.000024 0.000008 0.000090 0.001588 0.000399 0.001833 0.000437 0.001872 0.000143 0.000012 0.000025 0.001386 252.922180 0.004879 0.002039 0.003506 0.003334 0.001382 0.000101 0.000016 0.000024 0.000003 0.000000 0.000000 0.000000 
12.281443 0.001617 0.000044 0.000007 0.000081 0.001384 0.000187 0.000036 0.000006 0.000002 0.000001 0.000005 0.000085 0.001375 0.000077 0.000005 0.000025 0.001374 171.041687 0.001932 0.000297 0.001957 253.299194 0.002593 0.000127 0.000018 0.000103 0.001670 0.000273 0.000182 0.000075 0.000047 0.000026 0.000011 0.000025 0.000007 0.000001 0.000000 0.000000 0.000000 
0.001562 0.000100 0.000006 0.000028 0.001389 3.534698 0.004524 0.001376 0.000134 0.000035 0.000004 0.000001 0.000003 0.000021 0.000003 0.000001 0.000052 0.003417 1.702330 0.004227 0.000207 0.000197 0.002757 253.194244 0.001667 0.000119 0.000057 0.000145 0.000288 0.001962 0.000126 0.000007 0.000007 0.000084 0.001386 0.000145 0.000035 0.000004 0.000000 0.000001 
0.000031 0.000004 0.000001 0.000027 0.001363 30.024967 12.882051 29.580589 0.003671 0.001451 0.000089 0.000005 0.000000 0.000000 0.000000 0.000001 0.000052 0.003408 1.695763 0.008807 0.001582 0.000157 0.000266 0.004260 0.004189 0.001781 0.001394 0.001627 0.004942 19.483789 0.001669 0.000053 0.000052 0.001486 252.749466 0.003813 0.001451 0.000102 0.000013 0.000033 
0.000001 0.000000 0.000000 0.000026 0.001382 3.531258 0.004574 0.001444 0.003764 253.220062 0.001589 0.000096 0.000005 0.000000 0.000000 0.000001 0.000027 0.001331 45.452785 12.097785 47.610485 0.001569 0.000142 0.001757 5.546217 25.296459 21.806145 30.430037 5.126915 7.500925 0.001834 0.000163 0.000277 0.003857 0.004961 0.007979 252.715164 0.001902 0.000262 0.001574 
0.000000 0.000000 0.000000 0.000003 0.000077 0.001328 0.000173 0.000050 0.000156 0.001601 0.000364 0.001564 0.000085 0.000003 0.000000 0.000004 0.000044 0.000101 0.001361 0.002119 0.001326 0.000085 0.000049 0.002112 0.172844 0.004787 0.001460 0.001339 0.001824 0.001725 0.000409 0.001710 0.004179 252.931854 0.002231 0.000436 0.001384 0.000243 0.002077 12.748534 
0.000000 0.000000 0.000000 0.000000 0.000002 0.000021 0.000005 0.000001 0.000008 0.000103 0.001576 145.039658 0.001368 0.000025 0.000006 0.000099 0.001567 0.000131 0.000042 0.000041 0.000022 0.000004 0.000031 0.002084 0.176446 0.002508 0.000097 0.000030 0.000047 0.000120 0.001599 144.942307 0.004013 0.001635 0.000123 0.000018 0.000024 0.000013 0.000120 0.001593 
0.000000 0.000000 0.000000 0.000000 0.000000 0.000000 0.000000 0.000000 0.000001 0.000064 0.003489 3.470209 0.003462 0.000064 0.000038 0.001584 12.725641 0.001590 0.000039 0.000002 0.000001 0.000001 0.000034 0.001585 13.996197 0.001605 0.000041 0.000002 0.000002 0.000066 0.003498 3.464477 0.003961 0.000150 0.000007 0.000000 0.000000 0.000000 0.000005 0.000040 
