399.996796 399.996826 399.996918 399.996979 399.996948 399.996918 399.996857 399.996765 399.996643 399.996582 399.996552 399.996552 399.996582 399.996643 399.996735 399.996887 399.997009 399.997070 399.997162 399.997223 399.997253 399.997040 399.996887 399.996765 399.996704 399.996704 399.996735 399.996826 399.996887 399.996918 399.996948 399.996979 399.997040 399.997162 399.996979 399.996887 399.996857 399.996857 399.996918 399.996979 
399.996796 399.996857 399.996948 399.997131 399.997040 399.996979 399.996948 399.996796 399.996704 399.996613 399.996582 399.996552 399.996613 399.996674 399.996765 399.996918 399.997131 399.997131 399.997192 399.997284 399.997192 399.997009 399.996857 399.996765 399.996735 399.996735 399.996765 399.996857 399.996948 399.996979 399.996979 399.996979 399.997009 399.997040 399.996979 399.996887 399.996857 399.996857 399.996918 399.997101 
399.996826 399.996887 399.996948 399.997070 399.997101 399.997101 399.997131 399.996887 399.996765 399.996674 399.996613 399.996613 399.996643 399.996704 399.996796 399.996887 399.997040 399.997131 399.997253 399.997223 399.997223 399.997009 399.996857 399.996765 399.996735 399.996765 399.996826 399.996948 399.997162 399.997070 399.997070 399.997040 399.997040 399.997009 399.997009 399.996918 399.996857 399.996857 399.996887 399.996948 
399.996887 399.996918 399.996979 399.997070 399.997223 399.997223 399.997101 399.996948 399.996796 399.996735 399.996674 399.996704 399.996735 399.996796 399.996857 399.996918 399.996979 399.997101 399.997253 399.997131 399.997070 399.996948 399.996857 399.996796 399.996765 399.996796 399.996887 399.997009 399.997223 399.997162 399.997192 399.997101 399.997162 399.997070 399.997131 399.996948 399.996887 399.996857 399.996857 399.996887 
399.996948 399.996979 399.997040 399.997101 399.997192 399.997162 399.997070 399.997009 399.996887 399.996796 399.996765 399.996796 399.996887 399.996948 399.996918 399.996948 399.996979 399.997040 399.997131 399.997070 399.996979 399.996918 399.996857 399.996826 399.996796 399.996826 399.996887 399.997009 399.997192 399.997131 399.997131 399.997070 399.997040 399.997009 399.997009 399.996979 399.996887 399.996887 399.996918 399.996887 
399.997040 399.997070 399.997101 399.997162 399.997284 399.997192 399.997131 399.997162 399.996948 399.996857 399.996826 399.996887 399.997101 399.997162 399.997040 399.997009 399.997009 399.997070 399.997192 399.997040 399.996948 399.996918 399.996887 399.996887 399.996887 399.996887 399.996918 399.996979 399.997070 399.997101 399.997162 399.997040 399.996948 399.996918 399.996948 399.997070 399.996918 399.996918 399.997040 399.996918 
399.997162 399.997223 399.997162 399.997162 399.997284 399.997192 399.997101 399.997040 399.996948 399.996887 399.996857 399.996887 399.997009 399.997070 399.997162 399.997040 399.997009 399.997040 399.997070 399.997009 399.996948 399.996948 399.996948 399.996979 399.996979 399.996979 399.996979 399.997009 399.997009 399.997040 399.997040 399.996948 399.996887 399.996857 399.996857 399.996857 399.996826 399.996857 399.996887 399.996887 
399.997192 399.997192 399.997131 399.997162 399.997192 399.997253 399.997131 399.997040 399.996979 399.996918 399.996887 399.996887 399.996948 399.997009 399.997040 399.997040 399.997040 399.997070 399.997070 399.997009 399.997009 399.996979 399.997040 399.997192 399.997131 399.997101 399.997070 399.997070 399.997040 399.997009 399.997009 399.996918 399.996857 399.996796 399.996765 399.996765 399.996765 399.996796 399.996826 399.996918 
399.997314 399.997192 399.997131 399.997131 399.997162 399.997162 399.997101 399.997070 399.997040 399.996979 399.996918 399.996918 399.996918 399.996979 399.997040 399.997070 399.997101 399.997223 399.997101 399.997070 399.997070 399.997040 399.997070 399.997131 399.997253 399.997253 399.997162 399.997192 399.997070 399.997040 399.997101 399.996918 399.996826 399.996765 399.996765 399.996735 399.996735 399.996735 399.996826 399.997040 
399.997314 399.997162 399.997131 399.997131 399.997162 399.997192 399.997131 399.997131 399.997192 399.997070 399.996979 399.996948 399.996948 399.997009 399.997162 399.997101 399.997131 399.997223 399.997131 399.997101 399.997192 399.997070 399.997070 399.997131 399.997192 399.997192 399.997162 399.997131 399.997070 399.997009 399.996979 399.996887 399.996796 399.996765 399.996765 399.996796 399.996735 399.996704 399.996735 399.996796 
399.997131 399.997101 399.997101 399.997131 399.997253 399.997284 399.997192 399.997162 399.997162 399.997131 399.997040 399.996979 399.996948 399.996948 399.997040 399.997070 399.997131 399.997131 399.997101 399.997101 399.997101 399.997070 399.997070 399.997131 399.997253 399.997192 399.997162 399.997131 399.997070 399.997040 399.996948 399.996857 399.996796 399.996765 399.996826 399.996979 399.996765 399.996674 399.996643 399.996643 
399.997040 399.997040 399.997040 399.997101 399.997162 399.997192 399.997192 399.997192 399.997192 399.997284 399.997131 399.997009 399.996948 399.996918 399.996979 399.997040 399.997192 399.997162 399.997101 399.997101 399.997101 399.997070 399.997070 399.997101 399.997162 399.997192 399.997253 399.997192 399.997131 399.997162 399.996979 399.996857 399.996796 399.996796 399.996826 399.996857 399.996735 399.996613 399.996552 399.996521 
399.997009 399.997009 399.997040 399.997070 399.997101 399.997192 399.997284 399.997223 399.997223 399.997314 399.997253 399.997070 399.996948 399.996918 399.996918 399.996979 399.997101 399.997192 399.997101 399.997131 399.997223 399.997101 399.997070 399.997070 399.997131 399.997223 399.997192 399.997223 399.997131 399.997101 399.996979 399.996887 399.996826 399.996796 399.996857 399.996979 399.996735 399.996582 399.996521 399.996490 
399.997009 399.997009 399.997070 399.997070 399.997101 399.997162 399.997284 399.997192 399.997192 399.997223 399.997253 399.997040 399.996918 399.996857 399.996887 399.996948 399.997040 399.997070 399.997040 399.997070 399.997223 399.997101 399.997040 399.997040 399.997070 399.997101 399.997101 399.997101 399.997101 399.997162 399.996979 399.996887 399.996826 399.996826 399.996857 399.996796 399.996674 399.996552 399.996490 399.996460 
399.997009 399.997070 399.997192 399.997101 399.997101 399.997131 399.997162 399.997162 399.997192 399.997131 399.997070 399.996979 399.996887 399.996826 399.996857 399.996918 399.997101 399.997009 399.996979 399.997009 399.997070 399.997070 399.997070 399.997040 399.997040 399.997009 399.997009 399.997040 399.997040 399.997040 399.996979 399.996918 399.996857 399.996857 399.996979 399.996765 399.996613 399.996552 399.996490 399.996490 
399.997040 399.997070 399.997131 399.997101 399.997070 399.997101 399.997131 399.997192 399.997253 399.997131 399.997009 399.996918 399.996826 399.996796 399.996796 399.996857 399.996918 399.996918 399.996918 399.996948 399.996979 399.997040 399.997162 399.997070 399.997040 399.997009 399.996979 399.997009 399.997040 399.996979 399.996979 399.997070 399.996857 399.996796 399.996765 399.996674 399.996582 399.996552 399.996552 399.996552 
399.997070 399.997101 399.997223 399.997101 399.997101 399.997131 399.997131 399.997192 399.997253 399.997101 399.996979 399.996887 399.996796 399.996765 399.996765 399.996796 399.996826 399.996857 399.996887 399.996918 399.996979 399.997040 399.997070 399.997070 399.997070 399.997009 399.996979 399.997009 399.997131 399.996979 399.996918 399.996887 399.996796 399.996735 399.996674 399.996613 399.996582 399.996582 399.996643 399.996704 
399.997131 399.997101 399.997101 399.997070 399.997101 399.997223 399.997162 399.997223 399.997131 399.997070 399.997009 399.996887 399.996796 399.996765 399.996735 399.996796 399.996826 399.996857 399.996887 399.996918 399.996979 399.997070 399.997101 399.997131 399.997192 399.997070 399.997009 399.996979 399.996979 399.996948 399.996887 399.996857 399.996765 399.996704 399.996643 399.996582 399.996582 399.996643 399.996735 399.996979 
399.997284 399.997131 399.997070 399.997040 399.997040 399.997101 399.997101 399.997101 399.997070 399.997040 399.997101 399.996918 399.996826 399.996765 399.996765 399.996826 399.996918 399.996948 399.996948 399.996948 399.997009 399.997192 399.997131 399.997223 399.997131 399.997070 399.997009 399.996979 399.996948 399.996948 399.996918 399.996918 399.996796 399.996704 399.996643 399.996613 399.996613 399.996674 399.996765 399.996857 
399.997253 399.997101 399.997009 399.997009 399.997040 399.997070 399.997040 399.997040 399.997040 399.996979 399.996948 399.996887 399.996857 399.996765 399.996765 399.996857 399.997101 399.997131 399.997009 399.996979 399.997009 399.997070 399.997101 399.997131 399.997131 399.997101 399.997040 399.997009 399.996979 399.996979 399.997009 399.997101 399.996887 399.996765 399.996674 399.996643 399.996674 399.996735 399.996857 399.996857 
399.997040 399.997009 399.996979 399.996979 399.997040 399.997162 399.997040 399.997009 399.997101 399.996918 399.996857 399.996857 399.996979 399.996796 399.996735 399.996796 399.996918 399.996979 399.996979 399.997009 399.997040 399.997070 399.997101 399.997131 399.997131 399.997223 399.997101 399.997040 399.997040 399.997070 399.997040 399.997040 399.996918 399.996796 399.996735 399.996704 399.996735 399.996857 399.997040 399.996918 
399.996948 399.996918 399.996948 399.996979 399.997040 399.997070 399.996979 399.996948 399.996887 399.996796 399.996735 399.996735 399.996735 399.996674 399.996674 399.996735 399.996857 399.996948 399.997040 399.997070 399.997101 399.997131 399.997131 399.997162 399.997162 399.997192 399.997131 399.997101 399.997131 399.997223 399.997131 399.997162 399.996948 399.996826 399.996765 399.996765 399.996796 399.996887 399.996948 399.996948 
399.996887 399.996887 399.996918 399.997009 399.997162 399.997070 399.996979 399.996887 399.996796 399.996704 399.996643 399.996613 399.996613 399.996582 399.996613 399.996704 399.996796 399.996979 399.997192 399.997131 399.997192 399.997284 399.997223 399.997223 399.997223 399.997223 399.997223 399.997162 399.997162 399.997162 399.997101 399.997070 399.996979 399.996887 399.996826 399.996857 399.996887 399.996979 399.996979 399.996979 
399.996887 399.996887 399.996918 399.996979 399.997070 399.997162 399.996979 399.996857 399.996765 399.996674 399.996582 399.996552 399.996521 399.996521 399.996582 399.996643 399.996765 399.996948 399.997192 399.997192 399.997284 399.997253 399.997284 399.997314 399.997284 399.997345 399.997345 399.997253 399.997223 399.997253 399.997131 399.997070 399.997009 399.996948 399.996918 399.996918 399.996979 399.997162 399.997101 399.997070 
399.996918 399.996918 399.996918 399.996948 399.997009 399.997070 399.996979 399.996857 399.996765 399.996643 399.996552 399.996521 399.996490 399.996490 399.996552 399.996613 399.996735 399.996887 399.997040 399.997131 399.997192 399.997223 399.997314 399.997284 399.997284 399.997345 399.997284 399.997253 399.997284 399.997192 399.997101 399.997070 399.997162 399.997009 399.996979 399.997009 399.997040 399.997131 399.997223 399.997162 
399.997009 399.996979 399.996948 399.996979 399.997040 399.997162 399.997009 399.996948 399.996796 399.996674 399.996582 399.996521 399.996490 399.996490 399.996552 399.996613 399.996735 399.996857 399.997009 399.997192 399.997162 399.997192 399.997253 399.997253 399.997253 399.997253 399.997253 399.997253 399.997223 399.997131 399.997070 399.997040 399.997040 399.997009 399.997009 399.997131 399.997070 399.997101 399.997253 399.997192 
399.997192 399.997070 399.997009 399.997009 399.997009 399.997070 399.997040 399.997101 399.996887 399.996704 399.996613 399.996521 399.996521 399.996521 399.996582 399.996643 399.996765 399.996857 399.996948 399.997040 399.997101 399.997162 399.997284 399.997253 399.997223 399.997253 399.997253 399.997314 399.997192 399.997101 399.997040 399.997040 399.997040 399.996979 399.996979 399.997009 399.997009 399.997040 399.997131 399.997253 
399.997131 399.997131 399.997070 399.997040 399.997040 399.997070 399.997070 399.997070 399.996918 399.996765 399.996643 399.996582 399.996552 399.996582 399.996613 399.996735 399.996857 399.996887 399.996918 399.997009 399.997070 399.997131 399.997223 399.997284 399.997223 399.997223 399.997284 399.997345 399.997192 399.997101 399.997040 399.997040 399.997131 399.996979 399.996918 399.996918 399.996948 399.996979 399.997040 399.997070 
399.997131 399.997223 399.997192 399.997070 399.997070 399.997192 399.997131 399.997192 399.996979 399.996826 399.996704 399.996643 399.996643 399.996643 399.996704 399.996826 399.997070 399.996948 399.996948 399.997009 399.997070 399.997101 399.997162 399.997223 399.997192 399.997223 399.997314 399.997314 399.997162 399.997070 399.997009 399.996979 399.996979 399.996948 399.996918 399.996887 399.996918 399.996948 399.997009 399.996979 
399.997070 399.997101 399.997070 399.997009 399.997009 399.997070 399.997131 399.997192 399.997009 399.996918 399.996796 399.996735 399.996765 399.996735 399.996735 399.996857 399.997070 399.996948 399.996948 399.997009 399.997192 399.997131 399.997131 399.997253 399.997162 399.997162 399.997192 399.997192 399.997131 399.997070 399.997009 399.996979 399.996948 399.996918 399.996887 399.996918 399.996887 399.996918 399.997070 399.996948 
399.997040 399.997040 399.997009 399.996948 399.996948 399.997009 399.997131 399.997040 399.996979 399.997040 399.996857 399.996826 399.996979 399.996796 399.996765 399.996796 399.996857 399.996887 399.996918 399.997009 399.997101 399.997070 399.997101 399.997101 399.997101 399.997101 399.997131 399.997162 399.997162 399.997101 399.997040 399.996979 399.996979 399.996918 399.996918 399.997040 399.996887 399.996826 399.996857 399.996826 
399.997040 399.997131 399.996948 399.996887 399.996887 399.996918 399.996948 399.996918 399.996887 399.996857 399.996796 399.996765 399.996826 399.996826 399.996765 399.996735 399.996796 399.996826 399.996918 399.997009 399.997162 399.997070 399.997070 399.997070 399.997070 399.997070 399.997101 399.997162 399.997253 399.997223 399.997070 399.997009 399.997101 399.996918 399.996857 399.996857 399.996796 399.996735 399.996735 399.996704 
399.997009 399.996948 399.996887 399.996826 399.996857 399.996857 399.996857 399.996826 399.996796 399.996765 399.996704 399.996704 399.996765 399.996948 399.996765 399.996704 399.996735 399.996826 399.996918 399.996979 399.997040 399.997040 399.997070 399.997070 399.997070 399.997070 399.997101 399.997223 399.997162 399.997101 399.997009 399.996979 399.996948 399.996887 399.996826 399.996765 399.996735 399.996674 399.996643 399.996643 
399.997070 399.996857 399.996796 399.996796 399.996826 399.996887 399.996857 399.996826 399.996765 399.996704 399.996674 399.996643 399.996674 399.996704 399.996674 399.996674 399.996704 399.996826 399.997040 399.996979 399.997009 399.997070 399.997192 399.997131 399.997070 399.997070 399.997070 399.997101 399.997101 399.997070 399.996979 399.996948 399.996887 399.996857 399.996826 399.996765 399.996704 399.996643 399.996613 399.996613 
399.996765 399.996704 399.996674 399.996735 399.996857 399.997070 399.996948 399.996887 399.996796 399.996735 399.996643 399.996613 399.996582 399.996582 399.996582 399.996613 399.996674 399.996796 399.996918 399.996948 399.996979 399.997009 399.997101 399.997192 399.997101 399.997070 399.997070 399.997101 399.997101 399.997070 399.997009 399.996948 399.996887 399.996887 399.996887 399.996796 399.996735 399.996674 399.996643 399.996613 
399.996521 399.996521 399.996552 399.996643 399.996826 399.997070 399.996979 399.997009 399.996857 399.996796 399.996674 399.996613 399.996552 399.996552 399.996552 399.996582 399.996674 399.996765 399.996918 399.996948 399.996979 399.997009 399.997040 399.997101 399.997131 399.997131 399.997101 399.997131 399.997131 399.997223 399.997040 399.996979 399.996948 399.996948 399.997070 399.996887 399.996857 399.996765 399.996704 399.996704 
399.996368 399.996368 399.996429 399.996552 399.996704 399.997009 399.996857 399.996826 399.996826 399.996948 399.996735 399.996643 399.996582 399.996521 399.996552 399.996582 399.996674 399.996796 399.997040 399.996979 399.997101 399.996979 399.997009 399.997070 399.997223 399.997223 399.997162 399.997223 399.997131 399.997223 399.997070 399.997009 399.996979 399.996979 399.996979 399.996918 399.997009 399.996826 399.996796 399.996826 
399.996216 399.996246 399.996307 399.996399 399.996521 399.996674 399.996674 399.996674 399.996674 399.996735 399.996704 399.996704 399.996613 399.996552 399.996552 399.996613 399.996704 399.996765 399.996857 399.996887 399.996918 399.996918 399.996948 399.997009 399.997101 399.997101 399.997070 399.997070 399.997070 399.997070 399.997040 399.997040 399.997009 399.997101 399.996948 399.996857 399.996857 399.996796 399.996826 399.997040 
399.996124 399.996155 399.996216 399.996307 399.996399 399.996490 399.996521 399.996552 399.996582 399.996643 399.996704 399.996887 399.996674 399.996582 399.996582 399.996674 399.996765 399.996765 399.996796 399.996796 399.996826 399.996857 399.996918 399.996979 399.997070 399.997040 399.997009 399.997009 399.996979 399.997009 399.997009 399.997131 399.997009 399.996948 399.996857 399.996796 399.996765 399.996735 399.996765 399.996826 
399.996094 399.996124 399.996155 399.996246 399.996307 399.996399 399.996429 399.996490 399.996521 399.996582 399.996643 399.996704 399.996643 399.996613 399.996643 399.996765 399.997009 399.996826 399.996765 399.996765 399.996796 399.996826 399.996918 399.997009 399.997192 399.997070 399.997009 399.996979 399.996948 399.996948 399.996979 399.997009 399.996948 399.996887 399.996826 399.996765 399.996735 399.996704 399.996735 399.996765 
