0.000000 0.000027 0.002758 0.582324 0.002998 0.000061 0.000034 0.000003 0.000000 0.000000 0.000000 0.000000 0.000000 0.000000 0.000026 0.002748 0.573375 0.006305 0.001962 0.014268 6.721444 0.001834 0.000038 0.000001 0.000000 0.000000 0.000000 0.000003 0.000027 0.000005 0.000002 0.000039 0.001809 5.148832 0.001796 0.000035 0.000001 0.000015 0.001285 0.099479 
0.000000 0.000026 0.001641 33.362514 0.002692 0.000502 0.001673 0.000092 0.000003 0.000000 0.000000 0.000000 0.000000 0.000000 0.000026 0.001640 32.704350 0.033258 0.028714 21.880434 0.779261 0.002947 0.000047 0.000000 0.000000 0.000000 0.000002 0.000083 0.001466 0.000185 0.000044 0.000071 0.000810 0.047391 0.000770 0.000017 0.000001 0.000028 0.001700 4.803158 
0.000000 0.000004 0.000177 0.004747 0.006129 0.008684 38.565727 0.001650 0.000026 0.000000 0.000000 0.000000 0.000000 0.000001 0.000003 0.000104 0.001991 0.004987 3.202103 0.316810 21.189014 0.001630 0.000027 0.000000 0.000000 0.000000 0.000027 0.001524 2.129838 0.005249 0.001683 0.002236 0.002901 0.046362 0.002694 0.000122 0.000005 0.000005 0.000117 0.001945 
0.000000 0.000002 0.000051 0.001837 4.413034 5.066983 0.011515 0.000465 0.000014 0.000000 0.000000 0.000003 0.000032 0.000032 0.000005 0.000007 0.000131 0.002165 13.104664 0.005494 0.001871 0.000098 0.000003 0.000000 0.000000 0.000000 0.000032 0.001667 15.790320 2.655295 15.249559 5.041252 29.595453 4.277216 16.459070 0.001746 0.000089 0.000036 0.000050 0.000120 
0.000027 0.000032 0.000118 0.003406 1.323081 0.236104 0.009272 0.002542 0.000120 0.000003 0.000003 0.000101 0.001766 0.001766 0.000135 0.000011 0.000041 0.001791 6.478303 0.002063 0.000107 0.000005 0.000000 0.000000 0.000000 0.000000 0.000027 0.001523 2.126582 0.481471 3.521268 0.005120 0.001942 0.002774 0.004698 0.004560 0.003180 0.002854 0.001714 0.003072 
0.002587 0.001663 0.002101 0.005224 9.224556 0.318815 0.322861 35.395824 0.001656 0.000030 0.000032 0.001710 4.791870 4.862566 0.003042 0.000145 0.000048 0.001568 8.748725 0.001531 0.000030 0.000001 0.000003 0.000025 0.000004 0.000001 0.000005 0.000102 0.001798 0.004760 18.875141 0.001887 0.000133 0.000135 0.001926 33.107841 0.607991 0.608672 39.139362 0.642043 
0.422342 35.737755 0.153540 0.147709 3.998149 0.257595 0.006145 0.001996 0.000115 0.000004 0.000003 0.000107 0.001960 0.005632 33.245834 0.001766 0.000079 0.000266 0.002130 0.000105 0.000006 0.000004 0.000093 0.001646 0.000187 0.000050 0.000034 0.000048 0.000198 0.003407 0.441023 0.002638 0.000035 0.000006 0.000102 0.001657 0.002807 0.002958 0.002436 0.008104 
0.359837 0.005350 0.002070 0.002002 0.005563 38.617706 0.002006 0.000161 0.000052 0.000004 0.000000 0.000004 0.000101 0.003262 0.570678 0.003761 0.000498 0.002299 0.000375 0.000056 0.000035 0.000044 0.001699 38.692924 0.005061 0.001926 0.001802 0.001592 0.002719 0.008783 0.443025 0.002584 0.000026 0.000001 0.000003 0.000032 0.000031 0.000052 0.000412 0.010490 
3.743357 0.002191 0.000111 0.000104 0.002520 0.175976 0.002127 0.000307 0.001718 0.000098 0.000003 0.000001 0.000033 0.002804 0.570431 0.013077 0.015548 4.671205 0.004950 0.002149 0.001669 0.000145 0.000265 0.005698 2.941501 11.652248 7.767334 9.697447 0.286491 0.290616 31.015575 0.001637 0.000026 0.000001 0.000003 0.000030 0.000006 0.000032 0.001711 4.824371 
3.141619 0.001932 0.000065 0.000203 0.005390 0.170125 0.003406 0.005956 38.744740 0.001756 0.000043 0.000002 0.000027 0.001640 31.512384 0.178045 0.172527 5.200009 0.177170 0.182684 34.175156 0.001939 0.000168 0.002523 1.199201 0.173032 0.159014 0.005409 0.003502 0.005111 0.002350 0.000115 0.000003 0.000003 0.000090 0.001629 0.000093 0.000010 0.000104 0.001767 
0.001848 0.000125 0.000048 0.001755 4.812661 4.846430 0.003271 0.000874 0.008752 0.004756 0.000237 0.000010 0.000004 0.000101 0.001900 0.005334 0.178480 0.020346 0.004544 0.007990 0.194857 0.001951 0.000094 0.001754 17.642315 0.168374 0.163980 0.003143 0.001130 0.007665 0.000367 0.000013 0.000001 0.000027 0.001625 23.946424 0.001630 0.000029 0.000005 0.000033 
0.000035 0.000004 0.000006 0.000118 0.002116 0.005429 0.006704 0.002136 0.005142 7.977237 0.003224 0.000143 0.000005 0.000006 0.000113 0.001913 36.303383 0.016174 0.004562 0.007957 0.189482 0.001836 0.000041 0.000183 0.004625 0.057449 38.104275 0.014267 0.018063 26.295769 0.001641 0.000029 0.000002 0.000049 0.003336 2.361954 0.003319 0.000046 0.000001 0.000000 
0.000001 0.000003 0.000027 0.000016 0.000145 0.002183 4.948127 0.073582 0.071405 2.550657 2.382000 0.001764 0.000033 0.000001 0.000011 0.000350 0.009661 36.405903 0.199504 0.193995 5.940699 0.001884 0.000054 0.000051 0.001772 35.993763 0.231162 28.388344 0.951352 0.962729 0.003115 0.000054 0.000003 0.000044 0.001730 24.028469 0.001626 0.000027 0.000000 0.000000 
0.000003 0.000091 0.001625 0.000107 0.000064 0.001854 4.777341 0.005629 0.002746 0.005986 8.150215 0.001828 0.000033 0.000001 0.000008 0.000380 0.012982 0.004882 0.002607 0.005682 4.604153 0.002290 0.000134 0.000017 0.000102 0.001659 0.001753 0.001805 0.004816 26.367905 0.001902 0.000122 0.000020 0.000201 0.004551 0.004526 0.000167 0.000004 0.000000 0.000000 
0.000034 0.001650 25.713007 0.001691 0.000052 0.000149 0.002348 0.000779 0.005379 0.000781 0.002122 0.000117 0.000003 0.000001 0.000025 0.001646 38.541992 0.001972 0.000211 0.004199 0.170401 0.009636 0.001950 0.000119 0.000015 0.000030 0.000025 0.000071 0.000447 0.002725 0.000525 0.001929 0.000281 0.002261 38.840160 0.001747 0.000039 0.000001 0.000000 0.000000 
0.000066 0.003470 1.675174 0.003548 0.000080 0.000065 0.000343 0.002476 4.880269 0.002117 0.000152 0.000007 0.000000 0.000000 0.000002 0.000092 0.001782 0.000258 0.004509 0.058572 0.282115 0.274570 34.053867 0.001942 0.000117 0.000009 0.000006 0.000136 0.002537 0.000594 0.002778 38.966755 0.002231 0.000263 0.001648 0.000094 0.000003 0.000000 0.000003 0.000032 
0.000158 0.001957 25.729158 0.002206 0.000271 0.001691 0.004081 0.006548 4.867671 0.002096 0.000145 0.000006 0.000000 0.000000 0.000000 0.000005 0.000171 0.006829 0.147966 0.860729 3.033850 1.489702 3.243099 0.103629 0.001943 0.000116 0.000044 0.001699 38.937321 0.002300 0.000306 0.001917 0.000126 0.000012 0.000026 0.000003 0.000000 0.000003 0.000101 0.001766 
0.002221 0.000476 0.001922 0.000281 0.002170 20.229059 3.744925 21.096901 0.003935 0.000624 0.001971 0.000114 0.000005 0.000000 0.000001 0.000056 0.003194 0.114178 1.222767 7.966404 3.543905 7.846573 3.307987 1.411977 35.670670 0.001710 0.000046 0.000104 0.001653 0.000120 0.000026 0.000116 0.000011 0.000001 0.000000 0.000000 0.000000 0.000028 0.001699 4.823757 
3.226532 0.002182 0.000140 0.000058 0.002776 0.460565 0.024123 0.010749 0.000918 0.003221 38.944241 0.001910 0.000112 0.000006 0.000017 0.000718 0.011241 0.171978 4.463439 6.899198 25.921766 10.599887 10.749437 25.155285 0.397470 0.010948 0.000114 0.000005 0.000028 0.000015 0.000112 0.001830 0.000097 0.000003 0.000000 0.000000 0.000000 0.000013 0.000400 0.010194 
3.215042 0.001894 0.000047 0.000037 0.002668 0.462328 0.018346 0.008355 0.003197 0.000614 0.002297 0.000476 0.001910 0.000148 0.000261 0.004784 2.886856 22.266979 7.591690 22.435997 56.003361 25.255646 9.498322 6.706604 0.934529 0.014724 0.000318 0.000007 0.000009 0.000109 0.001833 18.024771 0.001596 0.000026 0.000000 0.000000 0.000003 0.000115 0.002397 0.007769 
0.001857 0.000113 0.000007 0.000043 0.001742 30.048086 0.563698 0.564133 33.315544 0.002276 0.000302 0.002293 38.951233 0.004727 0.003389 0.111168 1.053259 1.885923 24.241112 54.426323 380.572937 59.732166 29.927809 7.836007 7.648023 28.295780 0.001730 0.000050 0.000114 0.001821 0.005691 3.890482 0.002548 0.000039 0.000000 0.000000 0.000025 0.001639 33.265141 0.582021 
0.000035 0.000004 0.000005 0.000171 0.004604 0.012746 0.004066 0.002907 0.001646 0.000115 0.000016 0.000115 0.001643 0.000137 0.000751 0.041835 0.775538 2.957146 5.167943 21.370657 57.076374 30.455994 14.720027 8.283989 1.121612 0.158842 0.002297 0.000144 0.001781 16.362038 1.178327 16.319389 0.001591 0.000027 0.000000 0.000000 0.000012 0.000269 0.002453 0.003069 
0.000001 0.000001 0.000025 0.001646 38.652451 0.009501 0.000447 0.000057 0.000028 0.000003 0.000000 0.000003 0.000024 0.000003 0.000039 0.002782 0.070482 0.152986 9.314795 7.171347 27.106178 15.466230 19.306669 7.404275 0.774415 0.153257 0.005033 0.001017 0.004784 3.861048 0.006942 0.002590 0.000271 0.000012 0.000001 0.000005 0.000124 0.002239 0.000404 0.000111 
0.000001 0.000000 0.000004 0.000184 0.004801 20.911427 0.001634 0.000036 0.000002 0.000000 0.000000 0.000000 0.000000 0.000000 0.000001 0.000074 0.002535 0.013758 3.625252 6.786788 4.854424 9.332364 16.661299 16.374870 3.032196 4.340767 6.395868 0.020615 0.016557 18.071554 0.002612 0.000568 0.002231 0.000142 0.000018 0.000115 0.001917 37.040840 0.004754 0.001599 
0.000032 0.000003 0.000001 0.000061 0.003214 4.016894 0.003414 0.000122 0.000004 0.000000 0.000000 0.000000 0.000000 0.000000 0.000000 0.000001 0.000097 0.003332 0.052211 6.218383 3.820828 3.357105 27.286333 0.019679 0.020606 6.103109 0.013043 0.017137 38.212753 0.003371 0.000374 0.002421 33.293427 0.002425 0.000417 0.001918 0.004949 0.128647 4.881131 0.098950 
0.001765 0.000115 0.000009 0.000034 0.001635 22.527887 0.004603 0.001760 0.000088 0.000002 0.000000 0.000000 0.000000 0.000000 0.000000 0.000000 0.000003 0.000090 0.001903 28.604961 0.159467 0.154489 3.547238 0.006073 0.000943 0.002207 0.001694 0.020134 0.004629 0.000243 0.000070 0.002983 0.581692 0.007642 0.010410 36.578461 0.166584 0.160672 4.870746 0.116410 
4.811944 0.002096 0.000137 0.000088 0.002442 0.248172 0.243793 9.722924 0.001539 0.000025 0.000000 0.000000 0.000000 0.000000 0.000000 0.000003 0.000028 0.000012 0.000107 0.001722 0.003374 0.005390 22.915424 0.005845 0.000383 0.000237 0.002074 2.424729 0.001737 0.000054 0.000038 0.002809 0.581685 0.003458 0.000363 0.001682 0.001746 0.001961 0.004602 4.844686 
0.111130 0.005532 0.002145 0.001904 0.006357 0.246250 0.242359 4.904272 0.001894 0.000040 0.000001 0.000000 0.000000 0.000000 0.000003 0.000101 0.001696 0.000108 0.000013 0.000049 0.000118 0.000480 0.007657 20.869253 0.003135 0.001042 0.005330 19.257236 0.001750 0.000044 0.000034 0.001663 33.277809 0.001703 0.000050 0.000038 0.000024 0.000055 0.000558 0.010266 
0.112219 5.320221 5.537634 0.142777 0.144931 11.480018 3.789486 7.379026 0.002109 0.000132 0.000035 0.000027 0.000026 0.000005 0.000035 0.001774 4.823980 0.001839 0.000058 0.000126 0.001749 0.003523 0.010487 3.806194 0.045301 0.048324 11.740034 1.435747 0.001564 0.000038 0.000007 0.000107 0.001911 0.000110 0.000012 0.000034 0.000015 0.000151 0.002645 0.007831 
0.007856 0.179259 0.005148 0.001899 0.001913 0.005029 1.982065 3.466736 0.005043 0.001996 0.002837 0.002767 0.001641 0.000108 0.000055 0.001831 4.824691 0.002076 0.000141 0.001889 20.172396 0.398911 0.398867 19.981035 0.002710 0.000746 0.001992 0.002202 0.000284 0.000059 0.000023 0.000036 0.000122 0.000026 0.000120 0.001671 0.000263 0.002215 33.274471 0.581718 
0.011444 0.184553 0.002178 0.000077 0.000078 0.001755 16.209652 0.021594 0.025851 33.943481 0.584984 0.584887 33.165455 0.001796 0.000064 0.000119 0.001705 0.000124 0.000084 0.003210 3.792887 0.009311 0.003258 0.001672 0.000123 0.000020 0.000077 0.000369 0.002357 0.001903 0.001803 0.001863 0.001923 0.000283 0.002262 38.973774 0.002228 0.000260 0.001645 0.002758 
0.409801 31.971069 0.001649 0.000030 0.000007 0.000103 0.001646 0.000580 0.000624 0.001647 0.002811 0.003183 0.004706 0.004654 0.000179 0.000013 0.000031 0.000015 0.000122 0.001869 21.016256 0.002046 0.000246 0.000056 0.000005 0.000005 0.000153 0.003410 4.539254 5.987392 0.189614 0.195127 36.372864 0.002227 0.000264 0.001653 0.000113 0.000011 0.000027 0.000027 
0.364447 0.004803 0.000179 0.000005 0.000004 0.000039 0.000047 0.000015 0.000012 0.000028 0.000033 0.000093 0.001846 38.844685 0.001653 0.000028 0.000007 0.000105 0.001916 0.000472 0.002243 0.000495 0.002125 0.000160 0.000011 0.000029 0.001656 38.761673 0.005539 0.002265 0.001865 0.001801 0.001651 0.000116 0.000015 0.000027 0.000003 0.000000 0.000000 0.000000 
4.755175 0.001825 0.000045 0.000006 0.000086 0.001504 0.000205 0.000041 0.000005 0.000002 0.000001 0.000004 0.000097 0.001643 0.000092 0.000005 0.000028 0.001646 33.633167 0.002322 0.000329 0.002336 38.874725 0.003099 0.000147 0.000017 0.000117 0.001995 0.000287 0.000175 0.000038 0.000021 0.000028 0.000011 0.000029 0.000006 0.000001 0.000000 0.000000 0.000000 
0.001762 0.000105 0.000006 0.000029 0.001535 2.152754 0.005364 0.001663 0.000164 0.000040 0.000003 0.000000 0.000003 0.000024 0.000003 0.000000 0.000026 0.002633 0.474665 0.003371 0.000159 0.000213 0.003282 38.855694 0.002014 0.000136 0.000064 0.000159 0.000297 0.002117 0.000122 0.000005 0.000006 0.000099 0.001655 0.000172 0.000040 0.000003 0.000000 0.000000 
0.000032 0.000003 0.000001 0.000032 0.001650 14.062106 4.851016 13.727155 0.004435 0.001749 0.000104 0.000005 0.000000 0.000000 0.000000 0.000000 0.000026 0.002623 0.472452 0.009395 0.001840 0.000175 0.000293 0.004906 0.004863 0.002138 0.001874 0.001945 0.005765 5.313202 0.001849 0.000052 0.000055 0.001785 38.700191 0.004599 0.001748 0.000116 0.000012 0.000034 
0.000000 0.000000 0.000000 0.000027 0.001530 2.151288 0.005459 0.001761 0.004568 38.854473 0.001909 0.000111 0.000005 0.000000 0.000000 0.000001 0.000030 0.001614 20.153379 3.773484 21.018467 0.001910 0.000152 0.001943 3.057417 11.207067 8.884221 13.580577 2.059224 3.849477 0.002064 0.000174 0.000319 0.004642 0.005999 0.009604 38.694416 0.002249 0.000277 0.001775 
0.000000 0.000000 0.000000 0.000002 0.000082 0.001459 0.000191 0.000056 0.000184 0.001917 0.000428 0.001897 0.000101 0.000003 0.000000 0.000003 0.000045 0.000121 0.001654 0.003037 0.001612 0.000103 0.000030 0.001157 0.078172 0.004045 0.001902 0.001596 0.002197 0.001939 0.000454 0.002070 0.005048 38.758076 0.002683 0.000496 0.001655 0.000267 0.002307 4.841653 
0.000000 0.000000 0.000000 0.000000 0.000002 0.000022 0.000004 0.000001 0.000007 0.000116 0.001906 33.278587 0.001644 0.000027 0.000005 0.000104 0.001748 0.000136 0.000047 0.000047 0.000027 0.000004 0.000016 0.001148 0.080288 0.001512 0.000081 0.000032 0.000047 0.000125 0.001920 33.208252 0.004742 0.001871 0.000134 0.000016 0.000027 0.000012 0.000123 0.001791 
0.000000 0.000000 0.000000 0.000000 0.000000 0.000000 0.000000 0.000000 0.000000 0.000034 0.002825 0.580862 0.002781 0.000034 0.000036 0.001776 4.826365 0.001789 0.000039 0.000002 0.000001 0.000001 0.000034 0.001797 5.298502 0.001817 0.000040 0.000002 0.000001 0.000035 0.002828 0.580035 0.003239 0.000106 0.000005 0.000000 0.000000 0.000000 0.000004 0.000040 
