0.000103 0.000430 0.004417 11.309704 0.005774 0.001298 0.000470 0.001120 0.002483 0.021136 0.253160 1.748150 7.565671 13.226571 36.111328 39.407192 159.755615 200.567123 180.119522 148.971588 129.223022 94.056190 82.861580 59.480484 46.022503 29.793610 16.203308 7.056241 1.284490 0.200000 0.016959 0.004424 0.006496 19.314119 0.002331 0.000623 0.000397 0.000841 0.005785 0.335100 
0.000065 0.000179 0.001532 158.566788 0.003666 0.001851 0.001910 0.051293 0.074532 0.289040 1.293822 4.080704 11.070578 18.179720 42.165791 44.384090 263.135895 202.502945 208.533707 208.209839 112.888992 107.850555 86.839111 64.686806 50.190071 33.286518 18.572958 8.314083 1.800841 0.683802 0.087215 0.025222 0.021594 1.004684 0.008939 0.001449 0.000500 0.000500 0.002096 15.687140 
0.000070 0.000161 0.000566 0.004821 0.006861 0.009369 351.381409 1.454026 1.090577 1.926628 4.311767 9.126632 17.643696 26.721392 50.686623 57.380745 114.009819 144.952347 224.678864 188.588181 191.874146 105.062859 97.358635 73.896378 59.097301 40.282364 23.889002 12.985740 6.019900 0.604785 0.103319 0.030737 0.024585 1.002294 0.010813 0.001890 0.000699 0.000560 0.000964 0.003810 
0.000155 0.000264 0.000685 0.002360 10.764634 22.243353 4.399010 2.653760 5.215243 7.876732 11.805210 17.112309 28.426167 40.530842 66.407761 77.168655 116.943474 136.725006 247.313416 183.225708 162.423370 121.846909 113.357536 88.670723 71.770714 53.776871 38.602493 31.954985 48.878639 12.684153 35.030228 18.027792 202.949982 15.766689 39.559799 0.002683 0.001242 0.001015 0.001008 0.001920 
0.000570 0.000641 0.002181 0.005414 6.014536 14.801882 3.401423 2.497410 6.336435 11.533175 18.957983 30.237646 38.486794 48.469810 73.513374 94.089180 129.723007 150.182404 263.809784 189.332840 169.536819 139.693237 129.162735 105.918884 93.887589 74.724106 59.055683 55.755695 79.023064 20.766401 16.826441 7.686981 7.503907 2.180983 2.363266 0.005081 0.005777 0.005182 0.002449 0.006216 
0.004318 0.002066 0.024091 0.028802 86.549919 17.532240 15.602075 236.357681 26.780449 25.625387 31.499147 40.641964 66.607704 92.083664 80.235855 100.641548 138.822067 153.636734 285.631287 203.874817 191.705246 166.611038 157.895523 135.697906 112.766296 96.831619 85.858047 86.328133 102.265625 177.078537 67.294083 6.596895 6.308330 1.930977 2.293339 151.318710 16.985397 16.994349 282.865143 14.010539 
1.393352 278.888062 1.657196 1.587992 11.358894 16.815090 21.483807 111.648636 49.187042 49.274601 54.279728 60.614349 81.513138 87.525581 223.933517 151.899948 167.087585 175.315552 296.284058 220.213837 212.070328 187.727844 170.596619 141.243332 153.809784 132.096390 112.120071 92.443832 64.001167 40.935764 24.356234 11.523092 9.596267 2.781530 1.053724 0.505144 0.025298 0.007356 0.010532 0.301272 
1.225326 1.948352 1.127811 3.489507 3.553209 277.696777 107.189438 127.405457 82.889175 80.805847 85.823502 91.467918 109.678352 117.301231 166.975296 187.915207 206.841080 207.324539 324.852783 248.897141 243.013474 218.020309 214.985733 372.039825 151.722641 144.554047 125.996414 93.916092 63.740746 41.048096 24.620962 21.000332 14.176054 4.917463 2.124884 0.412199 0.019776 0.002663 0.008583 0.301500 
13.500763 1.933530 1.615495 6.584057 6.868021 41.326187 65.809868 103.772400 86.918503 96.086395 107.010933 116.304329 134.325073 150.255692 174.442398 200.564026 225.915298 243.118332 348.823029 260.894562 252.153595 248.205856 247.420593 331.173920 200.166824 220.387817 149.766815 148.194702 108.555801 106.795212 195.694992 25.165691 23.501764 10.778900 5.632633 1.231157 0.095345 0.003660 0.005116 15.801100 
9.886071 1.495288 1.336242 4.562380 5.824329 39.242031 66.894753 71.003563 362.529633 150.826645 148.798325 152.983215 168.998474 174.522446 271.231964 267.654694 274.044891 283.928528 349.456635 309.776917 352.940460 278.486053 277.955078 326.563446 221.158493 228.532135 183.364410 159.976105 128.028397 102.563271 73.953842 36.435242 30.923738 13.818921 6.566193 1.309116 0.123221 0.008688 0.001198 0.002751 
0.005854 0.071674 0.261841 0.354848 16.859316 57.158615 73.194702 125.738693 90.729317 129.676178 160.991562 178.730972 199.095703 206.296448 254.396439 288.427948 285.273590 310.152863 355.379700 338.645203 355.485657 305.810730 305.723419 340.671539 286.274200 210.387939 191.073257 166.228363 132.898575 104.204437 78.238914 53.321621 44.882160 28.584700 27.478054 70.528862 0.093355 0.082198 0.011833 0.001132 
0.002017 0.053327 0.765109 1.923780 15.204216 26.554745 43.853783 74.478416 85.091293 159.047821 183.318481 204.877640 230.023514 239.555405 273.764496 284.406464 381.009796 337.369507 364.380310 360.094482 364.912964 332.128937 331.922272 341.032471 281.868286 237.339539 307.767151 182.225388 192.572861 216.629868 79.965630 73.963287 58.897644 41.224087 33.556438 19.083652 1.142522 1.055057 0.226676 0.023960 
0.003657 0.102398 1.304893 4.239006 18.178259 26.228962 57.816383 81.868370 94.546844 135.103775 179.601608 204.486984 239.738541 259.694122 290.973877 304.931122 322.701294 386.218994 381.943085 377.541931 379.259644 352.513214 352.049286 359.079559 319.460999 343.876465 313.239899 346.466919 153.900787 142.514923 109.826538 99.261719 84.864777 70.541733 70.944016 79.368446 4.414907 4.136599 1.493906 0.359530 
0.009046 0.116986 1.376149 5.170218 20.086082 28.758110 59.731216 79.210754 109.238785 123.471397 196.718857 221.153549 253.797211 277.986053 301.685730 332.660553 331.110382 363.458466 381.646790 387.471405 391.259949 372.535217 372.462769 371.855225 345.343903 328.392639 290.678253 259.020447 213.317810 248.895935 138.544632 132.079422 102.582649 85.019951 66.976776 21.993790 11.761440 10.389905 5.058827 2.445294 
0.075035 0.084031 90.437035 32.779697 37.361115 43.709301 64.546913 84.358337 113.348175 136.181000 173.007538 207.685089 242.933578 274.754944 309.979553 321.597168 393.511658 395.284393 397.145386 395.069794 392.448181 383.372772 382.239929 379.570099 351.151215 329.937073 297.518372 265.452515 230.274170 198.723724 147.084610 138.601685 155.384064 154.480652 357.282013 24.475855 22.794977 18.784422 10.345178 6.353374 
0.926201 0.962413 16.590651 35.842606 52.170971 65.070946 86.204895 102.375641 143.796295 156.293808 184.536041 216.344330 249.793427 279.889557 314.894257 333.180267 362.334625 380.520172 392.191528 397.318237 396.828766 392.913177 394.985565 372.311188 357.345032 329.697174 301.511475 270.080414 240.662674 262.467224 245.163071 372.671783 133.686325 127.439430 85.938408 45.690128 45.198608 36.476616 28.339487 23.924475 
5.112638 5.280773 112.003456 79.698105 86.856262 79.706993 105.283379 114.368034 151.941589 174.280807 203.136459 233.502029 264.745819 292.308777 323.238495 344.603760 366.126770 382.190948 392.909637 397.166351 399.035522 396.276093 393.310974 380.425873 371.863525 373.222198 351.551544 349.472931 386.909668 257.890717 247.061050 200.440063 147.169556 125.369431 86.987686 64.487495 55.843277 44.266293 34.201191 27.821781 
5.905982 6.129665 34.956093 60.260025 74.475700 131.954636 120.406036 174.254379 172.658493 207.046341 208.337875 237.822128 269.819031 298.376465 327.555969 350.907196 370.381165 385.174500 394.124573 397.611633 399.468811 398.806793 397.553955 393.150116 395.502563 377.935120 366.024017 343.772888 316.070282 275.169434 246.671326 207.524979 174.254242 147.279907 119.041496 101.731133 95.075661 83.944641 81.551140 97.611801 
25.167482 24.409447 37.525723 64.953705 89.446335 125.144753 146.348572 183.155624 209.533051 216.998123 380.740295 302.847412 309.182037 325.970001 346.554138 364.375397 380.372589 390.091217 395.934326 398.282623 399.561157 399.958252 399.102844 398.600128 392.825562 384.045563 369.018158 347.229065 320.963989 290.657898 261.066925 229.206818 205.820679 177.687485 155.354401 139.855438 131.689865 121.893341 119.758904 140.412933 
45.170746 46.851135 55.195824 76.388176 85.252586 119.261322 148.801865 184.589981 215.548401 228.300858 298.177887 325.765045 318.732513 333.888794 352.369202 369.211029 387.002838 396.519287 397.735016 398.987762 399.669983 399.746246 398.806091 397.278412 393.454651 386.436279 372.912994 352.414764 329.147278 301.721619 275.084717 255.981079 210.853271 191.876602 166.863129 153.374298 143.303436 133.542542 129.517395 145.423477 
22.448210 27.679789 40.491394 61.670002 66.181419 186.135330 212.860764 222.708862 319.574768 301.891144 331.934906 342.517792 394.830597 394.731049 396.485504 397.665649 398.494690 399.073395 399.585388 399.762634 399.921417 399.686340 399.327332 398.391449 396.836609 396.088196 385.849274 378.681976 363.928589 347.916595 330.292511 312.355591 293.915863 278.525543 261.445557 249.671509 236.913559 229.195618 241.124680 114.253937 
20.276167 24.456211 39.826313 51.007671 66.387772 110.742714 157.459793 193.639435 242.631683 275.619965 300.152466 325.937531 332.779419 347.539185 362.300049 375.121063 385.091614 392.522919 397.087341 398.970764 399.700714 399.712067 398.848267 397.457886 394.207184 386.408936 372.736786 354.199036 331.321289 313.422119 273.362640 260.459381 209.689468 188.459412 154.728897 131.116455 105.101227 85.225380 67.784485 69.923706 
13.007874 16.598780 35.022701 36.547409 356.658264 263.080811 266.783661 249.203400 256.427277 270.586395 286.758209 302.831024 322.850616 340.699432 356.553101 370.158905 380.898193 389.083374 397.263062 397.938232 399.516235 399.959137 398.880585 396.964020 393.365784 385.812500 371.422791 353.518646 328.410767 304.479431 275.076050 246.924332 214.066132 187.113846 156.075806 131.343781 105.705551 86.731911 66.562904 64.619385 
15.088197 20.160065 31.686470 46.161755 65.174484 129.353256 153.712616 182.126602 210.077271 232.875580 254.409760 275.862030 297.259674 316.971100 336.497833 354.427216 368.997009 381.632477 392.445740 394.961304 399.219757 399.371979 397.794556 396.294922 389.271088 385.833374 372.923920 352.733765 331.846558 318.079620 274.382874 253.249420 225.291885 221.129318 187.427902 178.252777 183.569717 331.760773 47.542767 46.523048 
16.984766 24.330963 32.284252 52.321522 66.278976 95.952637 126.303658 158.334717 186.786102 207.587311 229.009964 251.318344 274.667206 296.504974 319.827667 340.516205 358.438354 373.063538 381.095093 390.076782 394.105865 397.386017 396.935242 387.599487 380.580719 373.493866 355.441254 351.202271 392.285583 328.061249 322.395447 301.990662 298.586517 208.979874 200.656662 163.234360 98.432243 94.322632 63.362904 43.830517 
17.557913 24.410322 32.634895 54.772465 61.952816 126.425438 131.498444 158.099686 170.383804 181.810883 201.978607 224.754242 249.600128 273.470184 301.116425 323.996460 345.638397 360.373322 370.657074 386.044250 386.944244 392.334229 390.321930 380.668701 369.043091 351.802582 327.630341 300.711426 272.228912 288.945740 251.865570 226.812592 196.289688 197.107391 195.906494 345.878937 94.909195 93.924759 68.249748 44.174198 
69.256874 58.356758 59.122742 71.011520 78.673950 80.071854 95.728249 135.059082 131.637482 145.897507 171.439651 196.976318 224.221115 251.235748 283.611328 307.574432 331.659760 343.923584 359.421295 360.203827 376.209900 384.139252 389.513458 369.028717 360.291199 350.334015 327.674683 305.820618 261.815521 247.802444 239.476395 221.541000 185.826981 139.431641 125.965004 93.397835 113.193474 98.578323 104.061157 115.432892 
1.676835 14.121069 34.534946 38.310600 39.496395 65.169083 89.637146 103.920158 99.400246 118.251541 148.283051 173.367844 201.886032 232.559967 268.915558 290.809174 315.258423 323.934448 335.416992 346.471832 369.558533 374.154633 372.724030 356.023773 334.821198 328.333313 351.677460 317.877289 226.062958 219.706436 207.660004 206.973633 248.872620 126.517525 119.143883 87.336647 66.943672 64.844078 72.065269 45.205368 
1.712212 18.730108 47.851986 18.630394 19.059298 56.166126 83.084686 87.107101 71.056801 97.264267 130.676102 152.092148 183.011551 219.516159 256.719971 271.759857 301.075562 296.604950 315.395874 327.433563 357.435455 359.421387 361.538330 319.269226 307.737488 291.918365 310.706726 220.463562 206.739487 183.231720 166.112579 149.712555 121.347610 111.961067 90.777527 69.744324 43.550068 44.049236 72.807701 36.239365 
0.900962 3.290890 2.693990 3.959017 7.926060 7.069474 45.447670 49.878628 44.624561 89.850006 119.729904 132.552902 173.562881 216.516739 242.359848 247.369659 267.952637 269.244812 292.075745 311.249664 349.656281 343.678009 373.824493 312.510803 279.701813 251.630417 220.958801 198.988281 169.840576 158.401962 141.528458 136.642838 112.404106 74.831314 74.912102 67.052246 20.870716 22.258377 181.888840 15.871195 
0.868829 3.438184 2.785850 3.216257 5.683482 6.058535 66.897316 29.019249 29.667381 189.723206 106.897690 112.341881 233.757004 231.786377 214.715668 215.974014 232.310135 242.711273 271.914490 303.327850 320.439819 326.567078 354.283234 273.381500 274.916351 237.767578 212.368088 173.726517 141.431976 128.834656 107.369408 106.090416 111.414330 43.809174 46.374069 352.956451 4.483545 4.024508 0.378146 0.121319 
2.119158 207.250687 0.679810 0.554523 1.400341 3.820241 6.057240 13.829128 39.445229 44.312759 64.171181 100.035812 99.843407 211.682449 184.083145 185.477081 207.507629 215.174271 261.188354 281.403534 320.523346 310.496185 353.800171 247.373459 236.766632 220.035934 201.226105 170.673370 119.443680 116.607910 80.673546 80.134399 292.626678 21.731201 20.008150 7.242235 8.777952 2.867515 0.366015 0.059158 
1.806830 0.005235 0.022597 0.047063 0.337262 2.001609 5.691840 14.991353 25.997118 42.414295 64.019691 92.301956 95.927322 366.078918 155.110504 156.552963 180.896927 187.643356 256.712311 277.360321 287.752258 291.056335 351.929382 220.011612 208.589294 185.495865 179.205704 364.511169 72.719101 68.823341 58.786888 50.106117 37.778580 57.992886 16.248592 6.578304 2.775739 0.650263 0.052488 0.003744 
15.169494 0.002558 0.000942 0.005210 0.124315 2.225355 4.674107 12.166315 23.184774 39.789009 61.214436 79.898399 100.885208 97.466721 114.283524 129.737213 158.334122 165.510544 311.339203 256.738495 272.527222 276.604553 382.698425 202.108093 175.014450 151.142181 115.885109 93.846611 78.380798 56.337601 41.909740 42.433891 36.099964 26.773575 18.454372 2.803335 1.054944 0.102323 0.003976 0.000175 
0.001722 0.000325 0.000182 0.000748 0.017023 7.210740 6.666410 13.395125 23.514662 40.321594 60.516361 78.371048 84.951920 94.336990 106.561218 115.141327 139.427704 162.171097 190.697449 210.057571 244.218399 263.764404 237.661011 376.334473 151.314362 146.450317 110.000237 90.180122 61.446587 39.764141 22.823627 23.076689 20.490559 22.466734 20.615791 1.380748 0.525944 0.023185 0.000532 0.000055 
0.000122 0.000077 0.000072 0.000157 0.001533 32.993488 17.567146 58.483921 30.862623 42.445827 61.393806 72.661201 69.457176 70.639671 80.170250 86.482193 118.391281 136.216370 186.361816 201.353607 239.889435 248.305969 213.512054 162.544266 132.585403 116.624725 88.841309 84.196503 65.401299 42.595963 14.596097 15.366225 12.561681 13.744313 352.669159 0.669090 0.677571 0.016500 0.000444 0.000189 
0.000020 0.000019 0.000032 0.000126 0.001624 4.234165 0.009521 0.010591 0.013770 352.944489 54.903900 64.122093 51.540394 51.533421 62.438820 67.243622 108.679070 125.912796 188.182297 198.841797 239.278641 229.633804 205.733154 161.827209 130.117523 67.678963 54.536949 44.149139 10.327974 11.360044 6.467892 9.933379 8.716269 14.663358 0.006108 0.009292 353.448242 0.002603 0.000863 0.001808 
0.000003 0.000004 0.000012 0.000051 0.000239 0.001551 0.001546 0.003071 0.003407 0.002279 0.412993 51.486412 34.532814 34.127605 46.141582 48.733776 120.204842 151.083633 178.518341 203.319366 211.501862 219.162857 187.884369 129.221725 85.541626 31.993246 26.384632 8.799985 5.103143 1.792387 2.171541 10.572360 10.907512 353.121002 0.003188 0.001274 0.001618 0.000818 0.002800 15.865166 
0.000000 0.000001 0.000003 0.000014 0.000048 0.000105 0.000129 0.000191 0.000322 0.000685 0.002420 169.906815 22.100973 21.331369 34.194622 35.852711 123.563339 158.915634 185.003693 200.256546 208.672150 215.133286 187.896469 133.654556 92.642784 30.805376 26.032589 8.082305 4.646939 1.525645 1.694457 166.175400 0.005810 0.003029 0.000837 0.000379 0.000212 0.000260 0.000507 0.001920 
0.000000 0.000000 0.000001 0.000004 0.000013 0.000024 0.000033 0.000055 0.000163 0.000809 0.009360 14.426013 14.183677 14.442789 27.512543 28.438494 157.468292 178.220291 184.355972 192.607422 199.653046 207.941193 207.679306 160.099701 129.129333 25.758457 23.135672 5.216267 2.526205 0.514691 0.547300 11.967700 0.006665 0.001418 0.000463 0.000173 0.000091 0.000102 0.000175 0.000278 
