0.000017 0.000239 0.004143 10.311056 0.004903 0.000577 0.000141 0.000028 0.000003 0.000000 0.000000 0.000000 0.000001 0.000013 0.000236 0.004139 9.614729 0.027165 0.017721 0.031802 24.287392 0.001716 0.000110 0.000008 0.000000 0.000000 0.000003 0.000025 0.000080 0.000051 0.000044 0.000186 0.001849 18.577927 0.001792 0.000148 0.000048 0.000342 0.005081 0.330191 
0.000007 0.000069 0.001420 158.566788 0.002903 0.001096 0.001553 0.000148 0.000016 0.000001 0.000000 0.000000 0.000001 0.000006 0.000068 0.001419 157.250031 0.073512 0.068711 101.915009 3.837727 0.003090 0.000168 0.000010 0.000001 0.000001 0.000018 0.000163 0.001451 0.000365 0.000186 0.000739 0.007499 0.787497 0.006907 0.000498 0.000060 0.000118 0.001673 15.420385 
0.000005 0.000034 0.000310 0.004329 0.006044 0.008512 345.194458 0.001444 0.000060 0.000004 0.000001 0.000002 0.000005 0.000010 0.000029 0.000174 0.001798 0.004519 5.921878 0.813344 98.283829 0.001425 0.000065 0.000005 0.000001 0.000004 0.000063 0.001466 3.561580 0.004843 0.001562 0.002368 0.009628 0.785422 0.008739 0.000785 0.000125 0.000100 0.000360 0.002663 
0.000020 0.000042 0.000240 0.001871 10.636181 19.627661 0.029397 0.002161 0.000184 0.000014 0.000005 0.000021 0.000074 0.000080 0.000043 0.000062 0.000262 0.002002 44.291962 0.004760 0.001704 0.000164 0.000019 0.000002 0.000001 0.000005 0.000064 0.001438 44.509598 12.017563 34.557487 17.584263 198.473984 15.486806 39.292770 0.001951 0.000533 0.000375 0.000295 0.000839 
0.000253 0.000189 0.000958 0.003995 5.905752 2.337034 0.027664 0.003970 0.000352 0.000038 0.000029 0.000189 0.001663 0.001670 0.000242 0.000088 0.000144 0.001500 16.500956 0.001724 0.000213 0.000036 0.000007 0.000004 0.000003 0.000007 0.000072 0.001484 3.573060 0.815854 14.485150 0.004041 0.001940 0.002406 0.004144 0.004295 0.004917 0.004399 0.001720 0.005092 
0.003867 0.001586 0.007434 0.010714 84.756409 3.973376 3.984066 222.796173 0.001436 0.000068 0.000083 0.001636 15.383368 15.737599 0.002693 0.000321 0.000218 0.001564 19.487322 0.001389 0.000082 0.000018 0.000020 0.000044 0.000027 0.000020 0.000058 0.000423 0.004162 0.006885 56.564316 0.001907 0.000395 0.000355 0.001836 149.531677 14.893596 14.901749 280.277710 13.888513 
1.368524 271.743683 0.672270 0.662534 6.762069 3.735583 0.009529 0.002360 0.000249 0.000039 0.000037 0.000268 0.002424 0.005613 161.163971 0.002183 0.000757 0.000896 0.007546 0.000542 0.000069 0.000038 0.000151 0.001424 0.000285 0.000126 0.000125 0.000367 0.002321 0.008855 5.015579 0.005105 0.000417 0.000100 0.000191 0.001458 0.004321 0.005361 0.008605 0.291711 
1.169464 0.006263 0.008255 0.010043 0.013335 269.562836 0.002379 0.000808 0.000194 0.000039 0.000017 0.000074 0.000604 0.005164 8.312275 0.014290 0.007719 0.002913 0.006483 0.004582 0.000226 0.000200 0.001626 346.903625 0.004470 0.001739 0.001499 0.001785 0.009405 0.021803 5.021841 0.004847 0.000315 0.000035 0.000034 0.000100 0.000354 0.000975 0.006686 0.291920 
12.166162 0.003467 0.001370 0.002346 0.010467 1.494237 0.013926 0.005444 0.001632 0.000175 0.000032 0.000037 0.000313 0.004298 8.309268 0.197283 0.199611 14.039328 0.124251 0.117219 0.001619 0.004572 0.012792 0.223697 5.763041 33.567142 22.138405 25.466482 2.350074 2.358068 175.664963 0.001435 0.000078 0.000015 0.000024 0.000069 0.000080 0.000180 0.001755 15.529737 
9.284235 0.002365 0.000506 0.001481 0.013772 1.483633 0.111088 0.114520 345.225494 0.001574 0.000117 0.000033 0.000085 0.001436 148.391876 5.449450 5.301500 51.170399 3.651141 3.656697 237.817001 0.170484 0.171415 0.219194 3.463719 0.532093 0.505921 0.035293 0.038365 0.148151 0.006406 0.000431 0.000043 0.000025 0.000124 0.001397 0.000148 0.000077 0.000221 0.001671 
0.001832 0.000327 0.000210 0.001821 15.638873 15.408095 0.021672 0.018928 0.033402 0.004231 0.000422 0.000076 0.000042 0.000175 0.002081 0.160879 4.864705 30.237370 15.390560 15.670223 47.716564 2.886428 2.467575 2.554498 112.293579 0.521898 0.512974 0.032037 0.027002 0.151247 0.004664 0.000278 0.000032 0.000065 0.001393 69.840096 0.001410 0.000080 0.000042 0.000080 
0.000097 0.000051 0.000067 0.000300 0.002259 0.005375 0.025294 0.026229 0.029710 58.705368 0.003020 0.000278 0.000047 0.000068 0.000565 0.002128 303.161438 30.838045 30.227341 31.590414 47.446171 8.014678 6.999564 5.655442 13.812784 3.920987 197.728546 0.042779 0.046411 145.029846 0.001474 0.000107 0.000034 0.000164 0.003010 16.614964 0.002974 0.000144 0.000015 0.000007 
0.000016 0.000027 0.000066 0.000118 0.000400 0.002305 16.210230 0.428912 0.423466 4.760436 4.176275 0.001696 0.000116 0.000902 0.014339 0.081606 0.133544 281.873810 51.774239 51.894440 65.384552 13.173080 12.631823 13.000885 13.372157 185.655991 9.597097 293.152832 4.056025 4.061323 0.003248 0.000231 0.000057 0.000139 0.001527 70.002068 0.001385 0.000058 0.000005 0.000001 
0.000029 0.000134 0.001400 0.000216 0.000244 0.001921 15.159851 0.060150 0.057962 0.056785 64.565384 0.002741 0.001167 0.024445 0.210881 0.439682 0.179527 82.906517 73.611008 73.744041 106.074402 28.035524 26.872753 15.932833 10.699912 4.648612 1.350182 0.489177 0.476870 143.322891 0.001808 0.000299 0.000149 0.000389 0.003903 0.003826 0.000232 0.000023 0.000002 0.000001 
0.000112 0.001459 89.859566 0.001608 0.000239 0.000497 0.003125 0.007787 0.061220 0.006684 0.002664 0.001219 0.027072 0.419412 1.727607 1.746222 336.484161 103.734612 104.806717 101.603172 107.374199 30.241549 27.917850 20.928024 11.039760 4.563763 1.364407 0.469054 0.037057 0.004216 0.001153 0.001857 0.000582 0.002295 347.369232 0.001534 0.000085 0.000010 0.000003 0.000005 
0.000371 0.003734 14.855476 0.003840 0.000418 0.000361 0.001119 0.003232 16.248772 0.002653 0.000866 0.017722 0.293535 1.969240 7.335460 8.719104 33.232231 56.526295 89.117920 108.166557 133.329590 96.986038 202.933060 21.797503 20.804096 7.798269 3.947635 1.738690 0.038225 0.002374 0.004294 347.641449 0.002185 0.000488 0.001435 0.000143 0.000021 0.000008 0.000022 0.000074 
0.000513 0.002010 89.929794 0.002188 0.000595 0.001717 0.003892 0.006550 15.534503 0.006634 0.005946 0.226513 1.232807 4.280763 12.947805 18.432896 34.716549 54.260532 87.605881 108.623474 159.157349 115.079033 100.968147 23.642319 21.672487 18.250875 10.969203 11.004358 346.251740 0.008113 0.006259 0.006911 0.000322 0.000080 0.000052 0.000016 0.000007 0.000024 0.000187 0.001662 
0.002561 0.001001 0.001942 0.000655 0.002207 48.163799 14.602303 50.986263 0.008157 0.002841 0.007566 0.858295 2.969795 7.755278 18.054665 28.365286 42.764786 65.520760 90.969475 122.324608 170.033768 141.634644 117.748840 64.300743 217.076675 25.479261 24.839743 20.604280 8.952330 1.443951 0.199968 0.005314 0.000129 0.000016 0.000005 0.000002 0.000007 0.000086 0.001633 15.530048 
10.027861 0.002475 0.000457 0.000578 0.004895 2.395059 0.272466 0.220056 0.020872 0.023201 346.280670 21.013285 20.221666 25.227848 35.536484 48.459705 67.972855 74.700302 101.551392 125.102486 174.420151 179.656158 177.354370 139.584656 60.156963 48.822102 36.375446 21.190645 8.927381 2.873659 0.627860 0.007151 0.000212 0.000019 0.000002 0.000001 0.000017 0.000341 0.005527 0.232611 
9.990041 0.002040 0.000236 0.000418 0.004540 2.400461 0.268122 0.218172 0.022886 0.006400 0.026483 0.593727 19.243690 27.178974 38.665298 53.176331 67.056870 144.232101 140.810562 156.989975 195.406738 187.899643 138.220215 105.456085 62.749680 53.261841 47.003334 26.108288 15.141452 10.024936 9.292827 42.809429 0.001359 0.000048 0.000004 0.000003 0.000033 0.000501 0.007295 0.230632 
0.001836 0.000260 0.000078 0.000162 0.001572 128.332291 5.979233 5.982128 165.855499 0.026503 0.024402 0.026002 327.946686 213.179230 208.025253 170.730118 147.617996 127.604523 157.234436 180.548782 388.570038 228.792877 208.286560 179.527176 167.906006 157.504639 34.908661 32.020100 16.275915 10.947577 11.234050 13.254158 0.001892 0.000083 0.000007 0.000005 0.000050 0.001398 159.604553 6.964839 
0.000092 0.000038 0.000044 0.000273 0.003984 0.011473 0.006515 0.004576 0.001501 0.008083 0.178254 1.698983 6.895001 17.102621 31.659063 48.632236 70.982857 98.638290 117.466331 145.291168 185.112259 200.868744 177.750671 141.671265 119.651215 94.495552 52.995190 47.561638 37.939865 43.316696 9.414703 36.675076 0.001367 0.000062 0.000009 0.000011 0.000083 0.000588 0.003730 0.006836 
0.000009 0.000009 0.000051 0.001433 346.941132 0.008775 0.001287 0.000477 0.000139 0.004145 0.163440 1.921585 6.841260 16.149523 28.673332 42.896103 60.971722 78.277786 107.218292 131.523254 163.978683 177.855392 184.368515 131.295227 114.431946 107.655533 70.840088 61.726547 27.679785 14.192662 0.008752 0.002994 0.000524 0.000117 0.000041 0.000051 0.000274 0.002278 0.002003 0.002168 
0.000008 0.000007 0.000033 0.000318 0.004056 50.151096 0.001474 0.000145 0.000032 0.000685 0.038583 0.727939 3.731506 9.346842 17.540524 28.259573 41.696743 67.516960 79.215492 127.256752 138.629852 139.661865 176.778168 107.126556 82.331802 91.963326 52.028904 28.804615 27.930552 43.015747 0.003019 0.001311 0.002146 0.000748 0.000480 0.000274 0.001812 315.457123 0.011474 0.008727 
0.000077 0.000033 0.000033 0.000180 0.002430 15.715106 0.002662 0.000287 0.000041 0.000051 0.003466 0.121747 1.220655 4.444288 10.157313 17.738760 30.004438 55.415848 60.387833 122.932663 108.782104 108.415901 134.776642 51.947823 50.145149 51.841125 20.699892 20.249107 342.155975 0.004519 0.001257 0.002954 159.196075 0.008703 0.006928 0.001816 0.008816 0.443899 15.782836 0.325865 
0.001666 0.000269 0.000104 0.000213 0.001550 55.605862 0.004053 0.001727 0.000160 0.000018 0.000155 0.008233 0.193368 1.421666 4.782692 8.966622 22.211897 41.836876 46.346882 150.582306 78.352028 79.423775 66.469345 49.753960 42.226711 31.826197 17.955292 8.511923 0.133820 0.021214 0.001549 0.005521 7.708570 0.511747 0.516866 318.446808 0.506166 0.496087 15.703011 0.354673 
15.425332 0.002409 0.000549 0.001401 0.006348 0.532122 0.523524 22.531727 0.001359 0.000055 0.000010 0.000286 0.011832 0.223980 1.596964 3.726503 16.677561 31.284679 45.878948 29.106249 53.534504 57.211571 102.267456 37.648251 29.968689 35.873428 26.006163 11.594556 0.130744 0.019399 0.001140 0.004877 7.712473 0.013697 0.007452 0.001617 0.005251 0.007202 0.011434 15.679313 
0.646389 0.005688 0.002486 0.009062 0.019684 0.530918 0.532912 15.196812 0.001599 0.000122 0.000034 0.000024 0.000530 0.021823 0.407071 1.139960 17.876135 24.246153 20.589661 25.482719 49.213730 50.938583 30.301794 70.512932 16.066847 15.915963 21.160175 185.436996 0.002311 0.000779 0.000178 0.001542 159.145493 0.001978 0.000584 0.000202 0.000538 0.001564 0.009088 0.240314 
0.670450 16.863873 21.413504 1.518103 1.520952 38.198536 11.078449 20.384108 0.002091 0.000338 0.000321 0.000251 0.000093 0.001124 0.028054 0.054635 39.950417 10.394676 10.344318 10.397436 50.641022 17.235676 19.903906 18.090836 7.433249 7.525332 172.355316 1.850942 0.001474 0.000146 0.000109 0.000274 0.001840 0.000279 0.000132 0.000124 0.000216 0.001054 0.010949 0.238234 
0.294106 1.301555 0.012151 0.009684 0.008137 0.006062 7.071488 7.734757 0.004672 0.001878 0.004346 0.004166 0.001443 0.000226 0.000757 0.002628 15.545300 1.998948 2.331542 2.355379 111.198212 6.145930 6.106697 47.990902 0.268853 0.264122 0.002425 0.002520 0.000663 0.000292 0.000505 0.000586 0.000347 0.000188 0.000285 0.001530 0.000504 0.002124 159.731781 6.896289 
0.302437 1.310993 0.008256 0.001661 0.000996 0.002497 58.651901 0.027814 0.031877 160.588181 10.365634 10.365455 157.757141 0.001654 0.000217 0.000338 0.002068 0.200847 0.596269 0.603587 22.222023 1.929185 1.824862 0.024941 0.020579 0.015888 0.000640 0.000910 0.002593 0.002058 0.006354 0.006517 0.001877 0.000590 0.002304 347.685944 0.002151 0.000459 0.001431 0.004013 
1.622247 205.025833 0.001573 0.000196 0.000130 0.000294 0.001566 0.001663 0.001653 0.001457 0.004304 0.004993 0.004496 0.004075 0.000316 0.000097 0.000226 0.007249 0.038100 0.039286 50.352859 0.617078 0.630938 0.022024 0.001170 0.000376 0.000370 0.003558 11.200624 32.263756 3.132251 3.143141 278.277557 0.002162 0.000498 0.001458 0.000216 0.000074 0.000077 0.000230 
1.420156 0.004310 0.000320 0.000060 0.000058 0.000159 0.000183 0.000191 0.000157 0.000102 0.000309 0.000539 0.002095 347.380676 0.001462 0.000073 0.000070 0.001091 0.040016 0.003488 0.002564 0.052958 0.650317 0.019017 0.000383 0.000099 0.001493 347.155060 0.005703 0.002761 0.006843 0.006165 0.001491 0.000242 0.000101 0.000069 0.000026 0.000008 0.000007 0.000013 
14.938098 0.001779 0.000138 0.000058 0.000212 0.001645 0.000437 0.000143 0.000059 0.000030 0.000034 0.000062 0.000197 0.001421 0.000140 0.000036 0.000091 0.001456 206.606430 0.002658 0.000971 0.002730 347.422394 0.008274 0.000375 0.000123 0.000279 0.002077 0.000828 0.000712 0.000704 0.000463 0.000114 0.000076 0.000080 0.000044 0.000015 0.000004 0.000001 0.000001 
0.001658 0.000207 0.000049 0.000092 0.001573 4.177902 0.004876 0.001508 0.000256 0.000095 0.000030 0.000014 0.000022 0.000042 0.000018 0.000025 0.000279 0.004523 4.227268 0.006363 0.001039 0.000725 0.003352 347.381592 0.001925 0.000319 0.000253 0.000481 0.000836 0.002629 0.000433 0.000117 0.000068 0.000187 0.001472 0.000269 0.000093 0.000027 0.000009 0.000007 
0.000074 0.000025 0.000014 0.000069 0.001424 32.726460 16.285608 32.284309 0.003797 0.001546 0.000180 0.000035 0.000009 0.000004 0.000003 0.000018 0.000275 0.004511 4.218234 0.011211 0.002461 0.000598 0.000759 0.004908 0.004594 0.002038 0.001654 0.002020 0.005503 27.562037 0.001908 0.000209 0.000195 0.001677 347.020081 0.003951 0.001543 0.000241 0.000089 0.000090 
0.000005 0.000002 0.000006 0.000069 0.001536 4.167408 0.004872 0.001585 0.003958 347.421356 0.001733 0.000195 0.000031 0.000005 0.000002 0.000011 0.000092 0.001409 47.646763 14.644090 50.506252 0.001992 0.000534 0.002306 6.358902 29.907301 26.656931 34.788776 5.902412 8.256318 0.002254 0.000483 0.000621 0.004106 0.005611 0.008745 346.994781 0.002305 0.000588 0.001689 
0.000000 0.000000 0.000001 0.000018 0.000170 0.001467 0.000360 0.000162 0.000329 0.001826 0.000671 0.001678 0.000160 0.000021 0.000008 0.000031 0.000133 0.000231 0.001478 0.002261 0.001374 0.000247 0.000615 0.006985 0.498998 0.010107 0.002189 0.001490 0.002057 0.002052 0.000885 0.002053 0.004599 347.210388 0.002779 0.000893 0.001461 0.000539 0.002486 15.597918 
0.000000 0.000000 0.000000 0.000002 0.000017 0.000056 0.000033 0.000021 0.000058 0.000275 0.001765 158.412521 0.001439 0.000086 0.000047 0.000217 0.001722 0.000310 0.000144 0.000119 0.000059 0.000062 0.000452 0.006541 0.504397 0.007533 0.000723 0.000149 0.000175 0.000359 0.001858 158.376465 0.004641 0.002229 0.000381 0.000122 0.000071 0.000088 0.000293 0.001740 
0.000000 0.000000 0.000000 0.000000 0.000001 0.000004 0.000003 0.000003 0.000026 0.000314 0.004334 10.324398 0.004318 0.000321 0.000150 0.001764 15.565830 0.001732 0.000117 0.000026 0.000010 0.000017 0.000133 0.001761 17.924047 0.001837 0.000184 0.000039 0.000054 0.000347 0.004394 10.288916 0.005224 0.000656 0.000098 0.000018 0.000008 0.000012 0.000043 0.000123 
