349.880463 351.693695 353.783936 356.652039 359.875824 363.556458 367.427765 371.394592 375.391022 379.268585 383.122375 386.600006 389.990234 392.757385 395.412415 397.429779 399.100616 399.700043 399.946716 399.968628 399.975189 399.958191 399.754578 399.361755 398.824127 398.069641 397.139832 396.049255 394.848785 393.564270 392.234192 390.945465 389.743988 391.221161 387.157135 386.284454 385.145508 384.441010 383.675354 383.374847 
350.683563 352.698700 353.443146 365.200409 363.439697 369.419373 368.952332 372.372040 376.145050 379.882629 383.618347 387.009521 390.324982 392.982941 395.726593 397.597260 399.877899 399.850342 399.964844 399.974884 399.969635 399.954468 399.758209 399.418457 398.915955 398.205597 397.315002 396.276398 395.233826 393.903961 392.555664 391.296478 390.003265 388.888000 387.627045 386.663879 385.670197 384.973145 384.394897 387.043060 
352.525269 354.648071 355.544250 359.401733 364.180847 365.762695 381.367798 377.828125 379.483948 382.242737 385.336090 388.322571 391.304138 393.732971 396.165497 397.869568 399.396332 399.863586 399.973816 399.970367 399.972717 399.953400 399.784760 399.458069 398.991608 398.315033 397.465698 396.578400 397.595154 394.081177 392.868378 391.511658 390.350159 389.274689 388.123688 387.279297 386.248016 385.679779 385.189667 385.284393 
354.647766 356.542511 357.795959 360.141571 368.307922 371.010437 374.163391 378.697754 381.966492 384.839722 387.639526 390.178406 392.738495 394.891113 396.942810 398.414825 399.455780 399.870483 399.972565 399.963531 399.957794 399.943054 399.791382 399.526306 399.138306 398.559967 397.819000 397.093262 398.201172 395.039032 396.377289 392.828003 394.854340 390.088013 392.403534 388.417145 387.685638 387.191223 386.788727 386.681427 
358.036072 360.472412 361.691132 364.173676 366.813599 369.559418 374.850922 379.154388 382.970551 386.349579 389.304108 391.924957 394.329010 396.154572 397.715820 398.913208 399.582458 399.852356 399.960693 399.954163 399.945648 399.934479 399.812012 399.625458 399.315491 398.818573 398.174225 397.529358 398.481506 395.301941 394.534882 393.285553 392.174316 390.415131 389.915588 388.847015 388.373077 387.756775 387.332489 387.957947 
361.176819 361.645020 364.038147 366.399261 373.811676 373.716125 375.731384 386.283081 386.283661 388.900299 391.450165 393.722473 398.126007 399.295288 398.966064 399.383636 399.715454 399.907135 399.967987 399.952454 399.940796 399.932526 399.868195 399.752899 399.504913 399.120117 398.586731 397.965881 397.414062 396.229401 397.774689 394.837982 394.300568 392.738403 392.880127 394.381348 390.384857 390.350525 393.962372 389.522522 
365.992157 376.575623 369.550476 370.384735 378.898071 375.975800 377.855408 382.921661 386.798981 390.139801 392.902710 395.016083 397.068726 398.614502 399.913879 399.736176 399.822601 399.918945 399.952850 399.946381 399.940155 399.936951 399.939728 399.914093 399.777191 399.486511 399.059113 398.572113 397.903473 397.085815 396.754822 395.773987 395.203888 394.163025 394.003845 393.075348 392.013184 391.956573 392.922424 391.239380 
369.475830 377.215485 373.603943 374.313293 376.514191 386.236816 382.774963 385.398376 388.711273 391.696381 394.286285 396.242798 397.868256 398.931885 399.680115 399.809906 399.923737 399.955414 399.953033 399.948730 399.946472 399.945618 399.953094 399.969330 399.960388 399.850128 399.506256 399.163696 398.474792 397.813293 397.533783 396.810364 396.106018 395.397614 394.996399 394.148224 393.480377 393.320007 393.570068 392.517853 
378.101715 379.410919 378.929840 378.942688 380.138397 384.790009 386.157593 389.244293 390.676147 392.970520 395.285797 397.096527 398.500092 399.379486 399.831879 399.897278 399.958344 399.972931 399.962250 399.957062 399.957703 399.953033 399.954956 399.964386 399.973785 399.971924 399.880127 399.956665 399.198273 398.786865 399.546753 397.742676 397.113037 396.474884 395.987488 395.282898 394.737366 394.585571 394.674561 396.293518 
383.317719 383.267334 383.448181 383.679230 384.301758 387.387482 389.308441 390.913605 397.263428 395.853912 396.934692 398.118683 399.129700 399.728180 399.965820 399.957092 399.963684 399.974823 399.965881 399.963898 399.971771 399.959900 399.956146 399.960754 399.967010 399.963379 399.917267 399.825165 399.472260 399.181335 398.908295 398.224609 397.754303 397.173981 396.695984 396.273163 395.884369 395.551575 395.416321 395.184357 
384.309448 386.845520 387.611115 387.852966 391.803497 394.029907 392.697662 393.948212 396.145905 397.557678 398.363342 399.021240 399.552917 399.818085 399.951019 399.956696 399.965302 399.968140 399.964661 399.963379 399.964813 399.959564 399.957092 399.962006 399.973145 399.965302 399.960815 399.922516 399.751740 399.637421 399.239563 398.735321 398.340973 397.881500 397.643890 398.815582 396.728424 396.332245 396.117889 395.910339 
388.361176 390.227295 391.136444 391.287598 391.952911 393.676361 394.903687 395.985870 397.576416 399.782928 399.553040 399.641510 399.809509 399.911713 399.946472 399.959778 399.974152 399.970551 399.966492 399.965698 399.967316 399.962158 399.958160 399.959595 399.965576 399.968750 399.973724 399.964264 399.957367 399.966309 399.612762 399.148102 398.732849 398.327637 397.997650 397.863495 397.290405 396.987762 396.781860 396.634674 
391.998901 393.228577 394.223083 394.405762 394.811401 396.026428 398.899841 397.888031 398.812805 399.970062 399.971497 399.938812 399.935852 399.935120 399.944885 399.957642 399.968872 399.975616 399.969116 399.969818 399.976562 399.967194 399.960663 399.959198 399.964050 399.973969 399.969727 399.972748 399.961029 399.959076 399.765137 399.457550 399.128906 398.820038 398.679626 399.479950 397.960876 397.590607 397.384125 397.266296 
394.944977 395.823761 396.504089 396.580353 396.896729 397.735779 399.666077 399.051117 399.456726 399.900299 399.970673 399.951965 399.937836 399.936096 399.944550 399.956482 399.966370 399.968170 399.966583 399.969299 399.976715 399.968353 399.962738 399.959045 399.959076 399.962036 399.960358 399.960785 399.959442 399.968689 399.916260 399.708618 399.394440 399.153168 399.061707 398.853149 398.340027 398.149689 397.978638 397.888489 
397.212982 397.857208 399.568817 398.494690 398.485199 398.824585 399.424316 399.654266 399.877228 399.940094 399.953613 399.943207 399.935211 399.935852 399.944702 399.957947 399.972443 399.965485 399.963074 399.964722 399.968201 399.966797 399.966370 399.961456 399.957581 399.955231 399.952850 399.952515 399.953278 399.954681 399.947601 399.912048 399.759186 399.646118 399.937378 399.185944 398.801331 398.633453 398.483185 398.411072 
398.684662 398.977234 399.457581 399.342377 399.399933 399.595276 399.810303 399.955688 399.971344 399.957672 399.948334 399.939392 399.934143 399.935364 399.942413 399.952118 399.960419 399.959595 399.959290 399.961151 399.964508 399.968079 399.974945 399.966522 399.960907 399.955505 399.951721 399.952209 399.956055 399.952240 399.952698 399.965942 399.944305 399.805023 399.711975 399.368744 399.210144 399.092224 398.994629 398.983948 
399.571350 399.714081 399.963531 399.839630 399.842804 399.933716 399.953339 399.964233 399.973663 399.960419 399.950562 399.941803 399.936737 399.937012 399.942078 399.949280 399.955231 399.957092 399.958069 399.960205 399.963684 399.967468 399.970184 399.968719 399.966919 399.960236 399.955170 399.957245 399.969177 399.954926 399.948853 399.949829 399.938293 399.903839 399.795593 399.632538 399.539124 399.456787 399.426971 399.547791 
399.944672 399.897980 399.947662 399.941254 399.949188 399.968353 399.962250 399.972290 399.965973 399.959320 399.957123 399.948486 399.942657 399.941559 399.945343 399.951904 399.957886 399.960236 399.960632 399.962280 399.966003 399.970520 399.971649 399.973572 399.976318 399.965912 399.957886 399.954742 399.956329 399.950256 399.946655 399.945282 399.937134 399.928101 399.914581 399.830933 399.787201 399.757477 399.827423 399.967377 
399.974884 399.958099 399.944824 399.939301 399.945312 399.955627 399.955811 399.960175 399.959717 399.960480 399.970123 399.956512 399.950134 399.947662 399.950714 399.958130 399.965942 399.967773 399.965637 399.965790 399.969696 399.977264 399.974609 399.978271 399.973236 399.966919 399.959930 399.954712 399.952515 399.950806 399.951569 399.954132 399.944061 399.932587 399.924377 399.921112 399.922852 399.919983 399.928741 399.950867 
399.975098 399.958069 399.943298 399.939240 399.946259 399.955475 399.953308 399.955261 399.959198 399.956879 399.958618 399.955841 399.957367 399.953369 399.955170 399.963837 399.976074 399.977142 399.970398 399.968292 399.969604 399.972412 399.972412 399.973236 399.971619 399.969727 399.963623 399.958160 399.955933 399.956940 399.960663 399.970642 399.954041 399.938629 399.927979 399.924255 399.927734 399.937317 399.948517 399.946930 
399.957275 399.946259 399.937836 399.940308 399.952728 399.968689 399.956177 399.956512 399.969116 399.956268 399.952850 399.956757 399.969482 399.957397 399.955231 399.960938 399.968506 399.971283 399.970673 399.970123 399.970825 399.971985 399.971985 399.972229 399.972961 399.976929 399.968689 399.963318 399.962250 399.964844 399.964172 399.965820 399.954742 399.940979 399.930298 399.927032 399.932709 399.946869 399.966522 399.952209 
399.866089 399.915985 399.931580 399.940155 399.953552 399.956085 399.948517 399.946625 399.950989 399.945526 399.943787 399.947235 399.953522 399.950256 399.951141 399.956970 399.964233 399.969696 399.973328 399.973297 399.974091 399.975189 399.974152 399.973663 399.973480 399.973877 399.970642 399.967590 399.968506 399.975372 399.969421 399.973145 399.957764 399.942535 399.931427 399.928162 399.933197 399.942963 399.950012 399.944214 
399.390930 399.623505 399.688599 399.845856 399.966309 399.956635 399.904724 399.923889 399.935333 399.933380 399.933411 399.936279 399.940369 399.941833 399.945892 399.953400 399.962433 399.971222 399.979584 399.977112 399.978271 399.980896 399.977722 399.977051 399.976105 399.976532 399.974762 399.971344 399.970520 399.971710 399.966553 399.963165 399.953796 399.941254 399.931396 399.929626 399.936615 399.948029 399.945343 399.938324 
398.188568 398.622437 398.879547 399.194763 399.563904 399.964111 399.699463 399.705322 399.804565 399.878632 399.924652 399.927124 399.930603 399.934387 399.940582 399.949615 399.960052 399.970337 399.979706 399.978363 399.981323 399.979706 399.979767 399.981537 399.979248 399.981995 399.980743 399.975037 399.974152 399.976288 399.965637 399.958923 399.955322 399.942261 399.932098 399.901733 399.903992 399.965637 399.954132 399.824158 
396.249420 397.099762 397.518280 397.830627 398.336761 399.035950 399.001556 399.325684 399.564056 399.715576 399.817139 399.914276 399.924072 399.928619 399.935730 399.945312 399.955902 399.965698 399.973328 399.976379 399.977539 399.978363 399.981537 399.979187 399.978363 399.981323 399.977631 399.975189 399.977356 399.969574 399.960205 399.957062 399.967072 399.942291 399.813232 399.730804 399.435638 399.637207 399.965851 399.320251 
392.835754 394.127350 394.720093 395.242340 396.008820 398.950592 397.695190 398.627014 399.025208 399.354034 399.606812 399.773254 399.882538 399.924652 399.932068 399.941864 399.952087 399.961273 399.969727 399.977844 399.975128 399.975861 399.978027 399.976624 399.975281 399.975525 399.974426 399.973785 399.969971 399.961182 399.950653 399.938599 399.883026 399.654938 399.439362 399.823303 398.431519 398.350830 399.547058 397.808105 
391.020386 389.689758 390.337524 391.023834 392.210846 393.695221 395.063141 398.870514 398.044464 398.624969 399.189117 399.546539 399.761810 399.881042 399.930695 399.941437 399.951263 399.957397 399.963562 399.969177 399.970764 399.973846 399.979462 399.976379 399.973236 399.972473 399.974091 399.978302 399.967865 399.954437 399.898743 399.733276 399.524384 398.671387 397.912537 396.986694 396.109833 395.808716 396.057373 397.671631 
378.815308 383.020660 383.813995 384.907349 386.610748 389.636963 391.464264 394.425446 395.802856 397.244873 398.399261 399.114288 399.536804 399.777496 399.932098 399.946106 399.957703 399.957367 399.959198 399.963287 399.966827 399.970001 399.974304 399.978271 399.972198 399.971008 399.974457 399.978607 399.965668 399.924591 399.635132 399.247437 399.683929 397.584991 396.534668 395.058685 393.482452 393.232239 393.048096 391.715302 
371.863403 380.503815 381.208557 377.748962 380.116394 387.445282 386.285156 394.251556 392.886902 395.151306 397.089691 398.324249 399.143433 399.608063 399.866974 399.953857 399.971985 399.961304 399.957977 399.961395 399.966736 399.967255 399.969543 399.972229 399.968506 399.969025 399.976868 399.976746 399.960602 399.720062 398.938965 397.797455 396.654572 395.411285 394.351257 392.785309 390.606354 390.212372 390.581146 389.018982 
360.474915 364.949585 364.334473 368.061096 371.953949 374.834747 380.787842 389.182098 388.144196 392.375305 395.144440 397.025085 398.631134 399.326202 399.767365 399.952057 399.971191 399.959534 399.956390 399.962555 399.973785 399.967072 399.967346 399.974182 399.964386 399.960602 399.962738 399.960541 399.850922 399.295502 398.123383 396.610168 394.726166 392.831238 392.135529 390.847046 387.387054 386.846375 390.322113 385.249115 
350.564575 356.113312 356.136108 359.360535 362.829987 367.881134 379.179474 378.640198 382.821899 392.672852 392.553284 395.257843 399.223755 398.963165 399.518433 399.846527 399.951233 399.949249 399.951477 399.958832 399.966614 399.962677 399.960449 399.960510 399.953522 399.948334 399.947357 399.872284 399.600342 398.807159 397.097015 395.229584 392.974640 389.991547 389.151917 392.514557 384.420166 383.067078 382.002533 381.818420 
338.967560 349.438690 343.733002 348.433990 352.950165 359.826599 364.512482 370.995392 378.153290 383.086914 387.903870 392.833069 395.549255 398.015076 399.109375 399.651062 399.880005 399.940765 399.949005 399.958466 399.971619 399.961334 399.955994 399.950897 399.942963 399.924225 399.837860 399.785828 399.864929 399.524841 396.274567 394.254425 394.829926 387.366058 385.170746 382.657257 382.807098 380.003296 379.670166 378.337402 
328.450043 327.297211 332.359314 338.999207 343.585754 350.708527 357.491455 365.235168 371.845642 378.565857 384.829865 390.196564 393.885803 399.170013 398.950775 399.466522 399.792633 399.924591 399.952026 399.953766 399.958557 399.956818 399.957672 399.949982 399.917725 399.794525 399.652313 399.890472 398.354675 396.938751 394.783020 392.173645 389.358978 387.183228 383.260956 380.851807 378.115234 376.324615 375.756866 374.869202 
322.566559 321.172150 324.091309 329.530823 333.394104 342.746246 349.019073 357.670441 365.200684 372.988525 380.503967 386.591888 392.380127 395.739716 397.826538 399.037292 399.650726 399.915588 399.966553 399.953979 399.952393 399.957062 399.969940 399.958435 399.852539 399.571899 399.050079 398.411835 397.233948 395.506287 393.619965 391.315033 387.750854 384.688202 381.334930 378.238953 376.237671 373.402466 373.008118 371.916016 
306.255798 308.682068 313.025146 319.370087 324.080719 340.757080 340.879120 351.690125 358.682220 368.068298 376.528046 384.097961 390.023193 394.353088 397.178955 398.712677 399.475464 399.828491 399.949493 399.947113 399.947876 399.950836 399.959290 399.967896 399.827026 399.382812 398.633301 397.503754 395.875244 394.122589 391.885559 389.985992 387.048492 384.047150 380.113861 375.882263 374.039093 370.482269 370.112488 369.072693 
299.018494 301.470642 305.594727 311.255157 316.699158 332.762238 332.487030 352.148041 351.871368 364.547241 373.597839 381.609558 388.181671 392.823608 396.194427 398.154358 399.231903 399.730927 399.948914 399.948395 399.951843 399.946564 399.946411 399.895782 399.729767 399.191071 398.202301 396.939606 395.130585 395.587341 389.902222 387.449677 384.961243 384.562469 385.439911 374.298401 373.796143 368.241913 367.943268 366.975311 
290.442047 292.942322 297.341827 303.274567 310.311127 324.432770 328.769989 338.739166 343.728119 371.462708 373.129944 379.431702 385.735168 390.817078 394.955872 397.493866 398.967224 399.716675 399.965424 399.956207 399.966980 399.948120 399.889954 399.823853 399.952209 399.784088 398.012329 398.266144 394.241028 394.661926 388.560303 385.360596 380.983856 377.467896 372.532074 372.872070 380.831543 366.575653 366.108154 365.466431 
285.367554 287.855560 292.227509 297.960541 305.614807 313.934631 323.289703 333.390076 345.035065 355.213470 363.174194 373.077209 381.647400 388.266510 393.589722 396.780945 398.637482 399.530792 399.874847 399.942291 399.946198 399.936096 399.801117 399.568634 399.278229 398.452271 397.158661 395.500916 393.555878 391.084259 388.632996 385.879852 382.095551 385.015106 371.668152 370.870300 367.616211 366.834595 364.965881 367.692596 
280.715454 283.203735 287.514771 293.553833 301.033783 309.862610 319.565796 330.643616 340.546661 353.150085 360.793701 377.923279 382.263702 388.395599 393.645660 396.668640 398.743927 399.455627 399.783905 399.878784 399.929962 399.901001 399.755341 399.476837 399.073517 397.854034 396.568939 394.525085 392.381805 389.676788 387.015869 387.248138 377.981049 375.950684 372.542725 369.814911 367.355530 365.468658 364.064423 363.330597 
278.917175 281.319183 285.589783 291.506073 298.988861 307.925873 317.596008 328.581757 339.353882 350.585938 361.292175 371.060059 379.964752 386.760223 392.708862 396.133820 399.662384 399.499146 399.740265 399.853424 399.922333 399.894135 399.749542 399.564606 399.823425 397.693420 396.231262 393.919128 391.597046 388.583527 385.522583 382.170288 378.701965 375.618134 372.291656 369.739746 367.188660 365.423462 363.984650 363.261261 
