0.000026 0.000276 0.004209 10.747030 0.005077 0.000703 0.000182 0.000039 0.000005 0.000000 0.000000 0.000000 0.000001 0.000019 0.000272 0.004200 9.917200 0.031993 0.022329 0.036550 24.361357 0.001736 0.000126 0.000012 0.000001 0.000001 0.000005 0.000033 0.000095 0.000070 0.000069 0.000248 0.001922 18.752428 0.001854 0.000198 0.000079 0.000425 0.005221 0.331275 
0.000012 0.000084 0.001435 158.566788 0.003040 0.001231 0.001597 0.000164 0.000021 0.000002 0.000000 0.000000 0.000001 0.000010 0.000081 0.001433 157.250031 0.078676 0.073871 102.220184 3.851810 0.003118 0.000187 0.000014 0.000001 0.000002 0.000023 0.000178 0.001472 0.000405 0.000244 0.000935 0.008037 0.855802 0.007380 0.000655 0.000101 0.000157 0.001718 15.461102 
0.000009 0.000047 0.000346 0.004399 0.006189 0.008664 346.291687 0.001459 0.000072 0.000007 0.000001 0.000003 0.000008 0.000015 0.000039 0.000194 0.001834 0.004570 5.940951 0.818455 98.558357 0.001436 0.000075 0.000007 0.000001 0.000006 0.000071 0.001478 3.568733 0.004894 0.001623 0.002574 0.010174 0.853619 0.009221 0.000979 0.000189 0.000147 0.000435 0.002846 
0.000032 0.000064 0.000303 0.001941 10.655254 19.684881 0.029683 0.002356 0.000240 0.000023 0.000008 0.000027 0.000083 0.000091 0.000058 0.000083 0.000298 0.002042 44.444550 0.004810 0.001746 0.000180 0.000025 0.000004 0.000002 0.000007 0.000073 0.001447 44.585892 12.055710 34.595634 17.628338 199.236923 15.534490 39.330917 0.002062 0.000640 0.000465 0.000388 0.001012 
0.000301 0.000251 0.001153 0.004209 5.924825 2.344253 0.027946 0.004167 0.000416 0.000053 0.000039 0.000204 0.001675 0.001684 0.000266 0.000121 0.000203 0.002069 17.656059 0.002245 0.000252 0.000048 0.000011 0.000006 0.000005 0.000011 0.000084 0.001503 3.582596 0.819430 14.532834 0.004138 0.002027 0.002476 0.004210 0.004406 0.005067 0.004529 0.001816 0.005278 
0.003933 0.001652 0.007867 0.011157 85.061584 3.985635 3.996345 222.948761 0.001449 0.000081 0.000097 0.001653 15.421515 15.782844 0.002726 0.000727 0.000785 0.003179 20.717728 0.002280 0.000194 0.000042 0.000034 0.000050 0.000037 0.000031 0.000083 0.000534 0.004738 0.007486 57.197166 0.001999 0.000478 0.000418 0.001900 149.531677 15.756896 15.765225 280.991058 13.940953 
1.372100 272.964386 0.700804 0.690997 6.766838 3.747300 0.009881 0.002686 0.000302 0.000055 0.000052 0.000306 0.002538 0.005744 161.306793 0.027952 0.026283 0.050550 1.261130 0.098289 0.004189 0.001112 0.000922 0.001431 0.000431 0.000260 0.000168 0.000506 0.002870 0.009580 5.357768 0.005280 0.000511 0.000139 0.000222 0.001484 0.004452 0.005690 0.009134 0.295741 
1.172660 0.006739 0.009034 0.011131 0.014429 269.925385 0.002707 0.001131 0.000256 0.000057 0.000028 0.000104 0.000712 0.005735 8.687052 0.535045 0.504019 0.063299 1.251691 0.780428 0.049102 0.046361 0.048338 347.245209 0.006526 0.003562 0.001563 0.001939 0.010171 0.022775 5.363915 0.004982 0.000380 0.000055 0.000048 0.000126 0.000444 0.001237 0.007208 0.295946 
12.204309 0.003932 0.001817 0.003032 0.011385 1.537756 0.015860 0.007034 0.001697 0.000199 0.000046 0.000056 0.000383 0.004817 8.677271 1.178644 1.179268 14.113674 2.686471 2.277434 0.051695 0.738985 1.485078 14.849046 16.475002 45.532589 22.369061 25.703690 2.477134 2.484997 175.817551 0.001456 0.000099 0.000024 0.000033 0.000084 0.000112 0.000242 0.001825 15.571124 
9.312845 0.002569 0.000697 0.001851 0.014672 1.527090 0.138002 0.141506 346.141022 0.001597 0.000138 0.000049 0.000111 0.001465 148.395325 24.236252 22.235250 53.831173 7.633145 7.617718 237.851669 5.453465 5.509225 15.099689 13.483090 0.602474 0.550104 0.048524 0.051587 0.182049 0.007685 0.000588 0.000066 0.000034 0.000136 0.001413 0.000168 0.000102 0.000248 0.001685 
0.001852 0.000381 0.000269 0.001887 15.686557 15.484389 0.031812 0.029001 0.043854 0.004259 0.000458 0.000104 0.000179 0.005847 0.200754 0.528585 18.708208 66.423630 21.236219 21.484253 93.838669 14.474458 14.104438 15.669399 120.103737 0.571356 0.556895 0.045163 0.039573 0.185185 0.005938 0.000433 0.000054 0.000079 0.001407 69.840096 0.001428 0.000097 0.000056 0.000091 
0.000112 0.000070 0.000092 0.000347 0.002328 0.005459 0.035418 0.036582 0.040119 58.998775 0.003374 0.000685 0.001382 0.023138 0.198570 0.198487 303.353302 50.099590 38.544868 39.900230 93.944099 31.024025 29.985998 28.825766 61.273327 14.118448 197.777161 0.055944 0.059606 145.487610 0.001513 0.000144 0.000052 0.000189 0.003039 16.662186 0.002994 0.000161 0.000022 0.000011 
0.000024 0.000038 0.000083 0.000154 0.000462 0.002376 16.286524 0.464538 0.459043 4.798583 4.181343 0.030340 0.038771 0.362663 1.627468 3.006430 4.796231 285.721771 63.957355 64.093880 111.003395 47.736206 47.154102 53.907780 57.939713 215.873032 41.679447 293.245911 4.128458 4.135814 0.003534 0.000277 0.000082 0.000170 0.001559 70.002068 0.001394 0.000067 0.000008 0.000002 
0.000040 0.000149 0.001417 0.000254 0.000298 0.001982 15.202513 0.080889 0.079513 0.076617 65.116478 0.599385 0.567398 2.034491 5.216051 14.316288 6.612809 113.427643 90.275475 90.898376 155.447632 83.497704 83.389603 78.333679 64.274002 40.777294 24.303141 11.811325 12.422967 143.652237 0.001865 0.000351 0.000195 0.000439 0.003940 0.003840 0.000246 0.000030 0.000004 0.000001 
0.000140 0.001488 89.866936 0.001678 0.000309 0.000599 0.003337 0.010156 0.082760 0.028864 0.391091 0.634552 2.214939 6.158685 12.373800 12.860585 338.232574 152.171738 152.819244 134.465546 164.189682 93.687035 89.352074 92.662643 61.919899 40.663746 23.873707 11.290655 3.334366 0.660525 0.033886 0.001913 0.000653 0.002371 348.499634 0.001547 0.000097 0.000014 0.000005 0.000007 
0.000448 0.003824 14.975908 0.003949 0.000514 0.000471 0.001317 0.003450 16.363213 0.350213 0.387424 1.859423 5.492733 11.553827 23.252346 25.629440 62.766674 91.811211 129.135590 154.031769 195.760742 161.542374 236.051910 76.936348 72.445404 41.129620 26.011068 11.942396 3.331218 0.664325 0.678909 348.556396 0.002245 0.000542 0.001449 0.000154 0.000028 0.000012 0.000029 0.000082 
0.000613 0.002112 89.984909 0.002295 0.000700 0.001830 0.004100 0.006782 15.688007 1.806525 1.837855 5.528669 12.363589 20.491734 35.829098 43.096539 66.071442 90.908394 128.491089 153.469650 222.391373 176.798950 156.260391 82.531654 75.354118 59.585117 42.605434 41.343857 346.576813 1.459411 1.469535 0.997180 0.039725 0.000664 0.000065 0.000021 0.000011 0.000032 0.000202 0.001673 
0.002672 0.001121 0.002039 0.000770 0.002324 48.201946 14.630913 51.129677 0.119045 0.169153 1.811220 6.309234 14.819715 25.611591 43.061428 57.551395 76.916618 104.349747 134.251556 166.787918 230.659500 199.876846 173.335754 125.712914 243.059555 66.288963 63.196976 45.772655 22.971676 7.299271 5.259520 0.961319 0.047543 0.000766 0.000014 0.000004 0.000012 0.000109 0.001659 15.568683 
10.056471 0.002580 0.000552 0.000704 0.005036 2.398539 0.285911 0.233782 0.030914 0.033267 346.280670 44.511158 42.862736 51.232395 67.017235 83.816460 108.593536 117.483337 147.064880 172.579605 225.247223 240.684128 224.264557 184.599335 111.676903 92.026649 70.497620 43.377476 23.223099 11.159954 5.947314 0.934212 0.042430 0.000704 0.000010 0.000003 0.000030 0.000461 0.005939 0.236876 
10.018651 0.002111 0.000299 0.000509 0.004644 2.403943 0.281684 0.231794 0.033400 0.534154 5.696164 6.311799 39.949898 53.913956 71.009308 90.062920 108.199921 180.067581 186.168884 204.042084 242.924896 243.586487 192.842712 158.616837 116.037102 100.459839 92.680374 57.355198 41.112686 29.727823 25.640478 43.000843 0.001516 0.000116 0.000008 0.000005 0.000049 0.000624 0.007710 0.234884 
0.001853 0.000292 0.000107 0.000203 0.001615 128.484879 6.027758 6.030897 168.637894 5.764655 5.706574 5.689832 329.087097 266.187927 263.774200 232.357117 208.060608 181.104721 209.829727 230.213120 391.701447 272.694061 253.982864 225.744980 209.139404 192.407211 83.148453 74.985046 50.833733 36.619431 28.467682 13.272773 0.002274 0.000310 0.000018 0.000008 0.000060 0.001408 159.757141 6.979820 
0.000105 0.000051 0.000059 0.000300 0.004030 0.011656 0.006825 0.005797 0.041698 1.251065 6.221179 11.011054 24.010227 40.962589 62.016140 84.716438 110.497452 141.494507 163.349564 192.182541 232.221542 258.570251 212.399323 170.884491 142.893967 113.832840 92.406097 75.603233 52.361904 44.397381 9.636571 36.715363 0.001439 0.000117 0.000018 0.000019 0.000110 0.000687 0.004222 0.007517 
0.000014 0.000014 0.000059 0.001443 348.077972 0.008956 0.001461 0.001244 0.038396 0.821062 4.229404 12.121809 23.950111 39.761330 58.758518 78.638718 99.903252 120.793571 150.178513 177.339920 215.297501 233.718933 219.955933 160.985077 135.750885 112.929245 74.526436 63.451092 27.754961 14.228825 0.036628 0.029866 0.003153 0.000281 0.000074 0.000074 0.000319 0.002381 0.002491 0.002828 
0.000012 0.000012 0.000044 0.000346 0.004098 50.189243 0.001659 0.000339 0.009784 0.300169 2.374154 7.372918 15.888622 27.081676 42.001095 58.323074 74.769196 104.773582 118.791527 167.440689 195.514038 196.178345 213.574112 148.476074 120.967888 111.852219 64.375603 36.375530 28.063728 43.085484 0.031017 0.028892 0.004834 0.001072 0.000679 0.000336 0.001878 316.372650 0.012279 0.009538 
0.000087 0.000045 0.000049 0.000216 0.002472 15.761400 0.002718 0.000342 0.001119 0.050905 0.790213 3.664829 9.237851 17.441772 30.547567 43.088593 58.395557 87.972061 96.248650 160.911041 167.035797 161.660889 169.259277 96.523079 88.660614 74.420250 37.678074 36.986961 342.283783 0.210496 0.102158 0.104939 159.348663 0.009496 0.007717 0.001883 0.008928 0.446072 15.830769 0.328175 
0.001679 0.000310 0.000149 0.000292 0.001631 55.665627 0.004109 0.001783 0.000255 0.004002 0.125722 1.208589 4.410996 9.796032 20.921480 28.634876 44.791691 69.768486 78.646004 177.863312 131.984039 126.231575 103.934967 88.691109 69.665375 51.900330 27.018986 12.699091 2.776661 2.423469 0.373556 0.320116 7.744310 0.579305 0.584563 320.058655 0.508551 0.498383 15.751597 0.357062 
15.467411 0.002557 0.000688 0.001706 0.006728 0.534789 0.526119 22.569874 0.001521 0.000253 0.008485 0.194570 1.465537 4.625165 13.189735 17.173481 33.705193 54.864220 88.748550 67.306747 107.219055 101.548286 125.532570 61.709713 47.126274 55.582153 34.332157 15.844790 2.770452 2.276570 0.315978 0.268235 7.748013 0.014581 0.008280 0.001708 0.005491 0.007802 0.012296 15.729372 
0.728696 0.005867 0.002645 0.009667 0.020399 0.533600 0.535591 15.225690 0.001632 0.000152 0.000388 0.014562 0.284714 1.786341 7.073828 8.134981 30.213490 48.912060 52.122963 59.849400 104.996643 78.528954 56.258190 78.296661 24.934793 24.384216 30.193054 185.509521 0.218886 0.215585 0.031866 0.033362 159.298080 0.002203 0.000806 0.000288 0.000718 0.002089 0.010202 0.245931 
0.760464 17.033228 21.715834 1.662564 1.665389 38.563934 11.108594 20.441328 0.002151 0.000393 0.000393 0.001118 0.030969 0.416747 2.111595 2.155776 44.493614 28.236034 35.834202 35.880024 112.336456 43.773300 43.038979 22.612783 12.715015 12.835762 172.418503 1.858654 0.011339 0.008569 0.001292 0.000903 0.001922 0.000354 0.000194 0.000171 0.000319 0.001401 0.012068 0.243827 
0.373303 1.313735 0.012706 0.010438 0.008737 0.006427 7.095330 7.753831 0.004737 0.001934 0.004451 0.004939 0.032896 0.035119 0.225651 0.236419 15.674921 10.606754 19.385490 20.083588 112.788818 31.659540 30.066059 50.716778 3.245292 2.923740 0.129096 0.007615 0.001380 0.000599 0.000666 0.000740 0.000428 0.000249 0.000341 0.001581 0.000571 0.002192 159.884369 6.907048 
0.381635 1.323186 0.008756 0.002070 0.001295 0.002804 58.804489 0.028026 0.032090 160.588181 10.805824 10.805641 157.765686 0.012587 0.011000 0.028244 0.087658 2.743027 11.217664 12.436769 23.229040 22.897539 15.877026 2.083789 2.935985 1.774872 0.128432 0.005287 0.003276 0.002362 0.006654 0.006822 0.001960 0.000669 0.002387 348.811707 0.002200 0.000504 0.001449 0.004051 
1.711891 205.331009 0.001660 0.000281 0.000200 0.000371 0.001616 0.001806 0.001782 0.001489 0.004398 0.005125 0.004593 0.014988 0.001165 0.003720 0.077593 1.189741 6.814860 5.880077 50.832363 13.878388 16.750732 1.636593 0.504330 0.153277 0.013237 0.008217 11.215553 32.989529 3.461789 3.472657 278.582733 0.002216 0.000551 0.001474 0.000241 0.000094 0.000094 0.000262 
1.493120 0.004343 0.000359 0.000088 0.000086 0.000200 0.000230 0.000254 0.000209 0.000133 0.000369 0.000629 0.002191 348.506744 0.001859 0.000465 0.014376 0.317544 6.984934 0.508691 0.010199 0.687166 17.416515 1.010003 0.166983 0.012630 0.014260 348.290161 0.005903 0.002954 0.007207 0.006436 0.001530 0.000278 0.000129 0.000083 0.000036 0.000013 0.000010 0.000019 
14.976245 0.001809 0.000164 0.000079 0.000243 0.001696 0.000491 0.000181 0.000084 0.000045 0.000052 0.000087 0.000224 0.001427 0.000155 0.000057 0.000304 0.001800 209.537354 0.008491 0.006227 0.008105 347.607483 0.388822 0.048058 0.001507 0.000506 0.002184 0.000982 0.000883 0.000892 0.000587 0.000151 0.000101 0.000099 0.000058 0.000022 0.000007 0.000003 0.000003 
0.001670 0.000226 0.000065 0.000110 0.001597 4.187706 0.004933 0.001549 0.000283 0.000112 0.000042 0.000023 0.000029 0.000048 0.000024 0.000038 0.000334 0.004656 4.396873 0.007436 0.001868 0.001338 0.003663 348.404999 0.002000 0.000387 0.000318 0.000582 0.000979 0.002810 0.000533 0.000171 0.000098 0.000215 0.001493 0.000291 0.000107 0.000036 0.000013 0.000010 
0.000082 0.000032 0.000021 0.000081 0.001437 32.764606 16.323755 32.322456 0.003818 0.001565 0.000198 0.000046 0.000013 0.000007 0.000005 0.000027 0.000326 0.004627 4.387527 0.012236 0.003278 0.000794 0.000909 0.005067 0.004671 0.002109 0.001724 0.002125 0.005624 27.695551 0.001967 0.000262 0.000242 0.001728 348.157318 0.003969 0.001560 0.000271 0.000113 0.000104 
0.000006 0.000004 0.000009 0.000079 0.001550 4.176944 0.004908 0.001616 0.003992 348.552521 0.001755 0.000215 0.000040 0.000007 0.000004 0.000017 0.000114 0.001432 47.684910 14.672700 50.544399 0.002134 0.000672 0.002459 6.373208 29.983595 26.733225 34.865070 5.911949 8.265855 0.002342 0.000565 0.000697 0.004162 0.005696 0.008834 348.133331 0.002366 0.000645 0.001706 
0.000000 0.000000 0.000002 0.000024 0.000184 0.001479 0.000390 0.000191 0.000366 0.001875 0.000721 0.001698 0.000175 0.000029 0.000014 0.000042 0.000156 0.000263 0.001508 0.002283 0.001388 0.000310 0.000812 0.007548 0.531104 0.010659 0.002384 0.001545 0.002105 0.002124 0.000982 0.002136 0.004687 348.351562 0.002858 0.000968 0.001479 0.000593 0.002546 15.642400 
0.000000 0.000000 0.000000 0.000003 0.000022 0.000063 0.000043 0.000031 0.000079 0.000320 0.001811 158.412521 0.001461 0.000107 0.000063 0.000241 0.001749 0.000346 0.000172 0.000138 0.000072 0.000094 0.000599 0.007016 0.536620 0.008071 0.000909 0.000200 0.000216 0.000424 0.001924 158.376465 0.004776 0.002363 0.000453 0.000158 0.000087 0.000113 0.000330 0.001767 
0.000000 0.000000 0.000000 0.000000 0.000002 0.000006 0.000005 0.000007 0.000040 0.000372 0.004426 10.765112 0.004413 0.000382 0.000185 0.001805 15.607534 0.001757 0.000139 0.000036 0.000016 0.000028 0.000172 0.001809 18.045296 0.001905 0.000243 0.000062 0.000081 0.000419 0.004504 10.724467 0.005400 0.000784 0.000141 0.000031 0.000014 0.000019 0.000059 0.000145 
