0.000032 0.000293 0.004236 10.883897 0.005155 0.000762 0.000203 0.000045 0.000007 0.000001 0.000000 0.000000 0.000001 0.000022 0.000287 0.004224 10.002786 0.034414 0.024674 0.038963 24.389967 0.001745 0.000134 0.000014 0.000001 0.000001 0.000006 0.000037 0.000102 0.000081 0.000084 0.000281 0.001961 18.825518 0.001887 0.000226 0.000098 0.000463 0.005279 0.331722 
0.000014 0.000091 0.001443 158.566788 0.003103 0.001294 0.001620 0.000172 0.000024 0.000002 0.000000 0.000000 0.000002 0.000012 0.000088 0.001440 157.250031 0.081283 0.076479 102.372772 3.857771 0.003131 0.000196 0.000016 0.000002 0.000003 0.000025 0.000185 0.001483 0.000424 0.000274 0.001026 0.008255 0.881165 0.007574 0.000731 0.000125 0.000179 0.001742 15.480176 
0.000012 0.000054 0.000363 0.004434 0.006256 0.008734 346.749451 0.001466 0.000079 0.000008 0.000002 0.000003 0.000009 0.000017 0.000045 0.000205 0.001862 0.004600 5.950488 0.821142 98.672798 0.001442 0.000079 0.000008 0.000002 0.000007 0.000075 0.001484 3.572309 0.004920 0.001655 0.002671 0.010397 0.878942 0.009418 0.001071 0.000225 0.000174 0.000474 0.002934 
0.000039 0.000077 0.000335 0.001976 10.664791 19.713491 0.029790 0.002431 0.000266 0.000028 0.000010 0.000030 0.000087 0.000096 0.000065 0.000096 0.000326 0.002078 44.507309 0.005286 0.002163 0.000193 0.000028 0.000004 0.000002 0.000009 0.000077 0.001452 44.624039 12.074783 34.614708 17.647411 199.618393 15.556881 39.349991 0.002115 0.000692 0.000510 0.000437 0.001095 
0.000324 0.000283 0.001242 0.004307 5.934362 2.346637 0.028052 0.004243 0.000446 0.000062 0.000044 0.000211 0.001680 0.001691 0.000282 0.000283 0.000883 0.008093 27.205933 0.007469 0.000664 0.000072 0.000017 0.000007 0.000007 0.000014 0.000090 0.001512 3.587365 0.821218 14.555257 0.004187 0.002070 0.002511 0.004242 0.004460 0.005135 0.004589 0.001866 0.005365 
0.003964 0.001685 0.008044 0.011338 85.214172 3.989216 3.999934 223.025055 0.001456 0.000088 0.000103 0.001661 15.440588 15.801917 0.002859 0.010480 0.014742 0.029856 30.414635 0.013487 0.003161 0.000629 0.000328 0.000062 0.000098 0.000086 0.000100 0.000592 0.005011 0.007770 57.454884 0.002045 0.000519 0.000449 0.001932 149.531677 16.038542 16.046925 281.186676 13.952945 
1.373888 273.574738 0.710774 0.700939 6.769222 3.750876 0.010070 0.002865 0.000331 0.000064 0.000060 0.000328 0.002827 0.006219 161.306793 0.386869 0.380218 0.720546 10.856092 0.724008 0.095230 0.028780 0.019702 0.001444 0.002409 0.002076 0.000271 0.000582 0.003130 0.009908 5.479817 0.005355 0.000555 0.000160 0.000237 0.001498 0.004512 0.005832 0.009325 0.296785 
1.173852 0.006981 0.009391 0.011615 0.014914 270.077972 0.002886 0.001308 0.000291 0.000067 0.000035 0.000124 0.001030 0.010501 10.549379 3.774029 3.444993 1.131410 10.122937 3.805611 0.785863 0.584740 0.589051 347.245209 0.013125 0.009882 0.001720 0.002021 0.010508 0.023190 5.485920 0.005039 0.000411 0.000066 0.000057 0.000140 0.000489 0.001355 0.007396 0.296991 
12.223383 0.004169 0.002045 0.003362 0.011793 1.549605 0.016665 0.007725 0.001734 0.000212 0.000053 0.000072 0.000667 0.009412 10.501970 4.946427 4.808542 15.344451 11.137671 6.632691 0.793795 2.495199 3.603900 37.411659 28.865618 76.098618 22.462917 25.789097 2.516234 2.524055 175.893845 0.001468 0.000111 0.000030 0.000039 0.000093 0.000130 0.000276 0.001862 15.590198 
9.327150 0.002679 0.000800 0.002033 0.015073 1.538920 0.148822 0.152357 346.598785 0.001610 0.000150 0.000064 0.000228 0.001615 148.522690 30.678223 28.328215 55.811161 17.944801 17.489626 238.223175 11.590709 11.706661 38.809612 22.989384 0.950497 0.850395 0.079108 0.061009 0.195380 0.008213 0.000671 0.000080 0.000040 0.000142 0.001422 0.000179 0.000115 0.000262 0.001691 
0.001862 0.000409 0.000301 0.001922 15.708241 15.522536 0.037457 0.034610 0.049633 0.004274 0.000584 0.000396 0.004165 0.115257 2.598378 2.997046 23.931471 95.689819 33.525692 33.685040 137.187927 24.901293 24.536518 28.499065 125.197525 0.875575 0.857282 0.075911 0.049877 0.198537 0.006464 0.000517 0.000067 0.000087 0.001415 69.840096 0.001437 0.000106 0.000063 0.000096 
0.000119 0.000081 0.000107 0.000371 0.002361 0.005501 0.041051 0.042313 0.045877 59.132290 0.014690 0.013454 0.039471 0.382737 2.586381 2.587934 304.127686 70.379494 52.302753 53.646687 137.824265 45.919968 44.856613 45.024925 77.699921 17.838526 197.909012 0.086211 0.089401 145.692581 0.001537 0.000167 0.000063 0.000201 0.003053 16.681259 0.003004 0.000168 0.000025 0.000013 
0.000028 0.000044 0.000092 0.000173 0.000492 0.002411 16.324671 0.479602 0.474094 4.821189 4.205878 0.459183 0.574313 2.080830 6.084841 6.636958 9.909214 289.638031 78.678352 78.838547 150.528854 65.833313 65.146477 72.909348 78.069405 220.478714 56.263508 293.259125 4.335694 4.359749 0.005966 0.000378 0.000097 0.000186 0.001575 70.002068 0.001399 0.000071 0.000009 0.000002 
0.000046 0.000157 0.001427 0.000273 0.000326 0.002013 15.221586 0.091603 0.090716 0.090482 67.432640 4.195266 3.966230 6.603380 11.584672 26.392368 13.183052 124.838631 104.918686 105.720528 192.512070 105.329483 105.386818 102.930305 91.998604 62.745121 41.746002 25.199306 25.917828 143.834839 0.001919 0.000385 0.000219 0.000464 0.003958 0.003846 0.000252 0.000033 0.000005 0.000001 
0.000155 0.001503 89.866936 0.001715 0.000345 0.000650 0.003439 0.011235 0.094172 0.302661 4.889061 6.514823 9.017566 14.267391 22.410818 23.322968 339.848633 166.694305 166.398224 148.759064 194.342499 117.781319 112.977699 132.796265 88.365723 62.627899 40.978607 24.295107 13.119342 7.833974 0.306090 0.001955 0.000690 0.002410 348.957397 0.001553 0.000102 0.000016 0.000006 0.000008 
0.000485 0.003866 15.007504 0.004003 0.000562 0.000529 0.001413 0.003559 16.415741 3.505773 5.066369 8.788009 14.475759 22.338182 36.427299 39.373291 82.843704 114.689148 153.961349 176.422592 224.635269 186.420425 251.246109 106.236763 99.395874 62.177330 42.982559 24.829893 13.161729 8.489634 8.361505 348.703094 0.002524 0.000790 0.001673 0.000160 0.000031 0.000014 0.000032 0.000086 
0.000663 0.002162 89.984909 0.002348 0.000753 0.001889 0.004205 0.006999 16.376190 14.421060 13.875076 18.453625 26.668802 36.171135 53.546036 61.160793 87.372955 114.779991 154.055496 179.370575 249.106537 205.985565 186.074799 113.793037 103.628304 84.544113 64.223740 62.512730 347.979034 10.366203 10.284720 3.650934 0.423524 0.015178 0.000284 0.000026 0.000013 0.000036 0.000209 0.001678 
0.002726 0.001178 0.002088 0.000826 0.002382 48.221020 14.653165 52.067535 0.947692 1.196476 13.376795 20.025320 30.724236 43.442471 63.200165 78.723785 100.075409 129.427994 161.126740 193.177811 257.597015 229.624268 203.968231 159.172760 257.362122 91.082901 86.607231 63.309048 37.878792 18.534277 13.966823 3.538159 0.549046 0.020438 0.000287 0.000007 0.000015 0.000121 0.001674 15.587756 
10.070776 0.002632 0.000600 0.000764 0.005103 2.400017 0.322156 0.289193 0.109004 0.109258 346.384064 65.524773 63.547512 72.897835 90.410255 108.184067 134.500168 144.614822 174.964203 200.666412 251.155045 272.007965 248.112717 208.200043 138.748764 116.356483 91.351822 60.704086 38.256626 22.977430 13.852259 3.436951 0.456744 0.017619 0.000257 0.000006 0.000037 0.000515 0.006071 0.237882 
10.032956 0.002147 0.000332 0.000552 0.004695 2.405421 0.320555 0.285297 0.111358 0.898959 31.119173 36.431576 62.254860 76.300705 94.913986 115.168053 134.853607 202.531540 212.497009 230.851562 267.219025 271.528503 220.018311 185.609467 143.504578 125.356117 112.659454 75.573616 58.090145 44.705326 38.689598 43.294834 0.003556 0.001493 0.000069 0.000008 0.000059 0.000677 0.007844 0.235882 
0.001860 0.000307 0.000123 0.000224 0.001637 128.561172 6.599208 6.587358 175.288696 34.201778 33.356579 33.999756 334.260193 288.944641 288.706879 262.403473 239.333099 210.191910 237.793945 256.504944 393.227325 291.166504 272.540314 241.713165 221.515152 199.406281 92.010872 83.586807 55.131958 38.902634 28.593966 13.288061 0.005462 0.003135 0.000178 0.000014 0.000065 0.001414 159.833435 6.983899 
0.000111 0.000058 0.000068 0.000314 0.004054 0.012645 0.010465 0.032338 0.468010 3.851988 13.604504 25.783211 37.176182 56.758587 80.484192 105.784698 133.324783 165.736633 188.747177 217.351959 255.925110 271.614716 216.383789 174.978836 146.072281 115.718307 93.361282 76.155426 52.703632 44.731930 9.957823 36.859093 0.002483 0.000896 0.000070 0.000025 0.000124 0.000737 0.004463 0.007852 
0.000016 0.000017 0.000064 0.001449 348.535736 0.009979 0.002461 0.019131 0.461873 3.330539 9.638434 21.019669 36.426003 55.278450 77.040985 99.601234 122.722580 145.365921 174.581970 202.069763 240.917648 256.002899 224.336380 166.219376 140.070511 115.449432 77.023415 64.710564 28.145439 14.626934 0.434025 0.427133 0.044928 0.002698 0.000164 0.000088 0.000343 0.002432 0.002731 0.003156 
0.000014 0.000015 0.000050 0.000359 0.004119 50.208317 0.006873 0.005769 0.175540 1.779517 6.432197 14.368964 25.953323 39.767872 57.630432 76.962456 95.386841 126.994576 141.919281 189.448502 223.742432 219.939209 223.136765 159.546097 131.606293 119.453651 70.009491 39.607792 28.491556 43.788746 0.439926 0.432451 0.047480 0.003323 0.000841 0.000371 0.001914 316.830414 0.012660 0.009920 
0.000092 0.000052 0.000059 0.000234 0.002493 15.781776 0.003342 0.001079 0.030417 0.583461 3.125106 8.552154 17.097336 27.805655 44.256287 59.771759 77.095314 107.790779 117.414658 181.250732 197.369781 184.176910 181.734665 110.888329 102.717262 87.923584 51.830448 51.147770 342.847870 1.869142 1.369690 1.396011 159.431931 0.009915 0.008119 0.001920 0.008983 0.447041 15.854610 0.329218 
0.001685 0.000330 0.000174 0.000334 0.001675 55.684700 0.004714 0.002433 0.003455 0.092313 1.038321 4.049391 9.945928 17.637808 32.460815 42.665543 60.733185 86.600136 97.470955 192.712585 160.508331 148.445557 119.781509 102.829285 83.477432 65.249962 39.263706 23.249054 10.590191 9.941481 4.345864 4.033945 8.051167 0.609609 0.614946 320.821594 0.509608 0.499426 15.775439 0.358105 
15.486485 0.002633 0.000758 0.001846 0.006898 0.535981 0.527310 22.588947 0.007785 0.007500 0.166839 1.360950 4.798199 10.081202 22.445019 28.032578 46.699215 68.174400 108.041908 87.158615 137.788986 125.990906 139.779831 75.541229 60.695808 68.664291 46.179295 26.385321 10.373436 8.798186 3.457091 3.209806 8.053629 0.015668 0.008695 0.001760 0.005612 0.008082 0.012657 15.753214 
0.766223 0.005958 0.002725 0.009921 0.020695 0.534792 0.536783 15.239995 0.001900 0.000472 0.012135 0.250384 1.802677 5.209942 13.803478 15.438486 40.130051 57.790321 66.956924 77.089905 139.619873 96.918320 73.843246 89.086777 37.163353 36.276741 42.446877 185.980103 1.392797 1.383029 0.506750 0.517095 159.374374 0.002314 0.000916 0.000337 0.000812 0.002338 0.010628 0.247442 
0.801783 17.109522 21.843351 1.718241 1.721060 38.721519 11.122899 20.469938 0.002191 0.000431 0.001086 0.027790 0.512544 2.322968 6.043261 6.200358 47.411903 32.968369 48.538280 50.520439 146.241165 61.779747 59.012669 32.842258 23.148741 22.934261 172.827271 1.989121 0.170541 0.146037 0.030178 0.015739 0.001970 0.000396 0.000230 0.000199 0.000375 0.001568 0.012496 0.245326 
0.408868 1.316943 0.012944 0.010760 0.009003 0.006603 7.107251 7.761590 0.004773 0.001974 0.005074 0.028674 0.534991 0.614836 1.613727 1.758013 16.672443 13.196159 30.017607 33.618225 115.683495 48.643539 46.421593 57.813011 10.533338 8.126896 0.999130 0.102974 0.017370 0.006936 0.001672 0.001103 0.000474 0.000282 0.000370 0.001611 0.000605 0.002226 159.960663 6.909432 
0.417191 1.326396 0.008973 0.002259 0.001443 0.002955 58.880783 0.028119 0.032183 160.588181 10.945231 10.945065 157.909363 0.215333 0.207153 0.437474 0.875833 4.649418 21.728281 29.883356 25.630955 33.482777 25.966188 7.847682 14.813016 5.566615 1.009115 0.093452 0.018811 0.008367 0.007270 0.007074 0.002006 0.000707 0.002428 349.269470 0.002223 0.000525 0.001458 0.004066 
1.752449 205.483597 0.001708 0.000328 0.000240 0.000413 0.001642 0.001867 0.001837 0.001505 0.004440 0.005182 0.004641 0.219872 0.025930 0.083058 0.801057 3.118806 22.461578 15.772285 51.876461 18.467995 27.935383 5.475245 3.363658 1.243906 0.274189 0.103382 11.313034 33.304493 3.589441 3.600301 278.735321 0.002241 0.000576 0.001483 0.000253 0.000104 0.000102 0.000276 
1.525913 0.004359 0.000378 0.000104 0.000102 0.000222 0.000254 0.000285 0.000235 0.000149 0.000397 0.000671 0.002234 348.964508 0.013629 0.012036 0.224112 0.906610 23.615610 0.837034 0.084769 0.793782 29.020294 2.821911 1.586738 0.267653 0.279393 348.747925 0.006003 0.003051 0.007367 0.006554 0.001551 0.000296 0.000143 0.000091 0.000041 0.000016 0.000013 0.000023 
14.995318 0.001824 0.000176 0.000091 0.000258 0.001723 0.000517 0.000201 0.000097 0.000053 0.000062 0.000100 0.000238 0.001431 0.000296 0.000400 0.005890 0.007979 213.977280 0.080991 0.078288 0.080702 347.607483 1.492122 0.549306 0.036220 0.006625 0.002238 0.001059 0.000969 0.000983 0.000647 0.000172 0.000114 0.000108 0.000065 0.000026 0.000008 0.000004 0.000004 
0.001675 0.000235 0.000073 0.000119 0.001610 4.192475 0.004961 0.001571 0.000296 0.000121 0.000048 0.000028 0.000034 0.000050 0.000029 0.000051 0.000469 0.005475 4.557903 0.021829 0.013420 0.009540 0.006457 348.710175 0.002637 0.000977 0.000439 0.000634 0.001049 0.002902 0.000585 0.000201 0.000115 0.000230 0.001504 0.000301 0.000114 0.000041 0.000016 0.000012 
0.000086 0.000036 0.000024 0.000086 0.001443 32.783680 16.342829 32.341530 0.003828 0.001575 0.000207 0.000052 0.000016 0.000008 0.000007 0.000033 0.000358 0.005054 4.549649 0.025904 0.014677 0.001846 0.001136 0.005152 0.005036 0.002632 0.001834 0.002178 0.005684 27.762308 0.001998 0.000290 0.000266 0.001754 348.615082 0.003979 0.001568 0.000285 0.000125 0.000111 
0.000007 0.000005 0.000010 0.000083 0.001557 4.181713 0.004924 0.001631 0.004008 349.010284 0.001765 0.000223 0.000045 0.000009 0.000005 0.000021 0.000125 0.001443 47.703983 14.687005 50.563473 0.002211 0.000748 0.002540 6.380360 30.021742 26.766937 34.903217 5.916718 8.270623 0.002385 0.000604 0.000733 0.004190 0.005733 0.008873 348.591095 0.002393 0.000670 0.001715 
0.000000 0.000001 0.000003 0.000026 0.000190 0.001485 0.000404 0.000205 0.000384 0.001899 0.000743 0.001707 0.000183 0.000033 0.000017 0.000048 0.000167 0.000278 0.001522 0.002294 0.001396 0.000344 0.000907 0.007779 0.542707 0.010881 0.002475 0.001574 0.002130 0.002158 0.001026 0.002176 0.004729 348.809326 0.002893 0.001000 0.001489 0.000617 0.002573 15.661473 
0.000000 0.000000 0.000000 0.000004 0.000024 0.000067 0.000048 0.000037 0.000090 0.000342 0.001833 158.412521 0.001472 0.000118 0.000072 0.000253 0.001763 0.000362 0.000186 0.000147 0.000079 0.000112 0.000669 0.007208 0.548268 0.008287 0.000996 0.000227 0.000238 0.000456 0.001957 158.376465 0.004841 0.002427 0.000488 0.000176 0.000096 0.000125 0.000347 0.001780 
0.000000 0.000000 0.000000 0.000001 0.000003 0.000007 0.000006 0.000009 0.000048 0.000399 0.004466 10.903719 0.004454 0.000410 0.000203 0.001825 15.626608 0.001769 0.000149 0.000042 0.000019 0.000035 0.000194 0.001835 18.094591 0.001942 0.000274 0.000076 0.000097 0.000453 0.004552 10.861325 0.005479 0.000845 0.000165 0.000038 0.000017 0.000024 0.000068 0.000156 
