0.000037 0.000309 0.004260 10.986201 0.005227 0.000820 0.000225 0.000052 0.000008 0.000001 0.000000 0.000000 0.000002 0.000025 0.000302 0.004244 10.062907 0.036843 0.027042 0.041399 24.418577 0.001754 0.000141 0.000016 0.000002 0.000001 0.000008 0.000041 0.000110 0.000092 0.000100 0.000315 0.002001 18.892052 0.001921 0.000256 0.000118 0.000500 0.005331 0.332120 
0.000017 0.000098 0.001450 158.566788 0.003164 0.001354 0.001644 0.000181 0.000026 0.000003 0.000000 0.000000 0.000002 0.000014 0.000095 0.001447 157.250031 0.083922 0.079115 102.525360 3.863731 0.003142 0.000203 0.000018 0.000002 0.000003 0.000028 0.000191 0.001493 0.000443 0.000305 0.001113 0.008450 0.902288 0.007747 0.000804 0.000152 0.000202 0.001769 15.499249 
0.000015 0.000062 0.000381 0.004469 0.006321 0.008801 347.207214 0.001474 0.000085 0.000010 0.000002 0.000004 0.000010 0.000020 0.000051 0.000220 0.002234 0.004828 5.960025 0.826470 98.789894 0.001447 0.000084 0.000010 0.000002 0.000008 0.000078 0.001490 3.575393 0.004945 0.001688 0.002763 0.010595 0.900035 0.009595 0.001159 0.000262 0.000202 0.000514 0.003021 
0.000047 0.000090 0.000368 0.002011 10.674328 19.742102 0.029882 0.002495 0.000291 0.000033 0.000012 0.000033 0.000091 0.000102 0.000076 0.000175 0.000695 0.002493 44.537628 0.014762 0.011478 0.000382 0.000036 0.000006 0.000003 0.000010 0.000081 0.001457 44.662186 12.093857 34.633781 17.666485 199.951477 15.575954 39.369064 0.002168 0.000743 0.000554 0.000486 0.001176 
0.000346 0.000315 0.001326 0.004399 5.943010 2.348928 0.028141 0.004308 0.000473 0.000070 0.000049 0.000217 0.001685 0.001699 0.000446 0.004906 0.016440 0.040398 60.058212 0.030404 0.009623 0.000760 0.000160 0.000018 0.000034 0.000039 0.000099 0.001523 3.592133 0.822890 14.574330 0.004236 0.002113 0.002546 0.004275 0.004514 0.005201 0.004647 0.001916 0.005450 
0.003994 0.001720 0.008202 0.011500 85.366760 3.992568 4.002340 223.101349 0.001464 0.000095 0.000110 0.001669 15.459661 15.824757 0.005185 0.166285 0.242364 0.300532 73.034592 0.106211 0.067944 0.017678 0.008607 0.000344 0.001425 0.001274 0.000210 0.000654 0.005274 0.008043 57.683197 0.002090 0.000561 0.000481 0.001963 149.531677 16.252768 16.261192 281.339264 13.962481 
1.375676 274.185089 0.718785 0.708923 6.771606 3.753927 0.010265 0.003051 0.000363 0.000073 0.000069 0.000448 0.007872 0.012534 161.306793 2.020231 1.993088 3.013510 49.876545 1.803588 0.950501 0.414625 0.267536 0.001749 0.029637 0.027815 0.002000 0.000702 0.003382 0.010217 5.578681 0.005425 0.000599 0.000181 0.000254 0.001513 0.004569 0.005960 0.009486 0.297565 
1.175044 0.007225 0.009731 0.012065 0.015367 270.230560 0.003073 0.001492 0.000329 0.000078 0.000044 0.000283 0.006321 0.034219 13.774456 12.154860 11.173632 7.208949 44.755394 9.164861 5.784697 3.660605 3.687088 347.245209 0.044871 0.040731 0.003575 0.002155 0.010832 0.023577 5.584748 0.005092 0.000441 0.000078 0.000065 0.000154 0.000533 0.001463 0.007555 0.297774 
12.242456 0.004407 0.002275 0.003683 0.012176 1.558009 0.017375 0.008346 0.001775 0.000225 0.000065 0.000232 0.005539 0.031963 13.648040 16.686586 16.172895 23.169685 36.879208 13.675036 5.915093 7.760039 8.945886 55.497704 37.938038 93.467384 22.534245 25.859381 2.545629 2.553412 175.970139 0.001480 0.000123 0.000035 0.000044 0.000102 0.000149 0.000310 0.001899 15.609271 
9.339387 0.002793 0.000908 0.002212 0.015449 1.547305 0.157981 0.161545 347.056549 0.001679 0.000216 0.000347 0.003336 0.004956 148.764389 48.868713 45.543369 64.372452 46.618137 42.368126 240.639511 19.682024 19.805006 57.633808 29.910990 3.496335 3.295872 0.429147 0.122519 0.207597 0.008692 0.000756 0.000096 0.000046 0.000148 0.001432 0.000190 0.000129 0.000276 0.001698 
0.001872 0.000438 0.000335 0.001960 15.727315 15.560683 0.043372 0.040490 0.055704 0.004348 0.004612 0.010023 0.090326 0.687424 13.376381 15.971510 40.303699 110.294525 65.840179 65.181938 177.955154 35.828384 35.439697 41.013081 129.518433 3.343736 3.310567 0.429035 0.132000 0.210795 0.006941 0.000604 0.000083 0.000095 0.001424 69.840096 0.001446 0.000115 0.000069 0.000101 
0.000127 0.000091 0.000122 0.000395 0.002394 0.005541 0.046952 0.048334 0.051927 59.265804 0.227385 0.235414 0.574657 2.098814 13.700674 14.090522 307.580811 95.721657 87.902992 88.944000 180.229477 60.034554 58.929790 60.139709 91.160583 23.448456 198.952744 0.438537 0.436775 145.845169 0.001605 0.000226 0.000075 0.000213 0.003067 16.692482 0.003012 0.000176 0.000029 0.000015 
0.000033 0.000050 0.000102 0.000191 0.000522 0.002445 16.362818 0.494276 0.488862 4.852117 4.486274 2.184719 2.879514 5.992035 18.595013 21.307899 26.260269 296.356262 116.075607 116.227715 189.920853 82.556892 81.769524 90.277321 96.122414 226.032761 86.532051 293.419342 4.783766 4.818461 0.021809 0.001882 0.000143 0.000202 0.001592 70.002068 0.001403 0.000075 0.000010 0.000003 
0.000053 0.000165 0.001437 0.000294 0.000354 0.002044 15.240660 0.104741 0.104751 0.110569 70.238235 10.997515 10.811798 14.689759 24.386864 46.347645 30.723099 150.287994 141.984192 143.046829 233.965561 125.114227 125.193398 123.760033 127.774857 109.751472 87.514000 68.041527 54.831394 143.911133 0.002170 0.000595 0.000254 0.000490 0.003977 0.003852 0.000258 0.000036 0.000005 0.000002 
0.000170 0.001519 89.866936 0.001754 0.000382 0.000702 0.003546 0.012474 0.109213 0.605522 15.989051 24.597885 25.241396 29.727802 40.038239 41.674007 343.015076 200.506546 199.526459 183.868835 226.689697 139.757782 134.567932 173.070816 133.405197 109.874176 87.286545 67.964737 51.388336 36.367992 0.385983 0.002175 0.000878 0.002603 349.415161 0.001559 0.000107 0.000018 0.000008 0.000009 
0.000522 0.003906 15.030641 0.004056 0.000610 0.000587 0.001513 0.003690 16.457855 6.796493 17.764769 31.288477 38.470127 45.373009 59.190197 62.080105 111.639252 145.273392 184.910019 207.868652 257.608704 209.161880 268.706604 152.119812 144.793228 109.227127 89.290977 68.771614 52.518887 53.781544 48.527142 348.703094 0.009495 0.007696 0.008522 0.000235 0.000035 0.000017 0.000035 0.000089 
0.000712 0.002212 89.984909 0.002403 0.000807 0.001948 0.004361 0.007421 16.866934 32.748875 41.999599 53.162132 61.674183 69.115814 83.943047 89.417328 117.802284 146.530396 185.682465 210.636139 278.819275 235.947205 223.113144 159.709015 149.352478 131.434296 111.633453 109.763489 351.534180 28.138288 27.073261 7.977755 1.713422 0.223364 0.006944 0.000111 0.000016 0.000041 0.000216 0.001683 
0.002780 0.001234 0.002137 0.000883 0.002440 48.240093 14.716667 54.933784 2.791981 2.969855 38.521275 56.328175 70.698700 82.680305 99.974869 112.128876 133.211548 162.540161 194.108917 224.229889 285.229553 259.874542 239.416260 200.954483 278.491394 130.790512 123.851395 90.246994 60.338001 36.068165 24.204609 7.887599 2.729326 0.299553 0.008595 0.000110 0.000019 0.000133 0.001688 15.606830 
10.085081 0.002684 0.000648 0.000823 0.005236 2.414812 0.965046 1.220369 1.284780 1.264797 346.823090 110.840317 108.724625 116.916031 132.270447 146.670380 170.510483 179.738815 208.689972 233.057297 278.857574 299.794739 275.410767 238.902527 176.156769 152.267899 123.031097 87.531296 60.651104 39.346508 22.957464 7.478840 1.940689 0.255031 0.007440 0.000102 0.000047 0.000564 0.006175 0.238567 
10.047261 0.002185 0.000365 0.000595 0.004811 2.420118 0.991061 1.200885 1.276151 2.085349 48.097923 60.969818 104.062134 120.648354 137.599350 154.817429 173.159561 232.308289 243.403122 260.892944 292.959503 298.949402 252.071075 220.211914 180.653671 159.924042 139.450607 106.326691 84.857918 64.151161 49.728687 43.571323 0.036114 0.030261 0.001740 0.000050 0.000069 0.000725 0.007949 0.236562 
0.001868 0.000322 0.000139 0.000246 0.001659 128.637466 11.655718 11.551166 178.754593 55.918121 53.566422 54.902050 338.314636 304.219513 306.758545 287.023102 266.972565 237.920746 263.762543 280.778534 394.658661 299.140167 280.170563 248.229065 226.627502 203.051422 96.599747 87.719627 58.159241 41.270485 30.114813 13.446416 0.048769 0.042640 0.003288 0.000108 0.000073 0.001422 159.909729 6.986283 
0.000116 0.000065 0.000076 0.000328 0.004077 0.040796 0.073436 0.398982 2.389584 8.633651 21.657459 38.396809 52.235184 74.602356 100.776031 128.211136 156.958420 189.959839 213.296768 241.033386 277.311768 282.362854 224.551987 183.517563 153.384766 121.486961 98.041893 80.167793 56.508118 48.476772 13.502561 38.175209 0.020695 0.015371 0.001241 0.000067 0.000139 0.000786 0.004701 0.008183 
0.000019 0.000020 0.000069 0.001455 348.993500 0.039374 0.030577 0.293288 2.372582 8.247271 17.827368 32.401184 51.173481 72.937904 97.221001 122.011528 146.492813 170.110718 198.502548 225.359268 263.580109 273.597351 232.714340 176.005142 148.540894 121.723877 83.265594 69.526550 32.490921 19.061722 4.784530 4.397678 0.536359 0.048211 0.002002 0.000145 0.000369 0.002484 0.002967 0.003481 
0.000016 0.000018 0.000056 0.000372 0.004144 50.249397 0.137289 0.134631 1.326579 5.299440 12.985750 23.996141 38.723751 55.269062 75.821777 97.649216 117.635254 149.726334 164.897400 210.308823 246.783524 244.833572 241.940460 181.135620 150.805603 131.463440 78.926384 45.790470 32.915501 49.086796 4.665337 4.417193 0.547722 0.044653 0.002746 0.000455 0.002001 317.288177 0.013032 0.010293 
0.000097 0.000059 0.000069 0.000253 0.002518 15.815358 0.025166 0.025125 0.420284 2.643912 7.688980 15.923381 27.717623 41.253914 60.808319 78.933228 97.937469 128.472794 138.596390 200.258148 220.262634 210.065704 205.349243 140.659760 131.808731 116.116104 82.575714 82.213074 344.383789 10.223308 8.850713 8.941147 159.742020 0.013964 0.011915 0.002008 0.009047 0.447936 15.878452 0.330112 
0.001692 0.000351 0.000200 0.000377 0.001719 55.703773 0.026293 0.025045 0.091568 0.885155 3.731185 9.198826 18.351034 28.902069 47.208221 59.810104 79.495407 104.704582 116.395798 203.897278 182.273468 174.903000 147.294556 129.616776 108.832092 89.337120 59.549068 38.826813 20.994045 29.634817 25.539354 20.256325 9.068870 0.785770 0.795727 321.453705 0.510502 0.500402 15.799281 0.359112 
15.505558 0.002708 0.000829 0.001978 0.007057 0.536960 0.528283 22.630043 0.171379 0.175639 1.258825 4.423316 11.026674 19.271505 35.374046 42.743397 63.165131 83.101898 121.439072 99.679512 154.886490 150.685287 161.284637 99.174042 83.038109 90.588844 65.664299 41.763863 20.054573 17.974838 13.221542 12.734237 9.066038 0.026103 0.012048 0.001816 0.005733 0.008351 0.012984 15.777056 
0.801141 0.006049 0.002805 0.010150 0.020963 0.535791 0.537800 15.254841 0.012356 0.012188 0.219535 1.612351 6.087203 12.646763 24.709496 27.237099 53.757870 67.681694 77.263153 88.071228 158.848267 119.052757 96.955879 105.926483 55.084541 53.373096 61.565647 187.340744 4.111198 4.057057 2.646183 2.680234 159.427338 0.002464 0.001061 0.000390 0.000908 0.002576 0.010998 0.248556 
0.840391 17.185816 21.957426 1.765602 1.768416 38.868671 11.137204 20.491503 0.002810 0.001118 0.023916 0.450167 3.519352 8.549678 14.280068 14.885397 54.665440 39.568790 57.684341 60.692188 151.623077 82.943718 80.594261 48.171261 37.004498 35.987747 174.404404 3.337060 1.594243 1.284305 0.443309 0.229628 0.002170 0.000443 0.000268 0.000230 0.000435 0.001728 0.012868 0.246430 
0.441781 1.319355 0.013165 0.011053 0.009252 0.006774 7.119172 7.768743 0.005162 0.002669 0.026155 0.423672 3.669882 5.247093 6.478862 7.472599 21.907541 19.108177 38.638382 43.990295 117.819466 65.611824 69.397736 68.982460 19.388992 14.082473 4.047758 1.204677 0.337901 0.145975 0.028600 0.009847 0.000651 0.000317 0.000401 0.001644 0.000639 0.002261 160.036957 6.911817 
0.450092 1.328811 0.009173 0.002438 0.001588 0.003103 58.957077 0.028205 0.032276 160.588181 11.075410 11.074955 159.098907 2.180941 2.085333 3.586910 5.382816 9.864700 30.014278 42.207836 27.363659 39.687328 45.382149 20.653797 33.670223 10.424861 4.084036 1.146869 0.342808 0.146193 0.023423 0.011469 0.002186 0.000745 0.002468 349.727234 0.002245 0.000545 0.001466 0.004080 
1.790153 205.636185 0.001759 0.000377 0.000283 0.000457 0.001668 0.001924 0.001888 0.001522 0.004500 0.005258 0.004722 2.241379 0.567021 1.064663 4.388768 7.136943 34.433830 20.807604 53.243546 23.386797 48.286945 15.032411 10.929049 5.557015 3.070969 1.243390 12.531573 33.586243 3.698566 3.709411 278.798004 0.002265 0.000599 0.001492 0.000265 0.000114 0.000110 0.000288 
1.556275 0.004375 0.000398 0.000121 0.000120 0.000246 0.000279 0.000316 0.000261 0.000166 0.000425 0.000710 0.002275 349.251404 0.262947 0.252960 1.656325 2.351207 36.490383 1.838791 1.034235 1.793299 49.361145 9.395860 7.180929 2.771015 2.884614 348.981720 0.006105 0.003149 0.007517 0.006665 0.001573 0.000314 0.000157 0.000099 0.000046 0.000019 0.000015 0.000026 
15.014392 0.001839 0.000189 0.000102 0.000274 0.001752 0.000543 0.000222 0.000111 0.000063 0.000073 0.000114 0.000251 0.001435 0.004951 0.011398 0.108495 0.111760 215.113068 1.026714 1.031794 1.046115 347.607483 5.453166 2.373548 0.492384 0.127588 0.002331 0.001137 0.001056 0.001072 0.000706 0.000193 0.000128 0.000119 0.000072 0.000030 0.000010 0.000005 0.000005 
0.001680 0.000243 0.000081 0.000128 0.001622 4.197243 0.004989 0.001593 0.000309 0.000130 0.000055 0.000033 0.000038 0.000054 0.000088 0.000315 0.003991 0.020550 5.809634 0.273030 0.224822 0.149369 0.055318 349.015350 0.020337 0.018304 0.003834 0.000718 0.001120 0.002994 0.000638 0.000233 0.000133 0.000245 0.001516 0.000310 0.000121 0.000046 0.000020 0.000014 
0.000090 0.000040 0.000028 0.000092 0.001450 32.802753 16.361902 32.360603 0.003839 0.001585 0.000216 0.000057 0.000019 0.000010 0.000009 0.000048 0.000681 0.011615 5.829806 0.269213 0.226894 0.023423 0.004812 0.005318 0.016325 0.018857 0.004890 0.002265 0.005765 27.829065 0.002030 0.000318 0.000291 0.001780 349.072845 0.003988 0.001575 0.000298 0.000136 0.000118 
0.000008 0.000006 0.000012 0.000087 0.001564 4.186481 0.004939 0.001646 0.004024 349.468048 0.001774 0.000232 0.000049 0.000011 0.000007 0.000025 0.000140 0.001461 47.723057 14.702016 50.582546 0.002392 0.000916 0.002686 6.387513 30.052725 26.795547 34.938866 5.921486 8.275392 0.002427 0.000643 0.000769 0.004217 0.005767 0.008910 349.048859 0.002417 0.000693 0.001724 
0.000001 0.000001 0.000003 0.000028 0.000195 0.001491 0.000416 0.000219 0.000401 0.001922 0.000763 0.001715 0.000190 0.000037 0.000020 0.000054 0.000179 0.000293 0.001536 0.002305 0.001404 0.000381 0.001001 0.007988 0.552228 0.011078 0.002562 0.001604 0.002156 0.002193 0.001069 0.002215 0.004771 349.267090 0.002925 0.001031 0.001499 0.000640 0.002599 15.680547 
0.000000 0.000000 0.000001 0.000005 0.000026 0.000070 0.000053 0.000043 0.000101 0.000364 0.001855 158.412521 0.001483 0.000129 0.000081 0.000265 0.001776 0.000378 0.000199 0.000156 0.000086 0.000131 0.000737 0.007378 0.557825 0.008479 0.001079 0.000256 0.000260 0.000488 0.001989 158.376465 0.004903 0.002488 0.000523 0.000194 0.000105 0.000138 0.000363 0.001792 
0.000000 0.000000 0.000000 0.000001 0.000004 0.000008 0.000008 0.000011 0.000057 0.000424 0.004502 11.007463 0.004491 0.000437 0.000221 0.001846 15.645681 0.001782 0.000159 0.000048 0.000023 0.000043 0.000217 0.001861 18.142275 0.001979 0.000307 0.000092 0.000114 0.000487 0.004597 10.963702 0.005553 0.000903 0.000190 0.000047 0.000021 0.000029 0.000076 0.000167 
