0.000003 0.000113 0.003805 6.713663 0.004249 0.000234 0.000057 0.000008 0.000000 0.000000 0.000000 0.000000 0.000000 0.000002 0.000113 0.003812 6.493222 0.014903 0.006826 0.020432 23.955648 0.001655 0.000059 0.000002 0.000000 0.000000 0.000000 0.000007 0.000041 0.000014 0.000009 0.000070 0.001694 17.670061 0.001668 0.000058 0.000006 0.000102 0.003914 0.303934 
0.000001 0.000036 0.001385 158.160141 0.002476 0.000675 0.001455 0.000103 0.000006 0.000000 0.000000 0.000000 0.000000 0.000001 0.000035 0.001384 156.789154 0.060406 0.055649 100.342003 3.773100 0.002980 0.000098 0.000002 0.000000 0.000000 0.000006 0.000108 0.001392 0.000239 0.000070 0.000222 0.004461 0.413588 0.004190 0.000115 0.000007 0.000047 0.001586 15.219802 
0.000000 0.000011 0.000209 0.004161 0.005582 0.008022 336.271912 0.001409 0.000032 0.000001 0.000000 0.000000 0.000001 0.000002 0.000009 0.000117 0.001694 0.004372 5.851211 0.795383 96.901703 0.001393 0.000037 0.000001 0.000000 0.000001 0.000038 0.001423 3.532564 0.004689 0.001437 0.001813 0.006540 0.412135 0.005979 0.000271 0.000022 0.000021 0.000184 0.002155 
0.000003 0.000008 0.000097 0.001708 10.552835 19.297819 0.026746 0.001196 0.000050 0.000002 0.000001 0.000007 0.000046 0.000047 0.000013 0.000019 0.000161 0.001889 43.586628 0.004657 0.001615 0.000112 0.000006 0.000000 0.000000 0.000001 0.000039 0.001408 44.201756 11.814510 34.355331 17.352922 194.432693 15.276817 39.105972 0.001652 0.000246 0.000151 0.000103 0.000368 
0.000112 0.000064 0.000384 0.003350 5.823799 1.965142 0.024972 0.002991 0.000175 0.000010 0.000009 0.000133 0.001624 0.001626 0.000164 0.000027 0.000062 0.001401 16.294714 0.001625 0.000131 0.000012 0.000001 0.000001 0.000000 0.000002 0.000039 0.001428 3.535012 0.802443 14.270370 0.003788 0.001725 0.002219 0.003969 0.003991 0.004361 0.003935 0.001513 0.004458 
0.003594 0.001450 0.005278 0.008507 83.122917 3.319159 3.328752 221.633636 0.001404 0.000039 0.000048 0.001589 15.184446 15.530343 0.002606 0.000177 0.000080 0.001408 19.285578 0.001337 0.000041 0.000004 0.000006 0.000029 0.000010 0.000004 0.000014 0.000176 0.002601 0.005223 53.305222 0.001672 0.000192 0.000191 0.001669 149.338562 8.937987 8.944712 274.098389 11.425204 
1.331901 264.940491 0.482460 0.473161 6.737723 3.111127 0.008674 0.001811 0.000142 0.000011 0.000010 0.000158 0.002082 0.005244 160.548172 0.001623 0.000205 0.000399 0.002470 0.000168 0.000016 0.000010 0.000104 0.001402 0.000208 0.000068 0.000050 0.000106 0.000850 0.006393 2.978581 0.004352 0.000160 0.000024 0.000118 0.001402 0.003867 0.004275 0.004607 0.180888 
1.136373 0.005205 0.005416 0.006034 0.009298 266.792419 0.001825 0.000268 0.000081 0.000010 0.000002 0.000017 0.000293 0.004582 6.071194 0.008362 0.002589 0.002325 0.000833 0.000261 0.000058 0.000065 0.001476 337.882996 0.004377 0.001659 0.001391 0.001471 0.006540 0.017564 2.985422 0.004214 0.000127 0.000005 0.000009 0.000046 0.000136 0.000274 0.002754 0.181989 
11.982331 0.002447 0.000407 0.000664 0.006991 0.978215 0.007361 0.001341 0.001505 0.000112 0.000009 0.000006 0.000138 0.003909 6.069292 0.072217 0.074373 13.890138 0.008674 0.005458 0.001438 0.000205 0.000402 0.005696 5.536934 33.073853 20.761122 23.957382 1.434245 1.442665 174.799500 0.001390 0.000036 0.000003 0.000008 0.000036 0.000021 0.000063 0.001618 15.328321 
9.167394 0.001976 0.000156 0.000563 0.010304 0.968095 0.029341 0.032439 336.765839 0.001508 0.000061 0.000007 0.000039 0.001388 147.873978 0.561891 0.553892 17.770863 1.059229 1.068938 236.383072 0.001839 0.000324 0.002733 3.242777 0.470536 0.445884 0.014170 0.013211 0.042081 0.002908 0.000163 0.000010 0.000007 0.000091 0.001363 0.000099 0.000025 0.000142 0.001627 
0.001774 0.000190 0.000089 0.001679 15.429725 15.143534 0.006026 0.003451 0.014903 0.004153 0.000295 0.000026 0.000011 0.000114 0.001618 0.008235 0.563999 0.065884 0.045588 0.063764 1.289728 0.005470 0.000351 0.001839 103.809441 0.461118 0.452923 0.011371 0.005653 0.045067 0.001190 0.000047 0.000005 0.000035 0.001360 69.693405 0.001368 0.000040 0.000014 0.000048 
0.000055 0.000014 0.000018 0.000174 0.002057 0.005131 0.009616 0.008069 0.011371 57.208778 0.002913 0.000188 0.000014 0.000015 0.000136 0.001656 298.148468 0.060481 0.047060 0.065628 1.279791 0.005193 0.000228 0.000253 0.003917 0.126884 196.472519 0.021878 0.025397 143.032867 0.001404 0.000043 0.000007 0.000092 0.002893 15.103934 0.002874 0.000085 0.000003 0.000002 
0.000003 0.000008 0.000033 0.000040 0.000223 0.002099 15.916922 0.265731 0.260506 4.656709 4.160708 0.001629 0.000050 0.000005 0.000029 0.000443 0.008376 275.703979 1.409348 1.398241 23.037664 0.002064 0.000275 0.000085 0.001511 175.541885 4.592280 287.165833 3.863715 3.869673 0.003042 0.000111 0.000012 0.000066 0.001450 69.854019 0.001359 0.000034 0.000001 0.000000 
0.000008 0.000095 0.001365 0.000127 0.000112 0.001768 14.958332 0.017874 0.014486 0.017048 62.773323 0.001646 0.000047 0.000003 0.000021 0.000469 0.011243 0.591010 0.176704 0.250392 61.543221 0.036088 0.006982 0.000201 0.000121 0.001407 0.003263 0.001620 0.004122 141.815628 0.001665 0.000164 0.000049 0.000243 0.003814 0.003780 0.000175 0.000009 0.000000 0.000000 
0.000051 0.001395 89.597847 0.001458 0.000093 0.000247 0.002538 0.002228 0.017777 0.002010 0.002035 0.000160 0.000009 0.000002 0.000031 0.001405 334.840912 0.580862 0.564763 1.176888 38.411800 0.512614 0.008612 0.000592 0.000063 0.000047 0.000112 0.000130 0.000581 0.002626 0.000679 0.001705 0.000358 0.002050 338.313354 0.001491 0.000051 0.000002 0.000000 0.000001 
0.000166 0.003413 12.203783 0.003484 0.000185 0.000129 0.000578 0.002628 15.861102 0.002071 0.000234 0.000020 0.000001 0.000001 0.000079 0.008113 0.427572 0.716998 2.132079 4.482997 26.340643 22.993202 188.918976 0.001867 0.000364 0.000049 0.000024 0.000187 0.002374 0.000815 0.002701 338.590790 0.001999 0.000320 0.001407 0.000103 0.000007 0.000001 0.000008 0.000046 
0.000256 0.001749 89.665359 0.001924 0.000336 0.001477 0.003311 0.005929 15.304270 0.002022 0.000212 0.000018 0.000001 0.000004 0.000291 0.016283 0.415434 2.145614 7.444288 9.153646 32.778873 35.243214 71.528694 0.358767 0.001877 0.000510 0.000198 0.001609 338.510803 0.002121 0.000412 0.001673 0.000163 0.000028 0.000031 0.000006 0.000001 0.000007 0.000132 0.001624 
0.002268 0.000636 0.001704 0.000362 0.001905 48.002789 14.413578 50.723713 0.004214 0.000967 0.001778 0.000143 0.000014 0.000126 0.003993 0.118588 1.282102 6.794621 11.842583 27.547190 40.921429 52.704445 84.061470 35.970905 203.028107 0.009583 0.007842 0.000426 0.001506 0.000159 0.000063 0.000143 0.000026 0.000003 0.000001 0.000000 0.000001 0.000041 0.001574 15.329594 
9.895925 0.002208 0.000224 0.000229 0.004282 2.163536 0.157852 0.119352 0.004278 0.006481 338.436096 0.001707 0.000179 0.004015 0.033079 0.352396 1.624028 6.700755 17.117241 26.522432 60.600319 72.937447 89.014610 98.043114 4.512078 3.237121 0.282531 0.007506 0.000125 0.000035 0.000132 0.001567 0.000104 0.000006 0.000000 0.000000 0.000002 0.000062 0.002249 0.137115 
9.861978 0.001873 0.000096 0.000165 0.004055 2.168858 0.153051 0.117325 0.006268 0.001075 0.002104 0.000581 0.001711 0.124795 0.281030 0.516802 5.199097 86.893372 32.071625 46.583889 88.222946 95.805542 73.404419 45.551758 5.151435 3.314256 0.308461 0.009798 0.000169 0.000124 0.001547 42.542606 0.001337 0.000030 0.000001 0.000000 0.000008 0.000182 0.003995 0.134605 
0.001783 0.000165 0.000021 0.000069 0.001476 127.766884 5.155805 5.158432 165.090515 0.002035 0.000397 0.002095 327.725983 3.400770 3.356896 5.892688 18.575727 20.512928 45.652279 74.814941 381.667908 122.563255 96.196709 69.275719 75.787064 130.769516 0.003393 0.001786 0.000506 0.001536 0.004103 13.086302 0.001824 0.000050 0.000002 0.000001 0.000030 0.001376 158.961624 5.955884 
0.000054 0.000011 0.000013 0.000190 0.003874 0.010893 0.005740 0.004133 0.001396 0.000140 0.000040 0.000144 0.001487 0.175519 0.913723 3.634408 11.112326 18.289597 22.860079 43.066700 81.060959 69.844398 45.622002 23.794468 10.263641 4.425056 0.398026 0.019209 0.019623 36.723370 5.847084 36.535282 0.001333 0.000033 0.000002 0.000002 0.000028 0.000339 0.002513 0.004973 
0.000002 0.000002 0.000030 0.001405 337.882233 0.008205 0.000753 0.000209 0.000042 0.000007 0.000002 0.000007 0.000105 0.009100 0.155117 1.428542 4.625367 4.466174 25.973345 31.737953 52.542503 54.014736 59.101662 22.355373 9.952054 4.469957 0.416597 0.021186 0.020489 13.055206 0.005418 0.002380 0.000321 0.000031 0.000004 0.000014 0.000159 0.002013 0.000799 0.000633 
0.000002 0.000001 0.000010 0.000220 0.003936 49.969059 0.001383 0.000059 0.000005 0.000000 0.000000 0.000000 0.000004 0.000273 0.009914 0.196148 1.193217 1.689407 8.607368 41.754631 27.550026 31.060770 55.531841 48.517067 14.105569 16.875677 23.047056 0.032145 0.030272 42.834896 0.002406 0.000720 0.001937 0.000243 0.000081 0.000146 0.001672 308.456238 0.008277 0.005472 
0.000046 0.000009 0.000006 0.000091 0.002321 15.489692 0.002522 0.000168 0.000012 0.000001 0.000000 0.000000 0.000000 0.000006 0.000330 0.011647 0.173702 1.079690 0.951974 41.131691 15.909356 15.322487 91.062057 0.075740 0.083414 22.459352 0.013147 0.016803 336.219055 0.003075 0.000512 0.002201 158.590607 0.004131 0.002382 0.001673 0.008242 0.415606 15.542694 0.296323 
0.001624 0.000162 0.000026 0.000064 0.001393 55.276302 0.003911 0.001595 0.000104 0.000006 0.000000 0.000000 0.000000 0.000000 0.000007 0.000325 0.007872 0.069296 0.072238 124.872604 4.205725 4.209510 14.934734 0.043922 0.036336 0.002653 0.002537 0.019773 0.003964 0.000324 0.000258 0.004270 6.271900 0.162036 0.166526 309.056458 0.475353 0.465541 15.461591 0.323912 
15.222404 0.002069 0.000239 0.000490 0.004806 0.507037 0.499044 22.338724 0.001328 0.000031 0.000001 0.000000 0.000000 0.000000 0.000001 0.000013 0.000221 0.001937 0.003890 0.005148 1.405663 1.455395 67.549522 0.018556 0.003608 0.000721 0.002295 3.279583 0.001520 0.000096 0.000162 0.003944 6.273643 0.008209 0.002677 0.001465 0.004245 0.005131 0.007607 15.434460 
0.403527 0.005257 0.002107 0.006215 0.015676 0.505703 0.507428 15.006696 0.001523 0.000060 0.000007 0.000003 0.000001 0.000001 0.000008 0.000133 0.001705 0.000198 0.000259 0.003473 0.131330 0.120048 0.067724 50.237770 0.008052 0.006167 0.007453 180.565948 0.001533 0.000067 0.000054 0.001416 158.540848 0.001516 0.000129 0.000065 0.000150 0.000353 0.003259 0.138719 
0.410552 16.269032 19.967556 0.810564 0.813537 36.487179 10.912674 20.144554 0.001920 0.000185 0.000142 0.000116 0.000036 0.000012 0.000054 0.001643 15.354212 0.001769 0.000132 0.002228 0.130681 0.038751 0.039041 14.045024 0.647077 0.655797 162.963150 1.850347 0.001372 0.000058 0.000024 0.000138 0.001657 0.000138 0.000033 0.000049 0.000047 0.000300 0.005093 0.136168 
0.078846 0.964255 0.009487 0.006387 0.005651 0.005061 6.944280 7.653754 0.004485 0.001722 0.003927 0.003815 0.001385 0.000126 0.000092 0.001728 15.360075 0.002004 0.000205 0.001652 47.971279 1.518545 1.518435 47.748627 0.006341 0.004581 0.001836 0.002116 0.000394 0.000115 0.000157 0.000195 0.000169 0.000062 0.000156 0.001443 0.000319 0.001934 159.080826 5.932751 
0.086857 0.973502 0.005902 0.000515 0.000296 0.001773 57.905102 0.026886 0.030939 160.161377 6.746521 6.746362 157.358475 0.001535 0.000100 0.000170 0.001591 0.000190 0.000144 0.002391 14.890959 0.010245 0.005365 0.001438 0.000265 0.000141 0.000143 0.000520 0.002302 0.001827 0.005010 0.005101 0.001692 0.000360 0.002052 338.632141 0.001983 0.000308 0.001390 0.003778 
1.350710 202.678055 0.001425 0.000055 0.000024 0.000138 0.001451 0.001076 0.001106 0.001395 0.003894 0.004426 0.004187 0.003941 0.000208 0.000033 0.000050 0.000039 0.000157 0.001590 50.172665 0.002051 0.000555 0.000097 0.000019 0.000019 0.000199 0.003149 11.136869 29.025692 1.528291 1.539062 275.975830 0.001979 0.000323 0.001417 0.000138 0.000026 0.000038 0.000113 
1.193483 0.004221 0.000215 0.000015 0.000013 0.000069 0.000078 0.000054 0.000044 0.000042 0.000135 0.000259 0.001791 338.325745 0.001418 0.000037 0.000018 0.000125 0.001660 0.000557 0.002034 0.000662 0.002215 0.000219 0.000028 0.000040 0.001423 338.100098 0.005200 0.002284 0.005257 0.004889 0.001417 0.000145 0.000036 0.000036 0.000008 0.000001 0.000001 0.000002 
14.750876 0.001697 0.000072 0.000016 0.000124 0.001522 0.000272 0.000061 0.000015 0.000006 0.000005 0.000015 0.000120 0.001400 0.000101 0.000011 0.000041 0.001403 205.015472 0.002142 0.000469 0.002194 338.450409 0.002699 0.000180 0.000041 0.000152 0.001809 0.000431 0.000315 0.000222 0.000144 0.000043 0.000025 0.000039 0.000015 0.000003 0.000000 0.000000 0.000000 
0.001620 0.000140 0.000015 0.000046 0.001501 4.123507 0.004692 0.001419 0.000178 0.000053 0.000008 0.000002 0.000007 0.000028 0.000006 0.000004 0.000120 0.004000 2.896334 0.005159 0.000426 0.000327 0.002951 338.327454 0.001766 0.000177 0.000106 0.000235 0.000453 0.002197 0.000205 0.000023 0.000017 0.000116 0.001422 0.000193 0.000053 0.000008 0.000001 0.000002 
0.000046 0.000008 0.000003 0.000039 0.001390 32.553303 15.670314 32.110390 0.003738 0.001494 0.000121 0.000012 0.000001 0.000001 0.000000 0.000003 0.000119 0.003991 2.887707 0.009955 0.001834 0.000261 0.000407 0.004539 0.004402 0.001882 0.001490 0.001758 0.005190 26.931410 0.001771 0.000092 0.000088 0.001555 337.962067 0.003891 0.001494 0.000147 0.000031 0.000051 
0.000001 0.000000 0.000001 0.000040 0.001485 4.117237 0.004729 0.001497 0.003856 338.363800 0.001657 0.000131 0.000011 0.000001 0.000000 0.000002 0.000043 0.001356 47.499306 14.466033 50.307011 0.001685 0.000236 0.001963 6.295714 29.579220 26.300804 34.486900 5.847765 8.207317 0.002004 0.000258 0.000392 0.003970 0.005275 0.008381 337.935608 0.002076 0.000380 0.001637 
0.000000 0.000000 0.000000 0.000006 0.000113 0.001423 0.000244 0.000081 0.000215 0.001689 0.000483 0.001612 0.000112 0.000007 0.000001 0.000009 0.000071 0.000142 0.001400 0.002195 0.001344 0.000123 0.000154 0.004136 0.307365 0.007163 0.001671 0.001386 0.001940 0.001860 0.000576 0.001824 0.004348 338.144653 0.002468 0.000607 0.001417 0.000348 0.002270 15.391307 
0.000000 0.000000 0.000000 0.000000 0.000006 0.000032 0.000011 0.000004 0.000018 0.000154 0.001640 158.013489 0.001391 0.000040 0.000014 0.000141 0.001645 0.000194 0.000070 0.000066 0.000032 0.000012 0.000107 0.003991 0.312061 0.004656 0.000236 0.000054 0.000082 0.000189 0.001684 157.963608 0.004249 0.001843 0.000194 0.000041 0.000036 0.000030 0.000179 0.001667 
0.000000 0.000000 0.000000 0.000000 0.000000 0.000001 0.000000 0.000000 0.000004 0.000139 0.003921 6.711535 0.003896 0.000141 0.000066 0.001664 15.362432 0.001662 0.000062 0.000006 0.000002 0.000003 0.000056 0.001657 17.283073 0.001692 0.000072 0.000007 0.000009 0.000147 0.003943 6.697841 0.004547 0.000297 0.000021 0.000002 0.000001 0.000002 0.000012 0.000064 
