399.997742 399.997772 399.997803 399.997833 399.997833 399.997803 399.997772 399.997742 399.997681 399.997650 399.997620 399.997620 399.997650 399.997681 399.997711 399.997803 399.997864 399.997894 399.997925 399.997955 399.997986 399.997864 399.997803 399.997742 399.997711 399.997711 399.997742 399.997772 399.997803 399.997803 399.997803 399.997833 399.997864 399.997925 399.997833 399.997803 399.997772 399.997772 399.997803 399.997833 
399.997742 399.997772 399.997833 399.997925 399.997864 399.997833 399.997803 399.997742 399.997711 399.997650 399.997650 399.997650 399.997650 399.997681 399.997742 399.997803 399.997925 399.997925 399.997955 399.997986 399.997955 399.997864 399.997772 399.997742 399.997711 399.997711 399.997742 399.997772 399.997833 399.997833 399.997833 399.997833 399.997864 399.997864 399.997833 399.997803 399.997772 399.997772 399.997803 399.997894 
399.997772 399.997803 399.997833 399.997864 399.997894 399.997894 399.997925 399.997803 399.997742 399.997681 399.997650 399.997650 399.997681 399.997711 399.997742 399.997803 399.997864 399.997894 399.997986 399.997955 399.997955 399.997864 399.997772 399.997742 399.997711 399.997742 399.997772 399.997833 399.997925 399.997894 399.997894 399.997864 399.997864 399.997864 399.997833 399.997803 399.997772 399.997772 399.997803 399.997833 
399.997803 399.997803 399.997833 399.997894 399.997955 399.997955 399.997894 399.997833 399.997742 399.997711 399.997681 399.997711 399.997711 399.997742 399.997772 399.997803 399.997833 399.997894 399.997955 399.997925 399.997894 399.997833 399.997772 399.997742 399.997742 399.997742 399.997772 399.997864 399.997955 399.997925 399.997955 399.997894 399.997925 399.997894 399.997894 399.997833 399.997803 399.997772 399.997772 399.997803 
399.997833 399.997833 399.997864 399.997894 399.997955 399.997925 399.997894 399.997864 399.997772 399.997742 399.997742 399.997742 399.997803 399.997803 399.997803 399.997833 399.997833 399.997864 399.997925 399.997894 399.997833 399.997803 399.997772 399.997772 399.997772 399.997772 399.997803 399.997864 399.997955 399.997925 399.997925 399.997894 399.997864 399.997833 399.997833 399.997833 399.997803 399.997803 399.997803 399.997803 
399.997864 399.997894 399.997894 399.997925 399.997986 399.997925 399.997894 399.997925 399.997833 399.997772 399.997772 399.997803 399.997894 399.997925 399.997864 399.997864 399.997864 399.997894 399.997925 399.997864 399.997833 399.997803 399.997803 399.997803 399.997803 399.997803 399.997803 399.997833 399.997894 399.997894 399.997925 399.997864 399.997833 399.997803 399.997833 399.997864 399.997803 399.997803 399.997864 399.997803 
399.997925 399.997955 399.997925 399.997925 399.997986 399.997955 399.997894 399.997864 399.997833 399.997803 399.997772 399.997803 399.997833 399.997894 399.997925 399.997864 399.997864 399.997864 399.997894 399.997864 399.997833 399.997833 399.997833 399.997833 399.997833 399.997833 399.997833 399.997864 399.997864 399.997864 399.997864 399.997833 399.997803 399.997772 399.997772 399.997772 399.997772 399.997772 399.997803 399.997803 
399.997955 399.997955 399.997925 399.997925 399.997955 399.997986 399.997925 399.997864 399.997833 399.997803 399.997803 399.997803 399.997833 399.997864 399.997864 399.997864 399.997864 399.997894 399.997864 399.997864 399.997833 399.997833 399.997864 399.997925 399.997894 399.997894 399.997894 399.997894 399.997864 399.997864 399.997864 399.997803 399.997772 399.997742 399.997742 399.997742 399.997742 399.997742 399.997772 399.997803 
399.998016 399.997955 399.997925 399.997925 399.997925 399.997925 399.997894 399.997894 399.997864 399.997833 399.997803 399.997803 399.997803 399.997833 399.997864 399.997894 399.997894 399.997955 399.997894 399.997894 399.997894 399.997864 399.997894 399.997925 399.997986 399.997986 399.997925 399.997955 399.997894 399.997864 399.997894 399.997803 399.997772 399.997742 399.997742 399.997742 399.997711 399.997711 399.997772 399.997864 
399.998016 399.997925 399.997925 399.997925 399.997925 399.997955 399.997925 399.997925 399.997955 399.997894 399.997833 399.997833 399.997833 399.997864 399.997925 399.997894 399.997925 399.997955 399.997925 399.997894 399.997955 399.997894 399.997894 399.997925 399.997955 399.997955 399.997925 399.997925 399.997894 399.997864 399.997833 399.997803 399.997742 399.997742 399.997742 399.997742 399.997711 399.997711 399.997711 399.997742 
399.997925 399.997894 399.997894 399.997925 399.997986 399.997986 399.997955 399.997925 399.997925 399.997925 399.997864 399.997833 399.997833 399.997833 399.997864 399.997894 399.997925 399.997925 399.997894 399.997894 399.997894 399.997894 399.997894 399.997925 399.997986 399.997955 399.997925 399.997925 399.997894 399.997864 399.997833 399.997772 399.997742 399.997742 399.997772 399.997833 399.997742 399.997681 399.997681 399.997681 
399.997864 399.997864 399.997864 399.997894 399.997925 399.997955 399.997955 399.997955 399.997955 399.997986 399.997925 399.997864 399.997833 399.997803 399.997833 399.997864 399.997955 399.997925 399.997894 399.997894 399.997894 399.997894 399.997894 399.997894 399.997925 399.997955 399.997986 399.997925 399.997925 399.997925 399.997833 399.997772 399.997742 399.997742 399.997772 399.997772 399.997711 399.997650 399.997650 399.997620 
399.997864 399.997864 399.997864 399.997894 399.997894 399.997955 399.997986 399.997955 399.997955 399.998016 399.997986 399.997894 399.997833 399.997803 399.997803 399.997833 399.997894 399.997955 399.997894 399.997894 399.997955 399.997894 399.997894 399.997894 399.997925 399.997955 399.997955 399.997955 399.997925 399.997894 399.997833 399.997772 399.997742 399.997742 399.997772 399.997833 399.997711 399.997650 399.997620 399.997589 
399.997864 399.997864 399.997894 399.997894 399.997894 399.997925 399.997986 399.997955 399.997955 399.997955 399.997955 399.997864 399.997803 399.997803 399.997803 399.997833 399.997864 399.997894 399.997864 399.997894 399.997955 399.997894 399.997864 399.997864 399.997894 399.997894 399.997894 399.997894 399.997894 399.997925 399.997833 399.997803 399.997772 399.997772 399.997772 399.997742 399.997681 399.997620 399.997589 399.997589 
399.997864 399.997894 399.997955 399.997894 399.997894 399.997925 399.997925 399.997925 399.997955 399.997925 399.997894 399.997833 399.997803 399.997772 399.997772 399.997803 399.997894 399.997864 399.997833 399.997864 399.997864 399.997864 399.997894 399.997864 399.997864 399.997864 399.997864 399.997864 399.997864 399.997864 399.997833 399.997803 399.997772 399.997772 399.997833 399.997711 399.997650 399.997620 399.997620 399.997589 
399.997864 399.997894 399.997925 399.997894 399.997894 399.997894 399.997925 399.997955 399.997986 399.997894 399.997864 399.997803 399.997772 399.997742 399.997742 399.997772 399.997803 399.997803 399.997803 399.997833 399.997833 399.997864 399.997925 399.997894 399.997864 399.997864 399.997833 399.997864 399.997864 399.997833 399.997833 399.997864 399.997772 399.997742 399.997742 399.997681 399.997650 399.997620 399.997620 399.997650 
399.997894 399.997894 399.997955 399.997894 399.997894 399.997925 399.997925 399.997955 399.997986 399.997894 399.997833 399.997803 399.997742 399.997742 399.997742 399.997742 399.997772 399.997772 399.997803 399.997803 399.997833 399.997864 399.997894 399.997894 399.997894 399.997864 399.997833 399.997864 399.997894 399.997833 399.997803 399.997803 399.997742 399.997711 399.997681 399.997650 399.997650 399.997650 399.997681 399.997711 
399.997925 399.997894 399.997894 399.997894 399.997894 399.997955 399.997925 399.997955 399.997925 399.997864 399.997833 399.997803 399.997742 399.997742 399.997742 399.997742 399.997772 399.997772 399.997803 399.997803 399.997833 399.997894 399.997894 399.997925 399.997955 399.997894 399.997864 399.997833 399.997833 399.997833 399.997803 399.997772 399.997742 399.997711 399.997681 399.997650 399.997650 399.997681 399.997711 399.997833 
399.997986 399.997925 399.997894 399.997864 399.997864 399.997894 399.997894 399.997894 399.997894 399.997864 399.997894 399.997803 399.997772 399.997742 399.997742 399.997772 399.997803 399.997833 399.997803 399.997833 399.997864 399.997925 399.997925 399.997955 399.997925 399.997894 399.997864 399.997833 399.997833 399.997833 399.997803 399.997803 399.997742 399.997711 399.997681 399.997650 399.997681 399.997681 399.997742 399.997772 
399.997986 399.997894 399.997864 399.997864 399.997864 399.997894 399.997864 399.997864 399.997864 399.997833 399.997803 399.997772 399.997772 399.997742 399.997742 399.997772 399.997894 399.997894 399.997833 399.997833 399.997864 399.997894 399.997894 399.997925 399.997925 399.997894 399.997864 399.997864 399.997833 399.997833 399.997833 399.997894 399.997803 399.997742 399.997681 399.997681 399.997681 399.997711 399.997772 399.997772 
399.997864 399.997864 399.997833 399.997833 399.997864 399.997925 399.997864 399.997864 399.997894 399.997803 399.997772 399.997772 399.997833 399.997742 399.997711 399.997742 399.997803 399.997833 399.997833 399.997864 399.997864 399.997894 399.997894 399.997925 399.997925 399.997955 399.997894 399.997864 399.997864 399.997894 399.997864 399.997864 399.997803 399.997742 399.997711 399.997711 399.997711 399.997772 399.997864 399.997803 
399.997833 399.997803 399.997833 399.997833 399.997864 399.997864 399.997833 399.997803 399.997803 399.997742 399.997711 399.997711 399.997711 399.997681 399.997681 399.997711 399.997772 399.997833 399.997864 399.997864 399.997894 399.997925 399.997925 399.997925 399.997925 399.997955 399.997925 399.997894 399.997925 399.997955 399.997894 399.997925 399.997833 399.997772 399.997742 399.997742 399.997742 399.997803 399.997833 399.997803 
399.997803 399.997803 399.997803 399.997833 399.997925 399.997894 399.997833 399.997803 399.997742 399.997711 399.997681 399.997650 399.997650 399.997650 399.997650 399.997711 399.997742 399.997833 399.997955 399.997925 399.997955 399.997986 399.997955 399.997955 399.997955 399.997955 399.997955 399.997925 399.997925 399.997925 399.997894 399.997894 399.997833 399.997803 399.997772 399.997772 399.997803 399.997833 399.997833 399.997833 
399.997803 399.997803 399.997803 399.997833 399.997894 399.997925 399.997833 399.997772 399.997742 399.997681 399.997650 399.997620 399.997620 399.997620 399.997650 399.997681 399.997742 399.997833 399.997955 399.997925 399.997986 399.997986 399.997986 399.998016 399.997986 399.998047 399.998016 399.997986 399.997955 399.997986 399.997925 399.997894 399.997864 399.997833 399.997803 399.997803 399.997833 399.997925 399.997894 399.997894 
399.997803 399.997803 399.997803 399.997833 399.997864 399.997894 399.997833 399.997772 399.997742 399.997681 399.997650 399.997620 399.997589 399.997589 399.997620 399.997681 399.997711 399.997803 399.997864 399.997925 399.997955 399.997955 399.998016 399.997986 399.997986 399.998047 399.998016 399.997986 399.997986 399.997955 399.997894 399.997894 399.997925 399.997864 399.997833 399.997864 399.997864 399.997925 399.997955 399.997925 
399.997864 399.997833 399.997833 399.997833 399.997864 399.997925 399.997864 399.997803 399.997742 399.997681 399.997650 399.997620 399.997589 399.997589 399.997620 399.997650 399.997711 399.997772 399.997864 399.997955 399.997925 399.997955 399.997986 399.997986 399.997986 399.997986 399.997986 399.997986 399.997955 399.997925 399.997894 399.997864 399.997864 399.997833 399.997864 399.997925 399.997864 399.997894 399.997986 399.997955 
399.997955 399.997894 399.997864 399.997864 399.997864 399.997894 399.997864 399.997894 399.997772 399.997711 399.997650 399.997620 399.997620 399.997620 399.997650 399.997681 399.997742 399.997772 399.997833 399.997864 399.997894 399.997925 399.997986 399.997986 399.997955 399.997986 399.997986 399.998016 399.997955 399.997894 399.997864 399.997864 399.997864 399.997833 399.997833 399.997833 399.997833 399.997864 399.997925 399.997986 
399.997925 399.997894 399.997894 399.997864 399.997864 399.997894 399.997894 399.997864 399.997803 399.997742 399.997681 399.997650 399.997620 399.997650 399.997650 399.997711 399.997772 399.997803 399.997803 399.997833 399.997894 399.997925 399.997955 399.998016 399.997955 399.997955 399.997986 399.998016 399.997955 399.997894 399.997864 399.997864 399.997925 399.997833 399.997803 399.997803 399.997833 399.997833 399.997864 399.997894 
399.997925 399.997955 399.997955 399.997894 399.997894 399.997925 399.997925 399.997925 399.997833 399.997772 399.997711 399.997681 399.997681 399.997681 399.997711 399.997772 399.997864 399.997833 399.997833 399.997833 399.997894 399.997894 399.997925 399.997955 399.997955 399.997955 399.998016 399.998016 399.997925 399.997894 399.997864 399.997833 399.997833 399.997833 399.997803 399.997803 399.997803 399.997803 399.997833 399.997833 
399.997894 399.997894 399.997894 399.997864 399.997864 399.997894 399.997894 399.997925 399.997833 399.997803 399.997742 399.997711 399.997742 399.997711 399.997711 399.997772 399.997864 399.997833 399.997833 399.997864 399.997925 399.997894 399.997925 399.997986 399.997925 399.997925 399.997955 399.997955 399.997925 399.997894 399.997864 399.997833 399.997833 399.997803 399.997803 399.997803 399.997803 399.997803 399.997894 399.997833 
399.997864 399.997864 399.997833 399.997833 399.997833 399.997864 399.997925 399.997864 399.997833 399.997864 399.997772 399.997772 399.997833 399.997742 399.997742 399.997742 399.997772 399.997803 399.997803 399.997833 399.997894 399.997894 399.997894 399.997894 399.997894 399.997894 399.997925 399.997925 399.997925 399.997894 399.997864 399.997833 399.997833 399.997803 399.997803 399.997864 399.997803 399.997772 399.997772 399.997772 
399.997864 399.997894 399.997833 399.997803 399.997803 399.997803 399.997833 399.997803 399.997772 399.997772 399.997742 399.997742 399.997772 399.997742 399.997742 399.997711 399.997742 399.997772 399.997803 399.997833 399.997925 399.997894 399.997894 399.997894 399.997894 399.997894 399.997894 399.997925 399.997986 399.997955 399.997894 399.997864 399.997894 399.997803 399.997772 399.997772 399.997742 399.997711 399.997711 399.997711 
399.997833 399.997833 399.997772 399.997772 399.997772 399.997772 399.997772 399.997772 399.997742 399.997742 399.997711 399.997711 399.997742 399.997803 399.997742 399.997711 399.997711 399.997772 399.997803 399.997833 399.997864 399.997864 399.997894 399.997894 399.997894 399.997894 399.997894 399.997955 399.997925 399.997894 399.997864 399.997833 399.997833 399.997803 399.997772 399.997742 399.997711 399.997681 399.997681 399.997681 
399.997864 399.997772 399.997742 399.997742 399.997772 399.997803 399.997772 399.997772 399.997742 399.997711 399.997681 399.997681 399.997681 399.997711 399.997681 399.997681 399.997711 399.997772 399.997864 399.997833 399.997833 399.997864 399.997955 399.997925 399.997894 399.997894 399.997894 399.997894 399.997894 399.997864 399.997833 399.997833 399.997803 399.997772 399.997772 399.997742 399.997711 399.997681 399.997681 399.997650 
399.997711 399.997711 399.997681 399.997711 399.997772 399.997894 399.997803 399.997803 399.997742 399.997711 399.997681 399.997650 399.997650 399.997650 399.997650 399.997650 399.997681 399.997742 399.997803 399.997803 399.997833 399.997864 399.997894 399.997955 399.997894 399.997894 399.997894 399.997894 399.997894 399.997894 399.997864 399.997833 399.997803 399.997803 399.997803 399.997742 399.997711 399.997681 399.997681 399.997681 
399.997620 399.997620 399.997620 399.997681 399.997742 399.997894 399.997833 399.997864 399.997772 399.997742 399.997681 399.997650 399.997650 399.997620 399.997620 399.997650 399.997681 399.997742 399.997803 399.997833 399.997833 399.997864 399.997864 399.997894 399.997925 399.997925 399.997894 399.997925 399.997925 399.997955 399.997864 399.997833 399.997803 399.997833 399.997864 399.997803 399.997772 399.997742 399.997711 399.997711 
399.997528 399.997559 399.997559 399.997620 399.997711 399.997833 399.997772 399.997772 399.997742 399.997803 399.997711 399.997681 399.997650 399.997620 399.997620 399.997650 399.997681 399.997742 399.997864 399.997833 399.997894 399.997833 399.997864 399.997894 399.997955 399.997955 399.997925 399.997955 399.997925 399.997955 399.997894 399.997833 399.997833 399.997833 399.997833 399.997803 399.997864 399.997772 399.997742 399.997772 
399.997467 399.997498 399.997498 399.997559 399.997620 399.997681 399.997681 399.997681 399.997681 399.997711 399.997711 399.997681 399.997650 399.997620 399.997650 399.997650 399.997711 399.997742 399.997772 399.997772 399.997803 399.997803 399.997833 399.997864 399.997894 399.997894 399.997894 399.997894 399.997894 399.997894 399.997864 399.997864 399.997864 399.997894 399.997803 399.997772 399.997772 399.997742 399.997772 399.997864 
399.997437 399.997437 399.997467 399.997498 399.997559 399.997589 399.997620 399.997620 399.997650 399.997681 399.997711 399.997772 399.997681 399.997650 399.997650 399.997681 399.997742 399.997742 399.997742 399.997742 399.997772 399.997772 399.997803 399.997833 399.997894 399.997864 399.997864 399.997864 399.997833 399.997864 399.997864 399.997925 399.997833 399.997833 399.997772 399.997742 399.997742 399.997742 399.997742 399.997772 
399.997406 399.997406 399.997437 399.997467 399.997528 399.997559 399.997589 399.997589 399.997620 399.997650 399.997681 399.997711 399.997681 399.997650 399.997681 399.997711 399.997833 399.997772 399.997742 399.997742 399.997742 399.997772 399.997803 399.997864 399.997955 399.997894 399.997864 399.997833 399.997833 399.997833 399.997833 399.997864 399.997833 399.997803 399.997772 399.997742 399.997711 399.997711 399.997711 399.997742 
