0.000055 0.000351 0.004319 11.167436 0.005419 0.000980 0.000294 0.000073 0.000013 0.000002 0.000000 0.000000 0.000003 0.000036 0.000341 0.004363 10.239277 0.045070 0.034844 0.049518 24.504408 0.001779 0.000162 0.000022 0.000003 0.000003 0.000012 0.000055 0.000134 0.000127 0.000155 0.000426 0.002127 19.051079 0.002034 0.000354 0.000188 0.000604 0.005475 0.333014 
0.000028 0.000121 0.001474 158.566788 0.003332 0.001520 0.001717 0.000206 0.000036 0.000005 0.000001 0.000001 0.000004 0.000024 0.000192 0.001638 159.411972 0.107292 0.102773 102.941277 3.882131 0.003241 0.000261 0.000029 0.000006 0.000007 0.000036 0.000209 0.001525 0.000499 0.000402 0.001352 0.008930 0.948028 0.008182 0.001012 0.000243 0.000280 0.001855 15.556470 
0.000026 0.000088 0.000436 0.004573 0.006500 0.008989 348.580505 0.001496 0.000105 0.000016 0.000004 0.000006 0.000017 0.000187 0.006601 0.144247 3.123052 2.449460 6.048699 5.359262 104.343605 0.005531 0.003002 0.000316 0.000194 0.000151 0.000121 0.001536 3.582545 0.005022 0.001789 0.003016 0.011085 0.945707 0.010039 0.001402 0.000384 0.000297 0.000641 0.003270 
0.000074 0.000136 0.000464 0.002116 10.702938 19.827932 0.030096 0.002642 0.000359 0.000052 0.000020 0.000043 0.000147 0.002823 0.092128 0.696938 2.918744 3.119783 44.783562 13.826750 12.747449 0.743423 0.129684 0.013180 0.010598 0.008447 0.002037 0.003685 44.730125 12.151077 34.691002 17.723705 200.867004 15.633175 39.426285 0.002324 0.000895 0.000690 0.000638 0.001411 
0.000413 0.000414 0.001551 0.004647 5.964468 2.352505 0.028349 0.004458 0.000547 0.000098 0.000077 0.000284 0.001799 0.009319 0.806149 3.576591 6.800326 7.021087 61.542191 14.338932 12.797447 2.354979 0.939326 0.237811 0.279529 0.240845 0.060292 0.043052 3.641783 0.853940 14.631551 0.004376 0.002240 0.002651 0.004373 0.004671 0.005383 0.004812 0.002072 0.005693 
0.004085 0.001824 0.008587 0.011896 85.744324 3.999720 4.009493 223.330231 0.001521 0.000149 0.000858 0.003449 15.522018 17.262638 1.108411 5.980361 14.492982 15.113106 114.346169 20.815205 19.634521 8.079123 5.431013 2.393272 2.180857 1.826070 0.666271 0.084957 0.035238 0.037645 58.235241 0.002222 0.000683 0.000576 0.002061 149.531677 16.641472 16.649986 281.797028 13.977160 
1.380579 275.683716 0.735084 0.725163 6.778759 3.761079 0.010866 0.003628 0.000480 0.000779 0.030564 0.532766 7.437824 7.894566 164.178345 24.033798 25.505306 27.085230 155.755905 27.237642 25.626146 13.227576 7.484978 2.498940 9.612371 9.898406 2.258201 0.374933 0.043572 0.041953 5.782432 0.005611 0.000721 0.000249 0.000305 0.001560 0.004724 0.006280 0.009863 0.299083 
1.178620 0.007951 0.010668 0.013255 0.016563 270.688324 0.003653 0.002065 0.000487 0.002327 0.052815 0.768477 7.366677 9.398937 24.622473 38.750618 48.742107 45.072189 214.867508 47.296200 43.840942 27.763086 27.413397 347.774292 10.814689 10.553958 2.344220 0.410805 0.137795 0.136011 5.788399 0.005232 0.000526 0.000118 0.000096 0.000201 0.000659 0.001741 0.007927 0.299299 
12.289053 0.005117 0.002960 0.004585 0.013210 1.573335 0.019065 0.009857 0.001944 0.030301 0.117528 0.939650 7.428885 9.344504 24.352276 43.225933 58.449097 67.668945 174.618118 55.578835 45.872356 45.005791 46.014954 148.914246 57.761417 100.088585 24.532152 27.811342 4.526011 4.670115 176.262054 0.001528 0.000165 0.000057 0.000064 0.000133 0.000209 0.000415 0.002014 15.666492 
9.367997 0.003158 0.001252 0.002735 0.016465 1.562605 0.177488 0.181127 348.015198 0.915865 0.806811 1.975406 8.757840 9.134351 155.903275 113.055832 105.753906 112.992470 185.339630 136.650192 260.202454 70.059746 70.159393 152.484741 59.741268 47.777840 37.609745 18.388073 8.801268 2.358638 0.336195 0.011755 0.000380 0.000073 0.000170 0.001464 0.000225 0.000172 0.000318 0.001717 
0.001902 0.000530 0.000446 0.002082 15.784535 15.683671 0.076006 0.074609 0.214939 0.916986 2.332926 4.813550 13.223823 15.114783 49.975323 61.731220 98.038589 158.513519 207.252869 186.093292 229.543579 97.651726 97.420174 113.933434 157.912048 43.396542 38.640148 19.838425 10.483263 2.374077 0.315215 0.034211 0.002028 0.000201 0.001535 69.840096 0.001474 0.000142 0.000091 0.000116 
0.000151 0.000127 0.000171 0.000468 0.002490 0.005695 0.078258 0.193820 0.207802 60.198402 14.634593 15.029804 23.947481 26.915087 54.455467 56.825031 320.917297 184.221542 225.649307 223.286270 236.916153 132.089539 131.269180 141.002731 145.347916 70.982079 217.845520 21.853619 23.305109 147.221649 0.318956 0.296010 0.031404 0.001855 0.004604 16.721092 0.003035 0.000196 0.000040 0.000021 
0.000050 0.000072 0.000134 0.000250 0.000609 0.002553 16.494921 2.980518 2.947414 12.302358 21.447014 24.756588 35.930073 41.779984 67.337349 74.706345 87.001732 319.408203 262.229279 259.717133 251.368820 162.040710 161.323547 175.747330 173.815689 251.425232 139.240585 298.293823 14.677342 12.932104 3.889716 2.568718 0.254524 0.018128 0.020789 70.002068 0.001416 0.000087 0.000016 0.000005 
0.000074 0.000191 0.001470 0.000358 0.000442 0.002185 15.355468 7.191474 7.491082 7.689429 79.824989 54.437737 57.408310 62.491093 79.124367 116.537361 96.099831 216.689590 265.154938 281.481354 292.600281 208.592270 208.974182 210.415222 213.430801 196.006485 144.791489 111.980507 77.355850 146.236923 1.046108 1.014310 0.232716 0.076834 0.023151 0.004295 0.000286 0.000045 0.000009 0.000004 
0.000218 0.001568 89.866936 0.001914 0.000541 0.002641 0.047082 0.815774 6.579348 7.645721 23.852640 43.698555 65.282082 81.490753 102.755569 107.201080 355.136932 341.429718 335.542267 310.445221 293.057098 228.502136 223.283081 258.503967 221.566315 191.429916 149.158051 114.268181 82.060562 55.028839 1.396370 1.052525 1.102714 1.168174 350.353943 0.001982 0.000451 0.000035 0.000012 0.000013 
0.000628 0.004021 15.079017 0.004271 0.000822 0.002769 0.037573 0.060528 20.304226 13.727672 25.494436 46.392441 71.067375 93.261986 123.015167 131.434387 187.042938 225.243057 265.665283 294.819580 322.216949 282.505310 320.076996 253.524460 235.222305 189.082855 153.406250 117.262329 86.692238 126.030937 109.259659 349.349976 4.829093 4.755554 4.519172 0.525858 0.022149 0.000342 0.000048 0.000099 
0.000855 0.002357 89.984909 0.002709 0.001105 0.004242 0.041285 0.065577 18.778643 38.350643 50.212582 69.114410 92.183472 113.930740 145.513611 160.043396 194.714493 227.829483 267.155853 292.848938 342.042175 316.978180 322.541656 270.566528 255.009750 298.900574 259.545380 262.281616 358.963379 75.853958 71.787857 39.704529 15.151052 13.368544 4.162519 0.707910 0.031533 0.000561 0.000251 0.001697 
0.002938 0.001420 0.002942 0.001700 0.003372 48.297314 14.868863 64.580399 44.918503 64.165604 48.861797 72.720428 100.512451 126.558350 159.364456 182.206116 210.221985 242.889435 276.147980 302.995422 349.091675 344.544006 349.915039 316.992401 322.811005 211.656967 198.033463 156.636826 122.022270 89.570625 67.826843 40.948116 25.320019 12.344266 4.500845 0.777241 0.036952 0.000889 0.002338 15.664050 
10.127996 0.003371 0.001433 0.017630 0.154776 3.314842 12.135189 29.989506 58.617256 61.249249 353.977509 158.446136 154.387848 169.473267 194.954285 216.910172 246.392914 262.068848 290.827362 313.580872 346.510681 369.400604 332.570404 302.697266 251.523987 228.106720 192.608139 154.461212 122.272446 92.439590 65.972771 41.021549 25.267429 14.102797 3.520932 0.729852 0.034534 0.001451 0.006436 0.239766 
10.090177 0.002752 0.001007 0.017182 0.152502 3.300780 12.445150 30.164743 58.912167 69.879303 132.069031 154.209915 154.757401 176.399582 202.180603 226.740173 252.428223 300.276398 317.797363 335.787231 357.026855 354.385742 317.060089 288.359833 251.259186 222.732300 187.983780 151.276459 124.758591 98.750954 79.204590 66.646469 20.135838 16.001230 2.495655 0.487361 0.024358 0.002915 0.008219 0.237746 
0.001891 0.000375 0.000228 0.000971 0.002471 128.704010 102.624191 103.553680 238.514725 151.340240 149.812225 152.254623 357.535706 338.675720 343.362457 340.269714 335.657867 320.832672 338.215027 349.032379 398.280212 351.506287 336.251038 307.334259 280.878540 252.508820 160.529510 145.450089 107.701279 83.302567 63.713745 40.351448 23.520618 15.431870 2.876656 0.592407 0.042536 0.048234 160.142166 6.993447 
0.000134 0.000087 0.000110 0.000501 0.005167 36.640579 55.186523 65.887215 76.982376 91.555748 110.645981 133.044281 146.992523 169.042740 194.148041 221.012573 248.615555 279.109375 302.114380 324.290680 348.957825 347.690643 308.010773 276.391724 244.984131 208.243256 175.035065 147.355103 115.025871 95.974625 53.470264 61.042915 16.721909 13.729194 2.381462 0.404061 0.025264 0.003442 0.005434 0.009155 
0.000027 0.000031 0.000085 0.001473 349.542145 57.349857 58.802074 66.151245 76.914398 91.043739 106.469498 123.410500 144.046234 165.801529 189.547470 214.761139 239.921570 265.063110 292.340210 313.187225 340.789337 348.574280 312.796814 273.359009 245.525726 212.834595 173.672226 149.129303 106.031082 82.423019 56.257011 40.057186 19.617542 11.925267 2.624166 0.465997 0.062602 0.005337 0.003691 0.004439 
0.000024 0.000029 0.000093 0.001286 0.010224 57.032364 66.528564 70.064842 74.822784 81.024124 90.501465 102.761917 118.833504 136.935272 160.224930 186.830811 211.879959 246.036255 266.761719 298.922577 329.472900 334.988831 318.326019 276.809265 246.529099 219.475250 170.531723 133.189743 108.477188 105.614578 50.582638 40.931320 19.425953 9.944907 3.319503 0.754559 0.848253 318.567810 0.014112 0.011377 
0.000112 0.000082 0.000122 0.001267 0.008965 21.329906 30.995235 44.407471 54.857578 60.705254 68.775124 79.992516 95.792732 113.715775 139.295181 166.154266 193.213715 227.757706 243.333817 287.822388 308.699524 312.847443 298.687927 252.165421 236.882690 213.865494 186.160248 186.038727 356.579834 82.614731 78.693848 81.222954 165.416443 5.080495 4.374958 0.799434 0.225673 0.453615 15.949978 0.332794 
0.001711 0.000416 0.000287 0.000535 0.001893 55.760994 23.686560 39.482548 45.781212 44.220551 49.302269 58.963966 74.393867 91.908218 119.949463 145.666245 175.862488 205.483780 222.192551 278.667480 279.035950 288.925812 263.945740 240.629745 211.492065 175.804306 135.365234 106.274361 78.270790 125.645119 71.712082 46.035927 24.949965 47.394554 49.299625 321.992035 0.514041 0.503996 15.865049 0.361794 
15.562778 0.002935 0.001043 0.002336 0.007593 0.545504 0.562829 31.320333 26.331215 24.155149 30.204721 40.456554 56.127167 74.130630 104.626564 128.559464 160.576431 180.566574 215.362076 199.768326 248.239075 267.276123 267.968475 218.785995 201.939667 184.335281 139.358856 109.733978 74.638031 63.929131 48.023697 41.495262 22.289179 1.001546 0.862151 0.016213 0.006505 0.009124 0.013836 15.844737 
0.890853 0.006315 0.003041 0.010733 0.021740 0.544556 0.568042 18.007887 10.993291 11.445965 18.113342 28.305340 43.474014 62.441410 94.481682 113.700653 146.541809 154.504501 167.462372 181.637756 244.536880 238.062241 222.061584 208.847229 174.472595 171.830475 159.705338 219.030029 49.547325 45.681732 30.441193 28.591869 160.030106 0.373342 0.358268 0.013929 0.001433 0.003229 0.011896 0.250761 
0.940278 17.382685 22.239878 1.871447 1.874258 39.236675 13.258216 24.449192 7.590963 7.801682 13.676993 22.938080 36.958138 58.154377 87.592751 98.701103 128.760132 115.009186 140.789505 150.493591 223.770950 202.357529 203.615219 150.353363 143.842102 141.563416 222.321579 69.311409 57.039261 32.346844 17.369942 7.404735 0.868040 0.101384 0.020782 0.001284 0.000646 0.002170 0.013771 0.248626 
0.526001 1.324199 0.013749 0.011804 0.009913 0.007344 8.801366 8.273761 4.910808 7.986678 13.694818 22.299381 37.216911 62.619072 75.228485 77.112106 83.810722 84.070229 112.967583 130.084015 193.995209 170.412354 224.621521 147.331696 111.169067 103.434143 87.767372 70.732498 46.841194 28.602055 14.716370 6.622087 0.845659 0.058126 0.005404 0.002770 0.000757 0.002381 160.265839 6.916447 
0.534270 1.333667 0.009709 0.002926 0.002005 0.003530 59.163948 0.033051 0.037225 160.588181 18.952427 18.498615 165.659271 53.861301 49.110409 49.466209 55.011311 61.093681 94.432617 129.680222 120.224342 130.081131 167.799210 81.752213 100.716660 84.955811 84.660904 68.064964 43.774647 26.467506 11.586411 6.582652 0.910290 0.057486 0.062273 351.100525 0.002306 0.000602 0.001490 0.004117 
1.887399 206.093948 0.001924 0.000539 0.000427 0.000597 0.001750 0.002144 0.002123 0.001704 0.025255 0.029401 0.015947 51.527546 28.220325 27.969889 37.709885 40.261776 91.460350 94.306396 127.861206 101.922455 174.773529 62.255829 55.388550 55.244942 55.903526 68.559387 35.392723 34.632275 4.788954 4.836050 278.798004 0.003175 0.001461 0.001519 0.000299 0.000144 0.000134 0.000321 
1.634047 0.004424 0.000461 0.000180 0.000181 0.000322 0.000356 0.000410 0.000344 0.000329 0.004705 0.006871 0.008823 349.361145 13.490383 13.350705 19.838398 20.604652 93.050919 71.190880 63.468826 65.481110 176.956589 46.297886 41.669975 31.642090 30.257708 349.087311 0.009056 0.004936 0.020581 0.018618 0.001652 0.000378 0.000207 0.000123 0.000063 0.000031 0.000024 0.000037 
15.069328 0.001885 0.000229 0.000140 0.000323 0.001843 0.000621 0.000287 0.000156 0.000099 0.000219 0.000386 0.001354 0.023075 1.671618 4.167325 9.763752 9.994190 229.268005 54.466660 52.039368 49.134007 348.829865 35.921055 25.778200 17.484102 4.536617 0.512557 0.024064 0.002284 0.001866 0.001250 0.000268 0.000172 0.000151 0.000094 0.000043 0.000018 0.000010 0.000009 
0.001693 0.000267 0.000105 0.000155 0.001659 4.211548 0.005073 0.001661 0.000349 0.000158 0.000079 0.000063 0.000410 0.020309 0.554210 1.483003 4.370472 4.925561 32.270699 38.650375 23.725163 7.986637 5.732876 349.702698 18.579449 18.220871 3.942541 0.506863 0.046249 0.004356 0.000838 0.000341 0.000193 0.000293 0.001551 0.000338 0.000140 0.000062 0.000030 0.000022 
0.000100 0.000051 0.000040 0.000109 0.001469 32.859974 16.402796 32.417824 0.003873 0.001616 0.000240 0.000075 0.000050 0.001172 0.032288 0.203949 1.203578 1.395544 32.079250 28.032885 22.773624 4.797237 3.557657 0.744161 8.753017 20.741726 4.063218 0.601252 0.503006 28.001049 0.002129 0.000407 0.000368 0.001863 350.446136 0.004016 0.001598 0.000335 0.000169 0.000139 
0.000012 0.000009 0.000017 0.000099 0.001583 4.200786 0.004980 0.001687 0.004070 350.841339 0.001800 0.000255 0.000063 0.000047 0.000822 0.009235 0.078243 0.085661 47.767735 14.851780 50.841774 0.678940 0.684010 0.764571 7.188441 30.585331 27.360104 34.996086 5.935791 8.289697 0.002549 0.000756 0.000872 0.004306 0.005859 0.009009 350.422150 0.002482 0.000753 0.001749 
0.000001 0.000001 0.000005 0.000036 0.000210 0.001508 0.000449 0.000257 0.000451 0.001989 0.000817 0.001739 0.000211 0.000052 0.000046 0.000290 0.002442 0.002725 0.001620 0.002859 0.001556 0.032036 0.037700 0.041432 0.597842 0.012176 0.002943 0.001703 0.002238 0.002295 0.001191 0.002329 0.004891 350.640381 0.003011 0.001111 0.001532 0.000700 0.002667 15.737767 
0.000000 0.000000 0.000001 0.000007 0.000033 0.000080 0.000068 0.000063 0.000136 0.000426 0.001918 158.412521 0.001518 0.000162 0.000110 0.000330 0.003789 0.000536 0.000267 0.000371 0.000165 0.000879 0.001813 0.009328 0.600519 0.009260 0.001321 0.000349 0.000331 0.000581 0.002083 158.376465 0.005078 0.002662 0.000622 0.000250 0.000134 0.000175 0.000409 0.001831 
0.000000 0.000000 0.000000 0.000001 0.000006 0.000012 0.000013 0.000021 0.000084 0.000494 0.004594 11.191898 0.004587 0.000510 0.000275 0.001907 15.704053 0.001823 0.000192 0.000076 0.000041 0.000085 0.000309 0.001989 18.278070 0.002106 0.000413 0.000149 0.000170 0.000584 0.004719 11.145492 0.005750 0.001069 0.000268 0.000078 0.000037 0.000047 0.000104 0.000200 
