0.000025 0.000361 0.005697 2.629062 0.006954 0.000852 0.000202 0.000041 0.000005 0.000000 0.000000 0.000000 0.000001 0.000018 0.000356 0.005672 2.451280 0.029613 0.017382 0.034585 9.300303 0.002128 0.000154 0.000011 0.000001 0.000000 0.000004 0.000030 0.000097 0.000066 0.000060 0.000243 0.002299 7.641807 0.002199 0.000183 0.000055 0.000368 0.005357 0.210346 
0.000010 0.000102 0.001770 43.962059 0.003897 0.001527 0.001953 0.000211 0.000023 0.000002 0.000000 0.000000 0.000001 0.000009 0.000099 0.001768 43.266518 0.065646 0.060258 33.611008 1.231300 0.004167 0.000255 0.000015 0.000001 0.000002 0.000022 0.000195 0.001679 0.000463 0.000243 0.000859 0.007686 0.312266 0.006992 0.000513 0.000068 0.000147 0.002021 6.340843 
0.000007 0.000049 0.000440 0.005387 0.007793 0.010638 79.910896 0.001782 0.000084 0.000006 0.000001 0.000002 0.000007 0.000014 0.000043 0.000259 0.002343 0.005668 3.635296 0.417642 31.903275 0.001782 0.000095 0.000007 0.000001 0.000006 0.000079 0.001706 2.341581 0.005876 0.001964 0.003456 0.010442 0.310574 0.009307 0.000887 0.000158 0.000133 0.000482 0.003520 
0.000028 0.000057 0.000325 0.002350 5.353587 6.974219 0.032516 0.002635 0.000230 0.000018 0.000007 0.000028 0.000099 0.000108 0.000061 0.000093 0.000388 0.002593 18.138971 0.006063 0.002220 0.000243 0.000028 0.000003 0.000001 0.000007 0.000090 0.001793 19.633036 3.713872 17.106876 6.957566 51.536587 6.099264 18.232418 0.002581 0.000794 0.000569 0.000416 0.001226 
0.000352 0.000257 0.001253 0.005855 2.155903 1.078604 0.032141 0.004995 0.000469 0.000052 0.000040 0.000249 0.001999 0.002014 0.000337 0.000128 0.000216 0.002114 7.615111 0.002440 0.000320 0.000054 0.000011 0.000006 0.000004 0.000010 0.000090 0.001736 2.361789 0.539557 5.158250 0.006198 0.002561 0.003594 0.005350 0.005542 0.007000 0.006248 0.002227 0.007396 
0.004924 0.002012 0.008447 0.012674 14.723890 1.714527 1.720240 51.512657 0.001784 0.000100 0.000114 0.001967 6.351563 6.467098 0.003364 0.000454 0.000296 0.001945 9.880651 0.001705 0.000116 0.000027 0.000029 0.000064 0.000039 0.000028 0.000075 0.000499 0.004835 0.008323 26.143614 0.002507 0.000574 0.000559 0.002459 42.507607 3.324690 3.329259 75.170692 3.478091 
0.670413 66.779297 0.465842 0.456458 4.533113 1.470030 0.012616 0.002955 0.000355 0.000056 0.000051 0.000356 0.003131 0.007296 44.429214 0.002757 0.000921 0.001339 0.015346 0.000892 0.000121 0.000068 0.000226 0.001751 0.000402 0.000183 0.000181 0.000454 0.002730 0.011000 1.743336 0.006433 0.000564 0.000144 0.000289 0.001833 0.006078 0.007377 0.008837 0.153931 
0.574664 0.007819 0.009246 0.011132 0.015416 66.656082 0.002995 0.000956 0.000272 0.000057 0.000024 0.000100 0.000859 0.007182 2.265939 0.018454 0.010085 0.004688 0.016674 0.011701 0.000993 0.001028 0.002900 80.423660 0.005756 0.002378 0.002100 0.002203 0.010763 0.025463 1.745488 0.006033 0.000418 0.000049 0.000050 0.000148 0.000515 0.001132 0.006277 0.154840 
5.091486 0.004255 0.001576 0.002637 0.012186 0.672025 0.013581 0.004522 0.002065 0.000251 0.000046 0.000052 0.000467 0.005941 2.263868 0.225843 0.239043 5.854551 0.325899 0.288437 0.003055 0.032823 0.068458 1.063631 4.232192 14.935572 9.852017 12.378753 1.013118 1.019078 40.656059 0.001777 0.000109 0.000022 0.000037 0.000103 0.000113 0.000230 0.002150 6.393607 
4.029335 0.002884 0.000614 0.001748 0.016140 0.662635 0.057157 0.061193 79.724228 0.001981 0.000167 0.000048 0.000125 0.001800 40.350914 7.211545 6.789256 25.809235 3.579217 3.535866 47.478016 0.604371 0.613344 1.023813 2.316048 0.408299 0.356754 0.032772 0.033496 0.076712 0.006040 0.000490 0.000056 0.000037 0.000186 0.001739 0.000220 0.000107 0.000294 0.002013 
0.002161 0.000417 0.000273 0.002233 6.389191 6.470862 0.017760 0.014067 0.030584 0.005242 0.000591 0.000107 0.000064 0.000537 0.019976 0.302974 4.200110 35.240238 14.364516 14.821210 66.742126 5.515471 4.996768 5.535198 31.706074 0.385169 0.364004 0.028962 0.022106 0.080721 0.003760 0.000279 0.000042 0.000100 0.001737 26.572041 0.001765 0.000121 0.000059 0.000107 
0.000125 0.000067 0.000090 0.000401 0.002833 0.006616 0.022332 0.021161 0.025966 12.364812 0.003750 0.000384 0.000088 0.000965 0.017006 0.023647 58.723869 37.102318 28.588535 30.154058 84.745461 15.651465 14.119849 13.255743 37.216061 8.268880 64.532837 0.044250 0.048989 39.905033 0.001855 0.000150 0.000052 0.000270 0.004224 5.434901 0.004152 0.000236 0.000024 0.000010 
0.000023 0.000040 0.000098 0.000165 0.000539 0.002909 6.709537 0.267695 0.264032 3.220888 2.746989 0.002333 0.000726 0.020177 0.334852 1.910624 3.301880 67.069077 50.720112 51.466534 80.472626 25.831268 24.492508 26.384121 31.038897 65.458481 5.319939 52.009068 1.514550 1.524221 0.004345 0.000334 0.000084 0.000212 0.001953 26.669106 0.001724 0.000089 0.000008 0.000001 
0.000043 0.000199 0.001738 0.000316 0.000340 0.002405 6.328543 0.041922 0.038422 0.034925 13.237116 0.010479 0.010136 0.177720 1.276320 6.281064 4.613145 45.837326 66.277969 72.834122 94.734665 47.705387 45.426208 39.872169 31.486755 13.890928 4.761131 2.650596 2.699141 38.862919 0.002358 0.000434 0.000219 0.000570 0.004906 0.004761 0.000342 0.000036 0.000003 0.000001 
0.000168 0.001838 29.582350 0.002064 0.000348 0.000699 0.004247 0.007437 0.042458 0.006044 0.005641 0.007595 0.135132 1.191767 4.231017 5.081237 61.163895 107.741959 103.255371 103.396225 125.486595 58.778664 55.067318 47.803627 28.211147 13.907316 5.450126 2.338515 0.308227 0.019227 0.002178 0.002395 0.000833 0.003013 81.668358 0.001923 0.000125 0.000014 0.000005 0.000007 
0.000559 0.005104 4.671161 0.005299 0.000640 0.000534 0.001691 0.004432 6.813127 0.005243 0.004083 0.094762 0.898849 3.530472 10.955582 13.158469 32.639858 60.211098 93.439659 116.198227 141.766968 78.933464 90.926445 45.833061 35.690613 16.202261 8.363717 3.285142 0.302796 0.016203 0.018751 81.936569 0.002846 0.000696 0.001770 0.000205 0.000031 0.000011 0.000030 0.000098 
0.000713 0.002620 29.634209 0.002938 0.000888 0.002242 0.006102 0.008794 6.463541 0.027632 0.037312 0.771384 2.972606 7.183412 18.013315 24.573435 40.207825 60.965736 96.071091 118.983589 161.396835 97.556564 91.730637 52.458607 41.902931 30.375315 18.526472 17.851940 70.207115 0.035973 0.032039 0.027100 0.000656 0.000118 0.000075 0.000024 0.000009 0.000031 0.000245 0.001996 
0.003227 0.001361 0.002497 0.000949 0.002941 21.840780 5.379087 23.227741 0.009280 0.004776 0.039935 1.412365 4.811915 10.960742 23.519188 35.659973 50.432373 73.496284 101.123009 131.482025 180.927444 119.109459 97.374649 71.238571 86.277405 41.607533 36.625938 26.602667 11.792521 2.117138 0.569319 0.024214 0.000432 0.000026 0.000007 0.000003 0.000009 0.000106 0.001956 6.388236 
4.245976 0.003078 0.000616 0.000809 0.006442 1.128418 0.166167 0.120508 0.013678 0.016609 71.461060 35.909832 29.594025 32.949688 44.325512 58.278126 76.543869 90.599472 119.115196 141.372421 205.454758 154.298523 134.151184 112.018913 86.867264 61.614002 46.115376 26.313984 12.468699 4.360392 1.253526 0.029062 0.000660 0.000032 0.000003 0.000002 0.000018 0.000313 0.004903 0.126976 
4.217022 0.002485 0.000313 0.000582 0.005905 1.131753 0.159878 0.117864 0.016696 0.153709 0.951793 1.753644 20.410940 35.203262 48.969391 64.009109 81.990723 117.627228 133.266495 157.227005 224.451447 170.399979 141.933655 120.726814 98.022308 77.149971 58.868099 37.679493 25.311527 17.331888 14.776387 20.024578 0.001740 0.000080 0.000007 0.000004 0.000040 0.000536 0.007241 0.124735 
0.002167 0.000336 0.000105 0.000231 0.002002 36.986519 1.901559 1.903891 45.838108 0.973818 0.931787 0.951493 54.077644 80.205215 118.470840 155.745712 178.714081 198.695526 224.123749 241.602722 392.539490 201.738373 180.228241 148.504593 124.560577 94.428551 58.880260 47.367661 32.211239 23.559061 15.192535 5.236894 0.004517 0.000201 0.000013 0.000008 0.000074 0.001735 44.199013 2.216809 
0.000119 0.000051 0.000063 0.000395 0.005006 0.014880 0.009234 0.006471 0.002797 0.152201 1.074036 4.326689 11.143274 22.628716 38.846840 57.638924 78.761086 108.612869 127.838470 155.054550 197.634018 241.887253 186.501038 157.027374 128.904327 97.868378 70.516418 53.714214 32.126087 24.511164 5.592708 17.556286 0.001745 0.000102 0.000014 0.000017 0.000120 0.000820 0.004691 0.009372 
0.000012 0.000013 0.000073 0.001766 81.181198 0.011409 0.001891 0.000729 0.000749 0.036913 0.635997 3.802921 10.632357 21.649073 36.169128 51.663979 70.670029 90.850029 118.919342 140.543182 178.873444 192.127121 171.600433 136.797806 117.803329 91.463188 57.642952 37.728771 21.039986 5.777602 0.065674 0.009644 0.001180 0.000167 0.000050 0.000073 0.000391 0.002980 0.002409 0.002641 
0.000011 0.000011 0.000050 0.000489 0.005485 22.790907 0.001876 0.000221 0.000113 0.005363 0.177440 1.714149 6.018759 13.277343 23.090002 35.670303 49.259983 75.651894 94.194458 128.533768 159.207413 152.154160 143.895508 116.976486 103.585480 96.154190 55.990929 36.556854 24.539309 19.604887 0.009789 0.006738 0.003293 0.000817 0.000447 0.000372 0.002308 69.300140 0.012673 0.009603 
0.000102 0.000045 0.000050 0.000313 0.003825 5.999720 0.004172 0.000472 0.000067 0.000403 0.021129 0.435984 2.516169 7.056433 14.766173 23.310209 36.508694 60.865940 76.563545 104.644363 132.953812 118.920799 111.289299 83.609474 77.422707 70.885086 51.359135 38.770821 63.115631 0.072761 0.017355 0.019603 44.120785 0.008007 0.005641 0.002314 0.010398 0.275042 6.569962 0.210809 
0.002002 0.000355 0.000138 0.000288 0.001962 25.365807 0.005228 0.002256 0.000229 0.000041 0.001187 0.046603 0.640873 2.903824 8.037263 13.001489 26.569118 46.937290 63.163467 85.560478 104.116646 89.117477 79.278702 69.766281 58.059074 52.935974 34.962090 12.436306 0.656377 0.411167 0.024053 0.016570 2.355708 0.163748 0.168723 69.917580 0.340427 0.331344 6.541623 0.238212 
6.343665 0.003011 0.000697 0.001600 0.007259 0.375568 0.367795 11.157057 0.001658 0.000078 0.000047 0.002216 0.067624 0.754320 3.596281 6.050541 19.555315 37.502953 52.972149 44.918217 78.970016 62.193069 70.751450 44.685291 34.679157 37.579571 40.755947 15.609709 0.616584 0.329734 0.015997 0.011834 2.357436 0.014762 0.006330 0.002020 0.006075 0.008212 0.012572 6.518586 
0.380417 0.007079 0.003141 0.009926 0.021360 0.374182 0.375186 6.297602 0.002236 0.000183 0.000051 0.000098 0.003963 0.113812 1.273767 2.048610 19.779835 30.642624 27.959444 31.099108 74.461571 38.927166 33.439449 43.750767 18.222992 17.767202 24.382387 30.478428 0.021301 0.016720 0.001177 0.002862 44.088566 0.002350 0.000580 0.000254 0.000630 0.001600 0.008393 0.132234 
0.401211 7.458531 8.538007 0.598347 0.600801 15.503185 4.952509 9.206755 0.002674 0.000483 0.000484 0.000383 0.000326 0.009870 0.199465 0.279638 22.449371 13.755550 15.632486 15.821911 56.733650 21.787712 20.584438 10.360213 8.779572 8.920188 24.131956 1.486090 0.002838 0.000582 0.000168 0.000395 0.002388 0.000390 0.000173 0.000173 0.000272 0.001147 0.010906 0.129792 
0.158296 0.633773 0.014154 0.010672 0.008995 0.007387 2.741357 4.068066 0.005833 0.002453 0.006053 0.005748 0.001990 0.000716 0.008664 0.019128 6.181439 3.801864 5.561394 5.776021 38.845093 10.243590 9.958993 22.073072 0.679625 0.623170 0.007318 0.003778 0.000985 0.000401 0.000618 0.000727 0.000491 0.000272 0.000409 0.001914 0.000724 0.002804 44.292416 2.179490 
0.166276 0.641320 0.009299 0.001840 0.001128 0.003055 21.766710 0.027310 0.031988 44.857174 2.650361 2.650140 43.637997 0.002380 0.000562 0.002581 0.010546 0.652821 1.994834 2.325091 8.095326 4.720316 3.673757 0.097420 0.080421 0.054278 0.002579 0.001328 0.003363 0.002624 0.007465 0.007652 0.002432 0.000852 0.003035 82.020462 0.002815 0.000670 0.001791 0.005563 
0.834951 46.327816 0.001958 0.000243 0.000158 0.000386 0.001969 0.001859 0.001872 0.001829 0.005974 0.006989 0.005786 0.005383 0.000470 0.000218 0.001657 0.040986 0.221520 0.222660 22.812967 1.692308 1.806465 0.078628 0.004832 0.001239 0.000569 0.004571 5.451393 10.746312 0.974522 0.983022 60.036343 0.002837 0.000716 0.001809 0.000311 0.000109 0.000115 0.000355 
0.719673 0.005301 0.000445 0.000081 0.000072 0.000197 0.000245 0.000232 0.000190 0.000146 0.000464 0.000789 0.002759 81.679474 0.001817 0.000108 0.000185 0.005842 0.229576 0.023158 0.004491 0.167763 1.934428 0.060271 0.001171 0.000164 0.001884 81.468399 0.007104 0.003567 0.008056 0.007172 0.001862 0.000351 0.000147 0.000101 0.000038 0.000012 0.000010 0.000019 
6.179544 0.002175 0.000187 0.000073 0.000246 0.001884 0.000564 0.000194 0.000082 0.000043 0.000049 0.000088 0.000278 0.001744 0.000199 0.000052 0.000130 0.001824 48.539433 0.004186 0.001888 0.004279 80.341278 0.022810 0.000686 0.000181 0.000406 0.002720 0.001136 0.000940 0.000853 0.000557 0.000155 0.000110 0.000117 0.000065 0.000022 0.000006 0.000002 0.000002 
0.001987 0.000273 0.000065 0.000112 0.001796 2.449878 0.005978 0.001888 0.000368 0.000139 0.000044 0.000021 0.000031 0.000061 0.000026 0.000034 0.000380 0.005751 1.558192 0.008519 0.001499 0.001056 0.004300 81.712158 0.002498 0.000464 0.000384 0.000692 0.001159 0.003335 0.000562 0.000149 0.000096 0.000270 0.001832 0.000387 0.000135 0.000039 0.000012 0.000009 
0.000098 0.000033 0.000019 0.000093 0.001760 15.533879 6.495685 15.203085 0.004711 0.001942 0.000259 0.000052 0.000013 0.000006 0.000004 0.000024 0.000374 0.005731 1.552614 0.015713 0.003327 0.000853 0.001035 0.006013 0.005649 0.002627 0.002389 0.002651 0.007039 7.828867 0.002376 0.000291 0.000281 0.002142 81.301125 0.004914 0.001936 0.000338 0.000122 0.000122 
0.000006 0.000003 0.000007 0.000082 0.001743 2.442794 0.006003 0.002010 0.004957 81.733086 0.002204 0.000285 0.000047 0.000007 0.000003 0.000015 0.000130 0.001755 21.662113 5.435668 23.067184 0.002546 0.000692 0.002809 3.465886 13.726949 11.381799 16.430614 2.806566 4.591521 0.002893 0.000687 0.000897 0.005163 0.007268 0.011177 81.285629 0.002962 0.000794 0.002046 
0.000000 0.000000 0.000002 0.000022 0.000193 0.001648 0.000463 0.000228 0.000472 0.002345 0.000974 0.002150 0.000236 0.000031 0.000012 0.000043 0.000185 0.000337 0.001874 0.003512 0.001716 0.000338 0.000646 0.006640 0.247293 0.010537 0.002910 0.001863 0.002842 0.002599 0.001242 0.002710 0.005903 81.541428 0.003682 0.001258 0.001813 0.000740 0.003133 6.439209 
0.000000 0.000000 0.000000 0.000003 0.000020 0.000064 0.000042 0.000030 0.000085 0.000398 0.002285 43.848537 0.001801 0.000125 0.000064 0.000288 0.002101 0.000426 0.000215 0.000216 0.000093 0.000078 0.000455 0.006204 0.251856 0.007366 0.000811 0.000198 0.000261 0.000506 0.002411 43.813004 0.006016 0.002963 0.000540 0.000174 0.000102 0.000121 0.000393 0.002121 
0.000000 0.000000 0.000000 0.000000 0.000002 0.000005 0.000004 0.000005 0.000038 0.000474 0.006033 2.631370 0.005971 0.000479 0.000203 0.002165 6.412316 0.002118 0.000164 0.000041 0.000015 0.000023 0.000166 0.002154 7.519677 0.002276 0.000238 0.000053 0.000077 0.000520 0.006127 2.620484 0.007371 0.000961 0.000139 0.000026 0.000012 0.000017 0.000058 0.000165 
