0.000110 0.000440 0.004429 11.319241 0.005825 0.001347 0.000995 0.028436 0.072224 0.415424 2.240704 6.496006 18.361517 28.802980 58.250454 63.533970 177.084854 229.554932 263.849823 233.117035 209.173523 167.015732 141.053635 102.536247 75.712868 48.037823 27.348602 13.264959 4.667999 1.828731 0.324651 0.086102 0.097609 19.362820 0.002383 0.000665 0.000431 0.000876 0.005830 0.335398 
0.000072 0.000187 0.001541 158.566788 0.003737 0.001920 0.002517 0.476763 0.801614 1.932076 4.977907 10.530194 23.039814 34.499660 64.839241 68.267822 275.446838 239.534988 273.053436 271.513031 194.157227 179.952805 140.035446 105.180824 77.507256 50.203053 29.363588 15.147830 6.578084 3.985581 1.033028 0.369941 0.224561 1.025191 0.009223 0.001511 0.000540 0.000535 0.002134 15.701446 
0.000078 0.000173 0.000590 0.004990 0.006945 0.009466 351.443512 4.873516 3.870983 5.612184 10.138060 17.847656 31.295599 44.311878 73.662102 82.870674 140.752411 171.701035 257.718353 259.326813 247.238770 166.382080 149.411987 110.367500 83.463905 55.512619 34.006863 19.861628 12.234883 3.517366 1.168515 0.404081 0.230495 1.021825 0.011122 0.001959 0.000746 0.000602 0.001012 0.003883 
0.000169 0.000286 0.000806 0.002529 10.769403 23.477701 21.939388 14.869681 15.236903 17.514248 22.592087 29.734755 44.907524 60.364120 90.295547 103.915627 144.838669 165.021637 272.304749 250.867889 226.339111 182.230743 161.354874 122.291756 95.229477 69.399872 49.936562 40.884453 54.247585 15.186643 36.805103 19.439468 203.265991 15.785796 39.578873 0.002743 0.001296 0.001066 0.001062 0.001990 
0.000604 0.000760 0.008008 0.012359 6.021688 34.204525 19.198721 14.974380 19.548311 26.013315 34.852879 47.763432 58.700951 70.857986 99.473526 122.533478 159.227081 179.526367 284.508911 256.053345 233.955902 198.475693 175.048508 139.189545 117.295654 91.093880 71.997047 66.738350 83.084923 23.087049 19.833899 33.829399 30.186886 15.124307 13.170614 0.005561 0.006055 0.005442 0.002504 0.006287 
0.005037 0.002223 0.179557 0.189837 86.751259 49.747158 45.893147 243.804001 44.376167 43.494480 51.089458 62.015297 90.492310 118.811218 107.822128 130.205673 169.277573 184.433350 304.995575 268.248840 253.284485 221.870010 200.082245 166.224106 136.262421 114.887581 101.139114 100.506775 118.494392 182.969543 86.989761 30.387835 28.239893 15.800801 16.466846 160.980667 17.535036 17.619379 283.017731 14.015307 
1.470007 279.300049 4.427867 4.003542 19.037943 46.393673 51.664700 141.550705 68.790024 69.067360 75.906944 84.093033 106.409256 113.822334 242.122070 181.741562 197.967911 206.430069 313.324371 281.062225 269.405579 238.006149 210.464264 173.575607 181.712631 153.732727 135.343872 123.589851 100.071190 74.509216 53.563030 35.192535 26.636515 11.690264 6.951843 2.935925 0.354917 0.025857 0.013872 0.302044 
1.425099 12.793056 8.231750 9.745825 10.092361 281.632629 136.003128 152.845230 105.030991 102.736526 109.120201 116.256012 135.834763 144.149933 193.670746 216.020630 236.194839 237.387314 338.341858 302.862244 295.133850 268.499084 261.395874 376.826019 178.174957 169.529160 155.779236 128.340424 99.923820 74.769905 54.328606 45.782574 28.877024 13.777691 7.857270 2.590807 0.329396 0.018034 0.011734 0.302428 
19.898415 12.194382 11.486705 22.199469 23.632366 51.978386 77.091003 115.362251 109.802055 119.449173 131.608002 142.172928 161.190948 177.378067 201.663544 228.173828 254.041138 271.597565 360.285248 312.549377 304.628143 297.621735 294.781372 342.479736 226.352127 243.411743 181.018433 181.283173 142.717987 139.762711 210.223724 42.738998 39.462494 20.198502 11.681738 3.937523 0.897767 0.079496 0.085073 15.907023 
11.980809 7.280595 7.472615 10.574401 14.460648 48.604397 78.155350 82.866966 364.994080 176.383102 174.235016 179.167267 195.683762 201.851227 289.766693 288.195282 297.143280 307.997559 363.045563 344.633972 372.278076 322.725037 321.546844 339.758789 248.945892 258.136017 213.432693 190.983719 157.674774 128.599197 96.460373 54.814770 45.864792 22.845791 12.453768 4.200868 1.164362 0.176980 0.027099 0.038435 
0.085012 0.949536 3.024007 3.398374 21.612827 62.521423 78.449844 140.628571 111.763573 154.077118 188.145966 206.583862 226.264786 233.401642 277.745270 311.093567 308.795166 329.631714 368.478882 363.965637 374.502899 343.380615 342.980255 354.136627 307.373108 241.130173 221.481339 197.016663 161.990417 130.671936 101.835274 73.256210 61.253933 40.838432 38.677200 72.473961 0.955811 0.877089 0.219690 0.033622 
0.051372 0.659895 4.116741 5.658143 19.816866 34.349972 54.150967 90.253357 104.834679 179.975250 208.808121 234.258423 259.026611 267.558563 298.566498 310.122955 386.942902 354.212311 376.490417 377.782623 380.823151 361.266693 360.686157 354.207550 303.882324 266.058502 324.007263 214.832123 226.306091 233.856766 103.050583 95.187614 75.061401 53.343330 41.821587 22.305828 4.218302 3.965347 1.541618 0.424804 
0.090832 0.952337 4.946440 8.963160 24.541697 34.898609 70.085350 98.054184 116.061035 161.154144 208.099655 235.662811 271.545319 290.448425 318.309174 330.955505 349.029541 392.252991 390.272156 388.401520 390.536102 374.287018 373.612091 369.208923 336.446350 356.710693 337.845154 354.912933 180.694519 167.786865 133.531586 120.769760 101.727379 84.297150 82.221909 86.265678 10.419579 9.887940 4.859862 2.439632 
0.199149 1.104610 5.214875 9.951571 26.746178 37.756092 72.859894 94.598846 130.472656 149.064911 222.017548 249.235123 283.787292 309.106140 330.762268 356.213745 357.167450 378.966553 390.455414 393.954071 396.683594 385.941467 385.415131 380.087585 358.673553 344.234924 310.265839 280.137390 236.580017 265.818146 160.483994 152.194214 118.990257 98.890709 78.931427 35.082100 21.782473 20.185436 12.625208 9.057834 
0.880404 0.957027 92.274361 41.618088 46.685818 54.889740 78.441223 102.004166 135.748642 163.115326 203.591934 240.850983 276.909790 307.389465 338.087708 348.647369 396.798096 397.641754 398.672150 397.762451 396.587158 391.915131 391.084869 386.569977 364.166870 345.593079 316.146729 285.817657 251.608887 219.698517 169.633240 159.695740 175.409821 173.796631 359.915497 38.519844 36.189579 31.635971 20.914034 16.042128 
3.379801 3.467147 19.022646 41.557152 61.036053 77.012543 101.365730 121.212326 167.643585 185.023575 216.874619 250.704239 284.289062 312.557373 341.900848 356.845642 377.197205 388.957764 396.041626 398.820496 398.618286 396.852783 397.991425 382.077423 369.234924 345.624084 319.982941 290.630341 262.654785 280.271881 263.295227 376.479919 159.048767 151.833572 108.004890 63.222130 62.864876 54.059071 44.079987 39.272526 
15.500222 15.805187 120.175293 92.881065 103.886734 95.311172 123.933830 135.728546 178.005768 203.238602 235.605637 267.690796 298.475433 323.657166 348.620636 364.834503 379.578522 389.969604 396.446442 398.762238 399.602203 398.397308 396.722595 388.245117 381.364502 380.175140 362.019226 359.529602 389.949005 280.517090 269.623016 225.041931 172.826736 150.001999 109.926582 85.247238 77.365555 65.422523 53.315720 45.857670 
22.063206 22.474743 54.524460 81.918953 96.939720 151.463898 142.034302 196.075546 198.780624 236.338852 242.487366 272.763214 303.493835 328.897461 352.026825 369.125641 382.321167 391.793335 397.147217 398.988800 399.796326 399.587219 398.984222 396.764496 397.997162 385.586334 375.721497 358.092224 333.975952 296.450531 269.718018 231.937164 198.864960 171.440948 141.920334 123.497475 117.336922 105.763977 101.321487 116.405121 
45.544193 42.910378 58.182030 86.761375 111.658569 148.435654 169.247772 205.667969 234.679596 243.865524 385.314636 329.153107 336.351837 350.435699 365.795898 378.215820 388.750885 394.929901 398.166046 399.313141 399.852539 399.961182 399.732666 399.674744 396.735687 390.422791 379.009003 361.315613 338.577362 311.273865 283.845001 253.461884 230.351089 202.422012 179.795715 164.140640 156.847885 146.689804 143.234894 159.628769 
97.465027 90.762917 99.707504 124.609848 143.487762 155.843170 177.840134 210.737106 241.560791 255.137360 318.850739 346.784973 345.262878 356.937408 370.171143 381.641632 394.007751 398.885773 399.109314 399.607880 399.875977 399.927612 399.566650 398.970398 396.987213 392.423309 382.185516 365.763977 345.805511 321.453522 297.020447 279.662659 236.305161 217.001633 192.548035 179.191086 170.283813 160.271042 155.228134 188.812836 
97.052917 101.682167 113.373428 131.650467 136.347916 233.139099 249.128372 257.031616 336.825104 321.440796 349.122742 359.770813 397.302734 397.152100 398.184509 398.899872 399.383362 399.644073 399.824982 399.915222 399.926544 399.885223 399.743805 399.358856 398.747162 398.840302 393.137054 388.164215 377.937622 365.800995 354.465485 339.565857 325.782471 314.001709 302.586517 295.777039 289.388885 284.491211 294.411499 207.786819 
92.473259 95.937088 110.538483 119.655014 136.209625 172.431381 208.593124 238.055695 282.280579 310.001343 328.792755 348.122253 353.471619 365.065186 376.490295 385.826599 392.346527 396.534210 398.836426 399.601807 399.893585 399.912170 399.571350 398.953217 397.346802 393.271332 385.512573 374.876404 361.448608 351.822693 325.451141 317.594055 282.615417 267.035797 242.742401 224.667618 204.747711 189.021301 175.415680 177.369797 
82.383820 85.653687 103.194656 104.761429 366.575928 310.490265 315.981812 297.257324 296.300079 303.475922 314.497772 326.738129 343.383636 358.244873 371.172607 381.765717 389.454681 394.705170 399.264526 399.256012 399.864136 399.962738 399.637421 398.807892 396.911835 392.857025 384.804169 374.453522 359.751251 345.106964 326.475372 307.874115 285.564087 266.253082 243.713669 224.874161 205.182053 190.032394 174.237900 172.690582 
85.554001 90.030205 101.593422 114.507927 136.284729 190.397385 204.095123 226.420883 247.642624 264.681244 282.061066 300.583466 319.554871 337.183167 354.284271 369.436035 381.095734 390.067383 397.272705 397.989899 399.844940 399.830322 399.258636 398.893524 394.862579 393.698792 386.322815 373.707611 361.942444 354.491455 326.086182 312.074341 293.427490 288.673615 266.408661 259.859497 260.535919 354.846069 159.659515 158.883453 
91.462486 98.259773 106.823502 124.333023 138.467712 161.624908 178.441071 202.848297 222.555542 237.522156 255.714630 276.145172 298.094025 318.618591 339.784943 358.101868 373.190186 384.393188 390.096008 395.261444 397.498383 399.001038 399.119141 393.826355 389.202454 385.460419 371.523987 367.700714 395.366180 348.193146 341.347809 321.313171 318.794739 248.004211 251.837540 237.697617 168.385086 162.586533 171.920319 156.712814 
91.570297 97.013054 106.977333 125.612198 128.830063 169.764374 162.673279 187.948517 197.101395 207.543320 227.140274 249.899017 274.664001 298.020630 323.699432 344.918640 363.858459 376.165192 383.698914 393.759766 393.641632 396.521423 395.285736 388.602814 380.840088 368.991638 350.806366 328.382812 304.070038 313.837189 276.009064 247.143280 214.050949 211.646240 209.778458 352.924347 157.252472 156.050110 171.248810 156.091904 
83.533478 79.566132 97.980125 102.510025 104.687683 100.777756 116.922546 159.310013 156.650909 171.331741 197.088531 223.745651 251.779343 278.600189 309.144806 332.499023 354.464630 365.892365 376.786530 378.019562 387.459930 392.403839 394.748169 379.557648 373.006897 366.459869 350.644073 332.896912 293.995453 280.228302 266.527618 241.489182 202.283401 153.932419 139.075821 104.874725 128.226151 118.308678 145.019547 149.883026 
5.515594 18.205448 42.369312 53.627350 57.139244 82.953400 108.365273 127.030434 124.099472 143.528168 174.450287 202.253983 232.267593 262.676270 297.664032 321.256989 344.546417 353.947021 362.166473 369.386078 383.420746 387.378113 381.768768 369.569244 352.057037 346.793365 365.079224 337.947021 263.226013 255.731461 238.701035 230.950531 259.295074 140.403107 131.868607 98.064606 76.318954 74.750290 92.077553 47.109261 
5.982217 24.482262 60.046329 34.469135 36.757359 73.852745 98.604973 110.413620 94.399025 121.566429 157.442123 184.012131 216.390579 251.928680 290.024200 310.654724 338.917419 337.091400 349.414124 357.471008 376.356415 379.494690 372.428101 338.424713 329.263245 316.562714 331.839630 260.452637 246.404449 223.510193 200.424362 172.298538 136.461563 125.987389 103.465706 79.425003 51.759109 52.343403 95.440147 37.628300 
3.489800 10.439866 13.317433 16.136835 24.389544 22.100256 60.523529 71.536186 65.888443 112.990318 149.209915 169.307220 209.123199 250.221695 286.141022 300.085480 318.661560 318.865479 333.981842 346.913849 373.376709 370.647797 380.247986 331.852386 304.595245 282.372437 257.864258 239.941681 214.226364 204.226181 184.073196 164.509216 127.031456 88.792290 88.866455 76.759239 27.650108 29.256762 183.632126 16.758732 
3.335334 11.131008 12.593358 12.253478 15.531670 17.536673 79.245598 46.746830 48.386978 204.936722 146.162170 154.444092 262.300995 291.729736 280.908508 281.648163 292.724670 299.883118 319.825134 341.160156 355.467255 361.241241 362.182251 292.995850 295.381500 267.439453 248.647247 216.564270 187.020569 177.397797 158.643463 151.002380 125.523560 56.786354 59.516449 354.511963 10.066357 9.112356 2.532626 0.957213 
3.447086 207.982544 3.447713 2.846504 4.856544 12.313457 16.158962 27.112160 56.622395 70.444145 95.241013 140.548126 145.559235 261.277222 256.238892 257.583893 273.258087 278.758789 311.026398 326.605804 356.402771 351.730621 360.456482 266.498627 256.942780 243.999466 231.795959 212.657333 164.703613 163.090195 133.234390 132.579300 301.127106 33.133297 30.782463 15.687045 25.957047 6.589905 2.405949 0.846023 
2.834584 0.025070 0.308021 0.636409 2.117135 7.050072 14.616825 28.734480 46.001770 68.580544 95.421921 135.909683 141.860733 375.227753 231.137344 232.725220 250.699173 256.072693 306.067169 323.751190 335.020996 337.870178 358.288147 239.651184 228.643478 207.785217 202.032440 370.210022 118.048210 114.153954 108.552490 100.248230 75.599564 71.271271 25.212055 14.319994 7.664946 2.715971 0.620182 0.091539 
15.203072 0.020578 0.019017 0.109993 0.846809 6.880690 13.894608 26.940189 44.156879 66.952454 95.880402 125.934845 168.932541 176.329483 194.599533 207.397720 229.240158 235.699188 339.937469 307.289948 321.772552 322.200165 385.875977 222.662567 195.588623 174.085373 141.466568 121.702751 118.170227 97.915131 86.697083 93.526184 73.139732 47.114826 25.024431 7.479528 4.996674 0.950137 0.093368 0.005692 
0.001733 0.000551 0.000928 0.012960 0.091139 12.546647 17.139944 29.037355 43.834549 67.602493 96.399376 132.684784 158.506882 172.381866 183.027969 188.984879 208.762207 228.138245 249.908340 268.469604 298.685364 297.749146 259.802734 379.253326 171.003113 166.020798 132.970367 116.183220 90.033981 73.510735 60.994835 71.266396 70.025040 52.528130 27.539654 4.906954 3.660382 0.355092 0.015507 0.000493 
0.000125 0.000083 0.000092 0.000408 0.001915 33.012562 17.596760 58.829350 34.205578 65.908913 94.026146 133.816437 141.164185 141.442673 152.869385 159.210556 187.141617 203.540497 244.809006 261.380768 296.949402 271.792877 228.065811 179.580978 150.860519 133.624496 105.577927 98.713158 80.588707 64.393967 42.940708 56.859272 61.577297 63.604317 352.931183 4.432600 4.568630 0.228782 0.006938 0.000321 
0.000021 0.000021 0.000035 0.000134 0.001640 4.238933 0.032649 0.051409 0.051054 352.944489 80.772255 102.608429 113.326950 117.356133 133.043015 138.914825 175.772522 193.024765 245.713837 258.779968 308.467865 254.912750 220.685303 178.280777 149.160980 89.126961 72.923225 60.936695 24.451887 24.746731 21.155930 41.565609 49.365620 56.754120 0.006608 0.009968 353.605591 0.002738 0.000981 0.001934 
0.000003 0.000005 0.000013 0.000053 0.000246 0.001678 0.016592 0.040736 0.039922 0.004510 0.417876 71.205582 86.934372 93.333481 113.962448 118.717003 179.055222 208.729095 236.270538 267.380249 300.653534 248.962158 203.431198 147.275513 105.034653 53.258358 45.989609 25.331213 20.038099 12.690297 13.512016 41.094238 38.306652 353.121002 0.003354 0.001436 0.001631 0.000834 0.002818 15.879471 
0.000000 0.000001 0.000003 0.000015 0.000051 0.000126 0.000760 0.001989 0.002582 0.002775 0.004493 170.273682 65.738823 70.993477 97.439796 102.808525 178.026352 211.599594 241.801361 272.117584 298.382721 247.795944 203.394180 151.150024 111.141777 50.994114 44.732098 23.304655 17.554287 10.663051 11.001892 176.573975 0.007663 0.003384 0.000896 0.000404 0.000224 0.000273 0.000521 0.001933 
0.000000 0.000000 0.000001 0.000005 0.000014 0.000027 0.000051 0.000115 0.000389 0.004014 0.018506 14.994967 33.560150 50.034439 83.692482 89.836205 203.026184 230.509201 258.013397 284.638885 298.816376 262.289154 222.147797 174.022949 144.648529 42.291698 38.512131 16.730690 11.781745 5.538286 5.645402 16.155302 0.012813 0.001760 0.000498 0.000189 0.000100 0.000112 0.000185 0.000289 
