0.000001 0.000083 0.003651 5.141160 0.004021 0.000166 0.000044 0.000005 0.000000 0.000000 0.000000 0.000000 0.000000 0.000001 0.000083 0.003657 5.002594 0.012329 0.004884 0.018022 22.776752 0.001632 0.000048 0.000001 0.000000 0.000000 0.000000 0.000005 0.000033 0.000009 0.000005 0.000054 0.001657 16.541363 0.001636 0.000045 0.000003 0.000062 0.003231 0.270528 
0.000001 0.000029 0.001376 155.224716 0.002363 0.000571 0.001431 0.000091 0.000004 0.000000 0.000000 0.000000 0.000000 0.000001 0.000029 0.001375 153.742477 0.055371 0.050684 94.606369 3.550462 0.002901 0.000077 0.000001 0.000000 0.000000 0.000004 0.000092 0.001358 0.000205 0.000053 0.000143 0.003204 0.290090 0.003029 0.000065 0.000004 0.000037 0.001561 14.532170 
0.000000 0.000007 0.000183 0.004113 0.005432 0.007839 308.160126 0.001396 0.000027 0.000001 0.000000 0.000000 0.000001 0.000001 0.000006 0.000103 0.001666 0.004311 5.718534 0.763411 91.469170 0.001382 0.000031 0.000001 0.000000 0.000001 0.000031 0.001392 3.442343 0.004623 0.001414 0.001701 0.005211 0.288809 0.004770 0.000190 0.000013 0.000013 0.000150 0.002020 
0.000001 0.000005 0.000073 0.001666 10.274193 18.166157 0.024465 0.000903 0.000032 0.000001 0.000000 0.000005 0.000039 0.000040 0.000009 0.000013 0.000138 0.001852 41.318584 0.004612 0.001585 0.000099 0.000004 0.000000 0.000000 0.000001 0.000033 0.001398 43.101959 11.047889 33.592121 16.546251 177.639572 14.558876 38.436871 0.001580 0.000185 0.000108 0.000075 0.000271 
0.000081 0.000047 0.000270 0.003162 5.548484 1.520099 0.022664 0.002678 0.000142 0.000006 0.000006 0.000116 0.001604 0.001605 0.000143 0.000019 0.000047 0.001372 15.628088 0.001587 0.000110 0.000008 0.000001 0.000001 0.000000 0.000001 0.000032 0.001395 3.440517 0.775810 13.485070 0.003707 0.001675 0.002159 0.003920 0.003913 0.004156 0.003763 0.001477 0.004223 
0.003412 0.001422 0.004427 0.007581 74.954536 2.536289 2.544789 214.344711 0.001394 0.000033 0.000040 0.001568 14.499386 14.815763 0.002579 0.000151 0.000061 0.001375 18.656412 0.001320 0.000033 0.000002 0.000005 0.000025 0.000007 0.000003 0.000009 0.000135 0.002237 0.004804 50.242359 0.001619 0.000154 0.000156 0.001630 147.451920 6.576071 6.581693 263.182129 8.636504 
1.235211 241.379044 0.406036 0.397311 6.697980 2.365067 0.008326 0.001738 0.000121 0.000007 0.000007 0.000131 0.001977 0.005117 157.198532 0.001548 0.000138 0.000321 0.002223 0.000130 0.000010 0.000007 0.000092 0.001391 0.000185 0.000056 0.000038 0.000074 0.000579 0.005666 2.259599 0.004043 0.000111 0.000015 0.000103 0.001391 0.003703 0.004006 0.003397 0.111628 
1.053206 0.004982 0.004484 0.004834 0.008047 255.065155 0.001749 0.000204 0.000064 0.000007 0.000001 0.000011 0.000221 0.004346 4.774221 0.007107 0.001765 0.002213 0.000624 0.000169 0.000044 0.000052 0.001451 309.636658 0.004340 0.001638 0.001363 0.001418 0.005606 0.015872 2.266150 0.003934 0.000089 0.000003 0.000006 0.000037 0.000097 0.000176 0.001592 0.113340 
11.402783 0.002259 0.000269 0.000407 0.005807 0.744403 0.005770 0.000828 0.001474 0.000098 0.000006 0.000003 0.000100 0.003739 4.772858 0.058763 0.061113 13.347047 0.007813 0.004708 0.001419 0.000168 0.000329 0.005494 5.397286 31.716309 19.394073 22.562540 1.103963 1.112045 168.983917 0.001380 0.000030 0.000002 0.000005 0.000031 0.000014 0.000047 0.001584 14.636007 
8.782238 0.001897 0.000110 0.000402 0.009016 0.734878 0.017498 0.020313 308.894470 0.001486 0.000050 0.000005 0.000031 0.001378 144.912582 0.497203 0.489447 16.727180 0.796808 0.805998 224.923859 0.001748 0.000245 0.002567 3.101049 0.429461 0.406027 0.011025 0.009665 0.025805 0.002459 0.000131 0.000006 0.000005 0.000083 0.001355 0.000088 0.000018 0.000121 0.001606 
0.001745 0.000158 0.000068 0.001639 14.709902 14.469298 0.004579 0.002120 0.012175 0.004113 0.000257 0.000018 0.000008 0.000100 0.001595 0.007780 0.498964 0.044389 0.025701 0.039941 0.975408 0.004693 0.000234 0.001699 96.214020 0.420780 0.412942 0.008424 0.003450 0.028632 0.000764 0.000028 0.000003 0.000029 0.001352 69.002762 0.001358 0.000033 0.000009 0.000040 
0.000045 0.000009 0.000012 0.000145 0.001991 0.005029 0.008053 0.005629 0.008781 51.539497 0.002869 0.000162 0.000009 0.000010 0.000117 0.001626 274.181641 0.039215 0.026529 0.040999 0.966084 0.004457 0.000142 0.000207 0.003879 0.117244 190.849533 0.018708 0.022151 135.336426 0.001390 0.000034 0.000004 0.000074 0.002841 13.389758 0.002825 0.000070 0.000002 0.000001 
0.000002 0.000005 0.000028 0.000028 0.000183 0.002032 15.151601 0.211363 0.206542 4.567561 4.116934 0.001608 0.000041 0.000003 0.000020 0.000379 0.008244 259.310608 1.022158 1.012141 22.195391 0.001758 0.000083 0.000062 0.001484 170.951355 3.716952 258.719513 3.185620 3.195207 0.002871 0.000084 0.000007 0.000053 0.001434 69.160774 0.001352 0.000029 0.000001 0.000000 
0.000006 0.000085 0.001358 0.000109 0.000088 0.001723 14.292162 0.012421 0.009140 0.012006 56.072777 0.001628 0.000040 0.000002 0.000015 0.000406 0.011076 0.035869 0.010316 0.036061 22.086046 0.013775 0.000524 0.000033 0.000102 0.001393 0.003078 0.001572 0.004060 134.494141 0.001629 0.000136 0.000034 0.000208 0.003784 0.003758 0.000157 0.000006 0.000000 0.000000 
0.000040 0.001382 88.523811 0.001431 0.000070 0.000197 0.002379 0.001515 0.012261 0.001401 0.001972 0.000136 0.000006 0.000001 0.000026 0.001393 309.179321 0.033456 0.031548 0.367309 10.847344 0.416145 0.002073 0.000146 0.000026 0.000036 0.000080 0.000098 0.000487 0.002467 0.000572 0.001660 0.000304 0.001973 310.105042 0.001473 0.000043 0.000001 0.000000 0.000001 
0.000125 0.003300 10.145951 0.003366 0.000140 0.000094 0.000460 0.002467 15.052480 0.002001 0.000192 0.000013 0.000000 0.000000 0.000005 0.000315 0.026294 0.037033 0.357484 1.684006 9.996081 9.405301 188.899399 0.001629 0.000136 0.000016 0.000014 0.000153 0.002251 0.000675 0.002526 310.419495 0.001934 0.000276 0.001395 0.000092 0.000005 0.000001 0.000005 0.000039 
0.000205 0.001692 88.584541 0.001866 0.000284 0.001436 0.003147 0.005745 14.618433 0.001959 0.000174 0.000012 0.000001 0.000000 0.000006 0.000487 0.024622 0.420077 2.486375 3.999198 18.511942 16.844137 40.985573 0.355163 0.001636 0.000136 0.000055 0.001454 310.334229 0.002027 0.000343 0.001636 0.000137 0.000020 0.000026 0.000004 0.000001 0.000005 0.000114 0.001604 
0.002181 0.000543 0.001654 0.000303 0.001838 47.430153 13.637601 49.979927 0.003743 0.000757 0.001721 0.000122 0.000009 0.000003 0.000118 0.006065 0.178491 2.065854 4.743165 19.437733 25.112785 31.348776 43.750412 20.580261 202.891098 0.001750 0.000313 0.000112 0.001404 0.000132 0.000044 0.000121 0.000018 0.000001 0.000001 0.000000 0.000001 0.000034 0.001553 14.636467 
9.455523 0.002130 0.000180 0.000161 0.004005 1.892339 0.109319 0.078052 0.002465 0.004553 310.295197 0.001631 0.000118 0.000127 0.001331 0.023307 0.211013 2.010493 9.358403 17.210361 46.708260 47.741352 52.499157 93.752571 1.414433 0.606990 0.021010 0.000251 0.000032 0.000024 0.000112 0.001537 0.000092 0.000004 0.000000 0.000000 0.000001 0.000035 0.001355 0.088109 
9.425065 0.001824 0.000072 0.000115 0.003817 1.897441 0.104463 0.075999 0.004415 0.000799 0.002016 0.000500 0.001631 0.006489 0.016196 0.050934 4.549312 84.722511 20.878330 35.730808 75.368118 68.180161 55.156048 38.803028 1.991166 0.612117 0.023931 0.000360 0.000018 0.000106 0.001523 41.655659 0.001329 0.000026 0.000001 0.000000 0.000005 0.000140 0.003074 0.085419 
0.001755 0.000140 0.000014 0.000054 0.001457 125.296608 4.248214 4.250495 160.967468 0.001963 0.000333 0.002014 308.703400 0.267466 0.262891 1.835809 9.772502 11.667296 35.210896 64.821930 380.904968 110.135277 82.970741 55.295464 60.273674 130.746506 0.001512 0.000129 0.000129 0.001512 0.004043 12.495681 0.001800 0.000041 0.000001 0.000001 0.000026 0.001370 155.656281 4.853573 
0.000045 0.000008 0.000009 0.000168 0.003841 0.010703 0.005401 0.003931 0.001384 0.000120 0.000028 0.000122 0.001391 0.009428 0.082725 1.065563 6.023389 11.007632 15.171004 35.645164 73.932991 59.760540 37.033867 16.813082 4.579639 1.303086 0.042279 0.000956 0.002264 36.256447 5.033292 36.068874 0.001325 0.000028 0.000001 0.000001 0.000020 0.000288 0.002299 0.004520 
0.000001 0.000001 0.000026 0.001393 309.623322 0.008028 0.000614 0.000151 0.000033 0.000005 0.000001 0.000005 0.000026 0.000261 0.007790 0.202440 1.334073 1.276220 22.647844 26.189985 45.071018 44.069321 50.509758 15.541478 4.240855 1.316471 0.046370 0.002068 0.004662 12.465423 0.005216 0.002253 0.000275 0.000021 0.000002 0.000010 0.000135 0.001943 0.000597 0.000404 
0.000001 0.000001 0.000007 0.000191 0.003881 49.323189 0.001365 0.000045 0.000003 0.000000 0.000000 0.000000 0.000001 0.000005 0.000283 0.010745 0.128511 0.168256 7.207911 36.562737 20.553965 24.404432 45.958336 46.099930 10.119141 12.135430 22.108206 0.018096 0.014277 41.937798 0.002277 0.000607 0.001886 0.000182 0.000046 0.000123 0.001636 282.739594 0.007078 0.004289 
0.000039 0.000006 0.000004 0.000072 0.002282 14.635542 0.002467 0.000139 0.000008 0.000000 0.000000 0.000000 0.000000 0.000000 0.000007 0.000361 0.009478 0.095075 0.131279 35.909325 11.401593 10.876555 90.388802 0.026432 0.029287 21.550772 0.012487 0.016071 307.895874 0.002962 0.000420 0.002101 155.452667 0.003106 0.001384 0.001637 0.007747 0.377052 14.813813 0.263557 
0.001603 0.000137 0.000017 0.000046 0.001370 54.357456 0.003857 0.001551 0.000090 0.000004 0.000000 0.000000 0.000000 0.000000 0.000000 0.000007 0.000261 0.003610 0.005150 124.791618 1.666002 1.660736 14.226771 0.008740 0.003648 0.002291 0.002092 0.018972 0.003912 0.000269 0.000184 0.004039 4.983252 0.091616 0.095533 281.685944 0.433219 0.423943 14.742485 0.289397 
14.535714 0.001988 0.000187 0.000317 0.004219 0.478488 0.471013 21.654606 0.001316 0.000026 0.000001 0.000000 0.000000 0.000000 0.000000 0.000005 0.000038 0.000083 0.000268 0.001568 0.202159 0.207753 66.862709 0.005991 0.000762 0.000448 0.002026 3.268650 0.001486 0.000073 0.000115 0.003764 4.984068 0.006629 0.001568 0.001438 0.003710 0.004361 0.006469 14.709727 
0.333319 0.005129 0.002019 0.005051 0.013593 0.477040 0.478067 14.242450 0.001493 0.000047 0.000004 0.000001 0.000001 0.000000 0.000005 0.000115 0.001554 0.000129 0.000030 0.000171 0.006086 0.006469 0.010246 49.446560 0.006374 0.004544 0.006540 158.936966 0.001509 0.000053 0.000042 0.001400 155.405746 0.001465 0.000084 0.000049 0.000093 0.000206 0.001936 0.088828 
0.337785 15.497337 18.447527 0.593073 0.595921 34.162518 10.398575 19.326450 0.001869 0.000152 0.000103 0.000085 0.000030 0.000009 0.000044 0.001618 14.655238 0.001703 0.000079 0.000191 0.007115 0.006545 0.011825 13.373373 0.445747 0.453404 136.740173 1.847917 0.001352 0.000046 0.000015 0.000115 0.001621 0.000116 0.000022 0.000039 0.000030 0.000214 0.003739 0.086116 
0.047408 0.749593 0.008357 0.005131 0.004649 0.004801 6.550929 7.399431 0.004414 0.001684 0.003754 0.003658 0.001376 0.000109 0.000073 0.001691 14.660009 0.001942 0.000167 0.001600 47.294964 1.277753 1.277726 47.104343 0.005193 0.003471 0.001782 0.002013 0.000331 0.000087 0.000097 0.000125 0.000138 0.000044 0.000131 0.001422 0.000275 0.001883 155.752289 4.842776 
0.054719 0.758290 0.004962 0.000318 0.000192 0.001648 55.057266 0.026118 0.030144 157.198547 5.166636 5.166490 154.449005 0.001510 0.000079 0.000143 0.001567 0.000156 0.000111 0.002322 13.969147 0.009624 0.004852 0.001408 0.000188 0.000080 0.000108 0.000433 0.002216 0.001770 0.004357 0.004427 0.001651 0.000305 0.001975 310.459656 0.001924 0.000268 0.001380 0.003638 
1.225120 190.518661 0.001403 0.000040 0.000014 0.000114 0.001424 0.000890 0.000926 0.001383 0.003724 0.004204 0.004091 0.003901 0.000181 0.000023 0.000040 0.000027 0.000131 0.001558 49.472813 0.001901 0.000418 0.000073 0.000012 0.000012 0.000167 0.003037 10.907069 25.726263 1.053225 1.063189 259.850586 0.001922 0.000278 0.001402 0.000118 0.000019 0.000031 0.000083 
1.084516 0.004180 0.000187 0.000010 0.000008 0.000053 0.000060 0.000035 0.000028 0.000033 0.000098 0.000196 0.001704 310.119965 0.001402 0.000030 0.000013 0.000108 0.001627 0.000480 0.001935 0.000546 0.002044 0.000180 0.000019 0.000032 0.001406 309.872742 0.005058 0.002172 0.004540 0.004263 0.001401 0.000123 0.000025 0.000030 0.000005 0.000001 0.000001 0.000001 
14.094401 0.001666 0.000058 0.000011 0.000102 0.001467 0.000230 0.000048 0.000010 0.000004 0.000003 0.000009 0.000102 0.001389 0.000090 0.000008 0.000033 0.001390 195.642242 0.002040 0.000380 0.002078 310.243713 0.002649 0.000153 0.000028 0.000127 0.001741 0.000350 0.000245 0.000140 0.000090 0.000034 0.000018 0.000032 0.000011 0.000002 0.000000 0.000000 0.000000 
0.001599 0.000120 0.000010 0.000037 0.001459 3.959631 0.004619 0.001400 0.000157 0.000044 0.000006 0.000001 0.000004 0.000024 0.000004 0.000002 0.000085 0.003764 2.316159 0.004757 0.000312 0.000259 0.002856 310.124542 0.001720 0.000148 0.000081 0.000188 0.000370 0.002093 0.000164 0.000014 0.000011 0.000100 0.001406 0.000170 0.000044 0.000006 0.000001 0.000001 
0.000038 0.000006 0.000002 0.000033 0.001379 31.875095 14.478124 31.430717 0.003711 0.001475 0.000106 0.000008 0.000001 0.000001 0.000000 0.000001 0.000085 0.003756 2.308272 0.009478 0.001707 0.000206 0.000336 0.004420 0.004317 0.001839 0.001447 0.001698 0.005090 24.732195 0.001730 0.000072 0.000069 0.001522 309.716156 0.003858 0.001475 0.000125 0.000021 0.000042 
0.000001 0.000000 0.000001 0.000033 0.001447 3.954479 0.004663 0.001473 0.003817 310.157928 0.001627 0.000114 0.000008 0.000000 0.000000 0.000001 0.000034 0.001344 46.967033 13.683442 49.579620 0.001627 0.000186 0.001873 6.096957 28.442339 24.909796 33.436340 5.667613 8.036966 0.001931 0.000210 0.000336 0.003919 0.005135 0.008206 309.685272 0.001995 0.000322 0.001614 
0.000000 0.000000 0.000000 0.000004 0.000095 0.001389 0.000209 0.000065 0.000186 0.001648 0.000427 0.001591 0.000099 0.000005 0.000001 0.000006 0.000057 0.000121 0.001382 0.002164 0.001336 0.000104 0.000093 0.003133 0.238679 0.006034 0.001566 0.001365 0.001895 0.001803 0.000496 0.001770 0.004272 309.904236 0.002359 0.000525 0.001402 0.000297 0.002190 14.688414 
0.000000 0.000000 0.000000 0.000000 0.000004 0.000026 0.000007 0.000003 0.000012 0.000128 0.001610 155.080200 0.001381 0.000032 0.000009 0.000121 0.001615 0.000163 0.000055 0.000054 0.000027 0.000008 0.000062 0.003055 0.242941 0.003605 0.000158 0.000041 0.000064 0.000154 0.001643 155.015671 0.004139 0.001742 0.000157 0.000028 0.000030 0.000021 0.000150 0.001639 
0.000000 0.000000 0.000000 0.000000 0.000000 0.000001 0.000000 0.000000 0.000002 0.000101 0.003748 5.137289 0.003722 0.000102 0.000051 0.001632 14.662291 0.001635 0.000050 0.000004 0.000001 0.000002 0.000044 0.001628 16.296144 0.001655 0.000055 0.000004 0.000005 0.000105 0.003764 5.128044 0.004303 0.000222 0.000013 0.000001 0.000001 0.000001 0.000008 0.000052 
