399.994385 399.994507 399.994720 399.994934 399.994873 399.994751 399.994568 399.994293 399.994019 399.993805 399.993683 399.993683 399.993774 399.993958 399.994263 399.994659 399.995056 399.995239 399.995422 399.995575 399.995697 399.995117 399.994690 399.994385 399.994232 399.994202 399.994293 399.994476 399.994659 399.994751 399.994812 399.994904 399.995087 399.995453 399.994965 399.994659 399.994537 399.994537 399.994720 399.994965 
399.994446 399.994568 399.994843 399.995361 399.995087 399.994965 399.994812 399.994446 399.994110 399.993896 399.993744 399.993744 399.993835 399.994049 399.994324 399.994751 399.995422 399.995331 399.995544 399.995728 399.995514 399.995056 399.994659 399.994385 399.994232 399.994263 399.994385 399.994629 399.994904 399.994904 399.994934 399.994965 399.995026 399.995087 399.994904 399.994659 399.994537 399.994568 399.994781 399.995331 
399.994507 399.994629 399.994843 399.995148 399.995270 399.995270 399.995361 399.994720 399.994293 399.994019 399.993896 399.993896 399.994019 399.994171 399.994415 399.994720 399.995087 399.995331 399.995728 399.995575 399.995605 399.995026 399.994629 399.994385 399.994293 399.994354 399.994537 399.994904 399.995483 399.995239 399.995178 399.995117 399.995148 399.995056 399.994995 399.994751 399.994568 399.994537 399.994659 399.994843 
399.994659 399.994751 399.994934 399.995209 399.995636 399.995636 399.995239 399.994843 399.994476 399.994202 399.994110 399.994141 399.994293 399.994415 399.994568 399.994720 399.994965 399.995239 399.995667 399.995361 399.995178 399.994843 399.994568 399.994415 399.994354 399.994446 399.994659 399.995056 399.995605 399.995422 399.995575 399.995300 399.995483 399.995209 399.995361 399.994873 399.994659 399.994568 399.994629 399.994659 
399.994843 399.994934 399.995056 399.995270 399.995483 399.995422 399.995209 399.994995 399.994659 399.994385 399.994324 399.994446 399.994690 399.994812 399.994812 399.994843 399.994965 399.995148 399.995331 399.995178 399.994965 399.994751 399.994598 399.994507 399.994476 399.994537 399.994720 399.995056 399.995575 399.995392 399.995392 399.995178 399.995117 399.994995 399.994995 399.994904 399.994690 399.994659 399.994751 399.994690 
399.995117 399.995209 399.995239 399.995392 399.995728 399.995483 399.995331 399.995422 399.994843 399.994568 399.994507 399.994720 399.995331 399.995422 399.995148 399.994995 399.994995 399.995148 399.995514 399.995117 399.994904 399.994751 399.994659 399.994659 399.994659 399.994690 399.994812 399.994965 399.995178 399.995239 399.995483 399.995087 399.994873 399.994781 399.994843 399.995209 399.994751 399.994751 399.995178 399.994812 
399.995392 399.995636 399.995392 399.995453 399.995758 399.995544 399.995300 399.995148 399.994843 399.994659 399.994598 399.994690 399.994995 399.995178 399.995453 399.995117 399.995056 399.995117 399.995148 399.995026 399.994873 399.994812 399.994843 399.994965 399.994934 399.994934 399.994934 399.994995 399.995056 399.995087 399.995087 399.994873 399.994659 399.994568 399.994568 399.994629 399.994537 399.994537 399.994720 399.994690 
399.995544 399.995483 399.995361 399.995392 399.995544 399.995697 399.995331 399.995117 399.994934 399.994751 399.994659 399.994690 399.994812 399.994995 399.995148 399.995087 399.995117 399.995209 399.995148 399.995026 399.994965 399.994965 399.995087 399.995514 399.995331 399.995270 399.995178 399.995178 399.995087 399.995056 399.995026 399.994781 399.994537 399.994385 399.994354 399.994354 399.994324 399.994385 399.994537 399.994751 
399.995850 399.995514 399.995331 399.995331 399.995422 399.995453 399.995300 399.995178 399.995117 399.994904 399.994751 399.994720 399.994781 399.994934 399.995148 399.995148 399.995300 399.995605 399.995300 399.995148 399.995148 399.995087 399.995148 399.995392 399.995697 399.995697 399.995422 399.995575 399.995209 399.995117 399.995331 399.994781 399.994476 399.994324 399.994263 399.994263 399.994232 399.994263 399.994507 399.995117 
399.995819 399.995453 399.995300 399.995331 399.995453 399.995483 399.995361 399.995361 399.995544 399.995148 399.994934 399.994812 399.994812 399.994995 399.995453 399.995239 399.995361 399.995636 399.995361 399.995300 399.995544 399.995209 399.995178 399.995331 399.995514 399.995514 399.995422 399.995361 399.995178 399.995056 399.994965 399.994659 399.994415 399.994293 399.994324 399.994415 399.994232 399.994141 399.994202 399.994385 
399.995361 399.995239 399.995209 399.995331 399.995728 399.995758 399.995483 399.995392 399.995422 399.995331 399.995117 399.994904 399.994812 399.994873 399.995056 399.995148 399.995331 399.995392 399.995270 399.995239 399.995270 399.995178 399.995178 399.995331 399.995667 399.995514 399.995483 399.995361 399.995209 399.995117 399.994873 399.994598 399.994385 399.994354 399.994476 399.994995 399.994354 399.994019 399.993927 399.993927 
399.995087 399.995087 399.995117 399.995209 399.995422 399.995514 399.995544 399.995483 399.995514 399.995728 399.995392 399.995056 399.994843 399.994812 399.994904 399.995117 399.995544 399.995422 399.995270 399.995239 399.995300 399.995178 399.995148 399.995239 399.995422 399.995544 399.995697 399.995483 399.995361 399.995483 399.994934 399.994598 399.994415 399.994354 399.994476 399.994629 399.994232 399.993896 399.993713 399.993622 
399.994965 399.994995 399.995087 399.995148 399.995300 399.995483 399.995789 399.995575 399.995575 399.995819 399.995728 399.995148 399.994843 399.994720 399.994781 399.994995 399.995300 399.995544 399.995300 399.995331 399.995605 399.995270 399.995148 399.995148 399.995331 399.995667 399.995544 399.995636 399.995361 399.995270 399.994934 399.994629 399.994446 399.994415 399.994568 399.994965 399.994232 399.993805 399.993561 399.993469 
399.994965 399.995056 399.995178 399.995178 399.995239 399.995422 399.995758 399.995544 399.995514 399.995575 399.995667 399.995117 399.994781 399.994629 399.994659 399.994873 399.995117 399.995178 399.995117 399.995239 399.995575 399.995270 399.995148 399.995087 399.995148 399.995239 399.995239 399.995270 399.995270 399.995453 399.994965 399.994690 399.994507 399.994476 399.994568 399.994446 399.994019 399.993713 399.993500 399.993408 
399.995026 399.995178 399.995544 399.995270 399.995209 399.995300 399.995453 399.995453 399.995483 399.995361 399.995209 399.994904 399.994629 399.994507 399.994568 399.994781 399.995331 399.995026 399.994934 399.994995 399.995148 399.995148 399.995178 399.995087 399.995056 399.995056 399.995056 399.995056 399.995087 399.995087 399.994904 399.994812 399.994598 399.994568 399.994965 399.994324 399.993896 399.993652 399.993530 399.993500 
399.995087 399.995178 399.995361 399.995239 399.995209 399.995270 399.995361 399.995483 399.995697 399.995331 399.995026 399.994751 399.994507 399.994415 399.994415 399.994568 399.994751 399.994751 399.994751 399.994843 399.994965 399.995148 399.995483 399.995178 399.995087 399.994995 399.994965 399.994995 399.995056 399.994965 399.994934 399.995178 399.994629 399.994385 399.994324 399.994019 399.993805 399.993683 399.993683 399.993744 
399.995209 399.995270 399.995575 399.995270 399.995239 399.995331 399.995392 399.995514 399.995697 399.995270 399.994965 399.994659 399.994446 399.994324 399.994324 399.994415 399.994537 399.994598 399.994659 399.994751 399.994904 399.995087 399.995239 399.995209 399.995209 399.995056 399.994965 399.995026 399.995361 399.994965 399.994781 399.994720 399.994446 399.994202 399.994049 399.993866 399.993774 399.993774 399.993958 399.994202 
399.995361 399.995270 399.995270 399.995178 399.995270 399.995575 399.995422 399.995636 399.995392 399.995148 399.994995 399.994690 399.994446 399.994293 399.994293 399.994385 399.994537 399.994629 399.994659 399.994751 399.994934 399.995178 399.995270 399.995392 399.995575 399.995178 399.994995 399.994934 399.994965 399.994812 399.994720 399.994598 399.994354 399.994110 399.993927 399.993835 399.993805 399.993958 399.994293 399.995026 
399.995728 399.995331 399.995148 399.995087 399.995117 399.995270 399.995239 399.995270 399.995178 399.995117 399.995300 399.994751 399.994476 399.994324 399.994324 399.994476 399.994781 399.994873 399.994812 399.994843 399.995056 399.995514 399.995392 399.995636 399.995392 399.995178 399.994995 399.994904 399.994873 399.994812 399.994781 399.994751 399.994446 399.994171 399.993958 399.993866 399.993927 399.994080 399.994354 399.994598 
399.995697 399.995239 399.995026 399.994995 399.995087 399.995209 399.995148 399.995087 399.995087 399.994934 399.994843 399.994659 399.994598 399.994385 399.994354 399.994629 399.995270 399.995361 399.994995 399.994934 399.995056 399.995239 399.995270 399.995361 399.995331 399.995270 399.995117 399.994995 399.994934 399.994934 399.994995 399.995270 399.994659 399.994293 399.994080 399.993988 399.994080 399.994293 399.994568 399.994598 
399.995148 399.994995 399.994904 399.994965 399.995117 399.995453 399.995117 399.995056 399.995300 399.994781 399.994598 399.994568 399.994995 399.994415 399.994293 399.994476 399.994781 399.994965 399.994995 399.994995 399.995087 399.995209 399.995239 399.995300 399.995392 399.995636 399.995270 399.995148 399.995117 399.995178 399.995117 399.995117 399.994751 399.994415 399.994202 399.994171 399.994263 399.994568 399.995148 399.994812 
399.994812 399.994781 399.994812 399.994934 399.995148 399.995178 399.994965 399.994812 399.994720 399.994476 399.994293 399.994202 399.994263 399.994110 399.994110 399.994263 399.994568 399.994873 399.995117 399.995148 399.995239 399.995361 399.995361 399.995392 399.995422 399.995483 399.995361 399.995300 399.995331 399.995575 399.995331 399.995453 399.994904 399.994537 399.994354 399.994354 399.994446 399.994659 399.994873 399.994812 
399.994659 399.994659 399.994751 399.994995 399.995453 399.995209 399.994904 399.994659 399.994446 399.994202 399.994019 399.993896 399.993866 399.993835 399.993927 399.994141 399.994476 399.994904 399.995514 399.995392 399.995514 399.995728 399.995575 399.995575 399.995575 399.995605 399.995575 399.995453 399.995453 399.995483 399.995300 399.995178 399.994904 399.994659 399.994537 399.994537 399.994690 399.994934 399.994965 399.994965 
399.994629 399.994659 399.994720 399.994904 399.995178 399.995453 399.994965 399.994598 399.994293 399.994049 399.993835 399.993683 399.993622 399.993652 399.993774 399.994019 399.994385 399.994873 399.995544 399.995483 399.995758 399.995667 399.995728 399.995880 399.995758 399.995941 399.995880 399.995636 399.995605 399.995697 399.995331 399.995178 399.995056 399.994843 399.994720 399.994781 399.994995 399.995453 399.995300 399.995178 
399.994751 399.994751 399.994751 399.994873 399.995056 399.995178 399.994934 399.994629 399.994293 399.993988 399.993744 399.993591 399.993530 399.993561 399.993683 399.993927 399.994293 399.994690 399.995148 399.995392 399.995514 399.995636 399.995850 399.995758 399.995758 399.995941 399.995789 399.995697 399.995789 399.995514 399.995270 399.995209 399.995422 399.994995 399.994904 399.995026 399.995087 399.995361 399.995667 399.995422 
399.995056 399.994934 399.994873 399.994904 399.995087 399.995453 399.995056 399.994843 399.994446 399.994049 399.993774 399.993591 399.993500 399.993530 399.993683 399.993927 399.994232 399.994598 399.995026 399.995544 399.995422 399.995514 399.995697 399.995667 399.995667 399.995697 399.995697 399.995667 399.995575 399.995361 399.995178 399.995117 399.995117 399.994995 399.994995 399.995392 399.995148 399.995300 399.995667 399.995575 
399.995575 399.995178 399.995026 399.994995 399.995056 399.995178 399.995178 399.995331 399.994659 399.994202 399.993866 399.993652 399.993591 399.993622 399.993774 399.994019 399.994324 399.994568 399.994843 399.995148 399.995270 399.995453 399.995789 399.995697 399.995605 399.995636 399.995697 399.995880 399.995544 399.995270 399.995117 399.995056 399.995087 399.994934 399.994904 399.994965 399.994995 399.995117 399.995361 399.995667 
399.995361 399.995331 399.995239 399.995087 399.995087 399.995209 399.995209 399.995178 399.994751 399.994354 399.994019 399.993805 399.993744 399.993774 399.993927 399.994232 399.994568 399.994659 399.994781 399.994995 399.995178 399.995331 399.995575 399.995789 399.995605 399.995605 399.995728 399.995911 399.995514 399.995239 399.995087 399.995087 399.995392 399.994934 399.994781 399.994781 399.994812 399.994934 399.995087 399.995209 
399.995361 399.995605 399.995575 399.995178 399.995178 399.995514 399.995361 399.995514 399.994934 399.994537 399.994202 399.994019 399.993958 399.993988 399.994141 399.994507 399.995209 399.994843 399.994812 399.994995 399.995209 399.995300 399.995422 399.995575 399.995514 399.995575 399.995850 399.995850 399.995453 399.995178 399.995026 399.994965 399.994965 399.994812 399.994720 399.994690 399.994720 399.994812 399.994995 399.994965 
399.995209 399.995270 399.995178 399.995026 399.995026 399.995209 399.995361 399.995514 399.995026 399.994751 399.994415 399.994263 399.994324 399.994202 399.994263 399.994568 399.995209 399.994843 399.994843 399.995056 399.995514 399.995331 399.995392 399.995667 399.995422 399.995422 399.995483 399.995514 399.995361 399.995178 399.994995 399.994904 399.994843 399.994751 399.994690 399.994781 399.994690 399.994781 399.995209 399.994843 
399.995117 399.995148 399.994995 399.994873 399.994873 399.995026 399.995422 399.995148 399.994965 399.995148 399.994598 399.994507 399.994965 399.994476 399.994324 399.994415 399.994629 399.994659 399.994781 399.994995 399.995270 399.995239 399.995239 399.995300 399.995239 399.995270 399.995331 399.995392 399.995422 399.995300 399.995056 399.994934 399.994934 399.994781 399.994781 399.995148 399.994659 399.994507 399.994568 399.994476 
399.995117 399.995361 399.994904 399.994690 399.994690 399.994781 399.994873 399.994781 399.994659 399.994598 399.994385 399.994354 399.994507 399.994507 399.994293 399.994263 399.994385 399.994537 399.994751 399.994995 399.995453 399.995209 399.995178 399.995178 399.995148 399.995178 399.995270 399.995483 399.995697 399.995605 399.995178 399.995026 399.995300 399.994781 399.994629 399.994598 399.994385 399.994232 399.994171 399.994141 
399.995026 399.994904 399.994659 399.994537 399.994537 399.994629 399.994629 399.994537 399.994415 399.994293 399.994171 399.994171 399.994354 399.994904 399.994293 399.994171 399.994263 399.994507 399.994812 399.994934 399.995087 399.995148 399.995239 399.995178 399.995117 399.995148 399.995300 399.995636 399.995453 399.995300 399.995056 399.994904 399.994843 399.994629 399.994476 399.994324 399.994171 399.994049 399.993958 399.993896 
399.995209 399.994659 399.994415 399.994385 399.994537 399.994720 399.994629 399.994507 399.994324 399.994171 399.994019 399.993958 399.994019 399.994141 399.994019 399.994019 399.994171 399.994537 399.995178 399.994934 399.994995 399.995148 399.995544 399.995331 399.995209 399.995148 399.995209 399.995300 399.995239 399.995148 399.994965 399.994781 399.994690 399.994568 399.994446 399.994293 399.994141 399.993988 399.993866 399.993835 
399.994354 399.994171 399.994110 399.994232 399.994629 399.995239 399.994843 399.994690 399.994415 399.994202 399.993988 399.993835 399.993774 399.993805 399.993774 399.993866 399.994080 399.994385 399.994751 399.994843 399.994934 399.995056 399.995300 399.995575 399.995300 399.995209 399.995209 399.995239 399.995239 399.995209 399.994995 399.994812 399.994690 399.994659 399.994659 399.994446 399.994263 399.994049 399.993958 399.993896 
399.993683 399.993652 399.993744 399.994019 399.994537 399.995270 399.994934 399.995117 399.994568 399.994385 399.994049 399.993835 399.993683 399.993652 399.993652 399.993774 399.994019 399.994354 399.994751 399.994843 399.994995 399.994995 399.995117 399.995300 399.995361 399.995361 399.995300 399.995331 399.995361 399.995575 399.995148 399.994873 399.994781 399.994873 399.995209 399.994720 399.994537 399.994263 399.994141 399.994110 
399.993134 399.993195 399.993347 399.993683 399.994232 399.995056 399.994629 399.994537 399.994507 399.994873 399.994232 399.993927 399.993713 399.993622 399.993652 399.993774 399.994049 399.994446 399.995117 399.994934 399.995300 399.994965 399.994995 399.995209 399.995605 399.995636 399.995422 399.995605 399.995392 399.995575 399.995178 399.994965 399.994904 399.994965 399.994904 399.994781 399.995056 399.994507 399.994354 399.994507 
399.992706 399.992798 399.992981 399.993256 399.993652 399.994049 399.994049 399.994049 399.994110 399.994232 399.994141 399.994141 399.993835 399.993683 399.993683 399.993866 399.994110 399.994324 399.994598 399.994659 399.994781 399.994751 399.994843 399.995056 399.995270 399.995300 399.995209 399.995209 399.995148 399.995178 399.995087 399.995087 399.995026 399.995270 399.994812 399.994598 399.994568 399.994415 399.994537 399.995117 
399.992401 399.992493 399.992645 399.992920 399.993225 399.993469 399.993591 399.993683 399.993774 399.993927 399.994171 399.994751 399.994049 399.993774 399.993805 399.994049 399.994354 399.994354 399.994385 399.994415 399.994507 399.994598 399.994751 399.994965 399.995209 399.995148 399.995056 399.994995 399.994934 399.994965 399.995056 399.995361 399.994995 399.994843 399.994598 399.994415 399.994293 399.994232 399.994324 399.994537 
399.992218 399.992310 399.992493 399.992706 399.992981 399.993195 399.993347 399.993469 399.993591 399.993774 399.993958 399.994171 399.993958 399.993805 399.993927 399.994293 399.995026 399.994537 399.994354 399.994324 399.994385 399.994507 399.994720 399.995026 399.995514 399.995178 399.994995 399.994873 399.994843 399.994843 399.994904 399.994995 399.994843 399.994659 399.994446 399.994293 399.994171 399.994141 399.994171 399.994263 
