0.000000 0.000000 0.000000 0.000003 0.000000 0.000000 0.000000 0.000000 0.000000 0.000000 0.000000 0.000000 0.000000 0.000000 0.000000 0.000000 0.000003 0.000000 0.000000 0.000013 0.038116 0.000003 0.000000 0.000000 0.000000 0.000000 0.000000 0.000000 0.000000 0.000000 0.000000 0.000000 0.000003 0.038101 0.000003 0.000000 0.000000 0.000000 0.000000 0.000003 
0.000000 0.000000 0.000003 0.037709 0.000003 0.000000 0.000003 0.000000 0.000000 0.000000 0.000000 0.000000 0.000000 0.000000 0.000000 0.000003 0.037709 0.000003 0.000013 0.037732 0.000029 0.000000 0.000000 0.000000 0.000000 0.000000 0.000000 0.000000 0.000003 0.000000 0.000000 0.000000 0.000000 0.000003 0.000000 0.000000 0.000000 0.000000 0.000003 0.038101 
0.000000 0.000000 0.000000 0.000003 0.000003 0.000013 0.037717 0.000003 0.000000 0.000000 0.000000 0.000000 0.000000 0.000000 0.000000 0.000000 0.000003 0.000003 0.038114 0.000029 0.037724 0.000003 0.000000 0.000000 0.000000 0.000000 0.000000 0.000003 0.038103 0.000003 0.000003 0.000000 0.000003 0.000000 0.000003 0.000000 0.000000 0.000000 0.000000 0.000003 
0.000000 0.000000 0.000000 0.000003 0.038105 0.038111 0.000013 0.000000 0.000000 0.000000 0.000000 0.000000 0.000000 0.000000 0.000000 0.000000 0.000000 0.000003 0.038107 0.000003 0.000003 0.000000 0.000000 0.000000 0.000000 0.000000 0.000000 0.000003 0.038819 0.000013 0.037721 0.000013 0.037717 0.000013 0.037713 0.000003 0.000000 0.000000 0.000000 0.000000 
0.000000 0.000000 0.000000 0.000000 0.000013 0.000003 0.000000 0.000003 0.000000 0.000000 0.000000 0.000000 0.000003 0.000003 0.000000 0.000000 0.000000 0.000000 0.000013 0.000000 0.000000 0.000000 0.000000 0.000000 0.000000 0.000000 0.000000 0.000003 0.038103 0.000004 0.000013 0.000000 0.000003 0.000000 0.000003 0.000003 0.000000 0.000000 0.000003 0.000000 
0.000000 0.000003 0.000000 0.000003 0.038107 0.000003 0.000003 0.037709 0.000003 0.000000 0.000000 0.000003 0.038101 0.038111 0.000013 0.000000 0.000000 0.000003 0.037713 0.000003 0.000000 0.000000 0.000000 0.000000 0.000000 0.000000 0.000000 0.000000 0.000003 0.000003 0.037713 0.000003 0.000000 0.000000 0.000003 0.037709 0.000003 0.000003 0.037709 0.000003 
0.000003 0.037709 0.000003 0.000003 0.038111 0.000013 0.000000 0.000003 0.000000 0.000000 0.000000 0.000000 0.000003 0.000013 0.037717 0.000003 0.000000 0.000000 0.000003 0.000000 0.000000 0.000000 0.000000 0.000003 0.000000 0.000000 0.000000 0.000000 0.000000 0.000000 0.000003 0.000000 0.000000 0.000000 0.000000 0.000003 0.000000 0.000000 0.000003 0.000000 
0.000003 0.000003 0.000000 0.000000 0.000013 0.037717 0.000003 0.000000 0.000000 0.000000 0.000000 0.000000 0.000000 0.000000 0.000003 0.000000 0.000000 0.000003 0.000000 0.000000 0.000000 0.000000 0.000003 0.037717 0.000013 0.000003 0.000000 0.000003 0.000000 0.000000 0.000003 0.000000 0.000000 0.000000 0.000000 0.000000 0.000000 0.000000 0.000000 0.000003 
0.038497 0.000003 0.000000 0.000000 0.000000 0.000003 0.000000 0.000000 0.000003 0.000000 0.000000 0.000000 0.000000 0.000000 0.000003 0.000000 0.000003 0.038101 0.000003 0.000000 0.000003 0.000000 0.000000 0.000013 0.038114 0.038107 0.000013 0.037713 0.000003 0.000003 0.037709 0.000003 0.000000 0.000000 0.000000 0.000000 0.000000 0.000000 0.000003 0.038101 
0.038496 0.000003 0.000000 0.000000 0.000003 0.000003 0.000000 0.000003 0.037709 0.000003 0.000000 0.000000 0.000000 0.000003 0.037709 0.000003 0.000003 0.038102 0.000003 0.000003 0.037709 0.000003 0.000000 0.000000 0.000013 0.000003 0.000000 0.000003 0.000000 0.000000 0.000003 0.000000 0.000000 0.000000 0.000000 0.000003 0.000000 0.000000 0.000000 0.000003 
0.000003 0.000000 0.000000 0.000003 0.038101 0.038101 0.000003 0.000000 0.000003 0.000003 0.000000 0.000000 0.000000 0.000000 0.000003 0.000000 0.000003 0.000003 0.000000 0.000000 0.000003 0.000000 0.000000 0.000003 0.037713 0.000003 0.000003 0.000000 0.000000 0.000003 0.000000 0.000000 0.000000 0.000000 0.000003 0.037713 0.000003 0.000000 0.000000 0.000000 
0.000000 0.000000 0.000000 0.000000 0.000003 0.000003 0.000003 0.000000 0.000003 0.038106 0.000013 0.000000 0.000000 0.000000 0.000000 0.000003 0.037717 0.000013 0.000000 0.000000 0.000003 0.000000 0.000000 0.000000 0.000003 0.000013 0.037724 0.000013 0.000003 0.037713 0.000003 0.000000 0.000000 0.000000 0.000000 0.000013 0.000000 0.000000 0.000000 0.000000 
0.000000 0.000000 0.000000 0.000000 0.000000 0.000003 0.038101 0.000003 0.000003 0.038501 0.038501 0.000003 0.000000 0.000000 0.000000 0.000000 0.000013 0.037717 0.000003 0.000003 0.038101 0.000003 0.000000 0.000000 0.000003 0.037720 0.000029 0.037720 0.000003 0.000013 0.000000 0.000000 0.000000 0.000000 0.000003 0.037713 0.000003 0.000000 0.000000 0.000000 
0.000000 0.000000 0.000003 0.000000 0.000000 0.000003 0.038101 0.000003 0.000000 0.000013 0.038106 0.000003 0.000000 0.000000 0.000000 0.000000 0.000003 0.000003 0.000000 0.000003 0.038101 0.000003 0.000000 0.000000 0.000000 0.000003 0.000000 0.000003 0.000003 0.037713 0.000003 0.000000 0.000000 0.000000 0.000003 0.000003 0.000000 0.000000 0.000000 0.000000 
0.000000 0.000003 0.037713 0.000003 0.000000 0.000000 0.000003 0.000000 0.000003 0.000000 0.000003 0.000000 0.000000 0.000000 0.000000 0.000003 0.037709 0.000003 0.000000 0.000000 0.000003 0.000000 0.000003 0.000000 0.000000 0.000000 0.000000 0.000000 0.000000 0.000003 0.000000 0.000003 0.000000 0.000003 0.037709 0.000003 0.000000 0.000000 0.000000 0.000000 
0.000000 0.000000 0.000013 0.000000 0.000000 0.000000 0.000000 0.000003 0.038101 0.000003 0.000000 0.000000 0.000000 0.000000 0.000000 0.000000 0.000003 0.000000 0.000000 0.000000 0.000000 0.000003 0.037709 0.000003 0.000000 0.000000 0.000000 0.000000 0.000003 0.000000 0.000003 0.037709 0.000003 0.000000 0.000003 0.000000 0.000000 0.000000 0.000000 0.000000 
0.000000 0.000003 0.037713 0.000003 0.000000 0.000003 0.000000 0.000013 0.038111 0.000003 0.000000 0.000000 0.000000 0.000000 0.000000 0.000000 0.000000 0.000000 0.000000 0.000000 0.000002 0.000000 0.000003 0.000000 0.000003 0.000000 0.000000 0.000003 0.037709 0.000003 0.000000 0.000003 0.000000 0.000000 0.000000 0.000000 0.000000 0.000000 0.000000 0.000003 
0.000003 0.000000 0.000003 0.000000 0.000003 0.037713 0.000013 0.037720 0.000013 0.000000 0.000003 0.000000 0.000000 0.000000 0.000000 0.000000 0.000000 0.000000 0.000000 0.000011 0.005640 0.000011 0.000000 0.000013 0.037716 0.000003 0.000000 0.000000 0.000003 0.000000 0.000000 0.000000 0.000000 0.000000 0.000000 0.000000 0.000000 0.000000 0.000003 0.038101 
0.038496 0.000003 0.000000 0.000000 0.000000 0.000003 0.000000 0.000003 0.000000 0.000003 0.037709 0.000003 0.000000 0.000000 0.000000 0.000000 0.000003 0.000003 0.000016 0.009962 21.810095 0.010389 0.000020 0.037717 0.000013 0.000000 0.000000 0.000000 0.000000 0.000000 0.000000 0.000003 0.000000 0.000000 0.000000 0.000000 0.000000 0.000000 0.000000 0.000003 
0.038496 0.000003 0.000000 0.000000 0.000000 0.000003 0.000000 0.000000 0.000003 0.000000 0.000003 0.000000 0.000003 0.000000 0.000000 0.000003 0.038102 0.038412 0.016167 15.351337 41.713394 15.350057 0.009966 0.000014 0.000000 0.000003 0.000000 0.000000 0.000000 0.000000 0.000003 0.037713 0.000003 0.000000 0.000000 0.000000 0.000000 0.000000 0.000003 0.000000 
0.000003 0.000000 0.000000 0.000000 0.000003 0.037709 0.000003 0.000003 0.037709 0.000003 0.000000 0.000003 0.037709 0.000003 0.000000 0.000000 0.000005 0.005642 21.810043 41.712807 45.538326 41.713509 21.810148 0.005643 0.000005 0.037709 0.000003 0.000000 0.000000 0.000003 0.000000 0.000013 0.000000 0.000000 0.000000 0.000000 0.000000 0.000003 0.037709 0.000003 
0.000000 0.000000 0.000000 0.000000 0.000003 0.000003 0.000000 0.000000 0.000003 0.000000 0.000000 0.000000 0.000003 0.000000 0.000000 0.000000 0.000000 0.000012 0.021039 15.359942 41.713280 15.350023 0.009962 0.000011 0.000000 0.000003 0.000000 0.000000 0.000003 0.037717 0.000013 0.037717 0.000003 0.000000 0.000000 0.000000 0.000000 0.000000 0.000003 0.000000 
0.000000 0.000000 0.000000 0.000003 0.037717 0.000013 0.000000 0.000000 0.000000 0.000000 0.000000 0.000000 0.000000 0.000000 0.000000 0.000000 0.000000 0.000003 0.038655 0.021232 21.810965 0.010365 0.000016 0.000003 0.000000 0.000003 0.000003 0.000000 0.000000 0.000013 0.000000 0.000003 0.000000 0.000000 0.000000 0.000000 0.000000 0.000003 0.000000 0.000000 
0.000000 0.000000 0.000000 0.000000 0.000013 0.037720 0.000003 0.000000 0.000000 0.000000 0.000000 0.000000 0.000000 0.000000 0.000000 0.000000 0.000000 0.000003 0.038106 0.000021 0.006749 0.000011 0.000013 0.037721 0.000013 0.038500 0.038106 0.000003 0.000013 0.037720 0.000003 0.000000 0.000003 0.000000 0.000000 0.000000 0.000003 0.037717 0.000013 0.000000 
0.000000 0.000000 0.000000 0.000000 0.000000 0.000013 0.000000 0.000000 0.000000 0.000000 0.000000 0.000000 0.000000 0.000000 0.000000 0.000000 0.000000 0.000000 0.000003 0.000003 0.000002 0.000003 0.037720 0.000013 0.000003 0.038106 0.000013 0.000003 0.037717 0.000013 0.000000 0.000003 0.037709 0.000003 0.000000 0.000003 0.000000 0.000013 0.038111 0.000003 
0.000003 0.000000 0.000000 0.000000 0.000003 0.037713 0.000003 0.000003 0.000000 0.000000 0.000000 0.000000 0.000000 0.000000 0.000000 0.000000 0.000000 0.000000 0.000003 0.037709 0.000003 0.000000 0.000013 0.000000 0.000000 0.000003 0.000000 0.000003 0.000003 0.000000 0.000000 0.000000 0.000003 0.000000 0.000003 0.037709 0.000003 0.000003 0.038111 0.000013 
0.038101 0.000003 0.000000 0.000000 0.000000 0.000003 0.000003 0.037713 0.000003 0.000000 0.000000 0.000000 0.000000 0.000000 0.000000 0.000000 0.000000 0.000000 0.000000 0.000003 0.000000 0.000003 0.037720 0.000013 0.000000 0.000000 0.000003 0.038103 0.000003 0.000000 0.000000 0.000000 0.000003 0.000000 0.000000 0.000003 0.000000 0.000000 0.000013 0.038111 
0.000003 0.000003 0.000003 0.000000 0.000000 0.000003 0.000000 0.000013 0.000000 0.000000 0.000000 0.000000 0.000000 0.000000 0.000000 0.000000 0.000003 0.000000 0.000000 0.000000 0.000000 0.000000 0.000013 0.037720 0.000003 0.000000 0.000013 0.038822 0.000003 0.000000 0.000000 0.000003 0.037709 0.000003 0.000000 0.000000 0.000000 0.000000 0.000000 0.000003 
0.000003 0.038102 0.038101 0.000003 0.000003 0.037713 0.000013 0.038111 0.000003 0.000000 0.000000 0.000000 0.000000 0.000000 0.000000 0.000003 0.038101 0.000003 0.000000 0.000000 0.000003 0.000000 0.000000 0.000013 0.000000 0.000003 0.038106 0.038496 0.000003 0.000000 0.000000 0.000000 0.000003 0.000000 0.000000 0.000000 0.000000 0.000000 0.000003 0.000000 
0.000000 0.000003 0.000003 0.000000 0.000000 0.000003 0.000013 0.038111 0.000003 0.000003 0.000000 0.000000 0.000003 0.000000 0.000000 0.000003 0.038101 0.000003 0.000000 0.000003 0.037713 0.000003 0.000003 0.037713 0.000003 0.000000 0.000003 0.000003 0.000000 0.000000 0.000000 0.000000 0.000000 0.000000 0.000000 0.000003 0.000000 0.000003 0.037709 0.000003 
0.000000 0.000003 0.000000 0.000000 0.000000 0.000003 0.037717 0.000013 0.000003 0.037709 0.000003 0.000003 0.037709 0.000003 0.000000 0.000000 0.000003 0.000000 0.000000 0.000000 0.000013 0.000000 0.000000 0.000003 0.000000 0.000000 0.000000 0.000000 0.000003 0.000003 0.000000 0.000000 0.000003 0.000000 0.000003 0.037709 0.000003 0.000000 0.000003 0.000000 
0.000003 0.037709 0.000003 0.000000 0.000000 0.000000 0.000003 0.000000 0.000000 0.000003 0.000000 0.000000 0.000003 0.000003 0.000000 0.000000 0.000000 0.000000 0.000000 0.000003 0.037713 0.000003 0.000000 0.000000 0.000000 0.000000 0.000000 0.000013 0.038111 0.038101 0.000003 0.000003 0.037709 0.000003 0.000000 0.000003 0.000000 0.000000 0.000000 0.000000 
0.000003 0.000003 0.000000 0.000000 0.000000 0.000000 0.000000 0.000000 0.000000 0.000000 0.000000 0.000000 0.000003 0.037709 0.000003 0.000000 0.000000 0.000000 0.000003 0.000000 0.000003 0.000000 0.000003 0.000000 0.000000 0.000000 0.000003 0.037717 0.000013 0.000003 0.000000 0.000000 0.000003 0.000000 0.000000 0.000000 0.000000 0.000000 0.000000 0.000000 
0.038101 0.000003 0.000000 0.000000 0.000000 0.000003 0.000000 0.000000 0.000000 0.000000 0.000000 0.000000 0.000000 0.000003 0.000000 0.000000 0.000000 0.000003 0.037709 0.000003 0.000000 0.000003 0.037716 0.000013 0.000000 0.000000 0.000000 0.000003 0.000000 0.000000 0.000000 0.000000 0.000000 0.000000 0.000000 0.000000 0.000000 0.000000 0.000000 0.000000 
0.000003 0.000000 0.000000 0.000000 0.000003 0.038103 0.000003 0.000003 0.000000 0.000000 0.000000 0.000000 0.000000 0.000000 0.000000 0.000000 0.000000 0.000000 0.000003 0.000000 0.000000 0.000000 0.000013 0.037717 0.000003 0.000000 0.000000 0.000000 0.000000 0.000003 0.000000 0.000000 0.000000 0.000000 0.000003 0.000000 0.000000 0.000000 0.000000 0.000000 
0.000000 0.000000 0.000000 0.000000 0.000003 0.038819 0.000013 0.037713 0.000003 0.000003 0.000000 0.000000 0.000000 0.000000 0.000000 0.000000 0.000000 0.000000 0.000003 0.000000 0.000003 0.000000 0.000000 0.000003 0.000003 0.000003 0.000000 0.000003 0.000003 0.038101 0.000003 0.000000 0.000000 0.000003 0.037709 0.000003 0.000003 0.000000 0.000000 0.000000 
0.000000 0.000000 0.000000 0.000000 0.000003 0.038103 0.000003 0.000003 0.000003 0.037709 0.000003 0.000000 0.000000 0.000000 0.000000 0.000000 0.000000 0.000003 0.037713 0.000013 0.037713 0.000003 0.000000 0.000003 0.038101 0.038107 0.000013 0.037717 0.000013 0.038105 0.000003 0.000000 0.000000 0.000003 0.000003 0.000003 0.037709 0.000003 0.000000 0.000003 
0.000000 0.000000 0.000000 0.000000 0.000000 0.000003 0.000000 0.000000 0.000000 0.000003 0.000000 0.000003 0.000000 0.000000 0.000000 0.000000 0.000000 0.000000 0.000003 0.000000 0.000003 0.000000 0.000000 0.000000 0.000003 0.000003 0.000000 0.000003 0.000000 0.000003 0.000000 0.000003 0.000003 0.037709 0.000003 0.000000 0.000003 0.000000 0.000003 0.038101 
0.000000 0.000000 0.000000 0.000000 0.000000 0.000000 0.000000 0.000000 0.000000 0.000000 0.000003 0.037709 0.000003 0.000000 0.000000 0.000000 0.000003 0.000000 0.000000 0.000000 0.000000 0.000000 0.000000 0.000000 0.000003 0.000000 0.000000 0.000000 0.000000 0.000000 0.000003 0.037709 0.000003 0.000003 0.000000 0.000000 0.000000 0.000000 0.000000 0.000003 
0.000000 0.000000 0.000000 0.000000 0.000000 0.000000 0.000000 0.000000 0.000000 0.000000 0.000000 0.000003 0.000000 0.000000 0.000000 0.000003 0.038101 0.000003 0.000000 0.000000 0.000000 0.000000 0.000000 0.000003 0.038101 0.000003 0.000000 0.000000 0.000000 0.000000 0.000000 0.000003 0.000000 0.000000 0.000000 0.000000 0.000000 0.000000 0.000000 0.000000 
