0.000002 0.000098 0.004349 1.223034 0.004884 0.000211 0.000062 0.000008 0.000000 0.000000 0.000000 0.000000 0.000000 0.000001 0.000098 0.004343 1.191776 0.012615 0.004616 0.018411 7.661625 0.001925 0.000064 0.000002 0.000000 0.000000 0.000000 0.000007 0.000043 0.000014 0.000008 0.000072 0.001932 5.980401 0.001903 0.000059 0.000004 0.000061 0.002756 0.150795 
0.000001 0.000041 0.001679 38.887962 0.003047 0.000779 0.001738 0.000129 0.000006 0.000000 0.000000 0.000000 0.000000 0.000001 0.000041 0.001677 38.111660 0.041609 0.036690 26.075932 0.943588 0.003446 0.000102 0.000002 0.000000 0.000000 0.000006 0.000117 0.001528 0.000267 0.000079 0.000180 0.002351 0.109152 0.002197 0.000066 0.000005 0.000047 0.001784 5.360088 
0.000000 0.000011 0.000255 0.004924 0.006653 0.009324 52.171322 0.001692 0.000039 0.000001 0.000000 0.000000 0.000001 0.000002 0.000009 0.000149 0.002102 0.005212 3.350925 0.351343 25.094213 0.001677 0.000043 0.000001 0.000000 0.000001 0.000041 0.001582 2.204198 0.005427 0.001740 0.002467 0.004663 0.107993 0.004240 0.000229 0.000018 0.000017 0.000190 0.002294 
0.000002 0.000007 0.000099 0.001960 4.767865 5.787474 0.020871 0.000978 0.000043 0.000001 0.000001 0.000007 0.000050 0.000052 0.000013 0.000020 0.000201 0.002295 14.823083 0.005690 0.001984 0.000142 0.000007 0.000000 0.000000 0.000001 0.000048 0.001707 17.195499 2.933947 15.891931 5.705593 36.893635 4.960912 17.119505 0.001927 0.000232 0.000133 0.000103 0.000326 
0.000094 0.000064 0.000336 0.004143 1.653760 0.494998 0.019746 0.003169 0.000195 0.000010 0.000009 0.000147 0.001846 0.001849 0.000194 0.000029 0.000076 0.001869 6.857780 0.002178 0.000168 0.000013 0.000001 0.000001 0.000000 0.000001 0.000042 0.001585 2.204841 0.497848 4.065547 0.005423 0.002093 0.003027 0.004893 0.004802 0.005063 0.004557 0.001815 0.005092 
0.003855 0.001731 0.004297 0.007891 11.383494 0.720055 0.724680 43.316841 0.001699 0.000047 0.000052 0.001793 5.356069 5.441829 0.003149 0.000218 0.000089 0.001641 9.122784 0.001572 0.000048 0.000004 0.000007 0.000036 0.000011 0.000004 0.000014 0.000169 0.002348 0.005470 21.170288 0.002032 0.000224 0.000241 0.002079 38.339828 1.354524 1.356245 52.375835 1.520399 
0.558881 45.529030 0.253858 0.246697 4.208916 0.600972 0.009538 0.002185 0.000175 0.000011 0.000010 0.000165 0.002255 0.006162 38.861427 0.001917 0.000181 0.000429 0.002571 0.000175 0.000016 0.000011 0.000131 0.001684 0.000259 0.000082 0.000063 0.000101 0.000626 0.006174 0.829062 0.004411 0.000129 0.000023 0.000150 0.001704 0.004464 0.004838 0.003275 0.032987 
0.480183 0.005853 0.004318 0.004566 0.008432 50.439266 0.002202 0.000289 0.000094 0.000011 0.000002 0.000014 0.000263 0.005218 1.169188 0.007459 0.001555 0.002601 0.000738 0.000191 0.000064 0.000076 0.001772 52.532642 0.005187 0.001995 0.001876 0.001698 0.005500 0.016031 0.831558 0.004266 0.000099 0.000004 0.000009 0.000054 0.000118 0.000198 0.001101 0.035064 
4.264485 0.002563 0.000305 0.000423 0.005432 0.319423 0.005030 0.000836 0.001805 0.000140 0.000009 0.000004 0.000120 0.004456 1.168518 0.034435 0.036489 5.177995 0.007632 0.004362 0.001730 0.000241 0.000439 0.006234 3.058780 12.633640 8.479629 10.558728 0.505994 0.511123 35.829014 0.001674 0.000041 0.000003 0.000008 0.000046 0.000019 0.000060 0.001811 5.395036 
3.462020 0.002123 0.000139 0.000454 0.008760 0.312125 0.010686 0.013666 52.465374 0.001823 0.000072 0.000007 0.000044 0.001680 36.114433 0.280545 0.273931 5.954275 0.328677 0.335334 41.791927 0.002166 0.000328 0.002954 1.316364 0.268835 0.250204 0.010701 0.008814 0.015963 0.002884 0.000181 0.000010 0.000008 0.000122 0.001659 0.000129 0.000026 0.000155 0.001850 
0.001950 0.000196 0.000090 0.001878 5.382053 5.421546 0.004948 0.002229 0.012595 0.004924 0.000348 0.000026 0.000012 0.000145 0.001993 0.008220 0.281354 0.034153 0.015567 0.025071 0.370419 0.004280 0.000265 0.002010 20.804829 0.262110 0.256228 0.007982 0.003450 0.018917 0.000806 0.000039 0.000004 0.000043 0.001656 25.197546 0.001665 0.000049 0.000013 0.000052 
0.000057 0.000013 0.000018 0.000187 0.002323 0.005801 0.008712 0.005128 0.008662 9.502135 0.003404 0.000213 0.000014 0.000016 0.000170 0.002018 46.671539 0.029261 0.015926 0.025541 0.363909 0.004057 0.000156 0.000288 0.004775 0.081584 49.558571 0.020316 0.024337 30.903154 0.001691 0.000050 0.000006 0.000110 0.003779 3.853980 0.003750 0.000104 0.000003 0.000002 
0.000003 0.000009 0.000042 0.000041 0.000240 0.002391 5.558074 0.124542 0.121818 2.774423 2.526512 0.001852 0.000054 0.000004 0.000030 0.000538 0.010144 46.288273 0.389476 0.382768 6.872081 0.002634 0.000158 0.000094 0.001853 44.588055 0.469999 35.302673 1.029140 1.038211 0.003458 0.000121 0.000011 0.000079 0.001784 25.287172 0.001655 0.000042 0.000001 0.000000 
0.000009 0.000124 0.001656 0.000159 0.000120 0.002002 5.340316 0.010702 0.007373 0.009951 9.844365 0.001911 0.000053 0.000003 0.000022 0.000572 0.013615 0.119802 0.021550 0.090690 18.952528 0.053448 0.002728 0.000097 0.000152 0.001712 0.003779 0.001930 0.005013 30.850729 0.002025 0.000196 0.000052 0.000303 0.004656 0.004610 0.000230 0.000010 0.000000 0.000000 
0.000059 0.001695 27.672823 0.001769 0.000102 0.000262 0.002848 0.001708 0.010421 0.001561 0.002340 0.000180 0.000009 0.000002 0.000037 0.001687 52.147514 0.123188 0.122891 0.658022 22.712576 0.554374 0.005358 0.000733 0.000074 0.000053 0.000099 0.000142 0.000707 0.003208 0.000825 0.002060 0.000436 0.002493 52.760406 0.001807 0.000063 0.000002 0.000000 0.000001 
0.000174 0.004178 2.911883 0.004292 0.000201 0.000140 0.000660 0.002989 5.521702 0.002343 0.000255 0.000019 0.000001 0.000000 0.000017 0.001677 0.130513 0.177856 0.941536 3.004819 18.849779 12.180738 34.548985 0.003060 0.000820 0.000059 0.000021 0.000222 0.002896 0.000975 0.003278 52.947289 0.002436 0.000394 0.001689 0.000131 0.000008 0.000001 0.000007 0.000050 
0.000277 0.002117 27.699812 0.002401 0.000421 0.001789 0.004677 0.007170 5.443573 0.002302 0.000238 0.000018 0.000001 0.000001 0.000059 0.003844 0.131103 1.098871 4.575060 6.345468 27.118671 22.088890 27.404263 0.381708 0.003256 0.000674 0.000119 0.001810 52.896347 0.002573 0.000495 0.002032 0.000198 0.000030 0.000038 0.000006 0.000001 0.000007 0.000146 0.001846 
0.002490 0.000723 0.002056 0.000441 0.002364 20.860861 4.504797 21.885572 0.004557 0.001021 0.002127 0.000173 0.000014 0.000027 0.001180 0.045275 0.693401 4.607158 8.226412 22.716667 33.553028 40.600670 28.139648 9.328342 37.141968 0.004549 0.001631 0.000197 0.001711 0.000191 0.000068 0.000178 0.000029 0.000002 0.000001 0.000000 0.000001 0.000044 0.001776 5.393281 
3.592181 0.002419 0.000238 0.000197 0.004559 0.782421 0.058167 0.033117 0.002216 0.004718 52.899136 0.002023 0.000175 0.000927 0.013346 0.210835 1.085359 4.409932 13.588691 22.117498 53.615707 60.799171 53.747730 30.154282 2.561246 1.302485 0.070564 0.001190 0.000056 0.000038 0.000169 0.001918 0.000136 0.000007 0.000000 0.000000 0.000001 0.000040 0.001006 0.031941 
3.575745 0.002041 0.000092 0.000136 0.004313 0.785055 0.052065 0.030670 0.004652 0.001081 0.002561 0.000715 0.002034 0.035132 0.115636 0.381984 3.549035 31.862549 23.101469 39.462257 81.667213 71.669281 41.895065 19.655308 3.465312 1.309579 0.094830 0.002322 0.000054 0.000159 0.001907 18.792164 0.001623 0.000039 0.000001 0.000000 0.000008 0.000185 0.003112 0.029593 
0.001961 0.000173 0.000020 0.000078 0.001804 33.518860 1.121336 1.122382 39.037308 0.002520 0.000482 0.002553 51.475819 1.134732 1.147242 3.529514 14.099773 19.193790 43.729710 72.935196 386.259460 118.525345 91.354889 61.784164 48.861908 28.515852 0.003449 0.001124 0.000277 0.001893 0.005971 4.419402 0.002676 0.000072 0.000002 0.000001 0.000038 0.001672 38.777969 1.210534 
0.000056 0.000011 0.000014 0.000241 0.004719 0.013413 0.006601 0.004707 0.001690 0.000175 0.000043 0.000176 0.001708 0.047598 0.334679 2.360506 7.675544 16.413914 17.562593 35.803017 76.167084 62.865730 35.840694 18.327883 6.382701 2.260789 0.142729 0.004369 0.005279 16.853170 1.700055 16.812424 0.001619 0.000042 0.000002 0.000002 0.000030 0.000412 0.002886 0.005338 
0.000002 0.000002 0.000037 0.001686 52.480762 0.010072 0.000829 0.000191 0.000047 0.000008 0.000002 0.000007 0.000047 0.001732 0.044490 0.690473 3.526535 3.351905 14.627180 21.248333 47.333977 50.042023 46.090042 15.837537 6.018353 2.347277 0.150541 0.005230 0.007526 4.389928 0.007711 0.002974 0.000408 0.000033 0.000004 0.000015 0.000194 0.002453 0.000753 0.000446 
0.000002 0.000001 0.000011 0.000283 0.005037 21.628473 0.001681 0.000068 0.000005 0.000000 0.000000 0.000000 0.000001 0.000045 0.002261 0.068676 0.642753 1.233309 4.986782 29.944479 23.671396 27.888004 56.500763 18.893032 6.071629 8.073242 7.043422 0.023515 0.019440 18.854122 0.003003 0.000901 0.002425 0.000248 0.000058 0.000176 0.002029 48.341606 0.006860 0.003716 
0.000050 0.000009 0.000006 0.000125 0.003424 4.808531 0.003682 0.000221 0.000013 0.000000 0.000000 0.000000 0.000000 0.000001 0.000065 0.003162 0.072038 0.661779 0.740311 28.968241 13.993288 11.899955 28.509203 0.105397 0.121661 6.714018 0.014978 0.019318 51.682880 0.003651 0.000609 0.002728 38.822422 0.003178 0.001058 0.002030 0.008002 0.200419 5.486998 0.148184 
0.001846 0.000176 0.000025 0.000068 0.001689 23.684664 0.004802 0.001909 0.000126 0.000006 0.000000 0.000000 0.000000 0.000000 0.000001 0.000073 0.002494 0.032566 0.035911 28.926020 2.143171 2.227860 4.594176 0.042754 0.015768 0.002798 0.002731 0.022476 0.004800 0.000381 0.000237 0.004898 1.215420 0.029582 0.032949 47.602543 0.252646 0.245216 5.468041 0.169886 
5.370273 0.002311 0.000239 0.000333 0.004307 0.317144 0.311240 10.234441 0.001574 0.000038 0.000001 0.000000 0.000000 0.000000 0.000000 0.000008 0.000091 0.000826 0.003192 0.003795 0.593895 0.612983 23.782595 0.018377 0.001710 0.000548 0.002485 2.489029 0.001841 0.000105 0.000143 0.004512 1.215548 0.006708 0.001163 0.001751 0.003494 0.004109 0.006435 5.437399 
0.185180 0.005963 0.002385 0.004431 0.012430 0.315420 0.314464 5.445123 0.001998 0.000073 0.000005 0.000002 0.000001 0.000001 0.000008 0.000147 0.001791 0.000180 0.000166 0.001295 0.029050 0.026661 0.018839 21.660753 0.005479 0.003258 0.006957 24.027576 0.001831 0.000076 0.000061 0.001717 38.797729 0.001797 0.000107 0.000069 0.000100 0.000217 0.001503 0.032343 
0.188988 6.084155 6.507458 0.258869 0.261176 12.769115 4.228186 8.040825 0.002262 0.000214 0.000125 0.000101 0.000042 0.000013 0.000058 0.001865 5.395067 0.001980 0.000115 0.000566 0.027269 0.008989 0.015664 4.536559 0.131313 0.135579 15.692615 1.456912 0.001636 0.000066 0.000021 0.000165 0.002030 0.000170 0.000033 0.000057 0.000044 0.000282 0.003722 0.029960 
0.028078 0.331613 0.008201 0.004471 0.004127 0.005546 2.262673 3.682331 0.005287 0.002122 0.004509 0.004366 0.001679 0.000159 0.000100 0.001959 5.396739 0.002282 0.000236 0.002013 20.819811 0.634552 0.634472 20.621876 0.004441 0.002374 0.002173 0.002516 0.000451 0.000116 0.000100 0.000136 0.000198 0.000067 0.000189 0.001730 0.000395 0.002403 38.802013 1.207796 
0.034270 0.337906 0.004551 0.000316 0.000214 0.001957 18.210545 0.023798 0.028266 39.640137 1.230551 1.230410 38.635265 0.001886 0.000117 0.000187 0.001793 0.000206 0.000185 0.003494 4.583220 0.012129 0.005443 0.001745 0.000225 0.000079 0.000153 0.000594 0.002646 0.002080 0.003931 0.004022 0.002052 0.000439 0.002497 52.963818 0.002426 0.000387 0.001685 0.004344 
0.567019 37.956718 0.001704 0.000055 0.000021 0.000158 0.001725 0.000962 0.001016 0.001691 0.004460 0.005078 0.005001 0.004805 0.000262 0.000034 0.000053 0.000040 0.000196 0.001967 21.777903 0.002387 0.000540 0.000108 0.000017 0.000017 0.000236 0.003712 4.922911 7.363850 0.375783 0.382579 46.359676 0.002428 0.000398 0.001700 0.000169 0.000029 0.000044 0.000098 
0.502487 0.004969 0.000258 0.000015 0.000012 0.000070 0.000086 0.000046 0.000037 0.000047 0.000119 0.000242 0.002071 52.769123 0.001700 0.000044 0.000019 0.000156 0.002036 0.000706 0.002509 0.000789 0.002523 0.000256 0.000029 0.000047 0.001707 52.646187 0.005952 0.002580 0.004109 0.003847 0.001701 0.000178 0.000039 0.000043 0.000008 0.000001 0.000001 0.000001 
5.273493 0.001931 0.000077 0.000015 0.000126 0.001599 0.000308 0.000070 0.000016 0.000006 0.000004 0.000013 0.000143 0.001681 0.000127 0.000012 0.000046 0.001691 40.275875 0.002623 0.000554 0.002653 52.833618 0.003243 0.000221 0.000044 0.000185 0.002179 0.000482 0.000319 0.000149 0.000091 0.000048 0.000027 0.000047 0.000017 0.000003 0.000000 0.000000 0.000000 
0.001839 0.000155 0.000015 0.000047 0.001607 2.249035 0.005568 0.001713 0.000228 0.000064 0.000009 0.000002 0.000007 0.000035 0.000006 0.000003 0.000097 0.004217 0.851753 0.005568 0.000412 0.000374 0.003532 52.785648 0.002152 0.000215 0.000129 0.000274 0.000500 0.002406 0.000206 0.000019 0.000018 0.000144 0.001705 0.000243 0.000064 0.000009 0.000001 0.000001 
0.000050 0.000008 0.000003 0.000048 0.001682 14.596448 5.621805 14.262912 0.004526 0.001810 0.000151 0.000013 0.000001 0.000001 0.000000 0.000002 0.000097 0.004205 0.848107 0.012198 0.002136 0.000307 0.000469 0.005197 0.005104 0.002271 0.002001 0.002115 0.006129 6.163260 0.001988 0.000097 0.000102 0.001878 52.545799 0.004713 0.001809 0.000178 0.000031 0.000055 
0.000001 0.000000 0.000001 0.000041 0.001596 2.246379 0.005655 0.001826 0.004688 52.787998 0.002012 0.000164 0.000012 0.000001 0.000000 0.000002 0.000049 0.001646 20.764162 4.534472 21.782410 0.002045 0.000259 0.002147 3.198615 12.109502 9.794343 14.616192 2.343450 4.130521 0.002295 0.000296 0.000484 0.004798 0.006456 0.010191 52.535572 0.002478 0.000428 0.001862 
0.000000 0.000000 0.000000 0.000006 0.000116 0.001518 0.000279 0.000097 0.000269 0.002037 0.000613 0.001987 0.000143 0.000007 0.000001 0.000009 0.000078 0.000180 0.001708 0.003226 0.001638 0.000153 0.000105 0.002628 0.127557 0.005940 0.002100 0.001651 0.002401 0.002116 0.000681 0.002246 0.005307 52.650925 0.003026 0.000742 0.001702 0.000407 0.002578 5.418938 
0.000000 0.000000 0.000000 0.000000 0.000005 0.000032 0.000011 0.000004 0.000019 0.000182 0.002014 38.796188 0.001686 0.000045 0.000013 0.000154 0.001856 0.000216 0.000083 0.000095 0.000041 0.000011 0.000065 0.002561 0.130529 0.003187 0.000198 0.000058 0.000092 0.000209 0.002049 38.727200 0.005070 0.002124 0.000223 0.000043 0.000043 0.000030 0.000195 0.001891 
0.000000 0.000000 0.000000 0.000000 0.000000 0.000001 0.000000 0.000000 0.000003 0.000123 0.004496 1.220524 0.004435 0.000123 0.000065 0.001877 5.399089 0.001888 0.000067 0.000006 0.000002 0.000003 0.000058 0.001896 6.077711 0.001935 0.000074 0.000006 0.000007 0.000128 0.004514 1.217932 0.005218 0.000279 0.000018 0.000002 0.000001 0.000001 0.000011 0.000068 
