0.000075 0.000387 0.004366 11.253157 0.005584 0.001125 0.000364 0.000097 0.000020 0.000003 0.000001 0.000006 0.000205 0.005475 0.070077 0.130425 76.511749 3.594157 3.668133 4.361100 25.449301 0.031944 0.021639 0.004612 0.001889 0.001135 0.000409 0.000272 0.000165 0.000167 0.000220 0.000544 0.002258 19.176132 0.002156 0.000464 0.000271 0.000704 0.005609 0.333908 
0.000042 0.000145 0.001498 158.566788 0.003483 0.001670 0.001792 0.000233 0.000046 0.000008 0.000007 0.000152 0.004956 0.098164 0.621815 0.634598 226.031769 5.413755 6.162231 107.601357 4.596327 0.544526 0.433238 0.134321 0.069894 0.047369 0.019191 0.013213 0.001644 0.000563 0.000501 0.001564 0.009307 0.977545 0.008534 0.001206 0.000347 0.000368 0.001952 15.613690 
0.000042 0.000117 0.000491 0.004678 0.006662 0.009158 349.953796 0.001523 0.000129 0.000039 0.000232 0.003676 0.083307 0.931981 3.768205 4.534127 38.606911 13.903823 13.853305 20.866285 106.595215 3.054508 2.707378 1.468890 1.085609 0.862514 0.477912 0.477810 3.590281 0.005152 0.001894 0.003243 0.011470 0.975183 0.010399 0.001622 0.000516 0.000404 0.000775 0.003508 
0.000105 0.000188 0.000560 0.002220 10.731548 19.913763 0.030275 0.002751 0.000650 0.000870 0.007756 0.047635 0.439835 2.784902 9.596928 12.153132 37.449715 32.368919 54.736042 42.392925 42.708336 11.047206 10.219990 6.700150 4.707660 4.016700 3.078107 3.466678 46.581310 12.219093 34.748222 17.780926 201.782532 15.690395 39.483505 0.002478 0.001044 0.000828 0.000795 0.001635 
0.000479 0.000512 0.001743 0.004860 5.985926 2.356453 0.028520 0.004576 0.016502 0.030208 0.184820 0.390128 0.579948 2.988422 10.173274 18.987301 42.702377 48.788059 71.085945 52.965523 44.575939 20.555145 18.326721 13.520602 14.455741 12.933567 9.687009 11.559717 45.870033 20.033239 14.687625 0.004784 0.002489 0.002760 0.004477 0.004825 0.005552 0.004969 0.002232 0.005923 
0.004175 0.001927 0.008885 0.012202 86.087646 4.007428 4.017174 223.826080 0.660588 0.538096 1.657954 1.819872 17.299168 26.561539 11.906098 21.819422 48.268208 55.060528 126.846306 69.092674 62.940056 40.991577 39.529999 33.872776 25.385849 23.759125 23.208183 25.455685 44.699905 49.278866 59.759804 0.002604 0.000910 0.000677 0.002163 149.531677 16.831017 16.839579 282.254791 13.991466 
1.384156 277.057007 0.744743 0.734778 6.785911 3.769090 0.034105 0.036400 0.289095 1.728182 6.847938 8.401795 25.126001 26.964701 175.931778 60.236622 68.615005 72.631126 165.705460 84.561653 80.205429 58.395370 49.770359 35.727448 51.910351 51.047470 46.465424 46.437840 39.107849 21.186279 7.160481 0.022463 0.002386 0.000361 0.000362 0.001611 0.004861 0.006529 0.010149 0.300080 
1.182196 0.008659 0.011509 0.014290 0.017674 271.507935 0.038113 0.031557 0.412169 2.749165 10.992064 16.276312 32.997822 42.536335 77.236694 91.527893 103.912773 101.173988 231.495987 115.882645 111.311790 85.326897 84.718407 354.547119 58.968388 57.671608 58.826664 52.664806 39.629765 21.363604 7.090966 0.030022 0.005622 0.000420 0.000147 0.000252 0.000777 0.001966 0.008208 0.300308 
12.331968 0.005813 0.003631 0.005655 0.031910 3.401037 0.169137 0.123225 0.435768 3.534545 13.051648 20.987808 38.999409 55.440323 78.938789 101.204971 121.061325 133.676086 249.732513 127.788063 117.358711 114.289978 114.854889 232.687668 111.925987 147.499557 82.637970 87.372437 59.883648 59.391193 178.150894 0.078907 0.071430 0.006451 0.000894 0.000177 0.000273 0.000519 0.002128 15.723712 
9.396607 0.003544 0.001619 0.003495 0.035660 3.195236 1.071370 1.085451 348.515503 32.560616 31.923599 37.678505 57.121609 61.158768 195.560440 183.759186 177.239670 183.057144 262.773285 206.628723 295.006958 148.625092 148.536575 232.003799 123.454086 121.958649 101.221771 77.021301 53.100227 33.258022 16.812525 2.402345 1.119918 0.143218 0.040235 0.001516 0.000264 0.000219 0.000360 0.001736 
0.001934 0.000631 0.000572 0.002224 15.836258 30.167667 10.267528 8.441798 18.157015 33.521690 44.028469 52.880306 74.165733 81.421974 134.736679 160.934662 178.963455 223.689240 280.815063 253.272919 285.292603 182.992371 182.908966 222.595215 210.465698 113.372604 103.809586 79.547729 54.904259 33.300964 16.947086 6.622798 3.145568 1.059902 1.226996 69.840096 0.001503 0.000169 0.000113 0.000131 
0.000177 0.000168 0.000230 0.000728 0.008814 0.051996 7.910751 15.505365 17.553522 86.320831 76.277893 80.144234 99.378700 107.821823 148.026871 154.814590 348.716461 256.186584 297.233154 289.303497 296.358276 221.179230 220.727264 244.048599 201.476044 139.753876 255.660675 86.168816 89.983215 165.505096 15.512034 14.121355 7.716266 3.943679 4.095309 17.097000 0.003244 0.000223 0.000052 0.000029 
0.000069 0.000097 0.000181 0.001018 0.006373 0.016487 21.080744 26.718809 26.508841 59.289223 87.309090 96.665833 119.222862 132.191895 167.635818 180.389816 199.841034 352.830078 329.722961 321.870270 315.026611 252.988785 252.429825 274.788055 244.412109 288.936523 203.532303 317.471741 67.919861 62.361816 35.855278 27.777224 17.928051 14.248981 15.608346 71.211555 0.001916 0.000324 0.000030 0.000009 
0.000100 0.000220 0.001522 0.020213 0.045138 0.068287 18.405977 34.067413 50.299183 58.610645 134.546173 149.707077 161.972870 168.482193 188.736023 227.386536 211.841278 290.365631 329.774353 343.362640 346.391602 293.824646 294.261902 299.292755 273.354187 248.374741 202.093079 169.086731 132.592255 183.169952 47.448009 44.714611 25.681507 20.012552 15.206637 1.466820 0.226279 0.015030 0.000447 0.000015 
0.000269 0.001620 89.866936 0.637070 0.557312 1.876669 13.106724 20.138334 39.670235 55.541420 81.616920 110.520027 143.473206 173.786255 209.227264 217.816956 375.542847 379.338776 379.375916 364.268219 350.547272 314.711639 310.949829 323.148132 273.869781 245.068588 205.691254 170.878265 136.421219 105.308113 50.200748 46.666656 43.491581 43.905499 351.740387 1.455927 1.321425 0.207878 0.009431 0.000245 
0.000737 0.004240 15.291786 0.918201 0.860443 2.713243 14.700184 19.565920 49.791771 60.217171 82.706406 111.868492 145.225220 176.704651 217.796204 235.705032 280.702026 313.229370 343.434509 365.306305 369.380371 347.589417 360.295593 302.197113 283.916046 243.305603 209.553482 174.157501 143.010361 176.587372 159.122513 358.010925 53.254910 51.586098 27.955523 7.921958 5.975084 1.152652 0.101024 0.003201 
0.001140 0.002958 94.235214 1.535079 1.385212 2.998247 14.677386 20.123224 45.257782 72.656021 95.273796 123.440231 155.631821 185.897766 225.593399 251.542831 285.263367 314.907196 344.493744 363.100220 383.134125 363.060303 355.657593 316.255859 302.994293 330.526031 295.522369 296.616455 370.990021 152.238922 144.974075 102.600044 66.688759 54.059776 27.181547 14.970879 7.174273 1.944494 0.374281 0.012927 
0.006851 0.326029 4.419434 2.922367 2.858240 52.161160 23.246483 79.205948 67.680458 97.867767 95.471596 125.322403 159.733032 192.235229 230.557739 261.993286 292.762360 322.311646 348.862457 366.971893 387.291290 378.604645 374.913574 353.275848 362.806152 298.457336 282.070374 242.815399 207.392227 168.515778 139.879150 104.194237 77.913620 53.206417 33.310890 19.148592 10.089655 5.233480 5.554816 22.269941 
11.882093 4.192927 4.124110 8.496379 11.942811 22.293646 33.377266 54.133007 83.925949 87.368172 360.412292 209.619080 210.953583 229.964081 258.363708 284.684448 314.872528 334.546082 357.135773 372.594727 386.713013 394.367462 378.757416 364.697662 332.846680 309.805908 278.046631 242.363754 208.035492 172.958405 139.291718 105.887337 79.143013 54.697987 32.745434 18.953278 7.755563 3.171300 1.074515 0.694636 
11.517732 3.253200 2.994474 7.428288 10.985637 21.932528 33.954086 54.022457 84.548004 95.572540 182.729340 226.353485 215.251709 237.111862 264.507294 291.639862 321.116882 355.714020 369.687897 381.504608 390.544678 390.286743 375.037354 358.810120 334.841431 311.467163 282.114716 246.979202 215.694412 181.546219 150.969559 127.546089 74.195442 60.403252 33.340324 21.268827 8.725745 3.885561 1.059831 0.650394 
0.005540 0.158741 0.467830 1.972597 2.107814 133.059067 122.469635 123.851265 254.031616 195.325714 226.242310 235.617477 375.049316 369.554352 374.686493 378.093475 381.698975 385.498291 390.718170 393.174591 399.793945 390.001587 383.342499 368.409973 350.435577 330.916016 273.371948 255.860382 218.483704 189.932327 162.346634 133.812378 109.380119 90.145126 69.835258 59.941799 50.855537 51.685642 176.078888 10.861238 
0.000611 0.009967 0.086923 0.620068 2.070241 49.233330 89.087540 122.525398 154.844940 186.952026 215.080597 250.117386 256.645630 279.667084 304.099304 327.565430 348.330780 366.826019 378.155182 385.332397 391.339081 388.965057 373.758362 357.329285 336.069092 309.070190 280.525116 250.931854 216.701233 191.866684 143.801743 135.408401 80.754578 66.980293 39.237652 25.996761 11.778374 5.043786 0.363468 0.057953 
0.000100 0.001464 0.018627 0.022718 349.542145 151.809387 151.610291 139.509888 153.472137 174.242966 196.279739 218.900879 246.502045 272.397278 297.059296 320.067932 339.988831 356.641327 372.230957 378.758575 387.667725 391.616394 374.553131 355.643158 336.282043 311.019043 279.745239 252.564209 212.549820 183.067871 148.762833 120.229507 87.147659 65.832024 41.369289 26.664154 12.476574 5.614090 0.394496 0.028965 
0.000178 0.006174 0.167867 1.672486 2.282402 59.602604 74.195534 90.292809 112.684639 135.527740 160.695053 187.092239 214.408493 240.148560 266.951294 292.991302 315.190582 337.439331 352.134003 365.510651 380.088501 384.391663 371.003845 350.618256 328.591858 311.752777 278.621674 244.691132 216.048035 201.448898 144.301056 124.305603 94.372757 95.754448 67.107315 59.298023 62.233387 318.786011 0.022497 0.015143 
0.000300 0.006839 0.183111 1.907497 2.116962 23.618298 36.665184 55.914742 82.615570 108.092926 135.145111 162.183380 189.855560 215.784836 245.065872 271.545135 295.458008 316.707123 326.998871 350.436646 360.493073 371.408966 358.622742 325.078613 308.351196 288.387543 262.105499 260.643982 375.611298 236.715729 230.278336 205.522385 214.481796 81.510902 76.245255 51.624802 3.919941 3.012990 16.028845 0.337134 
0.001935 0.001780 0.025216 0.248103 0.281696 57.856468 31.812496 50.142776 73.827805 93.021545 116.455132 139.857529 165.168381 190.160339 221.714523 246.668747 272.175537 289.381653 302.426849 334.417969 336.653503 352.954285 335.788239 311.773315 283.703033 248.426712 209.051041 176.569244 143.821899 181.317596 116.154861 84.036057 55.329521 76.537903 79.151848 322.696991 2.594018 2.960338 16.182877 0.367781 
15.622056 0.007179 0.005482 0.070501 0.542243 5.830190 6.341468 39.456547 54.584217 71.123055 94.482338 115.320244 139.353638 165.341370 199.300293 221.080063 246.999390 258.271851 282.605347 273.959656 310.838135 331.496674 334.083069 293.815552 277.793976 254.462692 211.093384 182.085251 137.174088 121.262077 101.275803 81.429176 50.911854 20.159605 17.449165 4.021314 1.851353 0.470703 0.242652 16.165537 
0.960992 0.010183 0.008339 0.073345 0.551276 5.911870 6.402181 26.148848 36.493942 54.492741 77.142448 92.358421 115.490318 144.087509 178.433075 193.699142 219.882736 225.047211 238.799850 253.660583 302.821625 308.588623 296.035156 277.120453 248.875763 244.928802 239.096497 252.374039 106.533646 100.635956 83.969421 81.680046 177.740952 17.664118 16.419380 3.692300 1.194413 0.135589 0.037369 0.256346 
1.018993 17.548822 22.549280 2.018160 2.016527 39.550373 26.141644 36.430450 25.758034 45.245815 62.099735 69.267700 94.733154 128.668640 157.023636 164.109421 194.138474 184.633408 210.713928 223.585220 282.141144 276.618866 276.832367 221.864136 213.025558 202.260132 250.769730 115.663338 104.085762 75.587509 58.930271 46.747570 33.448254 22.424112 8.877588 2.833966 0.408970 0.051122 0.038666 0.253094 
0.591764 1.327775 0.014327 0.013529 0.013806 0.010558 20.430208 9.617183 8.218939 40.754269 44.265091 46.198608 84.526352 121.042252 130.544891 131.351822 148.623047 150.711990 180.374817 201.836334 260.243713 244.765686 284.390564 213.907471 177.335953 154.947495 127.097717 106.018547 76.423683 61.832493 46.337448 41.847141 32.880241 19.526178 8.898316 3.166063 0.346526 0.394849 160.677612 6.921782 
0.600007 1.337244 0.010185 0.003400 0.002681 0.004263 59.259338 0.724734 0.669104 161.190292 26.527578 26.299391 172.228333 104.607307 96.118027 97.211266 112.663620 122.084908 157.309311 195.389114 200.597931 207.895264 236.833923 155.992661 169.150406 136.908096 121.286606 86.879906 57.524006 43.700394 24.590620 23.730017 34.231270 16.468744 17.662119 351.651215 0.008653 0.006663 0.001518 0.004150 
1.964303 206.551712 0.002102 0.000713 0.000600 0.000836 0.002585 0.382770 0.606245 0.745525 4.706218 8.899672 8.391243 95.336639 67.909576 68.530220 88.897713 94.164429 148.736496 157.451431 198.842346 175.536316 239.943085 131.526428 122.354782 110.821373 104.057220 87.217010 41.252220 40.376671 9.227514 9.274285 279.165588 0.859649 0.805041 0.005494 0.000549 0.000239 0.000158 0.000348 
1.695006 0.004473 0.000530 0.000249 0.000254 0.000424 0.000986 0.024060 0.093922 0.661049 4.216265 7.507394 7.946124 350.611877 44.550373 45.067486 64.458214 67.464180 147.475739 131.456879 134.501785 135.107819 243.235214 109.252869 101.470200 81.072266 77.371361 351.565674 4.986729 4.591149 3.267881 1.927908 0.099266 0.173833 0.141484 0.003644 0.000132 0.000046 0.000035 0.000049 
15.112244 0.001932 0.000270 0.000181 0.000377 0.001954 0.000741 0.001245 0.007193 0.097317 0.647322 1.229110 3.376540 5.474924 14.766307 26.405294 46.718853 48.604523 248.164383 99.969139 115.012260 107.278961 355.538574 94.819847 76.496902 57.814400 32.241203 20.451059 6.955367 4.198732 2.129502 1.226422 0.090586 0.011209 0.005173 0.000287 0.000061 0.000028 0.000016 0.000015 
0.001706 0.000290 0.000129 0.000183 0.001697 4.225853 0.005287 0.002703 0.001112 0.006396 0.051470 0.231093 1.452335 5.045266 13.093332 21.445545 33.712875 36.613880 59.695660 48.374172 76.734856 43.393150 40.105419 354.900787 62.217484 61.614204 31.207802 19.899826 8.127205 3.978019 0.456896 0.121660 0.008450 0.001181 0.007387 0.000430 0.000161 0.000079 0.000042 0.000031 
0.000110 0.000062 0.000053 0.000126 0.001488 32.917194 16.431406 32.478317 0.010918 0.008924 0.003335 0.025003 0.366764 2.235237 5.624888 10.218665 19.944284 20.684334 58.537930 32.957222 70.330582 34.500286 33.509193 22.780243 34.768162 89.252396 38.334110 31.468161 41.769684 28.999508 0.008423 0.004435 0.000783 0.002323 351.819427 0.004044 0.001621 0.000368 0.000199 0.000159 
0.000015 0.000013 0.000023 0.000111 0.001601 4.215091 0.005014 0.001726 0.004112 352.214630 0.003949 0.002135 0.036725 0.446581 1.965554 4.738743 12.155978 11.415376 49.302635 15.593320 52.850151 14.625878 15.894030 22.018801 37.949253 33.689243 29.343651 35.055542 5.951091 8.304002 0.002780 0.000950 0.000997 0.004789 0.005939 0.009093 351.795441 0.002537 0.000803 0.001773 
0.000002 0.000002 0.000008 0.000042 0.000223 0.001523 0.000477 0.000293 0.000497 0.002053 0.000918 0.003815 0.002232 0.031499 0.298528 1.326212 8.314109 2.656718 0.297114 0.588562 0.552335 4.227252 7.226332 6.962087 21.415165 0.689826 0.145655 0.007843 0.002778 0.002407 0.001312 0.002532 0.005100 352.013672 0.003086 0.001181 0.001567 0.000754 0.002727 15.794988 
0.000000 0.000000 0.000002 0.000010 0.000040 0.000091 0.000083 0.000084 0.000173 0.000485 0.001978 158.412521 0.003318 0.001746 0.030229 0.379692 8.862631 0.857400 0.263480 0.534170 0.494665 1.828350 2.288791 3.081419 23.618690 0.623572 0.131154 0.005642 0.000602 0.000678 0.002183 158.376465 0.005239 0.002821 0.000717 0.000305 0.000166 0.000212 0.000452 0.001869 
0.000000 0.000000 0.000000 0.000002 0.000008 0.000017 0.000020 0.000033 0.000114 0.000557 0.004670 11.279145 0.004721 0.000636 0.001623 0.011560 26.270060 0.067061 0.037605 0.080898 0.062729 0.249173 0.374297 0.455155 46.053608 0.034828 0.012726 0.000793 0.000253 0.000676 0.004827 11.231866 0.005923 0.001221 0.000350 0.000115 0.000057 0.000069 0.000134 0.000233 
