0.000000 0.000026 0.002938 1.937728 0.003138 0.000051 0.000023 0.000002 0.000000 0.000000 0.000000 0.000000 0.000000 0.000000 0.000026 0.002937 1.903364 0.007025 0.001870 0.013223 16.230204 0.001551 0.000027 0.000000 0.000000 0.000000 0.000000 0.000002 0.000019 0.000003 0.000001 0.000028 0.001548 11.546906 0.001539 0.000025 0.000001 0.000013 0.001430 0.159867 
0.000000 0.000018 0.001352 127.650009 0.002100 0.000355 0.001377 0.000063 0.000002 0.000000 0.000000 0.000000 0.000000 0.000000 0.000018 0.001351 125.820618 0.041006 0.036678 65.275124 2.348514 0.002561 0.000037 0.000000 0.000000 0.000000 0.000001 0.000059 0.001252 0.000131 0.000028 0.000045 0.000933 0.097013 0.000894 0.000013 0.000001 0.000021 0.001475 10.629663 
0.000000 0.000003 0.000124 0.003963 0.005000 0.007293 182.315094 0.001361 0.000017 0.000000 0.000000 0.000000 0.000000 0.000000 0.000002 0.000070 0.001591 0.004105 4.980314 0.589251 63.355717 0.001345 0.000019 0.000000 0.000000 0.000000 0.000019 0.001291 2.979567 0.004393 0.001361 0.001485 0.002685 0.095978 0.002467 0.000086 0.000003 0.000003 0.000087 0.001693 
0.000000 0.000001 0.000036 0.001551 8.511048 12.118493 0.013916 0.000372 0.000009 0.000000 0.000000 0.000002 0.000023 0.000024 0.000003 0.000004 0.000087 0.001741 29.032621 0.004445 0.001502 0.000067 0.000002 0.000000 0.000000 0.000000 0.000021 0.001365 36.323555 7.208910 29.294950 12.041036 105.386650 10.496874 34.621315 0.001427 0.000073 0.000033 0.000034 0.000101 
0.000025 0.000022 0.000091 0.002660 3.825828 0.523933 0.011743 0.002053 0.000083 0.000002 0.000002 0.000075 0.001521 0.001521 0.000096 0.000006 0.000023 0.001288 12.293148 0.001470 0.000067 0.000003 0.000000 0.000000 0.000000 0.000000 0.000019 0.001291 2.972341 0.655945 9.438847 0.003450 0.001559 0.001974 0.003787 0.003725 0.003300 0.003015 0.001403 0.003276 
0.002710 0.001367 0.002176 0.004915 37.104519 0.814449 0.820534 155.015472 0.001365 0.000020 0.000023 0.001483 10.599068 10.780513 0.002502 0.000099 0.000030 0.001294 15.334694 0.001268 0.000019 0.000001 0.000002 0.000017 0.000003 0.000001 0.000003 0.000072 0.001558 0.003957 38.867851 0.001503 0.000088 0.000086 0.001535 125.430023 2.162554 2.164537 179.565933 2.473061 
0.917033 149.706238 0.230777 0.223995 6.392534 0.735863 0.006437 0.001599 0.000078 0.000002 0.000002 0.000079 0.001698 0.004730 127.929657 0.001432 0.000053 0.000184 0.001745 0.000071 0.000003 0.000002 0.000064 0.001359 0.000129 0.000032 0.000020 0.000032 0.000171 0.003579 0.966940 0.002832 0.000031 0.000004 0.000069 0.001362 0.002978 0.003114 0.002028 0.017954 
0.782497 0.004507 0.002153 0.002120 0.005088 173.536163 0.001604 0.000108 0.000034 0.000002 0.000000 0.000003 0.000086 0.003398 1.875455 0.004212 0.000486 0.001933 0.000282 0.000043 0.000023 0.000029 0.001393 182.875732 0.004216 0.001570 0.001290 0.001311 0.002969 0.009906 0.971617 0.002790 0.000025 0.000000 0.000002 0.000022 0.000029 0.000047 0.000374 0.020223 
8.312472 0.001894 0.000087 0.000088 0.002715 0.321352 0.002394 0.000243 0.001406 0.000067 0.000002 0.000000 0.000031 0.002981 1.875004 0.021761 0.024182 10.076413 0.004939 0.002362 0.001373 0.000098 0.000188 0.004901 4.602716 23.916458 14.650705 17.356949 0.507386 0.513544 125.982544 0.001352 0.000018 0.000000 0.000002 0.000020 0.000004 0.000024 0.001483 10.687262 
6.579133 0.001698 0.000047 0.000160 0.005368 0.314171 0.004193 0.006386 182.887619 0.001431 0.000029 0.000001 0.000018 0.001351 119.414993 0.292835 0.286304 11.661172 0.330836 0.337776 152.036255 0.001564 0.000117 0.002097 2.305619 0.278829 0.261558 0.005320 0.003826 0.006478 0.001890 0.000078 0.000002 0.000002 0.000061 0.001335 0.000062 0.000006 0.000077 0.001522 
0.001632 0.000095 0.000035 0.001519 10.680923 10.654229 0.002751 0.000677 0.007678 0.003973 0.000169 0.000006 0.000002 0.000069 0.001532 0.005438 0.293569 0.019918 0.005529 0.010575 0.379514 0.002250 0.000073 0.001458 60.500538 0.273312 0.267366 0.003317 0.000939 0.008690 0.000279 0.000008 0.000001 0.000018 0.001333 64.327858 0.001335 0.000019 0.000003 0.000024 
0.000026 0.000003 0.000004 0.000087 0.001795 0.004662 0.005806 0.002043 0.004647 28.078253 0.002722 0.000105 0.000003 0.000003 0.000077 0.001546 167.424454 0.015890 0.005653 0.010703 0.372588 0.002149 0.000033 0.000126 0.003773 0.081236 136.685471 0.012588 0.015704 88.149094 0.001350 0.000020 0.000001 0.000035 0.002656 7.899609 0.002646 0.000034 0.000000 0.000000 
0.000001 0.000002 0.000018 0.000010 0.000105 0.001837 10.969959 0.106680 0.103460 4.030119 3.751278 0.001527 0.000024 0.000001 0.000007 0.000240 0.007852 166.046112 0.387376 0.380245 14.540217 0.001601 0.000037 0.000033 0.001431 126.505554 1.538736 126.130493 1.976043 1.987473 0.002517 0.000039 0.000002 0.000029 0.001398 64.472336 0.001333 0.000018 0.000000 0.000000 
0.000002 0.000062 0.001338 0.000072 0.000044 0.001585 10.492765 0.005342 0.002719 0.005695 29.496777 0.001558 0.000024 0.000001 0.000005 0.000262 0.010565 0.003940 0.002784 0.005425 9.145839 0.001769 0.000093 0.000010 0.000068 0.001358 0.002464 0.001466 0.003888 88.132462 0.001533 0.000082 0.000012 0.000135 0.003706 0.003693 0.000113 0.000002 0.000000 0.000000 
0.000023 0.001352 79.715027 0.001378 0.000034 0.000108 0.001980 0.000599 0.005172 0.000600 0.001790 0.000086 0.000002 0.000000 0.000017 0.001359 182.489975 0.001550 0.000099 0.001052 0.054794 0.002508 0.001573 0.000080 0.000009 0.000020 0.000027 0.000046 0.000298 0.002103 0.000354 0.001557 0.000191 0.001792 183.290543 0.001425 0.000026 0.000000 0.000000 0.000000 
0.000050 0.002938 4.942122 0.002987 0.000058 0.000042 0.000239 0.002063 10.808680 0.001795 0.000110 0.000004 0.000000 0.000000 0.000002 0.000063 0.001386 0.000089 0.000748 0.012935 0.072289 0.073832 171.711151 0.001548 0.000078 0.000005 0.000004 0.000091 0.001978 0.000399 0.002148 183.605042 0.001773 0.000179 0.001360 0.000064 0.000002 0.000000 0.000002 0.000023 
0.000112 0.001572 79.750061 0.001734 0.000180 0.001363 0.002759 0.005253 10.723529 0.001773 0.000101 0.000004 0.000000 0.000000 0.000000 0.000002 0.000037 0.001068 0.036223 0.345320 1.042331 0.510010 1.054251 0.032084 0.001549 0.000078 0.000029 0.001393 183.535141 0.001817 0.000207 0.001547 0.000085 0.000007 0.000017 0.000002 0.000000 0.000002 0.000075 0.001521 
0.001928 0.000343 0.001551 0.000188 0.001693 44.194180 10.399477 45.984837 0.003108 0.000430 0.001592 0.000078 0.000003 0.000000 0.000000 0.000007 0.000420 0.022853 0.534605 3.522280 1.180712 2.575953 1.058931 0.535925 175.731766 0.001395 0.000030 0.000071 0.001363 0.000081 0.000016 0.000077 0.000007 0.000000 0.000000 0.000000 0.000000 0.000020 0.001474 10.686345 
6.936434 0.001900 0.000101 0.000048 0.002920 1.039383 0.034156 0.017628 0.000718 0.002571 183.543793 0.001546 0.000076 0.000003 0.000003 0.000120 0.002206 0.031636 1.991361 2.824552 23.515249 5.084321 4.997051 85.488289 0.194789 0.003190 0.000029 0.000003 0.000019 0.000009 0.000073 0.001465 0.000064 0.000002 0.000000 0.000000 0.000000 0.000008 0.000358 0.018553 
6.918103 0.001671 0.000035 0.000033 0.002828 1.043135 0.029596 0.015733 0.002537 0.000417 0.001815 0.000324 0.001546 0.000082 0.000052 0.001624 4.342463 46.525997 3.686194 18.288612 53.733868 20.027241 4.626593 4.072210 0.413296 0.004982 0.000110 0.000003 0.000005 0.000071 0.001463 36.939651 0.001306 0.000017 0.000000 0.000000 0.000002 0.000080 0.001981 0.016151 
0.001642 0.000087 0.000004 0.000029 0.001415 105.915695 1.786564 1.787619 128.840500 0.001794 0.000204 0.001813 183.577118 0.001938 0.000584 0.022839 0.242512 0.499699 22.846157 53.103443 371.959167 56.361275 26.333040 4.232240 4.210273 127.956787 0.001388 0.000031 0.000074 0.001456 0.003837 9.630803 0.001714 0.000022 0.000000 0.000000 0.000017 0.001350 127.462326 1.929758 
0.000026 0.000002 0.000003 0.000117 0.003754 0.010226 0.004093 0.003071 0.001355 0.000077 0.000010 0.000078 0.001358 0.000071 0.000111 0.007863 0.204178 0.648452 3.977434 20.515795 55.142563 21.987482 6.605850 4.567399 0.621358 0.237671 0.002164 0.000100 0.001432 33.520573 2.954665 33.329971 0.001302 0.000017 0.000000 0.000000 0.000007 0.000183 0.001935 0.003264 
0.000000 0.000000 0.000017 0.001359 182.812637 0.007613 0.000326 0.000048 0.000019 0.000002 0.000000 0.000002 0.000017 0.000002 0.000005 0.000382 0.011301 0.018688 17.218485 7.182462 25.059393 7.317666 7.921109 4.495627 0.499807 0.231360 0.004604 0.000714 0.003222 9.598948 0.004658 0.001970 0.000179 0.000007 0.000000 0.000003 0.000084 0.001778 0.000289 0.000098 
0.000000 0.000000 0.000002 0.000125 0.003706 45.669754 0.001329 0.000024 0.000001 0.000000 0.000000 0.000000 0.000000 0.000000 0.000000 0.000008 0.000300 0.002280 6.331318 3.129537 2.765850 4.641138 6.833292 37.732319 6.782183 8.472594 15.993184 0.016166 0.012590 37.181328 0.001984 0.000374 0.001757 0.000096 0.000012 0.000078 0.001549 171.050171 0.004415 0.001727 
0.000023 0.000002 0.000001 0.000036 0.002158 10.711176 0.002300 0.000078 0.000003 0.000000 0.000000 0.000000 0.000000 0.000000 0.000000 0.000000 0.000012 0.000498 0.009816 3.106033 1.179672 1.182701 69.277100 0.014742 0.016232 15.532373 0.010842 0.014189 181.440643 0.002727 0.000249 0.001887 127.522400 0.001983 0.000357 0.001549 0.005217 0.232280 10.769103 0.157459 
0.001521 0.000084 0.000005 0.000022 0.001329 49.358074 0.003697 0.001430 0.000059 0.000001 0.000000 0.000000 0.000000 0.000000 0.000000 0.000000 0.000001 0.000032 0.001423 118.634445 0.109355 0.105796 10.026942 0.004630 0.000683 0.001848 0.001236 0.016888 0.003778 0.000166 0.000057 0.003137 1.932469 0.015804 0.018442 169.055557 0.274029 0.266863 10.747382 0.176571 
10.638504 0.001781 0.000100 0.000076 0.002518 0.367262 0.361703 17.943222 0.001276 0.000017 0.000000 0.000000 0.000000 0.000000 0.000000 0.000002 0.000021 0.000007 0.000068 0.001386 0.001223 0.002830 63.073185 0.004414 0.000265 0.000169 0.001660 3.188540 0.001409 0.000036 0.000034 0.002987 1.932504 0.003872 0.000351 0.001382 0.001934 0.002156 0.004244 10.707386 
0.176763 0.004727 0.001804 0.002118 0.007141 0.365435 0.363300 10.849211 0.001401 0.000024 0.000001 0.000000 0.000000 0.000000 0.000002 0.000075 0.001472 0.000079 0.000008 0.000031 0.000064 0.000359 0.006438 45.352562 0.002941 0.001277 0.004631 81.384369 0.001445 0.000029 0.000023 0.001365 127.491081 0.001392 0.000034 0.000026 0.000020 0.000043 0.000494 0.018634 
0.177926 11.483750 12.428295 0.246093 0.248370 24.470829 7.806236 14.753854 0.001724 0.000090 0.000032 0.000026 0.000018 0.000003 0.000025 0.001527 10.688822 0.001574 0.000040 0.000083 0.001393 0.003571 0.008479 10.366678 0.132652 0.137166 59.040966 1.826144 0.001302 0.000026 0.000004 0.000073 0.001540 0.000074 0.000007 0.000022 0.000009 0.000104 0.002183 0.016227 
0.010677 0.326818 0.005086 0.002107 0.002062 0.004203 4.649148 5.950908 0.004177 0.001596 0.002998 0.002942 0.001352 0.000073 0.000038 0.001569 10.690189 0.001759 0.000097 0.001505 43.931393 0.743885 0.743859 43.591415 0.002571 0.000990 0.001654 0.001775 0.000201 0.000041 0.000020 0.000029 0.000082 0.000016 0.000081 0.001375 0.000179 0.001754 127.491310 1.928981 
0.015607 0.333412 0.002389 0.000067 0.000059 0.001442 39.798286 0.022894 0.026744 129.368042 1.946872 1.946766 127.086655 0.001451 0.000042 0.000087 0.001479 0.000091 0.000051 0.002162 10.502732 0.007651 0.003275 0.001352 0.000086 0.000015 0.000052 0.000259 0.001970 0.001617 0.002118 0.002160 0.001553 0.000192 0.001793 183.628830 0.001771 0.000177 0.001354 0.002938 
0.875428 129.835999 0.001359 0.000020 0.000004 0.000070 0.001355 0.000495 0.000528 0.001355 0.002979 0.003309 0.003860 0.003791 0.000122 0.000008 0.000022 0.000009 0.000081 0.001486 45.608284 0.001620 0.000182 0.000036 0.000003 0.000003 0.000105 0.002785 9.112283 14.822556 0.376268 0.383386 166.241058 0.001770 0.000180 0.001363 0.000077 0.000007 0.000018 0.000026 
0.779465 0.004023 0.000126 0.000003 0.000002 0.000027 0.000031 0.000010 0.000008 0.000019 0.000030 0.000077 0.001516 183.305405 0.001363 0.000019 0.000005 0.000071 0.001544 0.000315 0.001737 0.000332 0.001714 0.000109 0.000007 0.000019 0.001365 183.079376 0.004688 0.001899 0.002177 0.002103 0.001362 0.000078 0.000009 0.000018 0.000002 0.000000 0.000000 0.000000 
10.393794 0.001561 0.000032 0.000003 0.000062 0.001302 0.000144 0.000026 0.000003 0.000001 0.000000 0.000002 0.000067 0.001358 0.000063 0.000003 0.000019 0.001357 138.496384 0.001823 0.000219 0.001837 183.386368 0.002534 0.000099 0.000010 0.000079 0.001599 0.000200 0.000126 0.000032 0.000019 0.000019 0.000006 0.000019 0.000004 0.000001 0.000000 0.000000 0.000000 
0.001517 0.000078 0.000003 0.000020 0.001319 3.159577 0.004420 0.001353 0.000110 0.000026 0.000002 0.000000 0.000002 0.000017 0.000002 0.000000 0.000025 0.002806 1.109485 0.003403 0.000118 0.000142 0.002659 183.317535 0.001611 0.000090 0.000038 0.000105 0.000209 0.001826 0.000092 0.000003 0.000004 0.000067 0.001365 0.000117 0.000026 0.000002 0.000000 0.000000 
0.000023 0.000002 0.000001 0.000021 0.001347 28.180387 11.122500 27.730461 0.003627 0.001426 0.000071 0.000003 0.000000 0.000000 0.000000 0.000000 0.000025 0.002797 1.104601 0.007775 0.001473 0.000113 0.000199 0.004092 0.004046 0.001719 0.001339 0.001555 0.004773 14.727334 0.001600 0.000036 0.000036 0.001449 182.928391 0.003761 0.001426 0.000079 0.000007 0.000024 
0.000000 0.000000 0.000000 0.000019 0.001315 3.157502 0.004473 0.001416 0.003709 183.330582 0.001545 0.000076 0.000003 0.000000 0.000000 0.000000 0.000020 0.001318 43.843548 10.418708 45.626842 0.001516 0.000103 0.001639 4.993793 22.035250 18.590130 27.088999 4.468982 6.848853 0.001728 0.000118 0.000215 0.003790 0.004764 0.007719 182.899094 0.001801 0.000199 0.001527 
0.000000 0.000000 0.000000 0.000001 0.000060 0.001265 0.000135 0.000036 0.000124 0.001551 0.000292 0.001531 0.000069 0.000002 0.000000 0.000002 0.000032 0.000080 0.001341 0.002065 0.001316 0.000068 0.000022 0.001210 0.115790 0.003616 0.001369 0.001313 0.001736 0.001640 0.000318 0.001646 0.004078 183.067337 0.002089 0.000340 0.001364 0.000187 0.001946 10.711333 
0.000000 0.000000 0.000000 0.000000 0.000001 0.000016 0.000002 0.000001 0.000004 0.000079 0.001537 127.494026 0.001354 0.000019 0.000003 0.000077 0.001511 0.000098 0.000030 0.000028 0.000017 0.000002 0.000013 0.001209 0.118666 0.001505 0.000054 0.000021 0.000031 0.000088 0.001551 127.363266 0.003884 0.001533 0.000091 0.000010 0.000018 0.000007 0.000090 0.001539 
0.000000 0.000000 0.000000 0.000000 0.000000 0.000000 0.000000 0.000000 0.000000 0.000031 0.002992 1.934643 0.002967 0.000031 0.000026 0.001530 10.692233 0.001538 0.000028 0.000001 0.000000 0.000000 0.000025 0.001535 11.619013 0.001548 0.000029 0.000001 0.000001 0.000032 0.002997 1.931765 0.003358 0.000086 0.000003 0.000000 0.000000 0.000000 0.000002 0.000029 
