0.000000 0.000007 0.001766 0.787409 0.001860 0.000016 0.000015 0.000001 0.000000 0.000000 0.000000 0.000000 0.000000 0.000000 0.000007 0.001760 0.777584 0.003594 0.000902 0.011178 12.674845 0.001495 0.000018 0.000000 0.000000 0.000000 0.000000 0.000001 0.000013 0.000001 0.000001 0.000018 0.001478 8.999101 0.001474 0.000016 0.000000 0.000004 0.000645 0.095463 
0.000000 0.000013 0.001332 94.729279 0.001942 0.000245 0.001347 0.000047 0.000001 0.000000 0.000000 0.000000 0.000000 0.000000 0.000012 0.001332 93.299606 0.032567 0.028615 48.732368 1.704471 0.002252 0.000018 0.000000 0.000000 0.000000 0.000001 0.000043 0.001200 0.000093 0.000018 0.000021 0.000345 0.039958 0.000334 0.000004 0.000000 0.000014 0.001417 8.521260 
0.000000 0.000001 0.000089 0.003860 0.004714 0.006918 110.704865 0.001337 0.000013 0.000000 0.000000 0.000000 0.000000 0.000000 0.000001 0.000051 0.001539 0.003956 4.549517 0.488489 47.486294 0.001320 0.000013 0.000000 0.000000 0.000000 0.000013 0.001240 2.776952 0.004236 0.001336 0.001391 0.001960 0.039000 0.001838 0.000056 0.000001 0.000001 0.000058 0.001541 
0.000000 0.000000 0.000022 0.001486 7.392097 9.155540 0.007349 0.000204 0.000004 0.000000 0.000000 0.000001 0.000016 0.000016 0.000001 0.000002 0.000061 0.001671 22.763443 0.004327 0.001449 0.000049 0.000001 0.000000 0.000000 0.000000 0.000015 0.001344 31.881350 5.142394 26.883436 9.511485 69.111961 8.251689 32.517349 0.001367 0.000033 0.000010 0.000020 0.000044 
0.000007 0.000014 0.000036 0.002326 2.718843 0.224747 0.004844 0.001818 0.000057 0.000001 0.000001 0.000053 0.001462 0.001461 0.000069 0.000003 0.000014 0.001246 10.775756 0.001404 0.000045 0.000001 0.000000 0.000000 0.000000 0.000000 0.000013 0.001239 2.770423 0.604479 7.275689 0.003281 0.001494 0.001853 0.003701 0.003630 0.001988 0.001808 0.001364 0.001912 
0.001680 0.001340 0.001065 0.003464 21.825813 0.319698 0.324362 103.189705 0.001341 0.000014 0.000016 0.001423 8.490779 8.614870 0.002446 0.000071 0.000019 0.001257 13.811195 0.001241 0.000013 0.000000 0.000001 0.000012 0.000001 0.000000 0.000001 0.000049 0.001352 0.003666 33.540089 0.001446 0.000060 0.000053 0.001474 94.150429 0.821235 0.821836 111.408684 0.863870 
0.592758 100.288567 0.141475 0.135987 6.072933 0.277105 0.003631 0.001526 0.000055 0.000001 0.000001 0.000055 0.001560 0.004471 94.555580 0.001384 0.000029 0.000126 0.001565 0.000049 0.000001 0.000001 0.000048 0.001336 0.000095 0.000021 0.000012 0.000019 0.000064 0.001917 0.491416 0.001578 0.000009 0.000001 0.000050 0.001340 0.001789 0.001849 0.001755 0.004362 
0.498581 0.004274 0.001037 0.000961 0.003740 110.093979 0.001529 0.000070 0.000022 0.000001 0.000000 0.000001 0.000039 0.002035 0.774313 0.002173 0.000182 0.001776 0.000166 0.000015 0.000015 0.000019 0.001359 110.892647 0.004133 0.001529 0.001252 0.001267 0.001419 0.005054 0.494520 0.001565 0.000007 0.000000 0.000001 0.000015 0.000008 0.000014 0.000179 0.006487 
6.499699 0.001734 0.000040 0.000026 0.001264 0.169975 0.001031 0.000114 0.001367 0.000049 0.000001 0.000000 0.000009 0.001783 0.774140 0.007359 0.009675 8.197310 0.003328 0.001120 0.001345 0.000066 0.000123 0.004534 4.189505 19.824396 12.568131 15.065216 0.280816 0.285476 90.193741 0.001331 0.000012 0.000000 0.000001 0.000014 0.000002 0.000015 0.001421 8.551924 
5.390965 0.001591 0.000027 0.000087 0.003534 0.164399 0.001512 0.003436 111.016670 0.001397 0.000019 0.000001 0.000013 0.001332 90.256981 0.173161 0.167831 9.138245 0.170800 0.176228 100.323227 0.001475 0.000067 0.001820 1.890986 0.166292 0.153708 0.003115 0.001656 0.002344 0.001715 0.000055 0.000001 0.000001 0.000046 0.001322 0.000047 0.000003 0.000054 0.001462 
0.001553 0.000064 0.000021 0.001444 8.537211 8.555078 0.002221 0.000342 0.006067 0.003866 0.000120 0.000003 0.000001 0.000050 0.001486 0.003092 0.173494 0.014384 0.001916 0.003695 0.187814 0.000986 0.000033 0.001372 42.454170 0.162836 0.158523 0.001407 0.000404 0.004295 0.000159 0.000003 0.000000 0.000013 0.001320 59.639400 0.001322 0.000013 0.000001 0.000016 
0.000017 0.000001 0.000002 0.000059 0.001675 0.004408 0.005039 0.000954 0.003239 18.685614 0.002615 0.000074 0.000001 0.000002 0.000055 0.001493 105.487259 0.010963 0.001919 0.003642 0.182430 0.000935 0.000010 0.000088 0.003701 0.053377 101.408257 0.009991 0.012939 67.039665 0.001327 0.000013 0.000000 0.000016 0.002401 4.134960 0.002395 0.000016 0.000000 0.000000 
0.000000 0.000001 0.000013 0.000004 0.000069 0.001717 8.746506 0.063471 0.061114 3.634521 3.443426 0.001466 0.000016 0.000000 0.000003 0.000165 0.007582 105.623604 0.190537 0.185077 10.563764 0.001517 0.000023 0.000021 0.001401 96.725494 0.901145 77.144432 1.732953 1.748906 0.002291 0.000018 0.000000 0.000019 0.001379 59.770973 0.001320 0.000013 0.000000 0.000000 
0.000001 0.000047 0.001323 0.000052 0.000027 0.001502 8.426323 0.003446 0.001189 0.004079 19.251522 0.001504 0.000016 0.000000 0.000002 0.000181 0.010199 0.003786 0.001335 0.003580 7.745886 0.001628 0.000063 0.000004 0.000050 0.001338 0.001503 0.001414 0.003796 67.194290 0.001480 0.000057 0.000005 0.000096 0.003656 0.003647 0.000084 0.000001 0.000000 0.000000 
0.000015 0.001334 69.153885 0.001351 0.000021 0.000069 0.001760 0.000335 0.003306 0.000355 0.001675 0.000059 0.000001 0.000000 0.000012 0.001336 110.643333 0.001449 0.000040 0.000105 0.003394 0.000271 0.001509 0.000056 0.000004 0.000014 0.000008 0.000027 0.000205 0.001917 0.000245 0.001498 0.000133 0.001687 111.152901 0.001394 0.000018 0.000000 0.000000 0.000000 
0.000020 0.002480 2.407170 0.002515 0.000025 0.000024 0.000140 0.001840 8.594060 0.001670 0.000072 0.000002 0.000000 0.000000 0.000001 0.000047 0.001343 0.000050 0.000016 0.000413 0.003266 0.004655 110.613220 0.001494 0.000055 0.000002 0.000001 0.000062 0.001826 0.000268 0.001949 111.363258 0.001675 0.000127 0.001337 0.000048 0.000001 0.000000 0.000001 0.000016 
0.000072 0.001510 69.173370 0.001656 0.000127 0.001336 0.002537 0.004975 8.597367 0.001657 0.000067 0.000002 0.000000 0.000000 0.000000 0.000001 0.000015 0.000024 0.001311 0.023988 0.087528 0.029837 0.068964 0.001311 0.001495 0.000055 0.000019 0.001359 111.325378 0.001701 0.000141 0.001493 0.000059 0.000003 0.000012 0.000001 0.000000 0.000001 0.000053 0.001462 
0.001776 0.000238 0.001495 0.000132 0.001619 42.434532 8.352797 43.957939 0.002893 0.000293 0.001520 0.000055 0.000001 0.000000 0.000000 0.000001 0.000027 0.000955 0.043459 0.375932 0.105920 0.321849 0.068366 0.030343 110.718277 0.001361 0.000019 0.000051 0.001338 0.000056 0.000007 0.000055 0.000003 0.000000 0.000000 0.000000 0.000000 0.000014 0.001417 8.551561 
5.583240 0.001759 0.000066 0.000016 0.001697 0.567526 0.014595 0.006111 0.000381 0.002131 111.334503 0.001492 0.000054 0.000002 0.000001 0.000050 0.001405 0.003659 0.264352 0.333648 22.421148 1.464585 1.420679 73.373802 0.015167 0.000258 0.000004 0.000001 0.000013 0.000004 0.000053 0.001428 0.000048 0.000001 0.000000 0.000000 0.000000 0.000003 0.000177 0.006344 
5.570857 0.001576 0.000021 0.000010 0.001657 0.569873 0.010409 0.004287 0.002119 0.000273 0.001701 0.000229 0.001492 0.000055 0.000020 0.001336 4.130611 26.100739 1.449167 15.952503 52.693188 16.515692 0.980044 0.509547 0.033343 0.001871 0.000058 0.000001 0.000002 0.000052 0.001429 34.634258 0.001293 0.000012 0.000000 0.000000 0.000001 0.000055 0.001741 0.004204 
0.001560 0.000059 0.000002 0.000019 0.001389 84.088730 0.760368 0.760781 94.747871 0.001691 0.000140 0.001699 111.342422 0.001375 0.000037 0.001385 0.023120 0.066400 22.384693 52.647404 350.253693 53.063282 22.806807 0.518219 0.511753 97.326691 0.001359 0.000020 0.000053 0.001424 0.003684 8.017694 0.001654 0.000013 0.000000 0.000000 0.000012 0.001332 94.560364 0.786679 
0.000017 0.000001 0.000001 0.000086 0.003693 0.009942 0.002425 0.001817 0.001334 0.000055 0.000004 0.000055 0.001335 0.000048 0.000003 0.000289 0.014210 0.100187 3.167990 19.080256 53.306484 16.033529 0.619949 0.487383 0.043055 0.132437 0.000988 0.000046 0.001358 31.983467 1.826390 31.791319 0.001290 0.000013 0.000000 0.000000 0.000003 0.000129 0.001780 0.001876 
0.000000 0.000000 0.000012 0.001336 110.823730 0.007389 0.000197 0.000016 0.000013 0.000001 0.000000 0.000001 0.000012 0.000001 0.000000 0.000009 0.000523 0.003244 13.621659 4.721746 23.103041 0.908128 0.698374 0.486579 0.031158 0.127020 0.003122 0.000414 0.002746 7.984439 0.004305 0.001825 0.000128 0.000003 0.000000 0.000001 0.000059 0.001678 0.000182 0.000028 
0.000000 0.000000 0.000001 0.000087 0.003593 43.720207 0.001313 0.000015 0.000000 0.000000 0.000000 0.000000 0.000000 0.000000 0.000000 0.000000 0.000024 0.001484 5.548902 0.837047 0.846363 0.517996 0.642343 28.223333 4.964080 6.644225 12.672974 0.015258 0.011917 34.853603 0.001835 0.000258 0.001672 0.000064 0.000005 0.000055 0.001494 106.928535 0.003364 0.000761 
0.000016 0.000001 0.000000 0.000019 0.002076 8.582438 0.002190 0.000047 0.000001 0.000000 0.000000 0.000000 0.000000 0.000000 0.000000 0.000000 0.000001 0.000111 0.004726 0.832994 0.128291 0.132549 61.736809 0.013004 0.014750 12.274178 0.009853 0.013025 110.082108 0.002608 0.000171 0.001768 94.596458 0.001744 0.000177 0.001495 0.002853 0.134711 8.599301 0.095280 
0.001461 0.000058 0.000002 0.000014 0.001313 46.484909 0.003604 0.001363 0.000044 0.000001 0.000000 0.000000 0.000000 0.000000 0.000000 0.000000 0.000000 0.000018 0.001389 90.022346 0.026519 0.023728 6.232444 0.003959 0.000390 0.001683 0.000814 0.015528 0.003694 0.000116 0.000019 0.001851 0.786493 0.004097 0.006240 105.932724 0.164694 0.159114 8.592858 0.110290 
8.529229 0.001663 0.000065 0.000023 0.001357 0.265588 0.261364 16.045406 0.001252 0.000012 0.000000 0.000000 0.000000 0.000000 0.000000 0.000001 0.000014 0.000003 0.000050 0.001356 0.000275 0.001838 60.520657 0.004090 0.000148 0.000095 0.001531 3.111133 0.001366 0.000022 0.000010 0.001781 0.786490 0.002050 0.000136 0.001351 0.000910 0.000994 0.003358 8.561244 
0.102060 0.004456 0.001682 0.000909 0.003438 0.263553 0.258196 8.840929 0.001339 0.000015 0.000000 0.000000 0.000000 0.000000 0.000001 0.000053 0.001416 0.000055 0.000003 0.000020 0.000031 0.000176 0.005335 43.311642 0.002048 0.000447 0.004000 50.264977 0.001404 0.000019 0.000015 0.001341 94.578949 0.001358 0.000020 0.000017 0.000006 0.000014 0.000236 0.006364 
0.102431 9.143214 9.571404 0.131962 0.133930 19.993736 6.415357 12.348650 0.001641 0.000062 0.000009 0.000008 0.000013 0.000001 0.000017 0.001465 8.551991 0.001495 0.000024 0.000058 0.001349 0.001983 0.006385 8.373783 0.043085 0.046084 33.086651 1.802077 0.001268 0.000017 0.000002 0.000052 0.001489 0.000053 0.000003 0.000015 0.000004 0.000067 0.001855 0.004223 
0.003375 0.170429 0.003392 0.000905 0.000948 0.003945 3.664939 5.189609 0.004014 0.001540 0.001798 0.001770 0.001332 0.000053 0.000024 0.001492 8.552515 0.001646 0.000065 0.001460 42.141644 0.462091 0.462066 41.775482 0.001854 0.000329 0.001579 0.001638 0.000137 0.000025 0.000005 0.000009 0.000057 0.000007 0.000056 0.001346 0.000127 0.001667 94.569862 0.786577 
0.005843 0.175703 0.001123 0.000019 0.000028 0.001374 31.629129 0.020403 0.024039 95.931526 0.790234 0.790166 94.359329 0.001414 0.000026 0.000059 0.001419 0.000060 0.000026 0.002060 8.411127 0.005880 0.001888 0.001329 0.000056 0.000005 0.000031 0.000175 0.001815 0.001527 0.000926 0.000956 0.001495 0.000133 0.001687 111.373909 0.001674 0.000126 0.001334 0.001766 
0.565862 91.758873 0.001335 0.000013 0.000002 0.000050 0.001318 0.000305 0.000328 0.001334 0.001787 0.001987 0.003733 0.003715 0.000088 0.000004 0.000015 0.000004 0.000057 0.001450 43.618340 0.001515 0.000098 0.000023 0.000001 0.000001 0.000074 0.002648 7.776775 10.620533 0.182347 0.187806 105.572594 0.001674 0.000127 0.001338 0.000055 0.000003 0.000013 0.000007 
0.501115 0.003909 0.000090 0.000001 0.000001 0.000017 0.000020 0.000004 0.000003 0.000013 0.000009 0.000035 0.001433 111.160309 0.001338 0.000013 0.000002 0.000051 0.001491 0.000226 0.001646 0.000231 0.001575 0.000076 0.000003 0.000013 0.001339 111.012131 0.004468 0.001748 0.000948 0.000934 0.001337 0.000055 0.000004 0.000013 0.000001 0.000000 0.000000 0.000000 
8.411683 0.001493 0.000020 0.000001 0.000044 0.001224 0.000100 0.000017 0.000001 0.000000 0.000000 0.000001 0.000049 0.001335 0.000047 0.000001 0.000013 0.001334 96.248238 0.001707 0.000147 0.001713 111.199554 0.002467 0.000071 0.000005 0.000055 0.001524 0.000132 0.000079 0.000010 0.000005 0.000013 0.000003 0.000013 0.000002 0.000000 0.000000 0.000000 0.000000 
0.001459 0.000055 0.000002 0.000013 0.001251 2.847087 0.004292 0.001331 0.000082 0.000018 0.000001 0.000000 0.000001 0.000012 0.000001 0.000000 0.000007 0.001649 0.582572 0.001981 0.000054 0.000094 0.002556 111.170868 0.001548 0.000062 0.000021 0.000069 0.000135 0.001676 0.000060 0.000001 0.000002 0.000049 0.001339 0.000086 0.000018 0.000001 0.000000 0.000000 
0.000016 0.000001 0.000000 0.000015 0.001330 26.291565 8.860872 25.839140 0.003573 0.001394 0.000052 0.000001 0.000000 0.000000 0.000000 0.000000 0.000007 0.001642 0.579797 0.005976 0.001390 0.000075 0.000136 0.003908 0.003879 0.001651 0.001282 0.001483 0.004567 10.516599 0.001516 0.000022 0.000023 0.001409 110.920029 0.003693 0.001394 0.000056 0.000003 0.000016 
0.000000 0.000000 0.000000 0.000013 0.001250 2.846018 0.004348 0.001388 0.003646 111.173134 0.001492 0.000054 0.000001 0.000000 0.000000 0.000000 0.000014 0.001306 42.109837 8.381598 43.623772 0.001467 0.000068 0.001521 4.452375 18.689167 15.300624 23.405670 3.656060 6.043565 0.001610 0.000077 0.000151 0.003708 0.004526 0.007390 110.902931 0.001689 0.000136 0.001465 
0.000000 0.000000 0.000000 0.000001 0.000043 0.001204 0.000095 0.000023 0.000090 0.001494 0.000212 0.001485 0.000050 0.000001 0.000000 0.000001 0.000020 0.000057 0.001323 0.001991 0.001305 0.000050 0.000007 0.000548 0.068940 0.002668 0.001291 0.001285 0.001617 0.001543 0.000224 0.001573 0.003952 110.995392 0.001926 0.000238 0.001339 0.000130 0.001790 8.568614 
0.000000 0.000000 0.000000 0.000000 0.000001 0.000011 0.000001 0.000000 0.000002 0.000055 0.001488 94.580605 0.001333 0.000013 0.000001 0.000054 0.001442 0.000066 0.000019 0.000015 0.000013 0.000001 0.000004 0.000554 0.071005 0.000730 0.000026 0.000014 0.000018 0.000059 0.001495 94.448349 0.003748 0.001442 0.000061 0.000004 0.000013 0.000003 0.000061 0.001473 
0.000000 0.000000 0.000000 0.000000 0.000000 0.000000 0.000000 0.000000 0.000000 0.000009 0.001792 0.786024 0.001774 0.000009 0.000017 0.001465 8.553947 0.001472 0.000018 0.000000 0.000000 0.000000 0.000016 0.001473 9.164994 0.001480 0.000018 0.000000 0.000000 0.000009 0.001793 0.785062 0.002006 0.000039 0.000001 0.000000 0.000000 0.000000 0.000001 0.000019 
