0.000062 0.000364 0.004336 11.202932 0.005476 0.001030 0.000317 0.000080 0.000015 0.000002 0.000000 0.000001 0.000004 0.000043 0.000451 0.006013 11.613550 0.068315 0.052169 0.069109 24.537678 0.001816 0.000187 0.000027 0.000005 0.000004 0.000014 0.000059 0.000142 0.000140 0.000175 0.000465 0.002170 19.098763 0.002074 0.000390 0.000215 0.000637 0.005520 0.333312 
0.000033 0.000129 0.001482 158.566788 0.003384 0.001572 0.001742 0.000215 0.000039 0.000006 0.000001 0.000001 0.000008 0.000156 0.002783 0.005362 171.188583 0.252420 0.272245 103.128159 3.891262 0.005038 0.001533 0.000211 0.000095 0.000067 0.000055 0.000226 0.001536 0.000518 0.000435 0.001426 0.009064 0.959194 0.008306 0.001078 0.000276 0.000308 0.001886 15.575543 
0.000031 0.000097 0.000454 0.004608 0.006556 0.009046 349.038269 0.001504 0.000112 0.000019 0.000005 0.000010 0.000128 0.005318 0.127971 0.736921 15.133887 7.691992 6.447783 9.640503 105.179665 0.071633 0.063360 0.009953 0.005792 0.004242 0.001318 0.002726 3.584929 0.005048 0.001823 0.003093 0.011222 0.956858 0.010166 0.001478 0.000427 0.000331 0.000685 0.003351 
0.000084 0.000153 0.000496 0.002151 10.712475 19.856543 0.030152 0.002680 0.000379 0.000059 0.000030 0.000109 0.001508 0.057903 0.863513 2.763903 14.708458 15.678979 46.438049 25.774746 22.957380 1.975556 1.110184 0.253821 0.188374 0.151936 0.051257 0.063585 44.822376 12.170151 34.710075 17.742779 201.172180 15.652248 39.445358 0.002376 0.000945 0.000736 0.000690 0.001487 
0.000435 0.000447 0.001618 0.004722 5.971621 2.353697 0.028405 0.004497 0.000581 0.000134 0.000463 0.001479 0.003775 0.082845 2.688865 8.188472 20.760427 22.781567 63.750565 29.610327 23.713955 5.672091 3.636343 1.745684 1.964845 1.753775 0.784941 0.792523 4.502500 1.495672 14.650624 0.004423 0.002282 0.002685 0.004405 0.004722 0.005441 0.004865 0.002125 0.005771 
0.004115 0.001858 0.008694 0.012006 85.858765 4.002104 4.011877 223.406525 0.002759 0.001253 0.018182 0.025932 15.565300 19.171043 3.372567 10.694908 27.719372 30.179783 117.473190 39.740166 35.931728 17.188824 14.501704 10.312894 6.149184 5.086064 3.466383 1.208143 0.672619 0.691997 58.427773 0.002268 0.000723 0.000608 0.002094 149.531677 16.719131 16.727669 281.949615 13.981929 
1.381771 276.141479 0.738826 0.728884 6.781143 3.763463 0.011078 0.003841 0.000971 0.018218 0.392282 1.506196 15.881310 17.225409 168.260818 38.321442 42.541668 44.676769 158.241364 49.398819 46.212986 26.461027 19.039631 10.850120 20.039902 17.106461 6.450831 2.650362 0.730745 0.656168 5.879568 0.005780 0.000761 0.000273 0.000323 0.001577 0.004771 0.006369 0.009966 0.299484 
1.179812 0.008188 0.010957 0.013609 0.016919 270.840912 0.003867 0.002275 0.001532 0.057130 0.666773 2.506344 15.563263 24.767677 48.563232 61.674110 70.779884 67.242462 224.395462 72.723167 68.410126 45.596275 45.082592 349.399414 19.429432 18.445492 6.701806 2.864139 1.221661 1.120543 5.882463 0.005408 0.000558 0.000132 0.000107 0.000217 0.000700 0.001821 0.008028 0.299712 
12.303358 0.005351 0.003185 0.004867 0.013540 1.580428 0.019668 0.010384 0.003126 0.392197 1.357942 3.594777 17.017733 28.044895 48.621849 68.458687 83.788765 93.639572 214.432709 82.080032 71.677597 67.107361 67.934738 175.142151 66.369354 106.260735 28.304993 31.654402 7.651430 8.027145 176.944824 0.001706 0.000281 0.000070 0.000072 0.000144 0.000230 0.000450 0.002052 15.685565 
9.377534 0.003284 0.001372 0.002905 0.016793 1.569814 0.187494 0.191213 348.189056 6.276774 5.747578 8.257998 23.896019 25.850843 169.695862 142.451035 134.092697 140.141617 219.993942 165.003189 272.246490 95.422630 95.457886 176.858536 69.438065 58.802715 45.843460 27.225914 14.659576 6.875670 2.492932 0.183413 0.007245 0.000266 0.000213 0.001475 0.000238 0.000188 0.000332 0.001723 
0.001912 0.000562 0.000487 0.002125 15.803609 16.005987 0.388581 0.369790 1.247272 6.101408 8.547013 12.795036 29.658173 35.163689 77.239388 93.078407 127.868301 182.899048 237.294678 213.723007 247.620895 125.313416 125.125717 146.403229 166.390625 53.384178 47.533680 29.511543 17.078176 6.916371 2.345310 0.498902 0.048395 0.002994 0.004594 69.840096 0.001484 0.000151 0.000098 0.000121 
0.000159 0.000140 0.000189 0.000494 0.002533 0.006570 0.360418 1.091710 1.168724 63.436947 25.727211 26.754318 42.851292 50.004879 83.590286 87.235367 329.744934 211.493057 253.585907 250.329361 256.138153 160.993301 160.288376 174.252197 154.675674 81.472778 223.916855 32.616806 34.736553 149.858963 2.131516 1.957545 0.441111 0.044725 0.047534 16.730629 0.003043 0.000202 0.000044 0.000024 
0.000056 0.000080 0.000146 0.000270 0.000646 0.002718 16.748266 6.507491 6.340714 30.262953 35.632156 38.846653 56.308445 66.742279 97.679413 107.780060 122.360573 330.287537 288.353088 284.214722 271.963287 191.441223 190.769409 208.029724 192.971741 257.646576 148.852844 303.027985 30.985756 29.990602 14.169395 8.849395 1.650216 0.355174 0.407648 70.026009 0.001420 0.000091 0.000018 0.000006 
0.000083 0.000200 0.001482 0.000402 0.000548 0.002718 15.609498 26.039841 28.387638 31.564400 102.635002 80.383286 85.574776 92.663467 111.954277 151.958801 132.466934 239.977783 288.116852 305.186096 310.102753 236.201859 236.609634 240.182800 227.547562 202.744949 153.158859 120.878220 90.578186 154.440063 9.074384 8.786688 2.504877 0.963221 0.401817 0.015849 0.000729 0.000060 0.000011 0.000004 
0.000235 0.001585 89.866936 0.003229 0.001797 0.037281 0.526578 1.702452 16.619392 27.021444 48.086494 71.490280 96.108101 114.601036 138.216492 143.783493 361.840515 359.674744 353.729645 329.427795 311.594025 256.225159 251.414520 280.263763 228.692078 197.667145 156.254776 121.847336 89.972748 62.668510 9.482332 9.066931 6.380290 6.652145 350.577820 0.012593 0.009741 0.000405 0.000021 0.000015 
0.000662 0.004059 15.093322 0.006000 0.002715 0.043568 0.515239 0.591900 24.845037 31.473841 49.144314 73.484444 100.771370 125.129967 157.364410 167.614456 219.325043 255.166702 291.968292 318.719971 337.886780 303.374512 331.322723 259.780792 240.977478 195.360245 160.351349 124.788536 94.741737 132.956207 116.478760 350.933411 13.493408 13.269838 10.036209 1.823101 0.300592 0.009265 0.000189 0.000104 
0.000902 0.002405 90.021164 0.006634 0.004790 0.048168 0.529665 0.651516 20.832584 47.402740 65.871834 89.790703 116.688423 141.144424 175.087830 192.636185 226.142944 257.461975 293.279480 316.638031 356.536438 330.594147 328.683167 276.211151 260.742554 303.966064 263.915802 266.621124 362.137817 97.856369 92.717606 56.634491 26.983700 24.165333 9.335172 3.088763 0.421901 0.015263 0.000936 0.001715 
0.002996 0.002305 0.020493 0.017768 0.020518 48.341591 15.053271 64.972176 46.865208 73.049530 65.054413 92.253876 122.838387 150.910263 185.210129 210.519211 238.767654 269.787170 300.587616 324.592194 362.864655 355.718231 356.663879 325.341644 337.208130 243.333557 227.903717 185.637100 149.359680 113.074127 88.555801 58.205902 38.847027 22.252348 10.333491 3.310313 0.478833 0.022427 0.022975 15.703554 
10.145461 0.018607 0.018078 0.248680 0.914948 4.570828 13.569767 31.584736 60.416660 63.150490 355.316223 177.054337 174.712601 190.703430 216.646896 239.722534 269.210022 286.113495 312.856873 333.536926 360.968079 380.216492 350.762543 327.229858 283.304871 258.658173 223.170288 184.255890 149.870346 116.916901 86.983208 58.348423 38.252010 22.497704 8.633375 3.600031 0.458610 0.023302 0.008416 0.240513 
10.106623 0.015518 0.014578 0.242623 0.898749 4.508782 13.785430 31.608902 60.677204 71.720695 162.311844 197.224411 176.654587 197.500397 223.208191 248.261795 274.994751 318.404083 334.937592 351.573029 369.756104 368.769623 340.009460 316.541565 284.874847 258.581604 226.327530 189.382767 158.859894 126.819450 100.265533 81.138023 31.533146 24.439421 6.758826 3.216309 0.406107 0.057611 0.010444 0.238450 
0.001903 0.000651 0.001331 0.015146 0.017918 128.861298 104.329613 105.277946 240.512344 177.121964 208.699249 216.257233 369.833893 357.473969 361.914764 362.010956 360.104828 351.009644 362.576660 369.798889 399.089844 366.527924 354.166962 330.696381 308.022705 283.245178 204.631454 187.866196 147.313446 118.345352 90.964691 61.223557 38.222889 23.744192 7.660929 3.647162 0.775406 0.888526 160.696320 7.008887 
0.000140 0.000104 0.000274 0.003027 0.018793 47.115246 83.398552 114.268814 147.866226 177.417496 197.381546 214.254852 213.374710 229.026093 248.109467 269.136627 290.774139 314.820557 332.911560 349.941010 368.103180 364.215332 332.754608 306.962341 279.726501 247.042297 216.039062 186.518341 151.615005 127.922180 81.202972 80.502495 30.414434 23.636465 6.560843 2.866559 0.437081 0.070103 0.006976 0.009538 
0.000031 0.000036 0.000117 0.001509 349.542145 133.751343 135.497604 132.300003 147.442749 166.248291 179.894760 190.684113 206.865036 223.394836 241.941254 262.035217 282.019196 302.206360 324.479401 340.024597 361.297302 367.552216 336.159454 304.469696 279.788239 249.450592 212.522827 185.784515 142.069153 114.555145 82.911446 60.473785 34.256302 21.481800 7.669229 3.370220 0.819606 0.077861 0.005125 0.004772 
0.000028 0.000040 0.000537 0.013576 0.026739 57.074207 70.883865 86.479576 108.429527 128.669724 144.624725 157.635086 172.492233 188.816025 209.581482 232.868835 254.546448 282.822113 300.824493 325.626190 350.704773 359.597504 341.661224 308.546661 280.341278 255.255783 210.528793 172.808624 144.938568 134.724106 76.635704 61.982334 34.766281 22.670033 12.602508 7.936579 8.607759 318.735809 0.014472 0.011731 
0.000118 0.000099 0.000610 0.014586 0.024371 21.361633 32.604691 51.290268 77.692970 100.077927 116.837631 130.724472 147.172501 164.752014 188.458664 212.538208 236.268295 264.182831 276.959869 312.771881 329.272461 341.135834 328.185638 288.044281 271.116577 247.706879 221.078583 220.477814 363.371155 130.333633 126.951065 130.126907 173.506485 15.918448 14.385477 8.127007 1.544934 0.490147 15.971552 0.333688 
0.001717 0.000439 0.000348 0.001201 0.002662 55.789913 25.626184 44.281666 68.326637 83.393066 95.752625 108.214401 125.024994 142.932877 169.172379 192.068787 217.906204 239.975143 253.920044 298.937866 300.175537 317.199036 299.893463 275.531219 244.725677 206.580948 164.897003 132.774948 101.075333 147.526962 81.079575 52.927704 29.202957 54.080261 56.582287 321.992035 0.530572 0.522362 15.884614 0.362688 
15.581852 0.003013 0.001117 0.002539 0.010267 0.622117 0.661678 32.303997 49.359943 61.977928 75.444336 88.701019 106.382530 125.297943 153.483246 173.045853 198.650269 210.957458 239.156586 224.839417 269.713867 291.778290 300.701691 256.425537 238.774658 214.332382 167.900970 136.539429 95.875702 81.638863 61.715321 49.734715 26.329853 3.425518 3.216617 0.233289 0.017142 0.010504 0.014498 15.864384 
0.916185 0.006405 0.003122 0.010979 0.024443 0.623089 0.678011 19.851210 32.312027 46.822632 61.539841 73.805183 92.013428 112.675117 139.986313 151.316650 175.958588 178.516296 190.840607 205.168747 263.552368 262.318146 258.832031 242.382706 212.399719 209.057434 194.100204 231.392105 68.101006 62.623859 43.700436 40.850174 162.127319 2.764088 2.656987 0.215523 0.008108 0.003600 0.012168 0.251357 
0.968667 17.439905 22.317066 1.897958 1.900775 39.326614 17.612391 30.902613 23.713148 39.218563 51.753681 58.962276 79.854439 104.356140 121.446365 124.053810 149.986420 136.897385 162.911224 173.539917 240.580200 223.439667 239.477951 184.297531 177.586868 172.068466 236.619751 91.019867 75.184280 45.016430 26.067692 12.398386 3.186328 1.250706 0.352963 0.028254 0.001456 0.002339 0.014044 0.249169 
0.549770 1.325391 0.013923 0.012022 0.010128 0.007825 12.965314 8.654456 7.531857 35.088043 36.949104 38.813663 72.195007 94.968880 93.073639 92.646164 103.364502 104.453110 133.805847 152.151718 210.545059 187.816025 250.962662 175.883469 141.277206 127.871391 108.883263 91.777161 61.436337 41.544773 23.285168 11.849666 3.061255 0.772289 0.137895 0.032599 0.001254 0.002897 160.342133 6.916447 
0.558028 1.334859 0.009870 0.003075 0.002138 0.003667 59.209858 0.054944 0.057393 160.588181 19.486343 19.003500 165.925522 67.479317 61.580780 62.084759 72.106949 79.456741 113.552620 148.553711 137.741287 146.759293 196.133545 110.105194 127.449554 105.513100 103.112732 79.773842 50.657589 35.128433 16.368559 11.682107 3.314448 0.907375 0.990384 351.469025 0.002330 0.000623 0.001498 0.004127 
1.915073 206.246536 0.001982 0.000595 0.000479 0.000646 0.001779 0.003850 0.004504 0.004600 0.095700 0.130566 0.114703 63.254158 38.412724 38.372414 52.733192 56.246571 108.696312 110.498543 142.941498 116.941315 201.121994 86.634560 78.300636 71.361877 70.489395 79.780312 35.581036 34.978497 5.336499 5.400574 278.860413 0.026280 0.023431 0.001533 0.000310 0.000154 0.000142 0.000331 
1.656035 0.004440 0.000483 0.000202 0.000204 0.000350 0.000383 0.000470 0.000508 0.002953 0.062732 0.094722 0.104400 349.389923 21.201015 21.163458 32.883316 34.308640 109.515205 84.797173 77.363075 79.326645 203.983490 66.677330 60.351364 44.018398 41.631165 349.327393 0.051479 0.030953 0.089379 0.076508 0.001866 0.000735 0.000504 0.000134 0.000069 0.000035 0.000028 0.000041 
15.083633 0.001900 0.000242 0.000153 0.000340 0.001876 0.000647 0.000310 0.000178 0.000261 0.002909 0.006160 0.026652 0.313013 4.014361 9.207530 20.171356 20.824743 233.723434 65.304802 64.552025 61.261173 350.379852 53.684944 39.557590 25.885752 8.155857 2.928073 0.341826 0.026195 0.013290 0.008663 0.000454 0.000197 0.000166 0.000101 0.000048 0.000021 0.000012 0.000011 
0.001698 0.000275 0.000113 0.000164 0.001672 4.216317 0.005100 0.001685 0.000363 0.000172 0.000152 0.000458 0.010422 0.287140 2.797341 5.664412 11.616968 12.761598 37.503220 41.856056 34.422375 16.244917 13.703260 350.702942 29.063553 28.473600 7.484288 2.843378 0.630511 0.031089 0.002043 0.000588 0.000222 0.000310 0.001568 0.000346 0.000147 0.000068 0.000034 0.000025 
0.000103 0.000055 0.000044 0.000115 0.001475 32.879047 16.412333 32.436897 0.003889 0.001632 0.000250 0.000100 0.000885 0.031672 0.423829 1.464704 4.339641 4.672255 36.975071 29.077341 33.624855 11.851462 10.353745 4.784240 13.150015 43.921520 7.807064 3.538305 3.413975 28.090012 0.002180 0.000442 0.000394 0.001891 350.903900 0.004025 0.001605 0.000346 0.000179 0.000146 
0.000013 0.000010 0.000019 0.000103 0.001589 4.205554 0.004991 0.001700 0.004084 351.299103 0.001809 0.000263 0.000098 0.001186 0.023367 0.174795 0.768395 0.840535 47.884342 14.863699 51.373112 3.338817 3.342550 4.821575 11.200968 31.498005 28.299578 35.015160 5.940559 8.294465 0.002589 0.000792 0.000906 0.004336 0.005887 0.009037 350.879913 0.002501 0.000771 0.001757 
0.000001 0.000002 0.000006 0.000038 0.000214 0.001513 0.000459 0.000269 0.000466 0.002011 0.000833 0.001747 0.000219 0.000082 0.000613 0.007259 0.056000 0.052036 0.002467 0.005894 0.003518 0.387171 0.478646 0.464581 1.028890 0.022719 0.003992 0.001748 0.002269 0.002328 0.001229 0.002366 0.004931 351.098145 0.003037 0.001135 0.001543 0.000719 0.002688 15.756841 
0.000000 0.000000 0.000001 0.000008 0.000035 0.000084 0.000073 0.000070 0.000148 0.000446 0.001939 158.412521 0.001530 0.000174 0.000145 0.001437 0.056923 0.004078 0.000901 0.002915 0.001438 0.017259 0.024371 0.049393 1.030917 0.017617 0.001727 0.000388 0.000356 0.000611 0.002114 158.376465 0.005133 0.002716 0.000654 0.000268 0.000144 0.000187 0.000424 0.001844 
0.000000 0.000000 0.000000 0.000002 0.000007 0.000014 0.000015 0.000024 0.000094 0.000516 0.004621 11.227760 0.004615 0.000533 0.000293 0.001952 15.782679 0.001978 0.000259 0.000266 0.000130 0.000503 0.000956 0.003368 18.810133 0.002373 0.000467 0.000171 0.000191 0.000615 0.004756 11.181103 0.005810 0.001121 0.000295 0.000089 0.000043 0.000054 0.000114 0.000211 
