0.000013 0.000217 0.004101 9.967221 0.004804 0.000511 0.000122 0.000023 0.000002 0.000000 0.000000 0.000000 0.000000 0.000010 0.000216 0.004100 9.354212 0.024753 0.015462 0.029470 24.249245 0.001706 0.000100 0.000007 0.000000 0.000000 0.000002 0.000021 0.000072 0.000042 0.000034 0.000159 0.001815 18.469734 0.001765 0.000126 0.000036 0.000297 0.004986 0.329331 
0.000005 0.000062 0.001413 158.566788 0.002830 0.001023 0.001532 0.000140 0.000014 0.000001 0.000000 0.000000 0.000001 0.000005 0.000061 0.001412 157.250031 0.070967 0.066169 101.748634 3.830575 0.003075 0.000157 0.000008 0.000000 0.000001 0.000015 0.000155 0.001441 0.000344 0.000159 0.000635 0.007157 0.741208 0.006606 0.000417 0.000044 0.000101 0.001653 15.396544 
0.000004 0.000029 0.000292 0.004294 0.005965 0.008431 344.584106 0.001437 0.000054 0.000003 0.000000 0.000001 0.000004 0.000008 0.000024 0.000164 0.001779 0.004493 5.912341 0.810662 98.131241 0.001420 0.000060 0.000004 0.000001 0.000003 0.000059 0.001460 3.558004 0.004816 0.001534 0.002259 0.009281 0.739210 0.008434 0.000682 0.000097 0.000079 0.000324 0.002568 
0.000015 0.000032 0.000209 0.001837 10.626644 19.589697 0.029195 0.002034 0.000155 0.000010 0.000004 0.000018 0.000070 0.000074 0.000036 0.000052 0.000244 0.001982 44.215668 0.004744 0.001689 0.000156 0.000016 0.000002 0.000001 0.000004 0.000060 0.001432 44.471451 11.996211 34.538414 17.555653 198.092514 15.462964 39.273697 0.001895 0.000479 0.000330 0.000252 0.000749 
0.000228 0.000160 0.000852 0.003879 5.896215 2.329539 0.027464 0.003841 0.000318 0.000031 0.000025 0.000181 0.001657 0.001663 0.000228 0.000074 0.000126 0.001478 16.475739 0.001707 0.000199 0.000030 0.000006 0.000003 0.000002 0.000006 0.000066 0.001474 3.568291 0.814066 14.461308 0.003992 0.001897 0.002371 0.004112 0.004238 0.004833 0.004327 0.001674 0.004992 
0.003833 0.001555 0.007162 0.010437 84.603821 3.960722 3.971390 222.719879 0.001430 0.000062 0.000077 0.001628 15.359936 15.713758 0.002678 0.000290 0.000185 0.001526 19.461811 0.001378 0.000074 0.000014 0.000017 0.000041 0.000023 0.000015 0.000046 0.000369 0.003861 0.006569 56.170776 0.001861 0.000353 0.000323 0.001804 149.531677 14.247638 14.255629 279.523712 13.827662 
1.366735 271.133331 0.651688 0.641994 6.759685 3.723417 0.009367 0.002217 0.000226 0.000032 0.000031 0.000248 0.002366 0.005552 161.087677 0.002036 0.000612 0.000746 0.003446 0.000360 0.000053 0.000031 0.000143 0.001420 0.000273 0.000115 0.000108 0.000304 0.002034 0.008451 4.775639 0.005002 0.000367 0.000081 0.000177 0.001445 0.004249 0.005171 0.008210 0.287414 
1.167675 0.006033 0.007821 0.009422 0.012712 269.257660 0.002236 0.000667 0.000167 0.000032 0.000013 0.000060 0.000550 0.005085 8.168345 0.011670 0.005214 0.002710 0.001809 0.000819 0.000137 0.000126 0.001548 346.326843 0.004442 0.001714 0.001477 0.001713 0.008966 0.021222 4.781985 0.004765 0.000280 0.000027 0.000027 0.000088 0.000308 0.000831 0.006299 0.287638 
12.147089 0.003243 0.001155 0.001995 0.009943 1.454182 0.012789 0.004566 0.001603 0.000163 0.000026 0.000028 0.000282 0.004247 8.165440 0.097239 0.099071 14.029417 0.021446 0.017653 0.001522 0.000494 0.001037 0.015762 5.586250 33.401283 21.991037 25.301405 2.250831 2.258917 175.588669 0.001425 0.000069 0.000012 0.000020 0.000061 0.000066 0.000151 0.001724 15.505895 
9.269930 0.002273 0.000421 0.001294 0.013256 1.443626 0.095219 0.098611 344.767731 0.001562 0.000106 0.000026 0.000075 0.001426 148.379486 1.093482 1.084231 28.811096 2.358996 2.362804 237.817001 0.010967 0.009471 0.012926 3.292097 0.522796 0.497529 0.030067 0.032354 0.127893 0.005671 0.000361 0.000033 0.000020 0.000118 0.001389 0.000138 0.000065 0.000207 0.001664 
0.001822 0.000301 0.000183 0.001791 15.615031 15.369948 0.017337 0.014626 0.028831 0.004217 0.000402 0.000065 0.000034 0.000159 0.001697 0.022334 1.077482 11.015315 7.897079 8.512131 29.300991 0.702140 0.294979 0.307943 106.518929 0.512960 0.504578 0.026880 0.021479 0.130969 0.003933 0.000212 0.000023 0.000059 0.001386 69.840096 0.001402 0.000072 0.000036 0.000074 
0.000089 0.000042 0.000055 0.000277 0.002223 0.005331 0.020963 0.021708 0.025161 58.552780 0.003003 0.000263 0.000039 0.000040 0.000211 0.001743 303.161438 11.555721 11.757896 13.184927 29.115290 1.921953 1.108813 0.485117 2.069035 0.745559 197.645782 0.037586 0.041194 144.800964 0.001457 0.000091 0.000027 0.000151 0.002995 16.570364 0.002962 0.000135 0.000012 0.000006 
0.000013 0.000022 0.000059 0.000101 0.000367 0.002267 16.172083 0.406998 0.401577 4.741363 4.173891 0.001669 0.000080 0.000042 0.000652 0.005692 0.016955 279.218292 20.818954 20.876822 48.052399 3.862439 3.422598 1.935179 2.011153 177.429245 5.262106 292.905334 4.034567 4.039865 0.003214 0.000208 0.000045 0.000124 0.001511 70.002068 0.001380 0.000053 0.000004 0.000001 
0.000024 0.000127 0.001392 0.000197 0.000217 0.001891 15.136009 0.050265 0.047728 0.047459 64.374649 0.001701 0.000097 0.000847 0.012666 0.031366 0.022533 51.532551 32.887089 32.887966 89.168785 13.977908 13.045109 3.625011 1.447525 0.593376 0.085790 0.028466 0.029355 143.170303 0.001781 0.000273 0.000127 0.000362 0.003886 0.003819 0.000223 0.000020 0.000002 0.000000 
0.000098 0.001445 89.821419 0.001574 0.000206 0.000446 0.003016 0.006542 0.050999 0.005642 0.002210 0.000254 0.000917 0.031184 0.316145 0.319893 336.287750 55.248180 53.737717 52.976562 91.663452 15.361479 13.567093 6.553782 2.316272 0.570427 0.090226 0.026066 0.002070 0.003173 0.001050 0.001829 0.000543 0.002254 346.758881 0.001527 0.000079 0.000008 0.000002 0.000004 
0.000331 0.003684 14.734211 0.003782 0.000371 0.000309 0.001017 0.003119 16.191551 0.002259 0.000393 0.000598 0.018570 0.415793 3.078044 4.377466 21.752329 41.903076 67.649055 75.807030 114.279030 79.668686 194.400894 6.150174 6.039550 2.085263 0.831524 0.442588 0.003934 0.001348 0.003265 347.031097 0.002156 0.000461 0.001430 0.000137 0.000018 0.000006 0.000019 0.000069 
0.000462 0.001959 89.891647 0.002136 0.000543 0.001664 0.003785 0.006435 15.505893 0.002295 0.000505 0.013712 0.137642 1.276263 5.910084 10.065824 22.458029 39.021572 69.275742 85.408455 134.613174 97.531952 84.888985 6.652771 6.143473 6.968025 4.300265 4.390711 346.171600 0.002587 0.000831 0.001921 0.000256 0.000069 0.000048 0.000014 0.000005 0.000020 0.000178 0.001656 
0.002505 0.000937 0.001894 0.000597 0.002147 48.144726 14.583666 50.948116 0.007155 0.002245 0.002104 0.283321 0.923335 3.494338 9.702523 17.262585 28.654278 48.538425 71.200500 100.869850 141.956467 124.673897 101.661903 46.515762 208.870392 12.870877 12.800660 9.468034 3.460240 0.329114 0.012367 0.000377 0.000066 0.000012 0.000004 0.000002 0.000005 0.000076 0.001620 15.506207 
10.013556 0.002422 0.000409 0.000512 0.004815 2.390748 0.263197 0.211497 0.017203 0.019529 346.280670 7.373975 7.184990 11.730386 19.571484 30.801790 47.480103 54.880234 80.156067 102.180595 149.506500 160.284454 160.244873 122.459862 38.828510 31.352762 21.849220 11.204421 3.387666 0.502077 0.057131 0.001835 0.000148 0.000015 0.000002 0.000001 0.000012 0.000277 0.005194 0.227881 
9.975736 0.002005 0.000206 0.000370 0.004480 2.396147 0.258855 0.209619 0.019215 0.003154 0.003531 0.420633 7.031490 12.793256 21.786699 34.103180 45.869698 126.255455 117.842979 133.390350 172.080551 167.862900 116.513054 83.862526 40.628819 33.948380 28.192568 12.817067 3.964395 1.124854 1.112413 42.777393 0.001354 0.000045 0.000003 0.000002 0.000026 0.000434 0.006959 0.225903 
0.001827 0.000244 0.000064 0.000142 0.001552 128.255997 5.964925 5.967813 165.779205 0.003390 0.001734 0.003499 327.946686 179.047073 173.514175 136.672180 116.434532 100.915115 129.526794 154.158829 386.897614 210.629181 189.229065 160.255890 151.014709 145.412842 18.857735 16.990656 4.556650 1.149383 1.111930 13.223135 0.001862 0.000076 0.000006 0.000004 0.000046 0.001394 159.528259 6.946058 
0.000086 0.000032 0.000037 0.000258 0.003960 0.011382 0.006417 0.004519 0.001440 0.000498 0.010946 0.323838 2.626821 9.759716 21.141823 35.281853 55.092602 78.609436 92.622360 117.689453 157.788330 170.174149 149.081436 115.191635 95.518799 76.888947 35.753719 30.951542 23.050266 38.807293 7.499089 36.656002 0.001359 0.000055 0.000007 0.000009 0.000071 0.000539 0.003481 0.006487 
0.000007 0.000007 0.000046 0.001428 346.330780 0.008685 0.001201 0.000429 0.000083 0.000148 0.009537 0.327279 2.591249 8.876567 18.262585 29.762268 45.314606 57.811523 83.074738 103.065010 134.516068 148.839401 157.252029 105.209412 89.298576 92.732101 66.850494 59.948837 27.446409 14.107953 0.007071 0.002804 0.000480 0.000095 0.000030 0.000042 0.000251 0.002227 0.001756 0.001839 
0.000006 0.000005 0.000028 0.000303 0.004035 50.132023 0.001455 0.000126 0.000020 0.000019 0.001468 0.072389 1.032813 4.101390 9.606912 18.060129 28.980082 47.744377 54.866344 100.211426 109.240860 111.435333 156.778534 80.126274 53.998524 71.681358 37.697346 17.410301 27.474592 43.015747 0.002832 0.001131 0.002101 0.000633 0.000382 0.000245 0.001782 314.999359 0.011030 0.008280 
0.000071 0.000027 0.000026 0.000162 0.002409 15.691264 0.002638 0.000266 0.000034 0.000004 0.000087 0.005742 0.166103 1.377341 4.499387 10.210759 19.375067 35.427219 36.276051 95.515854 81.967033 82.284454 113.518326 20.549400 19.177937 27.425966 2.702651 2.714791 342.155975 0.003497 0.000897 0.002592 159.119781 0.008143 0.006372 0.001785 0.008760 0.442595 15.754226 0.324345 
0.001659 0.000249 0.000084 0.000177 0.001512 55.567715 0.004029 0.001704 0.000151 0.000014 0.000004 0.000221 0.010418 0.211825 1.448288 4.280715 13.592368 22.374588 23.919159 136.728180 54.105797 56.432472 43.060081 19.367348 13.751356 5.393042 2.672677 2.277433 0.024336 0.001699 0.000604 0.004808 7.682896 0.462591 0.467625 317.531281 0.504743 0.494683 15.674400 0.353091 
15.401490 0.002338 0.000482 0.001233 0.006132 0.530439 0.521890 22.512653 0.001353 0.000051 0.000005 0.000006 0.000329 0.012353 0.219578 1.404885 9.399618 14.581104 22.537678 12.891283 31.288893 38.192623 90.403275 11.538949 7.266087 6.423255 5.550980 5.598594 0.021763 0.001264 0.000380 0.004320 7.686731 0.013088 0.006875 0.001578 0.005126 0.006883 0.010903 15.650702 
0.602305 0.005599 0.002408 0.008693 0.019239 0.529225 0.531219 15.177738 0.001585 0.000110 0.000027 0.000013 0.000015 0.000702 0.030555 0.453084 10.582107 8.376066 8.664208 11.359763 28.872137 46.888401 26.770430 57.089447 3.060994 3.128217 4.312078 185.349472 0.001634 0.000152 0.000118 0.001482 159.069199 0.001866 0.000473 0.000166 0.000452 0.001294 0.008329 0.234661 
0.622577 16.776859 21.231291 1.423975 1.426843 37.983528 11.059376 20.355497 0.002060 0.000309 0.000289 0.000228 0.000064 0.000060 0.001361 0.012159 26.912708 4.201419 3.915000 4.384158 29.824965 14.416565 16.847853 15.785295 2.886474 2.937067 171.915268 1.850942 0.001439 0.000117 0.000087 0.000244 0.001801 0.000245 0.000105 0.000105 0.000172 0.000878 0.010187 0.232589 
0.250881 1.287918 0.011814 0.009233 0.007792 0.005872 7.057220 7.725221 0.004638 0.001849 0.004290 0.004121 0.001414 0.000184 0.000181 0.001866 15.533809 0.360796 0.376726 0.401436 104.021751 3.887060 3.850641 47.908527 0.043222 0.041404 0.002052 0.002441 0.000613 0.000253 0.000436 0.000510 0.000309 0.000160 0.000259 0.001509 0.000470 0.002089 159.655487 6.881254 
0.259198 1.297348 0.007955 0.001441 0.000847 0.002344 58.575607 0.027690 0.031751 160.588181 10.019017 10.018841 157.757141 0.001623 0.000186 0.000264 0.001670 0.012701 0.047020 0.058748 22.202950 0.411959 0.380634 0.002562 0.001463 0.001129 0.000329 0.000835 0.002541 0.002011 0.006183 0.006336 0.001838 0.000548 0.002260 347.075592 0.002124 0.000434 0.001423 0.003989 
1.573733 204.842453 0.001534 0.000159 0.000100 0.000258 0.001541 0.001579 0.001576 0.001443 0.004247 0.004914 0.004443 0.004042 0.000297 0.000081 0.000096 0.000324 0.001806 0.003259 50.333786 0.042556 0.041464 0.001020 0.000110 0.000087 0.000327 0.003481 11.195855 31.840519 2.918156 2.929060 278.124969 0.002132 0.000469 0.001450 0.000202 0.000064 0.000069 0.000211 
1.380395 0.004294 0.000301 0.000049 0.000046 0.000139 0.000160 0.000161 0.000131 0.000088 0.000277 0.000490 0.002043 346.770325 0.001453 0.000065 0.000049 0.000212 0.003317 0.000920 0.002428 0.003284 0.043971 0.001054 0.000088 0.000079 0.001471 346.544708 0.005603 0.002664 0.006631 0.006003 0.001474 0.000224 0.000087 0.000062 0.000022 0.000006 0.000005 0.000010 
14.919024 0.001764 0.000125 0.000048 0.000196 0.001621 0.000409 0.000124 0.000048 0.000023 0.000026 0.000051 0.000183 0.001417 0.000134 0.000030 0.000080 0.001444 206.453842 0.002535 0.000853 0.002605 346.904846 0.003035 0.000282 0.000104 0.000253 0.002024 0.000750 0.000628 0.000607 0.000399 0.000097 0.000064 0.000071 0.000038 0.000012 0.000003 0.000001 0.000001 
0.001652 0.000196 0.000042 0.000083 0.001560 4.170750 0.004846 0.001489 0.000243 0.000087 0.000025 0.000011 0.000018 0.000040 0.000015 0.000020 0.000251 0.004459 4.100223 0.006174 0.000915 0.000639 0.003271 346.771240 0.001895 0.000291 0.000222 0.000431 0.000763 0.002540 0.000384 0.000093 0.000055 0.000173 0.001462 0.000257 0.000085 0.000023 0.000006 0.000005 
0.000069 0.000021 0.000011 0.000063 0.001418 32.707386 16.266535 32.265236 0.003786 0.001537 0.000170 0.000030 0.000007 0.000003 0.000002 0.000013 0.000248 0.004448 4.091226 0.011016 0.002335 0.000524 0.000688 0.004832 0.004559 0.002009 0.001620 0.001967 0.005442 27.495279 0.001880 0.000184 0.000173 0.001653 346.409729 0.003941 0.001535 0.000224 0.000077 0.000083 
0.000004 0.000002 0.000005 0.000064 0.001528 4.162639 0.004852 0.001568 0.003939 346.811005 0.001721 0.000185 0.000027 0.000003 0.000001 0.000008 0.000081 0.001398 47.627689 14.629785 50.487179 0.001925 0.000468 0.002234 6.351750 29.869154 26.618784 34.750629 5.895719 8.251550 0.002208 0.000441 0.000581 0.004080 0.005562 0.008693 346.384430 0.002270 0.000556 0.001679 
0.000000 0.000000 0.000001 0.000016 0.000162 0.001460 0.000343 0.000146 0.000309 0.001801 0.000643 0.001667 0.000151 0.000018 0.000006 0.000026 0.000121 0.000215 0.001463 0.002250 0.001368 0.000218 0.000515 0.006631 0.476613 0.009754 0.002087 0.001466 0.002034 0.002016 0.000833 0.002010 0.004554 346.600037 0.002732 0.000849 0.001452 0.000508 0.002452 15.574076 
0.000000 0.000000 0.000000 0.000002 0.000015 0.000052 0.000028 0.000017 0.000049 0.000252 0.001741 158.412521 0.001429 0.000076 0.000039 0.000204 0.001708 0.000291 0.000129 0.000110 0.000053 0.000048 0.000378 0.006237 0.481933 0.007188 0.000625 0.000126 0.000156 0.000326 0.001825 158.376465 0.004570 0.002159 0.000345 0.000104 0.000063 0.000075 0.000274 0.001727 
0.000000 0.000000 0.000000 0.000000 0.000001 0.000003 0.000002 0.000002 0.000020 0.000282 0.004278 9.977685 0.004261 0.000289 0.000132 0.001744 15.541988 0.001719 0.000107 0.000021 0.000008 0.000013 0.000115 0.001738 17.851242 0.001805 0.000158 0.000030 0.000042 0.000309 0.004330 9.945621 0.005123 0.000589 0.000078 0.000013 0.000006 0.000009 0.000036 0.000111 
