0.000004 0.000142 0.003911 7.941534 0.004425 0.000303 0.000071 0.000011 0.000001 0.000000 0.000000 0.000000 0.000000 0.000004 0.000142 0.003917 7.624498 0.017428 0.008903 0.022667 24.110237 0.001670 0.000070 0.000003 0.000000 0.000000 0.000001 0.000010 0.000049 0.000020 0.000013 0.000089 0.001723 17.998522 0.001691 0.000072 0.000011 0.000149 0.004379 0.319047 
0.000002 0.000042 0.001392 158.411423 0.002575 0.000772 0.001475 0.000113 0.000007 0.000000 0.000000 0.000000 0.000000 0.000002 0.000041 0.001391 157.055695 0.063331 0.058560 101.081360 3.803138 0.003014 0.000116 0.000003 0.000000 0.000000 0.000008 0.000122 0.001407 0.000270 0.000089 0.000317 0.005467 0.522952 0.005105 0.000180 0.000012 0.000058 0.001603 15.311440 
0.000001 0.000014 0.000232 0.004195 0.005693 0.008146 341.722870 0.001418 0.000037 0.000001 0.000000 0.000000 0.000002 0.000003 0.000012 0.000130 0.001717 0.004408 5.876942 0.801756 97.571922 0.001401 0.000043 0.000002 0.000000 0.000002 0.000044 0.001436 3.545485 0.004728 0.001459 0.001920 0.007567 0.521321 0.006910 0.000366 0.000035 0.000032 0.000219 0.002265 
0.000005 0.000012 0.000123 0.001740 10.591077 19.451488 0.027898 0.001463 0.000073 0.000003 0.000001 0.000010 0.000053 0.000055 0.000018 0.000026 0.000184 0.001915 43.900982 0.004684 0.001637 0.000125 0.000009 0.000000 0.000000 0.000002 0.000045 0.001415 44.342064 11.911703 34.455261 17.458096 196.550507 15.373416 39.197247 0.001716 0.000306 0.000196 0.000135 0.000466 
0.000144 0.000084 0.000504 0.003494 5.861053 2.189260 0.026149 0.003263 0.000210 0.000014 0.000013 0.000148 0.001635 0.001638 0.000182 0.000037 0.000077 0.001421 16.386276 0.001650 0.000150 0.000016 0.000002 0.000001 0.000001 0.000002 0.000046 0.001443 3.550642 0.807483 14.371772 0.003843 0.001769 0.002261 0.004007 0.004057 0.004513 0.004061 0.001549 0.004630 
0.003697 0.001474 0.005934 0.009185 83.976830 3.715009 3.725239 222.279434 0.001410 0.000044 0.000056 0.001601 15.275526 15.625981 0.002627 0.000204 0.000102 0.001435 19.373960 0.001348 0.000049 0.000006 0.000009 0.000032 0.000013 0.000006 0.000020 0.000221 0.002924 0.005574 54.428028 0.001720 0.000231 0.000225 0.001704 149.487549 10.853292 10.860474 276.181000 12.881713 
1.356699 268.632782 0.543353 0.533864 6.746919 3.488718 0.008891 0.001890 0.000162 0.000015 0.000014 0.000182 0.002163 0.005335 160.847977 0.001709 0.000289 0.000481 0.002697 0.000211 0.000023 0.000014 0.000115 0.001408 0.000228 0.000080 0.000062 0.000146 0.001142 0.007004 3.593876 0.004574 0.000212 0.000036 0.000133 0.001412 0.003988 0.004518 0.005859 0.233299 
1.158606 0.005399 0.006177 0.007070 0.010348 268.162170 0.001905 0.000344 0.000100 0.000015 0.000004 0.000026 0.000364 0.004754 6.981887 0.009439 0.003382 0.002419 0.001047 0.000364 0.000074 0.000079 0.001495 343.419128 0.004397 0.001675 0.001413 0.001524 0.007297 0.018806 3.600596 0.004409 0.000167 0.000009 0.000013 0.000056 0.000178 0.000395 0.003985 0.233893 
12.072473 0.002629 0.000569 0.000966 0.007930 1.165846 0.008839 0.002009 0.001529 0.000126 0.000012 0.000010 0.000176 0.004028 6.979570 0.080562 0.082504 13.963418 0.009235 0.005975 0.001456 0.000244 0.000473 0.005819 5.557407 33.246765 21.257404 24.489367 1.717915 1.726308 175.298264 0.001398 0.000044 0.000004 0.000010 0.000042 0.000030 0.000081 0.001642 15.420449 
9.219918 0.002042 0.000209 0.000739 0.011260 1.155538 0.044229 0.047459 342.077332 0.001524 0.000073 0.000011 0.000047 0.001397 148.146881 0.594459 0.586387 17.994879 1.263325 1.273120 237.422943 0.001926 0.000407 0.002844 3.263417 0.491790 0.466784 0.017526 0.017228 0.061879 0.003478 0.000200 0.000014 0.000010 0.000099 0.001369 0.000109 0.000034 0.000160 0.001639 
0.001789 0.000219 0.000110 0.001707 15.526181 15.246361 0.007942 0.005321 0.017830 0.004173 0.000328 0.000035 0.000016 0.000126 0.001636 0.008468 0.596658 0.098161 0.073733 0.096358 1.558293 0.006765 0.000501 0.001996 104.748520 0.482109 0.473840 0.014604 0.008570 0.064905 0.001752 0.000073 0.000007 0.000041 0.001367 69.771477 0.001376 0.000048 0.000019 0.000055 
0.000064 0.000020 0.000026 0.000202 0.002104 0.005190 0.011562 0.010879 0.014237 57.940861 0.002941 0.000210 0.000019 0.000020 0.000154 0.001677 301.723572 0.093863 0.081118 0.105908 1.548092 0.007110 0.000462 0.000315 0.004158 0.131984 197.102325 0.025184 0.028725 143.941544 0.001416 0.000053 0.000011 0.000108 0.002929 15.954157 0.002907 0.000100 0.000005 0.000002 
0.000005 0.000011 0.000039 0.000054 0.000262 0.002146 16.034666 0.312070 0.306743 4.683676 4.166738 0.001641 0.000058 0.000007 0.000039 0.000501 0.008465 276.655579 1.934251 1.919879 23.351227 0.006588 0.004289 0.000325 0.001755 176.006180 4.704103 290.853760 3.955446 3.960955 0.003102 0.000137 0.000018 0.000080 0.001466 69.932549 0.001365 0.000039 0.000002 0.000000 
0.000012 0.000104 0.001372 0.000144 0.000138 0.001801 15.049505 0.024516 0.021228 0.023248 63.648087 0.001656 0.000054 0.000005 0.000030 0.000527 0.011363 5.712114 2.781945 2.821354 67.434578 0.128548 0.094560 0.004183 0.000267 0.001464 0.003329 0.001660 0.004167 142.575882 0.001696 0.000192 0.000066 0.000275 0.003834 0.003793 0.000190 0.000011 0.000001 0.000000 
0.000062 0.001407 89.706978 0.001484 0.000118 0.000297 0.002668 0.003114 0.024540 0.002762 0.002083 0.000181 0.000012 0.000003 0.000057 0.001440 336.247986 5.676246 5.571854 6.105669 55.031590 0.622057 0.096572 0.008796 0.000733 0.000101 0.000147 0.000166 0.000671 0.002768 0.000780 0.001740 0.000410 0.002110 343.850494 0.001503 0.000059 0.000003 0.000001 0.000002 
0.000208 0.003499 13.461357 0.003577 0.000231 0.000168 0.000693 0.002761 16.003021 0.002123 0.000275 0.000027 0.000002 0.000029 0.002851 0.143187 3.023534 6.812081 9.611514 12.163230 39.466618 32.018764 188.947433 0.005037 0.003454 0.000656 0.000123 0.000266 0.002477 0.000952 0.002852 344.124603 0.002047 0.000361 0.001414 0.000114 0.000010 0.000002 0.000010 0.000053 
0.000308 0.001802 89.777206 0.001978 0.000388 0.001519 0.003441 0.006069 15.403032 0.002067 0.000249 0.000026 0.000005 0.000214 0.010365 0.285156 2.962486 7.827651 17.267338 19.194712 46.323811 48.464878 79.192444 0.363487 0.005056 0.008190 0.004343 0.005817 344.046295 0.002199 0.000480 0.001701 0.000188 0.000037 0.000035 0.000008 0.000002 0.000010 0.000146 0.001634 
0.002332 0.000721 0.001751 0.000421 0.001967 48.077881 14.512644 50.828190 0.004798 0.001218 0.001822 0.000179 0.000105 0.004554 0.090109 1.077782 4.391881 13.866335 22.891216 40.167339 56.628361 68.961288 95.986099 40.275589 203.095810 0.134511 0.134891 0.010465 0.004606 0.000210 0.000084 0.000165 0.000035 0.000004 0.000002 0.000000 0.000002 0.000049 0.001586 15.421437 
9.956504 0.002265 0.000270 0.000301 0.004475 2.300770 0.199487 0.155330 0.006829 0.009090 343.946777 0.003396 0.001839 0.085554 0.493327 2.746299 6.658942 14.160598 28.905939 40.757465 76.342422 91.379303 112.812843 102.414116 9.336352 6.890364 1.420304 0.131867 0.003184 0.000077 0.000153 0.001591 0.000116 0.000008 0.000000 0.000000 0.000003 0.000101 0.003219 0.177317 
9.921284 0.001907 0.000121 0.000217 0.004215 2.306140 0.194923 0.153387 0.008830 0.001433 0.002175 0.000706 0.003448 0.626712 1.697566 3.597921 8.942474 91.565460 49.611282 63.655716 103.253799 115.099426 85.049377 54.085056 10.189121 7.216969 1.501490 0.163241 0.004842 0.000204 0.001624 42.660210 0.001342 0.000034 0.000001 0.000001 0.000011 0.000235 0.004974 0.175099 
0.001797 0.000188 0.000030 0.000086 0.001494 128.023392 5.638534 5.641313 165.497467 0.002098 0.000458 0.002158 327.946686 24.441158 24.250340 23.770975 33.160152 34.348270 60.348633 88.649330 382.576813 140.518707 115.842072 90.011139 96.696625 130.813843 0.044367 0.041190 0.011324 0.001650 0.004205 13.159088 0.001836 0.000057 0.000002 0.000002 0.000034 0.001381 159.277817 6.544101 
0.000063 0.000016 0.000018 0.000210 0.003897 0.011041 0.005981 0.004273 0.001406 0.000160 0.000053 0.000193 0.004452 0.811373 3.464910 8.853598 19.611008 30.083853 35.604351 55.869694 92.522591 84.533035 61.542446 36.283421 19.752388 9.212294 1.654565 0.352279 0.351256 36.816048 6.254157 36.596298 0.001340 0.000038 0.000002 0.000003 0.000037 0.000390 0.002742 0.005382 
0.000003 0.000003 0.000034 0.001412 343.421509 0.008349 0.000882 0.000268 0.000051 0.000010 0.000003 0.000033 0.002931 0.168841 1.209503 4.545827 11.507660 13.274383 35.167622 43.461529 64.702721 67.400208 75.004539 34.471207 19.508724 9.296471 1.779300 0.386177 0.360497 13.153620 0.005572 0.002493 0.000363 0.000043 0.000008 0.000020 0.000183 0.002070 0.001024 0.000903 
0.000003 0.000002 0.000014 0.000245 0.003967 50.057198 0.001400 0.000074 0.000008 0.000001 0.000000 0.000002 0.000163 0.009807 0.186878 1.372530 4.747139 8.863137 15.206494 51.229450 39.185677 42.313240 73.166122 52.123058 20.328716 25.626272 23.437256 0.347650 0.376284 42.954666 0.002520 0.000829 0.001982 0.000320 0.000134 0.000169 0.001700 312.690491 0.009220 0.006434 
0.000053 0.000013 0.000010 0.000109 0.002346 15.599634 0.002557 0.000196 0.000017 0.000001 0.000000 0.000000 0.000004 0.000306 0.011460 0.208752 1.279659 5.740669 5.076210 50.009338 25.086615 24.444071 91.709534 0.550570 0.566380 22.537832 0.014392 0.018103 341.478302 0.003174 0.000605 0.002297 158.880142 0.005328 0.003569 0.001702 0.008492 0.431800 15.649567 0.311806 
0.001635 0.000186 0.000037 0.000087 0.001418 55.429272 0.003946 0.001627 0.000117 0.000007 0.000000 0.000000 0.000000 0.000006 0.000340 0.010867 0.151233 0.688854 0.709003 124.985855 10.689095 10.749324 15.736458 0.480033 0.438201 0.005091 0.003315 0.021012 0.004005 0.000380 0.000336 0.004442 7.058309 0.244722 0.249446 314.125610 0.493008 0.483041 15.568087 0.340065 
15.314981 0.002135 0.000295 0.000678 0.005259 0.519522 0.511272 22.429487 0.001335 0.000036 0.000002 0.000000 0.000000 0.000000 0.000007 0.000285 0.006223 0.042926 0.073984 0.082334 4.738282 5.032705 68.330238 0.191909 0.053048 0.002546 0.003330 3.282775 0.001554 0.000122 0.000210 0.004071 7.060979 0.009804 0.003954 0.001489 0.004595 0.005714 0.008637 15.542558 
0.460348 0.005345 0.002182 0.007085 0.017074 0.518240 0.520172 15.106475 0.001541 0.000073 0.000011 0.000004 0.000002 0.000001 0.000011 0.000198 0.006593 0.001883 0.006507 0.078527 1.821546 1.491255 1.009539 50.504303 0.009698 0.007601 0.008593 183.572922 0.001550 0.000081 0.000068 0.001430 158.829803 0.001580 0.000191 0.000084 0.000217 0.000545 0.004762 0.180208 
0.470342 16.466021 20.462311 1.007708 1.010667 37.104374 10.989270 20.253853 0.001958 0.000217 0.000181 0.000147 0.000043 0.000017 0.000064 0.001658 15.450814 0.002801 0.001365 0.051509 1.850442 0.743437 0.685438 14.155807 0.824498 0.833607 167.766022 1.850942 0.001388 0.000071 0.000035 0.000162 0.001691 0.000162 0.000046 0.000060 0.000070 0.000413 0.006607 0.177932 
0.117704 1.118234 0.010306 0.007354 0.006390 0.005277 7.003220 7.690080 0.004529 0.001756 0.004051 0.003923 0.001392 0.000141 0.000111 0.001753 15.453341 0.002070 0.000265 0.001867 49.306194 1.706085 1.704886 47.833702 0.007124 0.005352 0.001883 0.002204 0.000453 0.000147 0.000224 0.000272 0.000201 0.000084 0.000182 0.001459 0.000361 0.001977 159.402328 6.506479 
0.125970 1.127597 0.006616 0.000739 0.000420 0.001904 58.263554 0.027184 0.031242 160.418915 7.980601 7.980433 157.607162 0.001557 0.000122 0.000196 0.001606 0.000222 0.000181 0.002652 15.530567 0.011266 0.005918 0.001468 0.000353 0.000217 0.000183 0.000604 0.002369 0.001873 0.005440 0.005551 0.001727 0.000411 0.002113 344.167847 0.002027 0.000344 0.001398 0.003864 
1.419658 203.986816 0.001446 0.000074 0.000037 0.000165 0.001473 0.001235 0.001258 0.001406 0.004014 0.004589 0.004261 0.003970 0.000233 0.000043 0.000061 0.000052 0.000183 0.001618 50.265095 0.002200 0.000699 0.000125 0.000030 0.000030 0.000231 0.003242 11.166402 30.120329 1.973096 1.984010 277.484467 0.002024 0.000365 0.001426 0.000156 0.000035 0.000046 0.000141 
1.252494 0.004243 0.000239 0.000021 0.000019 0.000086 0.000097 0.000077 0.000063 0.000052 0.000173 0.000321 0.001863 343.862366 0.001428 0.000043 0.000025 0.000141 0.001688 0.000629 0.002130 0.000780 0.002374 0.000260 0.000039 0.000048 0.001435 343.636597 0.005307 0.002380 0.005745 0.005300 0.001430 0.000166 0.000047 0.000042 0.000011 0.000002 0.000002 0.000004 
14.838205 0.001716 0.000085 0.000023 0.000144 0.001550 0.000311 0.000075 0.000022 0.000009 0.000009 0.000022 0.000136 0.001406 0.000111 0.000015 0.000050 0.001413 205.901337 0.002238 0.000561 0.002298 343.992035 0.002739 0.000206 0.000055 0.000178 0.001866 0.000512 0.000390 0.000314 0.000206 0.000055 0.000034 0.000047 0.000020 0.000005 0.000001 0.000000 0.000000 
0.001630 0.000157 0.000021 0.000056 0.001520 4.147000 0.004741 0.001436 0.000196 0.000062 0.000012 0.000003 0.000009 0.000031 0.000008 0.000007 0.000155 0.004165 3.351577 0.005476 0.000546 0.000400 0.003034 343.863342 0.001802 0.000207 0.000134 0.000283 0.000534 0.002282 0.000248 0.000036 0.000025 0.000131 0.001433 0.000212 0.000061 0.000011 0.000002 0.000002 
0.000053 0.000011 0.000005 0.000045 0.001397 32.637608 16.077415 32.195175 0.003753 0.001507 0.000135 0.000016 0.000002 0.000001 0.000001 0.000004 0.000153 0.004156 3.342757 0.010294 0.001958 0.000321 0.000478 0.004617 0.004450 0.001917 0.001523 0.001811 0.005258 27.226620 0.001799 0.000114 0.000108 0.001581 343.500519 0.003909 0.001506 0.000168 0.000041 0.000059 
0.000002 0.000001 0.000002 0.000047 0.001500 4.140213 0.004772 0.001516 0.003881 343.901886 0.001678 0.000147 0.000015 0.000001 0.000000 0.000003 0.000052 0.001366 47.566105 14.563751 50.403919 0.001741 0.000289 0.002031 6.324139 29.729822 26.476311 34.622654 5.871853 8.230691 0.002060 0.000306 0.000445 0.004002 0.005370 0.008489 343.474579 0.002137 0.000432 0.001650 
0.000000 0.000000 0.000000 0.000008 0.000129 0.001436 0.000274 0.000098 0.000241 0.001721 0.000532 0.001628 0.000123 0.000009 0.000002 0.000013 0.000084 0.000161 0.001416 0.002212 0.001350 0.000144 0.000231 0.004994 0.365744 0.008074 0.001772 0.001404 0.001966 0.001902 0.000650 0.001873 0.004406 343.687378 0.002552 0.000681 0.001427 0.000395 0.002325 15.486216 
0.000000 0.000000 0.000000 0.000001 0.000008 0.000038 0.000014 0.000007 0.000024 0.000179 0.001667 158.263550 0.001400 0.000048 0.000019 0.000159 0.001663 0.000222 0.000084 0.000078 0.000037 0.000019 0.000165 0.004780 0.370675 0.005541 0.000326 0.000069 0.000100 0.000224 0.001720 158.216904 0.004338 0.001930 0.000232 0.000055 0.000042 0.000040 0.000206 0.001684 
0.000000 0.000000 0.000000 0.000000 0.000000 0.000001 0.000001 0.000000 0.000007 0.000177 0.004043 7.942176 0.004020 0.000180 0.000082 0.001685 15.455841 0.001679 0.000074 0.000009 0.000003 0.000004 0.000069 0.001677 17.529154 0.001719 0.000090 0.000011 0.000015 0.000188 0.004072 7.923579 0.004732 0.000373 0.000032 0.000004 0.000002 0.000003 0.000017 0.000076 
