399.991577 399.991821 399.992279 399.992737 399.992615 399.992371 399.992004 399.991455 399.990875 399.990417 399.990143 399.990143 399.990387 399.990845 399.991455 399.992249 399.993042 399.993347 399.993683 399.994019 399.994263 399.993195 399.992310 399.991699 399.991394 399.991333 399.991547 399.991913 399.992249 399.992401 399.992493 399.992676 399.993073 399.993805 399.992859 399.992249 399.991974 399.992004 399.992340 399.992859 
399.991699 399.991974 399.992554 399.993591 399.993042 399.992767 399.992523 399.991791 399.991119 399.990601 399.990326 399.990326 399.990570 399.990967 399.991608 399.992462 399.993713 399.993591 399.993927 399.994324 399.993896 399.993042 399.992249 399.991699 399.991425 399.991455 399.991730 399.992218 399.992737 399.992737 399.992767 399.992798 399.992950 399.993073 399.992706 399.992249 399.992004 399.992035 399.992493 399.993591 
399.991882 399.992126 399.992554 399.993164 399.993378 399.993439 399.993652 399.992340 399.991486 399.990936 399.990662 399.990662 399.990906 399.991272 399.991730 399.992340 399.993073 399.993530 399.994293 399.994019 399.994049 399.992950 399.992218 399.991730 399.991547 399.991638 399.992035 399.992767 399.993866 399.993347 399.993256 399.993134 399.993195 399.993042 399.992889 399.992401 399.992065 399.992004 399.992218 399.992615 
399.992157 399.992340 399.992737 399.993286 399.994110 399.994110 399.993378 399.992554 399.991821 399.991302 399.991089 399.991180 399.991486 399.991760 399.992035 399.992371 399.992859 399.993408 399.994171 399.993622 399.993256 399.992645 399.992126 399.991791 399.991669 399.991821 399.992249 399.993011 399.994110 399.993744 399.994019 399.993530 399.993866 399.993286 399.993622 399.992676 399.992188 399.992035 399.992126 399.992218 
399.992554 399.992706 399.992950 399.993378 399.993805 399.993713 399.993317 399.992889 399.992188 399.991669 399.991547 399.991791 399.992340 399.992584 399.992523 399.992554 399.992798 399.993195 399.993561 399.993225 399.992828 399.992432 399.992126 399.991943 399.991913 399.992035 399.992401 399.993042 399.994019 399.993652 399.993652 399.993286 399.993103 399.992889 399.992920 399.992737 399.992310 399.992218 399.992401 399.992249 
399.993042 399.993256 399.993286 399.993622 399.994293 399.993805 399.993500 399.993713 399.992584 399.992004 399.991913 399.992371 399.993591 399.993774 399.993195 399.992859 399.992889 399.993195 399.993896 399.993134 399.992706 399.992401 399.992279 399.992249 399.992249 399.992340 399.992523 399.992859 399.993286 399.993408 399.993866 399.993073 399.992676 399.992462 399.992615 399.993347 399.992462 399.992432 399.993286 399.992523 
399.993622 399.994080 399.993622 399.993744 399.994324 399.993896 399.993439 399.993164 399.992584 399.992188 399.992065 399.992310 399.992859 399.993286 399.993805 399.993134 399.992981 399.993103 399.993225 399.992920 399.992676 399.992554 399.992615 399.992859 399.992798 399.992767 399.992798 399.992889 399.993011 399.993042 399.993073 399.992645 399.992249 399.992035 399.992035 399.992188 399.991974 399.992004 399.992340 399.992310 
399.993896 399.993774 399.993561 399.993591 399.993896 399.994202 399.993500 399.993073 399.992737 399.992371 399.992218 399.992279 399.992523 399.992859 399.993164 399.993073 399.993134 399.993317 399.993164 399.992950 399.992828 399.992828 399.993073 399.993896 399.993561 399.993439 399.993256 399.993256 399.993073 399.992981 399.992981 399.992462 399.992004 399.991730 399.991608 399.991608 399.991577 399.991669 399.992004 399.992432 
399.994476 399.993805 399.993500 399.993469 399.993622 399.993713 399.993439 399.993225 399.993103 399.992706 399.992432 399.992340 399.992462 399.992767 399.993164 399.993195 399.993439 399.994080 399.993469 399.993195 399.993195 399.993073 399.993195 399.993683 399.994263 399.994232 399.993744 399.994019 399.993317 399.993164 399.993591 399.992493 399.991882 399.991547 399.991455 399.991455 399.991364 399.991455 399.991974 399.993225 
399.994415 399.993683 399.993408 399.993469 399.993713 399.993774 399.993561 399.993530 399.993958 399.993195 399.992737 399.992493 399.992523 399.992889 399.993774 399.993378 399.993591 399.994171 399.993561 399.993469 399.993958 399.993317 399.993256 399.993530 399.993927 399.993896 399.993683 399.993561 399.993256 399.993011 399.992828 399.992218 399.991760 399.991547 399.991577 399.991760 399.991394 399.991211 399.991333 399.991760 
399.993530 399.993317 399.993256 399.993500 399.994263 399.994324 399.993805 399.993652 399.993683 399.993530 399.993103 399.992737 399.992554 399.992676 399.993042 399.993225 399.993561 399.993652 399.993439 399.993347 399.993439 399.993256 399.993225 399.993530 399.994202 399.993927 399.993805 399.993591 399.993347 399.993164 399.992676 399.992126 399.991730 399.991608 399.991943 399.992950 399.991638 399.990997 399.990753 399.990784 
399.993011 399.992981 399.993073 399.993286 399.993652 399.993866 399.993896 399.993774 399.993896 399.994293 399.993652 399.993011 399.992615 399.992523 399.992737 399.993164 399.993988 399.993713 399.993439 399.993378 399.993500 399.993256 399.993195 399.993347 399.993713 399.993958 399.994293 399.993866 399.993591 399.993866 399.992828 399.992157 399.991760 399.991669 399.991882 399.992249 399.991455 399.990723 399.990326 399.990173 
399.992798 399.992859 399.992981 399.993134 399.993408 399.993774 399.994354 399.993958 399.993988 399.994446 399.994293 399.993225 399.992615 399.992371 399.992493 399.992889 399.993469 399.993988 399.993469 399.993530 399.994110 399.993439 399.993164 399.993225 399.993530 399.994171 399.993958 399.994171 399.993622 399.993469 399.992798 399.992188 399.991821 399.991760 399.992096 399.992950 399.991455 399.990540 399.990021 399.989807 
399.992767 399.992920 399.993195 399.993195 399.993317 399.993652 399.994324 399.993927 399.993866 399.993988 399.994171 399.993134 399.992493 399.992218 399.992279 399.992645 399.993164 399.993256 399.993164 399.993347 399.994049 399.993408 399.993164 399.993103 399.993195 399.993378 399.993408 399.993469 399.993439 399.993805 399.992889 399.992310 399.991943 399.991882 399.992126 399.991882 399.991028 399.990326 399.989899 399.989716 
399.992889 399.993195 399.993927 399.993347 399.993256 399.993439 399.993713 399.993744 399.993805 399.993622 399.993347 399.992737 399.992218 399.991974 399.992065 399.992523 399.993561 399.992950 399.992798 399.992920 399.993195 399.993195 399.993286 399.993103 399.993011 399.993011 399.992981 399.993042 399.993073 399.993073 399.992737 399.992584 399.992126 399.992096 399.992920 399.991608 399.990753 399.990204 399.989960 399.989868 
399.993042 399.993225 399.993561 399.993317 399.993256 399.993378 399.993561 399.993805 399.994263 399.993530 399.992981 399.992432 399.992004 399.991760 399.991791 399.992065 399.992462 399.992432 399.992432 399.992584 399.992859 399.993195 399.993896 399.993286 399.993042 399.992889 399.992828 399.992889 399.993042 399.992859 399.992798 399.993347 399.992218 399.991730 399.991608 399.991028 399.990509 399.990265 399.990265 399.990387 
399.993256 399.993408 399.993988 399.993408 399.993317 399.993530 399.993622 399.993896 399.994232 399.993408 399.992828 399.992279 399.991852 399.991608 399.991577 399.991760 399.992035 399.992157 399.992249 399.992432 399.992706 399.993073 399.993378 399.993347 399.993286 399.992981 399.992828 399.992981 399.993652 399.992828 399.992523 399.992401 399.991821 399.991364 399.991028 399.990662 399.990448 399.990509 399.990845 399.991425 
399.993591 399.993408 399.993378 399.993225 399.993378 399.994019 399.993713 399.994141 399.993683 399.993225 399.992920 399.992279 399.991821 399.991547 399.991516 399.991730 399.992035 399.992218 399.992310 399.992462 399.992798 399.993256 399.993439 399.993683 399.994019 399.993225 399.992859 399.992767 399.992859 399.992554 399.992340 399.992126 399.991669 399.991211 399.990845 399.990601 399.990570 399.990845 399.991577 399.993042 
399.994293 399.993500 399.993134 399.993011 399.993134 399.993378 399.993347 399.993408 399.993256 399.993134 399.993530 399.992462 399.991913 399.991608 399.991608 399.991943 399.992493 399.992676 399.992554 399.992645 399.993042 399.993927 399.993683 399.994110 399.993683 399.993256 399.992920 399.992737 399.992645 399.992554 399.992493 399.992462 399.991852 399.991302 399.990906 399.990723 399.990784 399.991119 399.991669 399.992218 
399.994202 399.993347 399.992950 399.992859 399.993042 399.993286 399.993134 399.993103 399.993103 399.992767 399.992615 399.992249 399.992126 399.991699 399.991699 399.992218 399.993530 399.993683 399.992920 399.992798 399.993011 399.993347 399.993439 399.993591 399.993530 399.993469 399.993103 399.992889 399.992798 399.992798 399.992920 399.993500 399.992310 399.991547 399.991119 399.990967 399.991119 399.991547 399.992126 399.992188 
399.993164 399.992859 399.992706 399.992798 399.993134 399.993805 399.993134 399.993011 399.993530 399.992523 399.992126 399.992096 399.992950 399.991791 399.991547 399.991913 399.992554 399.992889 399.992920 399.992950 399.993103 399.993317 399.993408 399.993500 399.993652 399.994110 399.993469 399.993164 399.993134 399.993256 399.993164 399.993195 399.992462 399.991791 399.991394 399.991302 399.991516 399.992096 399.993256 399.992584 
399.992523 399.992462 399.992523 399.992767 399.993164 399.993225 399.992859 399.992554 399.992401 399.991882 399.991516 399.991394 399.991516 399.991180 399.991180 399.991547 399.992126 399.992676 399.993164 399.993256 399.993408 399.993622 399.993622 399.993652 399.993713 399.993835 399.993622 399.993469 399.993561 399.994049 399.993591 399.993805 399.992737 399.992065 399.991699 399.991669 399.991882 399.992310 399.992706 399.992584 
399.992218 399.992249 399.992432 399.992859 399.993805 399.993347 399.992737 399.992249 399.991821 399.991333 399.990967 399.990753 399.990692 399.990631 399.990814 399.991241 399.991943 399.992828 399.993958 399.993713 399.993927 399.994354 399.994019 399.994019 399.993988 399.994080 399.993988 399.993774 399.993774 399.993835 399.993500 399.993256 399.992767 399.992279 399.992035 399.992065 399.992340 399.992798 399.992889 399.992828 
399.992188 399.992218 399.992371 399.992737 399.993286 399.993805 399.992828 399.992157 399.991577 399.991028 399.990601 399.990295 399.990204 399.990234 399.990509 399.991028 399.991791 399.992737 399.993988 399.993896 399.994354 399.994232 399.994293 399.994568 399.994354 399.994690 399.994598 399.994141 399.994080 399.994263 399.993561 399.993225 399.993042 399.992584 399.992371 399.992493 399.992920 399.993835 399.993530 399.993286 
399.992462 399.992401 399.992432 399.992645 399.993011 399.993286 399.992798 399.992218 399.991577 399.990967 399.990448 399.990112 399.989960 399.990051 399.990356 399.990875 399.991577 399.992401 399.993256 399.993713 399.993927 399.994110 399.994537 399.994354 399.994324 399.994690 399.994385 399.994232 399.994415 399.993896 399.993439 399.993317 399.993774 399.992920 399.992706 399.992950 399.993103 399.993622 399.994202 399.993774 
399.993042 399.992767 399.992645 399.992737 399.993073 399.993805 399.993073 399.992645 399.991852 399.991089 399.990509 399.990112 399.989929 399.990021 399.990326 399.990875 399.991516 399.992218 399.993011 399.993988 399.993774 399.993927 399.994232 399.994171 399.994141 399.994232 399.994202 399.994202 399.993988 399.993591 399.993256 399.993103 399.993134 399.992859 399.992920 399.993683 399.993225 399.993500 399.994232 399.993988 
399.994019 399.993286 399.992981 399.992889 399.993011 399.993286 399.993256 399.993622 399.992310 399.991394 399.990723 399.990265 399.990112 399.990173 399.990509 399.991028 399.991638 399.992126 399.992676 399.993195 399.993439 399.993805 399.994415 399.994232 399.994080 399.994080 399.994232 399.994568 399.993927 399.993439 399.993103 399.993011 399.993073 399.992767 399.992676 399.992859 399.992859 399.993134 399.993652 399.994202 
399.993652 399.993561 399.993347 399.993103 399.993103 399.993347 399.993317 399.993317 399.992493 399.991699 399.991028 399.990601 399.990417 399.990509 399.990845 399.991455 399.992157 399.992310 399.992554 399.992920 399.993256 399.993591 399.994019 399.994446 399.994049 399.994049 399.994293 399.994598 399.993896 399.993347 399.993042 399.993042 399.993652 399.992798 399.992493 399.992462 399.992523 399.992737 399.993103 399.993347 
399.993622 399.994110 399.994049 399.993317 399.993286 399.993958 399.993652 399.993958 399.992859 399.992065 399.991394 399.991028 399.990906 399.990936 399.991272 399.992035 399.993408 399.992676 399.992615 399.992920 399.993347 399.993469 399.993744 399.994019 399.993896 399.993988 399.994507 399.994537 399.993774 399.993256 399.992920 399.992798 399.992828 399.992493 399.992310 399.992310 399.992310 399.992523 399.992889 399.992859 
399.993286 399.993439 399.993286 399.993011 399.993011 399.993347 399.993622 399.993958 399.993042 399.992523 399.991821 399.991547 399.991638 399.991425 399.991516 399.992157 399.993408 399.992676 399.992645 399.993042 399.993927 399.993530 399.993652 399.994202 399.993744 399.993683 399.993835 399.993866 399.993591 399.993225 399.992889 399.992676 399.992584 399.992371 399.992310 399.992432 399.992279 399.992462 399.993347 399.992615 
399.993134 399.993225 399.992920 399.992676 399.992706 399.993042 399.993774 399.993256 399.992920 399.993317 399.992188 399.992004 399.992950 399.991913 399.991608 399.991821 399.992279 399.992279 399.992493 399.992920 399.993439 399.993347 399.993378 399.993500 399.993378 399.993378 399.993530 399.993652 399.993683 399.993469 399.993011 399.992767 399.992737 399.992432 399.992432 399.993225 399.992218 399.991943 399.992065 399.991852 
399.993195 399.993683 399.992767 399.992371 399.992340 399.992523 399.992737 399.992523 399.992279 399.992188 399.991760 399.991669 399.992004 399.992004 399.991577 399.991516 399.991730 399.992035 399.992432 399.992950 399.993835 399.993347 399.993256 399.993225 399.993164 399.993225 399.993439 399.993805 399.994232 399.994110 399.993225 399.992981 399.993500 399.992493 399.992126 399.992065 399.991638 399.991364 399.991241 399.991119 
399.993042 399.992798 399.992279 399.992065 399.992096 399.992249 399.992249 399.992065 399.991791 399.991577 399.991302 399.991302 399.991730 399.992798 399.991608 399.991302 399.991486 399.991974 399.992584 399.992798 399.993134 399.993195 399.993347 399.993256 399.993134 399.993164 399.993439 399.994110 399.993744 399.993439 399.992950 399.992676 399.992584 399.992157 399.991821 399.991547 399.991211 399.990936 399.990753 399.990662 
399.993439 399.992340 399.991852 399.991791 399.992065 399.992462 399.992279 399.992004 399.991638 399.991302 399.990997 399.990875 399.990997 399.991272 399.990997 399.990997 399.991333 399.992065 399.993347 399.992828 399.992920 399.993225 399.993958 399.993561 399.993286 399.993195 399.993256 399.993469 399.993347 399.993164 399.992798 399.992462 399.992249 399.992004 399.991791 399.991455 399.991119 399.990814 399.990601 399.990479 
399.991760 399.991364 399.991241 399.991516 399.992249 399.993500 399.992706 399.992371 399.991791 399.991364 399.990936 399.990631 399.990509 399.990540 399.990509 399.990692 399.991119 399.991760 399.992493 399.992584 399.992767 399.993042 399.993500 399.994019 399.993500 399.993317 399.993256 399.993317 399.993317 399.993286 399.992859 399.992493 399.992249 399.992188 399.992218 399.991760 399.991364 399.990967 399.990723 399.990631 
399.990387 399.990326 399.990509 399.991089 399.992126 399.993561 399.992889 399.993256 399.992157 399.991791 399.991089 399.990601 399.990326 399.990204 399.990265 399.990509 399.991028 399.991699 399.992462 399.992615 399.992889 399.992920 399.993134 399.993469 399.993591 399.993561 399.993439 399.993530 399.993561 399.994019 399.993134 399.992645 399.992462 399.992615 399.993317 399.992340 399.992004 399.991394 399.991119 399.991089 
399.989197 399.989349 399.989716 399.990417 399.991547 399.993134 399.992310 399.992157 399.992004 399.992798 399.991455 399.990814 399.990356 399.990143 399.990204 399.990509 399.991058 399.991882 399.993225 399.992859 399.993530 399.992889 399.992920 399.993317 399.994110 399.994171 399.993683 399.994049 399.993652 399.994049 399.993225 399.992828 399.992676 399.992798 399.992706 399.992493 399.993073 399.991882 399.991608 399.991882 
399.988220 399.988403 399.988831 399.989502 399.990356 399.991180 399.991150 399.991150 399.991211 399.991486 399.991272 399.991241 399.990631 399.990295 399.990326 399.990692 399.991180 399.991638 399.992157 399.992249 399.992493 399.992462 399.992615 399.992981 399.993408 399.993469 399.993286 399.993286 399.993164 399.993225 399.993042 399.993042 399.992950 399.993500 399.992554 399.992096 399.992035 399.991699 399.991943 399.993164 
399.987427 399.987671 399.988098 399.988708 399.989380 399.989960 399.990204 399.990356 399.990540 399.990875 399.991333 399.992523 399.991058 399.990509 399.990570 399.991058 399.991699 399.991699 399.991730 399.991791 399.991943 399.992126 399.992432 399.992859 399.993286 399.993164 399.992981 399.992859 399.992767 399.992828 399.992981 399.993652 399.992889 399.992615 399.992065 399.991669 399.991486 399.991364 399.991516 399.991943 
399.987030 399.987244 399.987671 399.988251 399.988831 399.989349 399.989655 399.989929 399.990173 399.990509 399.990906 399.991333 399.990845 399.990570 399.990784 399.991608 399.993073 399.992065 399.991669 399.991608 399.991730 399.991974 399.992371 399.992981 399.993927 399.993256 399.992859 399.992645 399.992584 399.992584 399.992706 399.992889 399.992554 399.992218 399.991791 399.991455 399.991211 399.991119 399.991211 399.991394 
