0.000000 0.000001 0.000431 0.197590 0.000453 0.000003 0.000008 0.000000 0.000000 0.000000 0.000000 0.000000 0.000000 0.000000 0.000001 0.000430 0.196385 0.000862 0.000328 0.009292 8.879296 0.001415 0.000009 0.000000 0.000000 0.000000 0.000000 0.000000 0.000007 0.000000 0.000000 0.000009 0.001382 6.428259 0.001380 0.000009 0.000000 0.000001 0.000188 0.042021 
0.000000 0.000007 0.001296 49.272747 0.001743 0.000138 0.001304 0.000029 0.000000 0.000000 0.000000 0.000000 0.000000 0.000000 0.000007 0.001296 48.730270 0.022798 0.019557 30.884325 1.027246 0.001572 0.000005 0.000000 0.000000 0.000000 0.000000 0.000026 0.001148 0.000053 0.000010 0.000006 0.000102 0.008713 0.000101 0.000001 0.000000 0.000008 0.001333 6.287627 
0.000000 0.000000 0.000052 0.003689 0.004309 0.006367 50.953201 0.001298 0.000008 0.000000 0.000000 0.000000 0.000000 0.000000 0.000000 0.000031 0.001461 0.003740 4.076895 0.379492 30.298977 0.001282 0.000008 0.000000 0.000000 0.000000 0.000008 0.001188 2.593215 0.004033 0.001312 0.001283 0.001583 0.007711 0.001552 0.000032 0.000000 0.000000 0.000033 0.001401 
0.000000 0.000000 0.000011 0.001399 5.961056 6.449016 0.003738 0.000100 0.000001 0.000000 0.000000 0.000000 0.000009 0.000009 0.000000 0.000000 0.000035 0.001589 17.164516 0.004161 0.001378 0.000030 0.000000 0.000000 0.000000 0.000000 0.000009 0.001316 26.152014 3.259182 24.366915 6.862701 38.310196 5.589766 30.114847 0.001330 0.000013 0.000001 0.000010 0.000015 
0.000001 0.000008 0.000007 0.001406 1.278931 0.074609 0.001164 0.001621 0.000033 0.000000 0.000000 0.000031 0.001374 0.001374 0.000042 0.000001 0.000006 0.001206 9.532578 0.001337 0.000024 0.000000 0.000000 0.000000 0.000000 0.000000 0.000008 0.001188 2.590309 0.559791 5.117178 0.003048 0.001413 0.001654 0.003582 0.003533 0.000507 0.000438 0.001313 0.000449 
0.000440 0.001299 0.000334 0.002285 10.749292 0.089695 0.092753 50.067940 0.001300 0.000008 0.000009 0.001336 6.261777 6.336814 0.002361 0.000043 0.000010 0.001224 12.544980 0.001215 0.000008 0.000000 0.000000 0.000007 0.000000 0.000000 0.000000 0.000029 0.001232 0.003471 28.581501 0.001390 0.000034 0.000022 0.001388 49.105282 0.199148 0.199243 51.332752 0.201495 
0.196656 50.050087 0.063651 0.059925 5.414213 0.072200 0.001002 0.001434 0.000032 0.000000 0.000000 0.000031 0.001427 0.004145 49.134995 0.001325 0.000014 0.000073 0.001426 0.000030 0.000000 0.000000 0.000029 0.001297 0.000059 0.000012 0.000005 0.000010 0.000019 0.000512 0.171309 0.000420 0.000001 0.000000 0.000030 0.001301 0.000433 0.000446 0.001565 0.000696 
0.154817 0.003971 0.000315 0.000272 0.002821 51.124187 0.001436 0.000038 0.000011 0.000000 0.000000 0.000000 0.000014 0.000527 0.196569 0.000485 0.000057 0.001585 0.000083 0.000003 0.000009 0.000010 0.001311 51.000294 0.004018 0.001483 0.001213 0.001229 0.000377 0.001225 0.172418 0.000416 0.000001 0.000000 0.000000 0.000008 0.000001 0.000002 0.000082 0.002463 
4.537329 0.001557 0.000015 0.000005 0.000386 0.067625 0.000275 0.000047 0.001315 0.000030 0.000000 0.000000 0.000001 0.000436 0.196535 0.001341 0.003278 6.138155 0.002145 0.000339 0.001303 0.000036 0.000064 0.004045 3.782743 16.013124 10.827508 13.212174 0.115885 0.118494 47.800964 0.001295 0.000007 0.000000 0.000000 0.000008 0.000000 0.000008 0.001335 6.298356 
4.094234 0.001456 0.000013 0.000040 0.002237 0.063957 0.000383 0.002044 51.077190 0.001349 0.000010 0.000000 0.000008 0.001296 48.273071 0.072118 0.068567 6.610623 0.065671 0.069270 49.328133 0.001375 0.000029 0.001472 1.481110 0.058206 0.050201 0.001864 0.000418 0.000560 0.001557 0.000032 0.000000 0.000000 0.000029 0.001295 0.000029 0.000001 0.000031 0.001375 
0.001438 0.000035 0.000011 0.001346 6.288051 6.313190 0.001806 0.000147 0.004822 0.003683 0.000069 0.000001 0.000000 0.000030 0.001415 0.000978 0.072271 0.010999 0.000467 0.000781 0.070286 0.000261 0.000013 0.001296 25.624413 0.055772 0.053256 0.000368 0.000147 0.002259 0.000080 0.000001 0.000000 0.000008 0.001293 43.079605 0.001294 0.000008 0.000000 0.000009 
0.000009 0.000000 0.000000 0.000033 0.001523 0.004043 0.004319 0.000325 0.002252 11.034692 0.002464 0.000043 0.000000 0.000000 0.000032 0.001417 50.210316 0.008270 0.000463 0.000740 0.066717 0.000243 0.000002 0.000051 0.003571 0.024478 50.833626 0.008074 0.010759 43.175999 0.001295 0.000008 0.000000 0.000003 0.001257 0.999724 0.001254 0.000003 0.000000 0.000000 
0.000000 0.000000 0.000008 0.000001 0.000037 0.001566 6.417095 0.029927 0.028431 3.088013 2.982167 0.001372 0.000009 0.000000 0.000001 0.000092 0.007163 50.334988 0.071262 0.067682 7.084272 0.001406 0.000011 0.000011 0.001354 50.103546 0.093291 44.554489 0.822266 0.849034 0.001232 0.000004 0.000000 0.000010 0.001345 43.166107 0.001294 0.000008 0.000000 0.000000 
0.000000 0.000029 0.001292 0.000031 0.000013 0.001395 6.233633 0.002274 0.000401 0.003088 11.149159 0.001420 0.000009 0.000000 0.000001 0.000099 0.009599 0.003622 0.000417 0.002260 6.023739 0.001494 0.000035 0.000001 0.000030 0.001300 0.000275 0.001360 0.003672 43.325603 0.001412 0.000033 0.000001 0.000055 0.003559 0.003553 0.000051 0.000000 0.000000 0.000000 
0.000008 0.001299 44.301895 0.001309 0.000011 0.000036 0.001518 0.000158 0.002170 0.000178 0.001525 0.000033 0.000000 0.000000 0.000007 0.001297 50.907051 0.001370 0.000016 0.000041 0.001484 0.000130 0.001424 0.000032 0.000001 0.000008 0.000001 0.000013 0.000114 0.001714 0.000139 0.001418 0.000076 0.001554 51.101604 0.001348 0.000010 0.000000 0.000000 0.000000 
0.000004 0.001153 0.694780 0.001164 0.000005 0.000012 0.000058 0.001594 6.300131 0.001513 0.000038 0.000000 0.000000 0.000000 0.000000 0.000029 0.001301 0.000030 0.000000 0.000009 0.000147 0.001517 51.155636 0.001417 0.000032 0.000001 0.000000 0.000035 0.001644 0.000147 0.001725 51.188843 0.001549 0.000074 0.001298 0.000030 0.000000 0.000000 0.000000 0.000009 
0.000038 0.001427 44.307655 0.001545 0.000074 0.001309 0.001766 0.004588 6.339861 0.001509 0.000037 0.000000 0.000000 0.000000 0.000000 0.000000 0.000008 0.000001 0.000029 0.001023 0.006701 0.001218 0.006056 0.000204 0.001417 0.000032 0.000010 0.001311 51.176170 0.001560 0.000079 0.001417 0.000034 0.000001 0.000007 0.000000 0.000000 0.000000 0.000031 0.001375 
0.001584 0.000134 0.001419 0.000076 0.001536 38.516266 2.828312 39.610809 0.002696 0.000165 0.001429 0.000032 0.000000 0.000000 0.000000 0.000000 0.000009 0.000037 0.002022 0.031028 0.016290 0.030858 0.004381 0.004386 51.066330 0.001312 0.000010 0.000031 0.001298 0.000033 0.000002 0.000032 0.000001 0.000000 0.000000 0.000000 0.000000 0.000008 0.001333 6.298274 
4.160024 0.001576 0.000036 0.000003 0.000438 0.186953 0.003885 0.002425 0.000185 0.001810 51.180180 0.001416 0.000032 0.000000 0.000000 0.000029 0.001294 0.001662 0.028747 0.041958 22.330355 0.518089 0.484556 43.801556 0.003591 0.000098 0.000001 0.000000 0.000008 0.000001 0.000032 0.001388 0.000030 0.000000 0.000000 0.000000 0.000000 0.000001 0.000082 0.002459 
4.153341 0.001449 0.000010 0.000001 0.000428 0.187392 0.001683 0.000715 0.001807 0.000148 0.001561 0.000132 0.001416 0.000032 0.000010 0.001255 3.760138 15.671620 1.182504 15.680491 52.598873 15.746667 0.308533 0.115788 0.002557 0.001617 0.000033 0.000000 0.000001 0.000032 0.001392 32.139023 0.001279 0.000008 0.000000 0.000000 0.000000 0.000032 0.001561 0.000691 
0.001441 0.000033 0.000000 0.000010 0.001347 47.646255 0.196415 0.196473 49.188114 0.001557 0.000078 0.001560 51.180614 0.001311 0.000011 0.000099 0.003757 0.016481 22.330116 52.587799 306.988495 52.698433 22.429455 0.120243 0.114128 49.106285 0.001311 0.000010 0.000032 0.001388 0.003338 5.237059 0.001495 0.000004 0.000000 0.000000 0.000007 0.001296 49.187443 0.197489 
0.000009 0.000000 0.000000 0.000051 0.003583 0.009517 0.000652 0.000442 0.001297 0.000032 0.000001 0.000032 0.001297 0.000029 0.000000 0.000008 0.000789 0.016733 2.539207 18.133615 52.839531 15.442246 0.054131 0.035932 0.002372 0.053609 0.000304 0.000017 0.001312 30.046785 0.696025 29.867760 0.001276 0.000008 0.000000 0.000000 0.000001 0.000074 0.001615 0.000450 
0.000000 0.000000 0.000007 0.001297 50.957184 0.007101 0.000098 0.000003 0.000008 0.000000 0.000000 0.000000 0.000007 0.000000 0.000000 0.000000 0.000027 0.001669 9.659046 3.287274 22.605190 0.169231 0.047663 0.033237 0.003730 0.049812 0.002103 0.000167 0.002124 5.163554 0.003697 0.001678 0.000075 0.000001 0.000000 0.000000 0.000033 0.001550 0.000098 0.000004 
0.000000 0.000000 0.000000 0.000047 0.003237 39.878662 0.001296 0.000009 0.000000 0.000000 0.000000 0.000000 0.000000 0.000000 0.000000 0.000000 0.000009 0.001338 4.576907 0.281290 0.316819 0.040494 0.046012 21.518456 3.094950 4.776404 9.050768 0.013608 0.010803 32.310413 0.001686 0.000145 0.001551 0.000035 0.000001 0.000032 0.001418 50.444164 0.002691 0.000225 
0.000009 0.000000 0.000000 0.000005 0.001577 3.092510 0.001633 0.000018 0.000000 0.000000 0.000000 0.000000 0.000000 0.000000 0.000000 0.000000 0.000000 0.000054 0.003828 0.275039 0.012437 0.014435 44.250530 0.010304 0.012310 8.754701 0.008604 0.011475 50.771889 0.002481 0.000098 0.001618 49.197552 0.001565 0.000083 0.001418 0.000889 0.052771 6.321741 0.042628 
0.001374 0.000033 0.000001 0.000008 0.001294 41.286278 0.003495 0.001292 0.000028 0.000000 0.000000 0.000000 0.000000 0.000000 0.000000 0.000000 0.000000 0.000010 0.001344 47.437141 0.004716 0.002584 0.810323 0.001734 0.000156 0.001516 0.000416 0.013576 0.003561 0.000068 0.000003 0.000448 0.197419 0.000676 0.002412 50.254807 0.069005 0.065367 6.319938 0.053556 
6.293302 0.001516 0.000035 0.000004 0.000388 0.128037 0.125299 14.058773 0.001225 0.000007 0.000000 0.000000 0.000000 0.000000 0.000000 0.000000 0.000008 0.000001 0.000030 0.001310 0.000097 0.001588 44.066547 0.003312 0.000067 0.000046 0.001407 2.963704 0.001311 0.000011 0.000001 0.000433 0.197416 0.000468 0.000048 0.001306 0.000255 0.000277 0.002719 6.302513 
0.043782 0.004068 0.001530 0.000245 0.000883 0.126043 0.116953 6.539387 0.001250 0.000006 0.000000 0.000000 0.000000 0.000000 0.000000 0.000031 0.001332 0.000031 0.000001 0.000010 0.000014 0.000068 0.003885 39.154617 0.001693 0.000147 0.003601 26.642467 0.001345 0.000010 0.000008 0.001301 49.191441 0.001311 0.000010 0.000009 0.000001 0.000003 0.000107 0.002462 
0.043802 6.632535 6.779364 0.055507 0.057183 15.819601 4.912992 9.826806 0.001544 0.000035 0.000001 0.000001 0.000007 0.000000 0.000009 0.001376 6.298273 0.001391 0.000012 0.000034 0.001316 0.000510 0.003277 2.979540 0.004288 0.006414 15.725178 1.751214 0.001216 0.000009 0.000000 0.000031 0.001414 0.000031 0.000001 0.000009 0.000001 0.000036 0.001630 0.000695 
0.000666 0.065624 0.002173 0.000246 0.000290 0.003720 2.647727 4.415079 0.003780 0.001461 0.000439 0.000432 0.001296 0.000032 0.000012 0.001390 6.298401 0.001502 0.000035 0.001411 38.340027 0.179492 0.179476 38.042324 0.001577 0.000100 0.001473 0.001473 0.000075 0.000012 0.000001 0.000002 0.000033 0.000002 0.000032 0.001303 0.000074 0.001546 49.188995 0.197479 
0.001139 0.069195 0.000339 0.000003 0.000012 0.001316 23.308596 0.016699 0.019860 49.704807 0.197912 0.197883 49.108212 0.001361 0.000013 0.000033 0.001333 0.000033 0.000006 0.001523 2.922863 0.003023 0.000497 0.001305 0.000032 0.000001 0.000015 0.000097 0.001619 0.001411 0.000242 0.000256 0.001417 0.000076 0.001554 51.191002 0.001548 0.000073 0.001297 0.000431 
0.193335 48.348595 0.001297 0.000008 0.000000 0.000030 0.001273 0.000141 0.000150 0.001297 0.000436 0.000508 0.003580 0.003586 0.000052 0.000001 0.000008 0.000001 0.000033 0.001407 39.438862 0.001435 0.000043 0.000012 0.000000 0.000000 0.000044 0.002487 6.055452 7.072381 0.066490 0.070081 50.252625 0.001548 0.000074 0.001299 0.000032 0.000001 0.000008 0.000001 
0.164952 0.003722 0.000053 0.000000 0.000000 0.000009 0.000010 0.000001 0.000001 0.000008 0.000001 0.000013 0.001358 51.102844 0.001298 0.000008 0.000001 0.000031 0.001416 0.000132 0.001551 0.000134 0.001447 0.000045 0.000001 0.000008 0.001299 51.036079 0.004176 0.001570 0.000247 0.000251 0.001298 0.000032 0.000001 0.000008 0.000000 0.000000 0.000000 0.000000 
6.266146 0.001399 0.000010 0.000000 0.000027 0.001157 0.000056 0.000010 0.000000 0.000000 0.000000 0.000000 0.000030 0.001297 0.000029 0.000000 0.000008 0.001297 49.215084 0.001565 0.000082 0.001567 51.106209 0.002378 0.000043 0.000001 0.000032 0.001432 0.000071 0.000040 0.000002 0.000001 0.000008 0.000001 0.000008 0.000001 0.000000 0.000000 0.000000 0.000000 
0.001374 0.000031 0.000000 0.000008 0.001190 2.605731 0.004085 0.001307 0.000051 0.000010 0.000000 0.000000 0.000000 0.000007 0.000000 0.000000 0.000001 0.000426 0.188221 0.000504 0.000019 0.000051 0.002434 51.107544 0.001464 0.000036 0.000009 0.000038 0.000070 0.001496 0.000033 0.000000 0.000000 0.000030 0.001298 0.000051 0.000010 0.000000 0.000000 0.000000 
0.000009 0.000000 0.000000 0.000009 0.001310 23.875542 5.202339 23.418373 0.003493 0.001348 0.000031 0.000000 0.000000 0.000000 0.000000 0.000000 0.000001 0.000425 0.187713 0.003019 0.001334 0.000041 0.000076 0.003687 0.003664 0.001575 0.001220 0.001407 0.004290 6.906762 0.001403 0.000011 0.000012 0.001356 51.009197 0.003575 0.001348 0.000033 0.000001 0.000009 
0.000000 0.000000 0.000000 0.000008 0.001190 2.605300 0.004142 0.001359 0.003557 51.106850 0.001416 0.000032 0.000000 0.000000 0.000000 0.000000 0.000008 0.001290 38.338997 2.922490 39.447502 0.001416 0.000037 0.001402 3.946780 15.354122 12.031202 19.449959 2.627201 5.025482 0.001468 0.000040 0.000085 0.003580 0.004195 0.006897 51.006161 0.001551 0.000076 0.001377 
0.000000 0.000000 0.000000 0.000000 0.000026 0.001147 0.000054 0.000012 0.000053 0.001416 0.000126 0.001414 0.000030 0.000000 0.000000 0.000000 0.000010 0.000034 0.001301 0.001492 0.001289 0.000031 0.000002 0.000171 0.033366 0.002027 0.001221 0.001254 0.001410 0.001420 0.000129 0.001478 0.003763 51.033199 0.001725 0.000134 0.001299 0.000074 0.001592 6.308497 
0.000000 0.000000 0.000000 0.000000 0.000000 0.000007 0.000000 0.000000 0.000001 0.000032 0.001415 49.190155 0.001297 0.000008 0.000000 0.000031 0.001346 0.000036 0.000010 0.000003 0.000008 0.000000 0.000001 0.000173 0.034501 0.000254 0.000009 0.000008 0.000006 0.000033 0.001416 49.120319 0.003589 0.001363 0.000034 0.000001 0.000008 0.000001 0.000034 0.001380 
0.000000 0.000000 0.000000 0.000000 0.000000 0.000000 0.000000 0.000000 0.000000 0.000001 0.000437 0.197304 0.000432 0.000001 0.000009 0.001375 6.299088 0.001380 0.000010 0.000000 0.000000 0.000000 0.000009 0.001383 6.630619 0.001387 0.000009 0.000000 0.000000 0.000001 0.000437 0.197166 0.000512 0.000014 0.000000 0.000000 0.000000 0.000000 0.000000 0.000010 
