24.043167 25.062714 26.885389 28.849779 28.337313 27.296106 25.821177 23.572075 21.335413 19.639933 18.665710 18.559122 19.299410 20.817434 23.093214 26.039494 29.188723 30.097485 30.898655 31.702839 32.331921 27.687176 24.281498 22.071684 21.064589 21.181578 22.246082 23.962061 25.725639 26.764074 27.562305 28.500942 29.903393 32.311340 29.545822 27.943722 27.261684 27.480942 28.528507 30.044210 
24.347271 25.436096 27.764015 32.154930 29.728712 28.639093 27.616276 24.738068 22.128294 20.279432 19.287561 19.201687 19.952608 21.393614 23.601229 26.859610 32.155609 30.911163 31.526466 32.420235 30.937185 27.317408 24.226158 22.202438 21.346611 21.617571 22.927713 25.091631 27.535666 28.023748 28.422890 28.900053 29.609568 30.140238 29.183172 28.043180 27.439905 27.671829 29.023075 32.284485 
24.843319 25.747049 27.508951 29.793858 30.490570 30.762646 32.134327 26.680162 23.411711 21.395718 20.453569 20.470453 21.249002 22.532501 24.237141 26.510303 29.204277 30.468412 32.425285 31.743595 32.232048 27.323298 24.281416 22.498655 21.861181 22.347357 24.032410 27.089024 32.184948 30.254845 30.068329 29.929268 30.332825 30.162405 29.866486 28.618967 27.801971 27.759851 28.471664 29.561760 
25.631918 26.376154 27.742783 29.728554 32.364681 32.383286 30.321009 27.368822 24.622091 22.772055 21.994204 22.311295 23.374489 24.430443 25.465494 26.761381 28.393105 30.026754 32.357414 30.427891 28.978012 26.369978 24.255407 22.960768 22.584999 23.211447 24.943710 27.956562 32.365543 31.444193 32.373352 31.155758 32.336300 31.015705 32.282734 29.647018 28.408300 28.113062 28.468504 28.769068 
26.852734 27.445992 28.371281 29.744101 31.265457 31.103813 30.066442 28.718260 26.057922 24.255276 23.762114 24.667162 26.685928 27.491997 27.453707 27.681482 28.443714 29.595739 30.717152 29.322206 27.691250 25.944632 24.586311 23.814020 23.639576 24.227495 25.724207 28.295282 32.310272 31.332138 31.516418 30.587648 30.315477 29.938023 30.317200 30.116802 29.004984 28.816624 29.450636 29.139164 
28.522926 29.203802 29.415564 30.404303 32.406525 31.317749 30.828968 32.175323 27.658024 25.606167 25.309032 27.035501 32.128635 32.265640 30.060539 28.947474 28.967342 29.943136 32.254200 29.230213 27.445351 26.227762 25.507490 25.269327 25.155787 25.511814 26.480581 28.055759 29.869717 30.632082 32.321560 30.067244 29.106684 28.871704 29.637390 32.204025 29.540842 29.560360 32.220810 30.057285 
30.375637 32.285961 30.499407 30.757351 32.420853 31.492559 30.413988 29.684212 27.658236 26.266781 25.955631 26.976171 29.183779 30.535347 32.278130 29.929893 29.387880 29.661695 29.903017 28.712711 27.651630 27.037292 27.088457 27.769642 27.379416 27.292486 27.650242 28.444227 29.187469 29.706646 30.060745 28.959824 28.034628 27.667568 27.951019 28.650436 28.207609 28.478064 29.494431 29.517431 
31.024292 30.886591 30.240582 30.382433 31.277828 32.367081 30.355593 29.196865 28.016436 26.866539 26.356369 26.749567 27.876129 29.091410 30.148365 29.812094 29.835201 30.210724 29.689499 28.928587 28.409195 28.200689 29.055487 32.208038 30.232979 29.634260 29.332258 29.745888 29.588551 29.723194 29.960918 28.539846 27.385109 26.832491 26.847456 27.103382 27.114277 27.512886 28.572769 29.858076 
32.436939 30.682966 29.899401 29.959682 30.525362 30.828136 30.146019 29.593351 29.217699 27.846252 26.944973 26.808722 27.436491 28.656147 30.117701 30.136742 30.662901 32.362377 30.499435 29.765503 29.721819 29.194925 29.578472 31.036398 32.402142 32.387863 31.144585 32.325256 30.498713 30.436220 32.227585 28.773993 27.153027 26.512041 26.556030 26.820568 26.652658 26.891382 28.288857 32.198429 
32.382725 30.209324 29.512089 29.824329 30.741510 30.961914 30.512869 30.595982 32.261383 29.308258 27.787910 27.150068 27.424286 28.842081 32.231369 30.659824 31.018122 32.408657 30.886585 30.670895 32.292618 30.141356 29.820919 30.565058 31.587816 31.538301 31.102020 31.024961 30.346527 30.000990 29.643093 28.040123 26.960566 26.675783 27.187605 28.004292 26.851225 26.130581 26.357428 27.397535 
29.503487 28.966057 28.974384 29.884083 32.352711 32.406193 31.053188 30.713720 30.938501 30.161531 28.733992 27.598499 27.273542 27.914053 29.332279 29.950228 30.961258 31.219301 30.624777 30.436470 30.676786 29.962702 29.790617 30.521080 32.388290 31.624371 31.396046 30.989048 30.567108 30.321299 29.098782 27.772995 27.027380 27.172253 28.533434 32.095211 27.636797 25.487602 24.633104 24.539841 
28.005053 28.039938 28.397823 29.185560 30.393335 31.027697 31.219442 30.972689 31.278189 32.372547 30.251659 28.238293 27.176456 27.178392 28.077272 29.553282 32.333366 31.503166 30.662292 30.478910 30.712997 30.012892 29.669701 30.046545 31.002131 31.723665 32.436764 31.649969 31.317245 32.324467 29.521303 27.945364 27.260731 27.471539 28.540342 29.758537 26.996428 24.666079 23.324387 22.767351 
27.491179 27.807711 28.375797 28.929893 29.713684 30.752588 32.415951 31.385017 31.424206 32.465385 32.364372 28.832754 27.034723 26.565109 27.194498 28.653708 30.694157 32.346790 30.738356 30.809387 32.376835 30.451054 29.690981 29.723366 30.514610 32.374184 31.750669 32.406147 31.324789 31.226133 29.505720 28.224207 27.617697 27.926762 29.260527 32.104927 26.923313 24.032988 22.430643 21.745584 
27.729179 28.343153 29.356520 29.306921 29.615721 30.547148 32.398399 31.308914 31.117682 31.412052 32.306461 28.554049 26.584000 25.947248 26.501463 28.036987 30.106743 30.270306 29.828619 30.317987 32.339500 30.429638 29.742325 29.465542 29.665504 30.227602 30.327887 30.668821 30.942331 32.326420 29.914743 28.745485 28.078224 28.329960 29.306179 28.350931 25.526049 23.289854 21.948673 21.371603 
28.372410 29.450098 32.257854 30.187939 29.723993 30.128098 30.836588 30.921375 31.023451 30.308487 29.392397 27.358831 25.854652 25.314547 25.890659 27.842272 32.132332 29.505302 28.764204 29.001068 29.814157 29.891787 30.201687 29.593269 29.293530 29.277681 29.370575 29.704046 30.145340 30.374763 29.794056 29.627674 28.580248 28.871138 32.060349 27.330696 24.561911 22.876989 22.035740 21.776869 
28.926157 29.676882 30.935272 30.168934 29.826307 30.128843 30.596437 31.222002 32.388912 30.112194 28.411964 26.655283 25.324867 24.741735 25.071690 26.246443 27.850363 27.656977 27.584900 27.970964 28.808113 29.939026 32.285191 30.267555 29.499994 29.081478 29.035217 29.476538 30.274403 29.939219 30.066587 32.182045 28.606197 27.366179 27.143114 25.217047 23.691141 22.900238 22.873156 23.256283 
29.591515 30.236547 32.309387 30.440243 30.145689 30.703772 30.903915 31.592896 32.401291 30.046598 28.352018 26.589197 25.224148 24.506788 24.584118 25.334047 26.297331 26.707075 26.966969 27.477348 28.371300 29.516029 30.527639 30.397772 30.219872 29.381174 29.097336 29.754864 32.242104 29.832777 29.056921 28.834238 27.155380 25.818275 24.886429 23.863216 23.261724 23.475166 24.563101 26.303362 
30.455128 30.074505 30.215700 29.842770 30.331284 32.342354 31.413692 32.393635 31.185837 30.028498 29.226261 27.187265 25.651749 24.769211 24.692223 25.384449 26.429068 26.982828 27.161478 27.619616 28.646854 30.088835 30.616543 31.281609 32.331650 29.988525 29.080223 29.031693 29.486118 28.851519 28.356699 27.798717 26.383068 24.954508 23.898438 23.265574 23.332634 24.359514 26.778622 32.103691 
32.405674 30.172647 29.342319 29.189911 29.700344 30.594170 30.563614 30.740675 30.496223 30.361219 32.178307 28.302011 26.581900 25.401997 25.227295 26.258610 28.156237 28.653088 28.095741 28.212049 29.370735 32.286289 31.273813 32.381088 31.160686 29.947302 29.065683 28.667900 28.668787 28.593044 28.639950 28.605974 26.675789 24.894907 23.724638 23.300465 23.731901 25.028597 27.055696 29.067368 
32.342201 29.574389 28.651968 28.736681 29.485697 30.469385 30.206854 30.188154 30.402760 29.443884 29.108128 28.118704 27.992062 26.190058 25.732260 27.316998 32.149406 32.241848 29.320036 28.709322 29.189358 30.244221 30.399076 30.754744 30.602762 30.399694 29.429760 28.884375 28.840950 29.147877 29.866505 32.173759 27.840223 25.401409 24.116144 23.812300 24.512915 26.143230 28.321362 28.811739 
28.718359 27.962259 27.827112 28.481565 29.898506 32.290726 30.311808 30.107830 32.181293 28.635426 27.505180 27.935047 31.938934 26.653189 25.285807 26.091795 28.219393 29.216702 29.065083 28.978180 29.284206 29.808596 30.029119 30.332228 30.801472 32.325184 30.231600 29.471851 29.539742 30.153683 30.279562 30.519611 28.036449 25.931335 24.781305 24.633196 25.540665 27.731976 32.140049 29.891800 
26.716360 26.730371 27.232153 28.405054 30.080093 30.459768 29.342159 28.449945 27.961632 26.261625 25.206600 25.040964 25.605713 24.193975 23.754007 24.565964 26.282013 28.086815 29.607666 29.716494 30.023176 30.478483 30.390635 30.449121 30.638258 30.977854 30.406067 30.094357 30.553474 32.354000 31.284241 32.283554 28.737305 26.662729 25.620745 25.575006 26.455931 28.039242 29.641813 29.429487 
25.833040 26.120007 26.985443 28.781332 32.263157 30.827536 28.898102 27.251398 25.814960 24.264547 23.105907 22.473131 22.275248 21.911776 22.146791 23.276487 25.277433 28.104961 32.288578 31.065660 31.338146 32.397663 31.311468 31.140995 31.030140 31.226431 31.026148 30.708763 30.932083 31.481617 30.790051 30.335829 28.826841 27.381939 26.636311 26.761496 27.689148 29.214689 29.692129 29.590717 
25.838661 26.107080 26.880264 28.335709 30.435320 32.284191 29.034698 26.765842 24.803148 23.048286 21.656590 20.781616 20.384541 20.364859 20.951696 22.292879 24.479532 27.629692 32.285305 31.562933 32.429634 31.954304 31.905603 32.443005 31.786982 32.474945 32.446239 31.488371 31.671164 32.399052 30.756578 30.147373 29.715982 28.420275 27.808474 28.165470 29.327436 32.283146 31.063866 30.453781 
26.751772 26.765291 27.192492 28.158081 29.560307 30.601805 28.937777 26.995182 24.727327 22.646494 21.022753 19.945740 19.457640 19.563005 20.335915 21.759256 23.855051 26.518339 29.463665 31.019693 31.402916 31.612598 32.455399 31.916945 31.741171 32.465542 31.881561 31.693207 32.414333 31.223345 30.385902 30.486906 32.264091 29.637882 29.030025 29.670765 30.012936 31.258041 32.427055 31.412941 
28.772598 28.110535 27.985691 28.542641 29.835518 32.289089 29.933332 28.471268 25.612238 23.080620 21.175755 19.959923 19.426723 19.583096 20.440796 21.887268 23.841326 26.091578 28.741238 32.273891 31.098806 31.186775 31.770376 31.565088 31.344036 31.481808 31.465042 31.537319 31.108379 30.311157 29.782444 29.855125 30.318623 29.618536 29.865694 32.254673 30.501455 30.877520 32.430080 31.907299 
32.320591 29.904942 29.101460 29.055351 29.696386 30.709114 30.742371 32.179028 27.192739 24.066236 21.973392 20.716234 20.195644 20.391340 21.293633 22.841902 24.709484 26.287642 27.966122 29.663239 30.184368 30.896549 32.419086 31.777697 31.247349 31.201534 31.581993 32.433990 30.841448 29.836460 29.404808 29.626913 30.242512 29.488029 29.277340 29.773691 29.564005 30.014711 31.063211 32.419174 
31.245239 30.794939 30.322548 29.743408 29.997269 30.793409 30.787489 30.621208 27.786970 25.197701 23.250679 22.069193 21.630720 21.830992 22.834579 24.672634 27.002846 27.403572 28.036312 28.967787 29.784969 30.469904 31.425135 32.424438 31.319065 31.184177 31.776270 32.458328 30.674047 29.584425 29.235680 29.852861 32.242233 29.662485 28.844412 28.784250 28.821346 29.261276 30.037413 30.484009 
31.223478 32.402458 32.357193 30.390900 30.461506 32.360142 31.653528 32.359207 29.002361 26.709587 24.940617 23.970488 23.760334 23.800762 24.736963 27.186495 32.141739 29.247105 28.675097 29.249454 30.281801 30.478909 30.936991 31.545370 31.007055 31.094923 32.424290 32.427837 30.506098 29.427925 28.962858 29.101109 29.595779 28.895205 28.516024 28.559956 28.538288 29.034372 30.056898 29.701912 
30.635670 30.882654 30.473566 29.707199 29.803499 30.789595 31.649757 32.388187 29.901720 28.718933 26.904383 26.289192 26.816858 26.052141 26.244942 28.062773 32.216946 29.564949 29.029675 29.915720 32.320328 30.932600 30.984743 32.361530 30.757666 30.423866 30.762371 30.802710 30.201494 29.521051 28.985842 28.855347 28.979374 28.669050 28.738409 29.314039 28.672325 29.143478 32.159752 29.349438 
30.506458 30.655598 29.653719 28.918402 28.998898 30.022034 32.310524 30.820715 30.204378 32.157173 28.603836 28.485584 32.064316 28.366684 27.147137 27.465557 28.653875 28.513365 28.822157 29.770035 31.102196 30.610306 30.390377 30.462093 29.936924 29.786430 30.096281 30.516314 30.689268 30.331627 29.469782 29.276148 29.659754 28.988066 29.316860 32.134216 28.555862 27.549976 27.764168 26.989237 
30.933527 32.270908 29.302372 28.176331 28.114555 28.696386 29.379307 28.993252 28.635229 28.690948 27.716089 27.836193 29.124599 29.057720 27.470921 26.911945 27.279049 27.874968 28.838074 30.031656 32.324482 30.721565 30.209904 29.865616 29.521313 29.529369 30.084940 31.182663 32.408394 32.353188 30.147507 29.981930 32.204765 29.168829 28.254387 28.185604 26.729342 25.728567 25.271416 24.875349 
30.655907 29.520397 27.898342 27.232653 27.474331 28.132515 28.323523 28.001120 27.515360 27.110209 26.660975 26.895853 28.349634 32.044842 27.727901 26.451345 26.687796 27.812723 29.486446 29.900660 30.529411 30.439796 30.599819 30.103516 29.615545 29.587111 30.316397 32.348877 31.251654 30.555559 29.490877 29.060358 29.162399 28.086567 27.260641 26.529896 25.467962 24.534580 23.894934 23.542248 
32.165352 27.964891 26.401455 26.347176 27.423182 28.898153 28.643387 28.118084 27.307400 26.587227 25.941347 25.756559 26.198349 26.943356 25.862932 25.497179 26.227497 28.188513 32.191143 30.302256 30.155262 30.613935 32.351841 31.067276 30.112576 29.738554 29.950968 30.534065 30.296785 29.833332 29.052992 28.468676 28.156811 27.688517 27.191097 26.290739 25.254656 24.255964 23.537781 23.183704 
25.740467 24.589817 24.328787 25.339128 27.836105 32.236763 30.096546 29.414602 28.028286 27.009506 25.905012 25.133755 24.791748 24.687429 24.403908 24.622812 25.607763 27.388433 29.493771 29.667742 29.881027 30.207460 31.112072 32.360989 30.743538 30.165834 30.026188 30.245523 30.273790 30.261223 29.281704 28.558798 28.269215 28.339027 28.543911 27.305855 26.180565 24.975191 24.149202 23.803556 
21.341728 21.321581 22.007189 23.837320 27.182888 32.321209 30.798031 32.216736 29.269367 28.537485 26.647203 25.257687 24.323534 23.787577 23.660793 24.158632 25.362915 27.270731 29.493565 29.813816 30.291595 29.928635 30.166489 30.806646 31.040659 30.865810 30.561411 30.870693 31.021879 32.362160 30.116653 29.135908 29.006350 29.783567 32.204102 29.228724 28.290564 26.491491 25.532450 25.384941 
18.104372 18.528078 19.659599 21.844124 25.579134 32.045334 29.140741 28.931517 29.077993 32.084194 27.909395 26.102526 24.679165 23.797449 23.625706 24.244804 25.591293 27.857519 32.165638 30.536425 32.248714 29.844221 29.524670 30.346924 32.374416 32.393448 31.188656 32.353416 31.269358 32.374863 30.397564 29.724421 29.699032 30.358953 30.391747 29.949543 32.128254 28.202721 27.281033 27.993603 
15.693502 16.236609 17.438742 19.415600 22.120916 25.065737 25.498503 26.003994 26.780075 28.002573 27.668747 27.634666 25.669691 24.397821 24.132402 24.817213 26.075752 27.268461 28.645107 28.610771 28.919790 28.440735 28.598206 29.388805 30.443901 30.496655 30.059814 30.123396 29.898975 30.213461 30.080465 30.470564 30.501547 32.267353 29.757412 28.755358 28.708450 27.773870 28.407873 32.180588 
14.051051 14.611856 15.758790 17.439655 19.526859 21.540548 22.778284 23.828014 24.972359 26.342024 28.009478 32.014359 27.112064 25.167870 24.931164 25.992487 27.701748 27.513876 27.394001 27.205107 27.237719 27.348551 27.915932 29.015841 30.216154 29.795752 29.212111 28.920210 28.850697 29.205994 30.019257 32.281803 30.268999 29.661684 28.380630 27.469173 27.037790 26.773966 27.258930 28.500044 
13.220552 13.769107 14.847095 16.379442 18.185747 19.971336 21.416372 22.675987 23.959963 25.386316 26.877083 28.200674 26.565487 25.403231 25.608002 27.613968 32.155159 28.677250 27.216442 26.597195 26.497036 26.819149 27.706959 29.405485 32.314960 30.098522 28.935173 28.367956 28.267607 28.603186 29.271164 30.053383 29.337328 28.552174 27.545189 26.722416 26.219315 26.063776 26.373854 26.924904 
