0.002468 0.006026 0.010467 0.381274 0.014473 0.010053 0.005295 0.002617 0.001089 0.000343 0.000105 0.000130 0.000517 0.002042 0.005907 0.010188 0.342040 0.052739 0.049066 0.053526 0.441264 0.005228 0.003740 0.001505 0.000476 0.000400 0.000999 0.002116 0.003056 0.003269 0.003597 0.006016 0.007910 0.455046 0.007111 0.005218 0.003806 0.007431 0.014988 0.064762 
0.001600 0.003279 0.003781 0.697422 0.010880 0.010383 0.006139 0.003462 0.001779 0.000641 0.000231 0.000249 0.000562 0.001435 0.003204 0.003727 0.716498 0.062218 0.061823 0.999099 0.182521 0.008840 0.004566 0.001672 0.000571 0.000676 0.001695 0.003268 0.004690 0.005332 0.005752 0.011388 0.024966 0.170736 0.023461 0.009741 0.004359 0.004741 0.006431 0.341642 
0.001460 0.002836 0.005233 0.008516 0.012329 0.013076 2.151099 0.003681 0.002832 0.001161 0.000564 0.000729 0.001154 0.001662 0.002606 0.003974 0.005782 0.007786 0.188985 0.090720 0.934721 0.003779 0.002855 0.001203 0.000574 0.000984 0.002344 0.003994 0.128346 0.007986 0.006457 0.013081 0.025859 0.170513 0.024101 0.011312 0.005974 0.005308 0.007412 0.013827 
0.002652 0.003560 0.006513 0.008024 0.259959 0.365660 0.028362 0.014055 0.006017 0.002172 0.001322 0.001937 0.002653 0.002949 0.003081 0.003755 0.005265 0.006393 0.655109 0.006768 0.005517 0.003707 0.002034 0.000909 0.000614 0.001140 0.002465 0.003322 0.536100 0.317437 0.384687 0.385197 1.457157 0.362706 0.365232 0.010047 0.009430 0.008530 0.008047 0.012238 
0.006313 0.006327 0.012009 0.015225 0.235672 0.219112 0.028627 0.014610 0.006692 0.003026 0.002466 0.003641 0.004332 0.004622 0.004472 0.004386 0.005066 0.006308 0.308043 0.005849 0.004600 0.002786 0.001581 0.001087 0.001010 0.001447 0.002848 0.004658 0.139717 0.074894 0.363839 0.010626 0.008685 0.008920 0.008152 0.010477 0.013918 0.013018 0.008887 0.015550 
0.010695 0.007232 0.020568 0.021936 0.614550 0.293675 0.293977 0.912662 0.003525 0.002967 0.003162 0.004834 0.343359 0.348954 0.005406 0.006446 0.006530 0.007480 0.308446 0.004472 0.003493 0.002315 0.002066 0.002036 0.002228 0.002326 0.003702 0.008094 0.020170 0.021263 0.818650 0.008781 0.007800 0.007102 0.007531 0.589451 0.487429 0.487841 2.007568 0.383962 
0.108139 1.913460 0.154389 0.153614 0.189122 0.276213 0.017820 0.012499 0.005565 0.003090 0.002995 0.005569 0.010960 0.011924 0.766132 0.012202 0.011667 0.010716 0.015637 0.007963 0.004104 0.003071 0.003427 0.002633 0.004095 0.003945 0.004827 0.008764 0.018768 0.024351 0.326104 0.014014 0.008404 0.005108 0.004743 0.004673 0.012702 0.018074 0.029041 0.111958 
0.099196 0.018737 0.024665 0.028990 0.029665 1.419244 0.012630 0.011957 0.005867 0.003197 0.002498 0.004404 0.009326 0.013201 0.279035 0.024109 0.020496 0.011282 0.014736 0.010132 0.005526 0.004766 0.005360 1.517505 0.005534 0.004954 0.006094 0.009939 0.024898 0.030580 0.325964 0.012664 0.007053 0.003437 0.003034 0.004235 0.008214 0.013572 0.028191 0.111775 
0.312346 0.017755 0.016015 0.020435 0.028743 0.197457 0.034658 0.026812 0.006692 0.004138 0.002882 0.003498 0.007192 0.011042 0.278142 0.025384 0.023380 0.105655 0.012187 0.009977 0.005555 0.006175 0.007047 0.012686 0.160220 0.483360 0.404115 0.467858 0.234226 0.234272 0.681872 0.004184 0.003651 0.002271 0.002429 0.003255 0.004509 0.006149 0.007854 0.342858 
0.259291 0.012137 0.010280 0.015390 0.029655 0.196923 0.093811 0.094544 2.082381 0.004731 0.003911 0.003089 0.003953 0.004161 0.262157 0.035968 0.035041 0.170342 0.011873 0.011429 0.041601 0.007373 0.007452 0.012298 0.159096 0.097963 0.096527 0.065318 0.069241 0.101535 0.024367 0.008116 0.003373 0.002463 0.003004 0.003717 0.003802 0.003971 0.004641 0.004585 
0.005329 0.006108 0.006006 0.007678 0.345288 0.361226 0.055484 0.054075 0.060384 0.006367 0.005564 0.003860 0.003218 0.003904 0.004680 0.004754 0.023095 0.100366 0.011893 0.011753 0.034752 0.007591 0.007599 0.009278 0.210586 0.096939 0.096467 0.064194 0.064476 0.102178 0.023841 0.007766 0.003230 0.003167 0.003633 0.396031 0.003998 0.003533 0.002964 0.002921 
0.003345 0.003379 0.003915 0.005897 0.008531 0.010551 0.056449 0.058151 0.059630 0.595909 0.006489 0.004821 0.003223 0.003219 0.004481 0.004524 0.070003 0.057304 0.011936 0.011873 0.020682 0.007777 0.007797 0.008574 0.055998 0.084503 0.257036 0.065631 0.066468 1.049544 0.005454 0.004614 0.003304 0.004656 0.006617 0.347228 0.005990 0.004023 0.002102 0.001433 
0.002151 0.002556 0.003272 0.004812 0.006880 0.008634 0.382170 0.142370 0.141986 0.241099 0.152947 0.004971 0.003297 0.002821 0.003453 0.004174 0.004085 0.056791 0.011982 0.011957 0.080913 0.007879 0.007861 0.008492 0.009287 0.185694 0.113238 0.554471 0.259409 0.268058 0.011781 0.006153 0.004079 0.004775 0.005239 0.396675 0.003129 0.002661 0.001268 0.000657 
0.002676 0.003328 0.003744 0.005133 0.006213 0.007865 0.340204 0.080836 0.081651 0.072735 0.667476 0.004832 0.003277 0.002899 0.003092 0.003621 0.003909 0.024935 0.016393 0.013566 0.089903 0.008268 0.008436 0.010439 0.013414 0.013539 0.014298 0.013202 0.013842 0.546689 0.006647 0.006196 0.005541 0.006240 0.006088 0.004256 0.003575 0.002106 0.000925 0.000530 
0.004488 0.004962 0.448537 0.007348 0.006881 0.008777 0.014494 0.033875 0.082450 0.029493 0.008788 0.005298 0.004082 0.003460 0.003170 0.003224 0.022695 0.023268 0.016134 0.014458 0.050420 0.008998 0.009275 0.012547 0.013080 0.013083 0.013099 0.012840 0.012925 0.013112 0.010615 0.007036 0.007412 0.008261 2.211378 0.003789 0.002939 0.001622 0.001071 0.001099 
0.007782 0.010262 0.382579 0.010974 0.008500 0.008776 0.012815 0.014743 0.412221 0.009167 0.007200 0.005709 0.004822 0.004260 0.003594 0.003407 0.003533 0.003636 0.003647 0.006311 0.040221 0.030494 0.046884 0.012934 0.012971 0.012963 0.012934 0.012847 0.012944 0.012700 0.013530 2.188208 0.007057 0.006218 0.003290 0.003012 0.002074 0.001572 0.002029 0.002595 
0.008595 0.009066 0.452659 0.009203 0.008732 0.009262 0.014501 0.015463 0.347312 0.009225 0.007679 0.006748 0.005895 0.005303 0.004555 0.003962 0.003809 0.003767 0.003745 0.004240 0.033739 0.022075 0.017200 0.012932 0.012950 0.012909 0.012899 0.012904 0.095688 0.010588 0.010508 0.005721 0.005373 0.003896 0.002438 0.001794 0.001473 0.002197 0.003611 0.004259 
0.010562 0.009688 0.008664 0.009058 0.009545 0.346063 0.308519 0.412166 0.026339 0.018986 0.007930 0.006855 0.006112 0.005616 0.005047 0.004429 0.004115 0.003978 0.003904 0.003980 0.030526 0.019461 0.017677 0.018121 0.046141 0.012013 0.011446 0.008835 0.007471 0.007827 0.006833 0.004874 0.003869 0.002248 0.001262 0.000947 0.001484 0.003546 0.005274 0.342070 
0.278379 0.010148 0.008193 0.009822 0.012954 0.121739 0.105753 0.096764 0.049449 0.049391 0.114836 0.006045 0.005985 0.005724 0.005362 0.004908 0.004510 0.004238 0.004102 0.004074 0.024464 0.046154 0.030257 0.043547 0.017186 0.010448 0.009103 0.007652 0.007283 0.007197 0.006395 0.005007 0.003650 0.002032 0.000943 0.000813 0.002290 0.008038 0.023768 0.098779 
0.275160 0.008528 0.006578 0.008409 0.011566 0.121903 0.105302 0.096522 0.050194 0.041578 0.008981 0.008484 0.007427 0.006359 0.005636 0.005092 0.020929 0.025428 0.009934 0.006864 0.023309 0.034878 0.028414 0.026728 0.012787 0.008994 0.007773 0.007358 0.007181 0.007075 0.006806 0.125445 0.002490 0.002291 0.001153 0.001052 0.002788 0.008440 0.024317 0.098460 
0.005117 0.005009 0.004259 0.005297 0.005832 0.629579 0.201159 0.201420 1.074071 0.008952 0.008192 0.008219 0.036039 0.030463 0.027033 0.024564 0.022942 0.019409 0.020623 0.020803 0.040198 0.030885 0.029543 0.030517 0.033044 0.044730 0.018016 0.020743 0.029220 0.036136 0.048958 0.034277 0.003241 0.003037 0.001536 0.001351 0.002517 0.003073 0.774522 0.240292 
0.003103 0.002831 0.003114 0.004623 0.006684 0.013319 0.014871 0.011974 0.005085 0.004364 0.004390 0.005259 0.002947 0.002052 0.001581 0.001410 0.001435 0.001578 0.030104 0.034163 0.054215 0.079261 0.074886 0.075624 0.078779 0.081146 0.081687 0.081315 0.091297 0.113008 0.077889 0.221459 0.003466 0.003070 0.001874 0.002043 0.004094 0.008038 0.018019 0.023574 
0.001571 0.001670 0.002486 0.003339 2.201099 0.012792 0.011653 0.008783 0.004335 0.003152 0.002697 0.002310 0.001953 0.001618 0.001374 0.001341 0.001443 0.001634 0.042701 0.036949 0.062361 0.083200 0.063817 0.056598 0.049629 0.048647 0.046947 0.036890 0.031394 0.027178 0.011750 0.011623 0.007141 0.005158 0.003666 0.003532 0.005545 0.008856 0.017489 0.020581 
0.001482 0.001629 0.002759 0.005118 0.007611 0.373021 0.005875 0.005359 0.002805 0.001479 0.001160 0.000918 0.000764 0.000731 0.000927 0.001304 0.001592 0.001887 0.028844 0.023884 0.096494 0.057244 0.073461 0.066292 0.051959 0.112494 0.084307 0.048551 0.048915 0.092443 0.011400 0.011265 0.007675 0.010847 0.009745 0.005923 0.006741 1.804592 0.027692 0.027702 
0.002819 0.002758 0.003244 0.005426 0.007319 0.368158 0.007825 0.005941 0.003100 0.001279 0.000698 0.000570 0.000575 0.000711 0.001147 0.001667 0.001943 0.002319 0.002993 0.014811 0.080539 0.053810 0.077823 0.030716 0.021435 0.059106 0.030744 0.028693 0.049841 0.011061 0.011224 0.011749 0.747277 0.028088 0.027553 0.006814 0.013200 0.073874 0.358593 0.072431 
0.004478 0.005406 0.005081 0.006885 0.007430 0.440236 0.007485 0.006866 0.003862 0.001859 0.000752 0.000540 0.000636 0.000902 0.001641 0.002188 0.002423 0.002862 0.003919 0.030249 0.097918 0.045510 0.065371 0.037437 0.010970 0.018487 0.033717 0.027622 0.008027 0.010346 0.011916 0.015139 0.279454 0.146856 0.147603 1.958771 0.079551 0.078718 0.358202 0.075675 
0.338041 0.010917 0.009336 0.014321 0.018369 0.068790 0.067547 0.336448 0.003526 0.002582 0.001380 0.000805 0.000881 0.001270 0.002349 0.002808 0.002931 0.003571 0.005622 0.006092 0.102836 0.036729 0.078768 0.051989 0.007975 0.007945 0.056981 0.056665 0.007554 0.007569 0.009566 0.012876 0.279868 0.031907 0.028395 0.007461 0.015996 0.022506 0.029799 0.360421 
0.173216 0.013169 0.011222 0.024172 0.028541 0.069027 0.069975 0.311297 0.005821 0.004300 0.003213 0.002352 0.001552 0.001900 0.003273 0.003536 0.003597 0.004898 0.006055 0.006248 0.160192 0.029699 0.034932 0.113248 0.007906 0.007846 0.057831 0.087313 0.005124 0.005022 0.005368 0.005900 0.747997 0.011110 0.010579 0.006572 0.010282 0.017281 0.033843 0.103936 
0.183223 0.414520 0.511468 0.217269 0.217305 0.607016 0.291719 0.374207 0.007793 0.006546 0.007248 0.006292 0.003349 0.003019 0.004237 0.004488 0.141063 0.005332 0.006072 0.006396 0.215270 0.024151 0.035260 0.088507 0.007783 0.007728 0.096367 0.054389 0.006044 0.005065 0.005409 0.006477 0.007840 0.006544 0.005657 0.005056 0.007294 0.013874 0.034366 0.103503 
0.156672 0.149063 0.024831 0.026577 0.023554 0.017118 0.238551 0.213618 0.008706 0.007041 0.011680 0.010727 0.003848 0.004387 0.004893 0.005352 0.098265 0.004968 0.006147 0.006674 0.249907 0.009770 0.009155 0.131700 0.007562 0.007437 0.008262 0.010745 0.008412 0.007283 0.009715 0.010178 0.007315 0.006223 0.006094 0.005904 0.006896 0.007452 0.784547 0.226541 
0.157239 0.149378 0.022364 0.016334 0.013397 0.014327 0.667836 0.019815 0.020290 0.707262 0.383628 0.383617 0.690780 0.005839 0.005346 0.005222 0.004554 0.004654 0.006337 0.007435 0.224042 0.010147 0.008242 0.006244 0.007269 0.007235 0.008085 0.009924 0.009671 0.009325 0.018565 0.018883 0.007964 0.007692 0.008539 2.218524 0.006879 0.006030 0.004111 0.009040 
0.200443 1.001845 0.007374 0.006695 0.005924 0.006722 0.006310 0.010718 0.010320 0.004982 0.011649 0.013368 0.010276 0.006690 0.005257 0.004200 0.004011 0.004666 0.006947 0.007533 0.254232 0.009990 0.008956 0.005852 0.005327 0.005153 0.006684 0.010593 0.227423 0.699964 0.296499 0.296748 1.236662 0.007133 0.006488 0.004038 0.004442 0.003746 0.003552 0.005821 
0.177629 0.006625 0.005283 0.003872 0.003792 0.004952 0.005349 0.005990 0.005503 0.004482 0.007227 0.008936 0.009783 2.211088 0.004175 0.003325 0.003528 0.004594 0.007591 0.010249 0.012295 0.012358 0.009453 0.005536 0.004797 0.004193 0.005043 2.206863 0.013461 0.012735 0.020125 0.017955 0.005439 0.005148 0.004368 0.003188 0.002478 0.001721 0.001528 0.002100 
0.326530 0.005854 0.004231 0.003441 0.004481 0.006840 0.006095 0.004805 0.003760 0.002987 0.003401 0.004084 0.004616 0.002828 0.003072 0.002842 0.003934 0.004596 1.021828 0.012633 0.011978 0.012411 1.120543 0.006335 0.005840 0.005049 0.006094 0.009274 0.010428 0.010709 0.011346 0.009246 0.004789 0.003994 0.003591 0.002996 0.002071 0.001268 0.000854 0.000841 
0.004245 0.004012 0.003072 0.003361 0.005297 0.160466 0.007524 0.005499 0.004444 0.003450 0.002731 0.002254 0.002243 0.001977 0.001954 0.002790 0.006439 0.011521 0.264113 0.018195 0.013269 0.010896 0.010960 2.204893 0.007171 0.006325 0.006696 0.008427 0.010332 0.012467 0.008250 0.005600 0.004197 0.004495 0.004442 0.004235 0.003243 0.002439 0.001689 0.001404 
0.002603 0.002165 0.001911 0.002686 0.003376 0.341710 0.309476 0.342125 0.005000 0.004301 0.003808 0.002684 0.001703 0.001167 0.001132 0.002398 0.006342 0.011439 0.263755 0.019659 0.013795 0.010006 0.009730 0.011452 0.008742 0.007331 0.007884 0.009305 0.011537 0.460115 0.007840 0.006025 0.005629 0.006479 2.204305 0.004949 0.004096 0.004762 0.003994 0.003288 
0.001033 0.000900 0.001204 0.002487 0.004427 0.157980 0.006499 0.005177 0.006027 2.213294 0.004787 0.003935 0.002461 0.001296 0.000985 0.001866 0.003824 0.004295 0.322273 0.313310 0.400583 0.009521 0.008997 0.010610 0.180486 0.444860 0.438254 0.469220 0.227457 0.227613 0.009261 0.007776 0.007644 0.007331 0.009547 0.010396 2.204113 0.007744 0.006894 0.004971 
0.000294 0.000313 0.000649 0.001668 0.003182 0.004196 0.004793 0.004475 0.005341 0.006729 0.006505 0.004432 0.003521 0.002230 0.001708 0.002630 0.004152 0.004816 0.005071 0.005905 0.003572 0.005968 0.010333 0.021814 0.121588 0.022741 0.011638 0.006314 0.007957 0.008555 0.008837 0.008273 0.009124 2.211326 0.008696 0.007844 0.004149 0.006602 0.008253 0.347656 
0.000066 0.000092 0.000262 0.000764 0.001600 0.002230 0.002412 0.002438 0.003648 0.005880 0.006377 0.693799 0.004372 0.003874 0.003242 0.004499 0.005815 0.005466 0.004610 0.004140 0.003026 0.004016 0.008851 0.020381 0.122305 0.021728 0.010449 0.005422 0.005531 0.007064 0.007564 0.698120 0.011668 0.011173 0.007231 0.004878 0.003295 0.004049 0.005377 0.005685 
0.000014 0.000027 0.000093 0.000294 0.000663 0.000972 0.001018 0.001294 0.003020 0.007195 0.011651 0.383011 0.011716 0.007292 0.005109 0.006756 0.346710 0.005710 0.004042 0.002724 0.001881 0.002369 0.004703 0.006456 0.414541 0.007546 0.005799 0.003530 0.004191 0.007829 0.012269 0.381287 0.014764 0.010325 0.005285 0.002664 0.001755 0.002059 0.003141 0.004019 
