0.003711 0.004629 0.005978 0.168338 0.010247 0.009003 0.008842 0.008739 0.008657 0.008607 0.008570 0.008542 0.008518 0.008498 0.008478 0.008460 0.008454 0.008447 0.008440 0.008643 0.056654 0.029189 0.029028 0.028865 0.028699 0.028520 0.028338 0.028141 0.027943 0.029071 0.033188 0.040795 0.051940 0.069970 0.008348 0.008198 0.007489 0.008172 0.010688 0.035187 
0.003415 0.004055 0.004348 0.451077 0.009286 0.008998 0.008850 0.008753 0.008678 0.008626 0.008585 0.008554 0.008527 0.008506 0.008483 0.008474 0.024508 0.022824 0.021786 0.119281 0.029755 0.025192 0.024174 0.022927 0.021104 0.018761 0.015870 0.012753 0.010527 0.009195 0.009169 0.009136 0.009085 0.008982 0.008664 0.008608 0.008092 0.007940 0.008890 0.240482 
0.003753 0.004559 0.005523 0.007069 0.009906 0.009862 0.036071 0.008679 0.008653 0.008619 0.008587 0.008559 0.008533 0.008512 0.008489 0.008473 0.008463 0.008460 0.024851 0.043245 0.048985 0.023937 0.023515 0.023037 0.022846 0.023212 0.024549 0.027459 0.033265 0.009205 0.009175 0.009143 0.009124 0.009134 0.008928 0.009286 0.008761 0.008550 0.009819 0.013037 
0.004933 0.005545 0.005884 0.006766 0.138123 0.131072 0.098935 0.008699 0.008635 0.008608 0.008581 0.008558 0.008534 0.008514 0.008493 0.008473 0.008457 0.008452 0.025366 0.030601 0.027361 0.025404 0.025805 0.026506 0.027781 0.030154 0.033873 0.039789 0.050661 0.026932 0.039450 0.015422 0.066001 0.084949 0.100417 0.009405 0.009254 0.009297 0.010388 0.012120 
0.006237 0.006473 0.006282 0.007045 0.069142 0.090466 0.085261 0.008739 0.008647 0.008609 0.008581 0.008556 0.008539 0.008525 0.008506 0.008484 0.008463 0.008452 0.011540 0.016972 0.027916 0.027938 0.029118 0.030694 0.033128 0.036438 0.040837 0.047258 0.057082 0.032487 0.036696 0.029459 0.075303 0.085493 0.086491 0.009416 0.009258 0.009304 0.010408 0.012254 
0.006334 0.006487 0.006382 0.006680 0.067271 0.079153 0.079135 0.063466 0.008652 0.008607 0.008579 0.008564 0.026954 0.040347 0.018083 0.013805 0.011567 0.010836 0.027139 0.020845 0.030163 0.031016 0.032691 0.034594 0.036766 0.039975 0.043832 0.048393 0.051759 0.046505 0.065636 0.035141 0.078246 0.080297 0.074537 0.031792 0.009481 0.009507 0.067555 0.028607 
0.006677 0.045688 0.006761 0.006814 0.079842 0.079251 0.079180 0.078310 0.028014 0.013033 0.009825 0.009026 0.018766 0.025638 0.039000 0.021758 0.015970 0.014074 0.015778 0.018386 0.032361 0.033386 0.034833 0.036378 0.039337 0.042333 0.045002 0.047035 0.045222 0.043098 0.040992 0.038597 0.038633 0.038667 0.038695 0.038728 0.038778 0.038877 0.039016 0.038994 
0.006830 0.052117 0.006820 0.006843 0.018843 0.063202 0.078388 0.078310 0.050472 0.024720 0.013964 0.010653 0.015857 0.021223 0.027219 0.024486 0.019626 0.016813 0.016510 0.017446 0.035844 0.037926 0.042609 0.062431 0.041451 0.043104 0.044692 0.044232 0.041691 0.040577 0.039272 0.038585 0.038617 0.038649 0.038688 0.038736 0.038799 0.038893 0.039014 0.039109 
0.059131 0.062548 0.011393 0.008375 0.014258 0.017353 0.046062 0.062010 0.052122 0.033859 0.020641 0.014100 0.015185 0.018803 0.023773 0.024150 0.021963 0.038537 0.030350 0.021537 0.041278 0.046786 0.056776 0.072146 0.083033 0.073500 0.061661 0.074747 0.052141 0.054512 0.059533 0.038561 0.038578 0.038610 0.038644 0.038685 0.038731 0.038788 0.038948 0.129238 
0.564352 0.305943 0.209945 0.119762 0.065569 0.047910 0.046565 0.050603 0.067343 0.031979 0.022504 0.016480 0.015554 0.017273 0.040404 0.029595 0.025371 0.059651 0.047592 0.034520 0.096858 0.054334 0.061485 0.070496 0.068453 0.051242 0.044444 0.039452 0.039510 0.038263 0.037719 0.037718 0.037358 0.036902 0.036071 0.033770 0.025865 0.020106 0.009057 0.008432 
0.008569 0.008316 0.008126 0.007924 0.042372 0.067839 0.064657 0.060582 0.039660 0.037095 0.028581 0.020079 0.016799 0.017077 0.027638 0.028617 0.026458 0.038969 0.041834 0.036143 0.074980 0.059299 0.066464 0.075470 0.081943 0.043403 0.041416 0.038900 0.038813 0.038452 0.038629 0.038955 0.039787 0.041124 0.044257 0.052720 0.016896 0.014584 0.008357 0.008211 
0.007616 0.007555 0.007485 0.007426 0.011511 0.010735 0.011677 0.015076 0.015991 0.043452 0.038942 0.031421 0.022893 0.019067 0.024167 0.026097 0.065066 0.046336 0.044509 0.038752 0.070392 0.061996 0.066432 0.066577 0.060386 0.052762 0.069589 0.045944 0.050318 0.056011 0.038541 0.038543 0.038315 0.037613 0.035387 0.029919 0.014426 0.011617 0.008183 0.008130 
0.007316 0.007304 0.007245 0.007192 0.008024 0.008251 0.033111 0.031097 0.028464 0.052075 0.077823 0.069857 0.056632 0.038825 0.030919 0.028150 0.038293 0.096300 0.065661 0.049051 0.228972 0.065685 0.069581 0.073563 0.077828 0.091754 0.066205 0.066357 0.045961 0.045110 0.038321 0.038219 0.038048 0.037949 0.038319 0.041444 0.011947 0.010233 0.008109 0.008083 
0.007149 0.007138 0.007166 0.007128 0.007431 0.007638 0.039608 0.037960 0.035725 0.036313 0.064451 0.064896 0.063880 0.057686 0.048353 0.039006 0.038616 0.056710 0.058547 0.055961 0.632859 0.068415 0.068789 0.068703 0.066952 0.062440 0.059025 0.055364 0.053536 0.060542 0.037639 0.037377 0.036878 0.035602 0.032319 0.018064 0.010827 0.009405 0.008062 0.008046 
0.007023 0.007028 0.038494 0.018602 0.012916 0.010438 0.019554 0.025202 0.029234 0.031448 0.034024 0.039282 0.042955 0.045210 0.045861 0.044169 0.127472 0.078863 0.068893 0.060121 0.163641 0.066253 0.063876 0.060327 0.058238 0.054784 0.052100 0.049359 0.047281 0.044430 0.037417 0.037209 0.036415 0.035201 0.034022 0.012253 0.010300 0.008894 0.008030 0.008020 
0.006928 0.006943 0.025344 0.022556 0.018417 0.015354 0.017087 0.019384 0.043839 0.038768 0.037206 0.037735 0.039002 0.040338 0.041488 0.042116 0.045612 0.055756 0.058874 0.058442 0.155150 0.085328 0.263545 0.054782 0.053054 0.050746 0.048905 0.047109 0.045396 0.042193 0.038710 0.048530 0.023169 0.018898 0.011116 0.011187 0.009838 0.008565 0.008003 0.007994 
0.006849 0.006870 0.041058 0.027165 0.022200 0.018289 0.017786 0.018544 0.050498 0.045742 0.043074 0.041523 0.040787 0.040590 0.040692 0.040928 0.041954 0.045687 0.049222 0.052486 0.120991 0.062342 0.052906 0.052539 0.051585 0.050297 0.050128 0.051683 0.063721 0.034846 0.029234 0.018868 0.017127 0.013409 0.010731 0.010499 0.009332 0.008341 0.007983 0.007987 
0.006799 0.006802 0.018868 0.023862 0.023154 0.042676 0.031450 0.045096 0.047511 0.046739 0.044769 0.043387 0.042398 0.041741 0.041345 0.041091 0.041134 0.042384 0.044418 0.048062 0.098889 0.091630 0.063479 0.075026 0.151628 0.048785 0.047656 0.044978 0.038314 0.027483 0.021218 0.015915 0.014298 0.011837 0.010429 0.010053 0.009028 0.008241 0.007979 0.031218 
0.031588 0.010354 0.015297 0.020564 0.021937 0.031181 0.031292 0.036228 0.041829 0.043319 0.070198 0.055474 0.049418 0.046093 0.044176 0.042931 0.043249 0.052271 0.047649 0.050523 0.147832 1.539018 0.137359 0.549501 0.059113 0.044114 0.040199 0.034300 0.027358 0.021108 0.016839 0.014153 0.012438 0.010953 0.010119 0.009736 0.009160 0.009495 0.012587 0.031177 
0.051452 0.010384 0.013923 0.018492 0.020726 0.027796 0.029939 0.033024 0.038509 0.041414 0.052213 0.053543 0.051365 0.048735 0.046594 0.045866 0.385940 1.107275 0.092557 0.064935 0.071092 0.140503 0.056956 0.050291 0.043776 0.038396 0.032743 0.028305 0.024331 0.022062 0.023104 0.033767 0.011585 0.010597 0.009960 0.009626 0.009298 0.009933 0.012433 0.028936 
0.049289 0.012185 0.013450 0.017098 0.019058 0.045574 0.033637 0.033273 0.057104 0.047086 0.050055 0.051610 0.118071 0.074447 0.061699 0.059013 0.047648 0.066033 0.052565 0.059678 0.061300 0.066222 0.053885 0.054860 0.061389 0.370082 0.029719 0.026124 0.023634 0.022659 0.024173 0.027085 0.011325 0.010461 0.009906 0.009615 0.009610 0.011548 0.028495 0.028924 
0.046308 0.012615 0.013231 0.016534 0.018608 0.030665 0.031704 0.032113 0.032059 0.033146 0.034744 0.036170 0.037602 0.038200 0.038444 0.038313 0.037617 0.038763 0.068486 0.076432 0.096601 0.216881 0.095542 0.064025 0.054938 0.049232 0.048877 0.057762 0.082368 0.271457 0.183210 0.195366 0.016311 0.017561 0.019175 0.021372 0.024885 0.039519 0.043930 0.039007 
0.088375 0.085236 0.048951 0.032691 0.066337 0.041043 0.026142 0.028711 0.032122 0.034929 0.036796 0.037905 0.038550 0.038966 0.039177 0.039116 0.038737 0.045728 1.049491 0.168360 0.306804 1.763123 0.249902 0.110575 0.085250 0.043877 0.034625 0.033074 0.032563 0.027214 0.012875 0.014066 0.013696 0.007559 0.009193 0.010590 0.010174 0.034286 0.044270 0.026233 
0.088797 0.065230 0.014746 0.004916 0.003702 0.049809 0.025739 0.029348 0.033384 0.036283 0.037911 0.038768 0.039289 0.039683 0.039937 0.039971 0.039854 0.041289 0.502231 0.143734 1.355989 0.277533 0.304598 0.579256 0.124721 0.660040 0.164234 0.034968 0.042149 0.044726 0.011820 0.014159 0.016963 0.006830 0.008756 0.010697 0.006532 0.031693 0.049651 0.026230 
0.088873 0.063303 0.011832 0.004931 0.003539 0.033421 0.024152 0.030959 0.035853 0.038270 0.039201 0.039612 0.039954 0.040344 0.040650 0.040719 0.040906 0.041004 0.043007 0.094635 0.109447 0.091266 0.498943 0.062791 0.059842 0.156804 0.034971 0.029386 0.040513 0.009060 0.009942 0.012625 0.024331 0.005830 0.007936 0.012163 0.004351 0.004621 0.067880 0.026228 
0.088953 0.062042 0.012170 0.004279 0.003352 0.036872 0.020988 0.035508 0.039449 0.040045 0.040026 0.040105 0.040470 0.041010 0.041418 0.041423 0.042292 0.042739 0.042026 0.361530 0.098708 0.076363 0.098582 0.059815 0.047080 0.048527 0.039526 0.024120 0.008070 0.008111 0.008087 0.007640 0.006443 0.004142 0.005446 0.020477 0.004249 0.004646 0.032676 0.026217 
0.089038 0.064341 0.013544 0.004176 0.003064 0.016843 0.018115 0.047478 0.041982 0.040504 0.040105 0.040309 0.041033 0.041882 0.042340 0.041940 0.044857 0.044808 0.039579 0.033371 0.105102 0.063452 0.201775 0.070837 0.046301 0.055306 0.063053 0.062699 0.008023 0.008188 0.008800 0.008941 0.007587 0.003742 0.003723 0.003739 0.003847 0.004627 0.009233 0.026223 
0.065281 0.071958 0.016169 0.004059 0.002999 0.018498 0.019081 0.037731 0.039529 0.039466 0.039816 0.040692 0.042110 0.043297 0.043451 0.041671 0.051736 0.045609 0.034629 0.027460 0.167639 0.059251 0.073366 0.121490 0.041261 0.050318 0.063716 0.051643 0.007696 0.007439 0.008575 0.011924 0.021881 0.003769 0.003720 0.003711 0.003759 0.004052 0.008986 0.003509 
0.065355 0.075446 0.022441 0.002637 0.002646 0.026954 0.019443 0.053316 0.040825 0.039512 0.040405 0.042008 0.044247 0.045517 0.044081 0.039021 0.082607 0.039462 0.025268 0.019398 0.242996 0.048121 0.053439 0.056651 0.032635 0.041130 0.078272 0.038134 0.008122 0.006091 0.005124 0.004644 0.004227 0.003876 0.003749 0.003664 0.003670 0.003674 0.014162 0.003506 
0.065470 0.023214 0.002637 0.002616 0.002628 0.003783 0.012193 0.043888 0.035098 0.038017 0.041939 0.044398 0.048015 0.048545 0.041610 0.030982 0.046844 0.020908 0.014551 0.012872 0.376850 0.042027 0.049546 0.075790 0.028604 0.028306 0.025667 0.018900 0.012682 0.007928 0.005928 0.005171 0.004460 0.003995 0.003877 0.003673 0.003679 0.003682 0.022794 0.003514 
0.065608 0.027073 0.002626 0.002601 0.002622 0.004379 0.035510 0.027898 0.029249 0.051404 0.049190 0.048059 0.060466 0.050286 0.032468 0.019776 0.012388 0.008971 0.008879 0.009811 0.074063 0.030397 0.029081 0.028475 0.028819 0.029979 0.031177 0.028643 0.022391 0.012965 0.007887 0.006885 0.005297 0.004073 0.004077 0.020258 0.003691 0.003685 0.003621 0.003515 
0.065804 0.027711 0.002626 0.002589 0.002618 0.007396 0.018859 0.026099 0.032808 0.044543 0.047890 0.046130 0.041300 0.039634 0.020447 0.012012 0.008158 0.006437 0.008709 0.010775 0.100269 0.032559 0.030096 0.028240 0.028386 0.029373 0.033634 0.048645 0.050738 0.033459 0.010822 0.012966 0.018304 0.004081 0.004083 0.004065 0.003853 0.003730 0.003635 0.003527 
0.066074 0.002858 0.002637 0.002567 0.002619 0.011752 0.025099 0.036924 0.048616 0.054377 0.053324 0.043497 0.036954 0.035701 0.008141 0.006404 0.005392 0.004914 0.011774 0.013958 0.014408 0.039052 0.034856 0.028036 0.027939 0.027659 0.028332 0.042066 0.016349 0.010910 0.004555 0.004175 0.004162 0.004097 0.004108 0.004083 0.004022 0.003896 0.003734 0.003552 
0.112302 0.002829 0.002499 0.002483 0.002623 0.022847 0.050817 0.066470 0.068854 0.068315 0.051125 0.033218 0.017015 0.008178 0.006360 0.005287 0.004614 0.004339 0.024396 0.017246 0.014638 0.046449 0.064476 0.028167 0.028111 0.027313 0.027364 0.028192 0.025440 0.018891 0.005910 0.004231 0.004240 0.004248 0.004246 0.004248 0.004132 0.004061 0.003858 0.003594 
0.002733 0.002378 0.002333 0.002439 0.002684 0.106643 0.101753 0.100169 0.072943 0.067523 0.031836 0.015384 0.008173 0.005970 0.004835 0.004213 0.003928 0.003790 0.006365 0.007925 0.009780 0.032900 0.037190 0.061568 0.028856 0.027224 0.026569 0.029274 0.029476 0.032097 0.009669 0.006928 0.004289 0.004298 0.004356 0.004491 0.004442 0.004476 0.004233 0.003725 
0.002378 0.002282 0.002241 0.002434 0.002761 0.124938 0.096114 0.083045 0.037729 0.054946 0.009135 0.005747 0.004489 0.003981 0.003754 0.003621 0.003564 0.003584 0.008799 0.011532 0.014911 0.027019 0.029340 0.031603 0.032593 0.027703 0.023693 0.029041 0.027832 0.043508 0.011096 0.012301 0.010909 0.011962 0.015966 0.004657 0.004560 0.005173 0.004992 0.003982 
0.001493 0.001601 0.001889 0.002370 0.003192 0.085377 0.044745 0.006312 0.005679 0.024809 0.003651 0.003670 0.003619 0.003555 0.003501 0.003452 0.003452 0.003581 0.024661 0.021461 0.054065 0.020867 0.023995 0.030620 0.043148 0.031887 0.019057 0.030135 0.018197 0.029788 0.010476 0.012897 0.010529 0.012239 0.005054 0.005073 0.092397 0.006048 0.006044 0.004900 
0.000781 0.000914 0.001272 0.001902 0.002532 0.002712 0.002581 0.002583 0.003147 0.003546 0.003585 0.003640 0.003532 0.003441 0.003388 0.003356 0.003418 0.003907 0.004825 0.005161 0.005931 0.007129 0.007108 0.007093 0.007076 0.007108 0.007217 0.007372 0.007699 0.008215 0.009339 0.015370 0.009321 0.026504 0.005037 0.005025 0.004515 0.005285 0.006195 0.234707 
0.000364 0.000478 0.000768 0.001270 0.001824 0.001995 0.002128 0.002533 0.002741 0.003523 0.003568 0.030893 0.003270 0.003265 0.003273 0.003282 0.003564 0.005554 0.006832 0.007552 0.008539 0.007086 0.007070 0.007065 0.006938 0.006911 0.006945 0.007001 0.007116 0.007413 0.008162 0.022272 0.006558 0.006504 0.005648 0.005045 0.004486 0.004624 0.005156 0.005603 
0.000185 0.000274 0.000494 0.000872 0.001346 0.001765 0.002134 0.002568 0.002736 0.002984 0.003096 0.003176 0.003210 0.003230 0.003252 0.003269 0.020872 0.020391 0.020374 0.020269 0.020278 0.021064 0.023035 0.024167 0.025030 0.006796 0.006776 0.006755 0.006737 0.006714 0.006688 0.006652 0.006594 0.006494 0.005516 0.004906 0.003986 0.003916 0.004331 0.004683 
