0.002336 0.003645 0.004356 0.253338 0.007800 0.007094 0.004571 0.002525 0.001236 0.000498 0.000211 0.000253 0.000682 0.001785 0.003417 0.003985 0.184782 0.047608 0.047180 0.047833 0.174454 0.002749 0.002526 0.001414 0.000654 0.000605 0.001160 0.002011 0.002699 0.003275 0.004064 0.005806 0.006192 0.233815 0.005836 0.005451 0.004583 0.005692 0.006704 0.017810 
0.001809 0.002647 0.002685 0.189328 0.007260 0.007223 0.004741 0.002775 0.001666 0.000776 0.000376 0.000393 0.000731 0.001476 0.002470 0.002510 0.201958 0.049647 0.049635 0.430973 0.075130 0.003134 0.002553 0.001415 0.000723 0.000813 0.001525 0.002361 0.003125 0.004160 0.005440 0.008679 0.012413 0.123197 0.011792 0.008066 0.005220 0.004833 0.005101 0.136735 
0.001847 0.002765 0.004081 0.005763 0.007502 0.007661 1.877010 0.002670 0.002500 0.001349 0.000782 0.000834 0.001143 0.001634 0.002341 0.003027 0.003999 0.004706 0.095833 0.047417 0.394411 0.002114 0.001989 0.001167 0.000736 0.001010 0.001752 0.002190 0.051870 0.004833 0.005567 0.008924 0.012537 0.123105 0.011914 0.008743 0.006089 0.005344 0.006211 0.008808 
0.002813 0.003727 0.005471 0.005726 0.089364 0.166099 0.008325 0.006919 0.004635 0.002364 0.001510 0.001627 0.001858 0.002190 0.002685 0.003255 0.003960 0.004056 0.133325 0.003358 0.003236 0.002420 0.001723 0.001018 0.000798 0.001172 0.001897 0.002017 0.171032 0.133242 0.144235 0.144311 0.788214 0.139683 0.140344 0.006953 0.006845 0.006460 0.006834 0.008552 
0.004534 0.005515 0.008439 0.008863 0.086996 0.038588 0.008221 0.006981 0.004832 0.002882 0.002218 0.002337 0.002127 0.002458 0.003134 0.003399 0.003966 0.004035 0.133081 0.003182 0.003112 0.002297 0.001591 0.001146 0.001130 0.001552 0.002460 0.003004 0.062579 0.038129 0.139682 0.006613 0.006281 0.005692 0.005557 0.006980 0.007548 0.007165 0.006910 0.008700 
0.005279 0.005660 0.011141 0.011289 0.397937 0.049632 0.049679 0.438663 0.002673 0.002611 0.002526 0.002792 0.133635 0.137233 0.003199 0.003384 0.003917 0.003969 0.168403 0.003049 0.002997 0.002180 0.001630 0.001588 0.001709 0.002218 0.003900 0.007414 0.015136 0.015404 0.458942 0.006405 0.006158 0.005421 0.005448 0.133127 0.373762 0.373806 0.683289 0.074639 
0.037789 1.274450 0.073868 0.073730 0.046157 0.048817 0.013626 0.013331 0.005642 0.003170 0.002869 0.003948 0.005757 0.005779 0.111070 0.003890 0.003927 0.003933 0.003362 0.002912 0.002889 0.002091 0.001630 0.001592 0.002282 0.003393 0.005575 0.008677 0.014761 0.016168 0.262653 0.007599 0.006178 0.004553 0.003958 0.003783 0.006996 0.010134 0.011038 0.022368 
0.035782 0.014991 0.017159 0.019430 0.019481 0.721510 0.013356 0.013273 0.006277 0.003395 0.002800 0.003821 0.005490 0.005509 0.005067 0.004115 0.003938 0.003944 0.003223 0.002649 0.002582 0.002091 0.002067 0.025387 0.003315 0.003447 0.005773 0.008872 0.015702 0.017120 0.262606 0.006558 0.005135 0.003454 0.003009 0.003756 0.006290 0.009429 0.010961 0.022432 
0.126057 0.014834 0.014560 0.016820 0.018051 0.071351 0.023400 0.022092 0.006426 0.003624 0.002885 0.003335 0.004496 0.004508 0.004984 0.004290 0.004006 0.023210 0.003230 0.002612 0.002573 0.002161 0.002134 0.002258 0.046550 0.146440 0.141255 0.166258 0.082068 0.082298 0.251409 0.003505 0.003460 0.002514 0.002406 0.003040 0.004268 0.005684 0.005950 0.136802 
0.104532 0.010544 0.010242 0.012747 0.017898 0.071271 0.080527 0.080668 1.635930 0.003272 0.003124 0.003072 0.003970 0.003979 0.030962 0.004070 0.004046 0.036357 0.005465 0.004363 0.012362 0.002148 0.002143 0.002262 0.058540 0.073633 0.073156 0.070530 0.068016 0.055222 0.017514 0.008731 0.004071 0.002550 0.002490 0.003095 0.003269 0.003647 0.003581 0.002442 
0.003043 0.005282 0.005794 0.006067 0.139517 0.187421 0.075645 0.075432 0.076701 0.003505 0.003229 0.003133 0.003636 0.003689 0.003564 0.003543 0.003908 0.019237 0.005126 0.004710 0.002158 0.002147 0.002146 0.002179 0.082747 0.073419 0.073151 0.070394 0.067834 0.055208 0.017470 0.008904 0.004093 0.002871 0.002927 0.128365 0.002921 0.002864 0.002554 0.002169 
0.002696 0.003291 0.003855 0.004734 0.005454 0.006067 0.075525 0.076439 0.076575 0.312675 0.003376 0.003204 0.003471 0.003533 0.003531 0.003533 0.022179 0.013161 0.006639 0.005549 0.002160 0.002148 0.002148 0.002191 0.055593 0.068149 0.087959 0.070601 0.070749 0.279551 0.004986 0.004917 0.003468 0.003340 0.003535 0.107537 0.002705 0.002507 0.001841 0.001415 
0.002210 0.002540 0.003120 0.004216 0.005186 0.005564 0.201708 0.106541 0.106439 0.131935 0.036103 0.006194 0.004210 0.003893 0.003760 0.003584 0.003612 0.018563 0.005801 0.005535 0.020571 0.002153 0.002150 0.002192 0.017981 0.083030 0.048900 0.055384 0.022563 0.011488 0.004430 0.004377 0.003808 0.003853 0.003909 0.127642 0.001972 0.001915 0.001247 0.000832 
0.002566 0.002803 0.003168 0.004415 0.005125 0.005397 0.135787 0.096601 0.098911 0.098847 0.147792 0.004990 0.004304 0.004030 0.003924 0.003712 0.003638 0.004025 0.005334 0.005363 0.035249 0.002160 0.002153 0.002194 0.013180 0.011630 0.018652 0.010094 0.018167 0.026612 0.004757 0.004753 0.004621 0.004624 0.004073 0.002307 0.002245 0.001687 0.001020 0.000705 
0.003828 0.003876 0.141300 0.006025 0.005978 0.006969 0.009523 0.026653 0.096121 0.096962 0.098779 0.052250 0.015672 0.007947 0.005054 0.004993 0.012422 0.005185 0.005135 0.005516 0.010777 0.002161 0.002158 0.002190 0.011783 0.008616 0.008638 0.007223 0.006963 0.004556 0.004756 0.004755 0.005159 0.005324 1.834846 0.002250 0.002085 0.001531 0.001171 0.001076 
0.005741 0.005996 0.128298 0.007006 0.006755 0.007424 0.009233 0.009548 0.156236 0.100827 0.099848 0.076937 0.037661 0.018548 0.008943 0.007019 0.009201 0.009593 0.009665 0.009078 0.009053 0.002685 0.019414 0.007533 0.009685 0.008072 0.007794 0.007092 0.006915 0.004154 0.004232 0.025425 0.005014 0.005012 0.001831 0.002020 0.001792 0.001626 0.001739 0.001777 
0.006669 0.006718 0.144604 0.007109 0.007061 0.007502 0.009403 0.009612 0.071049 0.077434 0.087534 0.082621 0.056775 0.033215 0.016685 0.010763 0.010261 0.010071 0.009959 0.009796 0.009343 0.004538 0.009768 0.008284 0.008875 0.005397 0.007525 0.007496 0.015418 0.001449 0.001456 0.001589 0.003466 0.002669 0.001666 0.001592 0.001612 0.002126 0.002477 0.002047 
0.006998 0.007089 0.006677 0.007172 0.007250 0.127581 0.089600 0.191028 0.042217 0.041509 0.080865 0.081946 0.066879 0.046339 0.027117 0.016266 0.013061 0.011892 0.011262 0.010896 0.010600 0.005682 0.008927 0.008375 0.021100 0.001502 0.001495 0.001482 0.001468 0.001407 0.001398 0.001390 0.001389 0.001270 0.001239 0.001272 0.001905 0.003416 0.003687 0.135180 
0.111874 0.006953 0.006629 0.007171 0.007199 0.007550 0.008624 0.014233 0.038050 0.038211 0.058355 0.067614 0.066770 0.053643 0.037384 0.024839 0.017781 0.013969 0.012613 0.011940 0.011759 0.077610 0.030578 0.032252 0.011230 0.001518 0.001508 0.001493 0.001480 0.001464 0.001465 0.001468 0.001506 0.001348 0.001268 0.001395 0.002879 0.006270 0.008413 0.020039 
0.109275 0.005878 0.005560 0.006130 0.006166 0.007497 0.008555 0.014171 0.037949 0.038546 0.012422 0.009301 0.050063 0.052797 0.040472 0.028425 0.037342 0.047677 0.027383 0.020646 0.013801 0.024253 0.022354 0.021578 0.020796 0.025635 0.041384 0.039279 0.039067 0.038676 0.038909 0.043521 0.001794 0.001747 0.001270 0.001443 0.003059 0.006170 0.008467 0.019918 
0.002646 0.003744 0.003963 0.004473 0.004489 0.064248 0.007766 0.007754 0.055043 0.006980 0.006282 0.006258 0.013325 0.005174 0.005048 0.005054 0.005287 0.005576 0.014581 0.017485 0.032718 0.028048 0.027506 0.032492 0.041886 0.055520 0.045969 0.045810 0.043192 0.036758 0.029916 0.010163 0.001977 0.001941 0.001517 0.001576 0.002404 0.002460 0.277876 0.047144 
0.002309 0.002564 0.002882 0.003546 0.004623 0.007660 0.007524 0.007242 0.006902 0.006603 0.006287 0.006001 0.005437 0.005202 0.005036 0.004899 0.004920 0.005322 0.023285 0.027775 0.036944 0.030483 0.021793 0.022550 0.025122 0.031299 0.046611 0.052213 0.063010 0.084334 0.056513 0.085603 0.002680 0.002641 0.002296 0.002379 0.003792 0.006788 0.014684 0.017356 
0.001621 0.001782 0.002173 0.002310 1.520564 0.007666 0.007520 0.007193 0.006870 0.006473 0.006011 0.005599 0.005353 0.005148 0.004989 0.004850 0.004935 0.005666 0.037782 0.032875 0.039451 0.059800 0.020318 0.020040 0.020026 0.020078 0.018341 0.012422 0.012351 0.012217 0.004366 0.004269 0.004014 0.004176 0.004182 0.003823 0.004810 0.006927 0.014633 0.017228 
0.001563 0.001805 0.002449 0.003401 0.004429 0.127655 0.004892 0.004819 0.004787 0.004749 0.004709 0.004680 0.004673 0.004683 0.004682 0.004620 0.005060 0.006648 0.027260 0.023357 0.048612 0.033500 0.063255 0.070388 0.059883 0.065794 0.036814 0.012644 0.012846 0.051660 0.004386 0.004353 0.004405 0.008361 0.007631 0.005780 0.005918 1.401559 0.018313 0.018347 
0.002156 0.002652 0.003218 0.004201 0.004430 0.119031 0.005075 0.004876 0.004801 0.004729 0.004678 0.004665 0.004682 0.004710 0.004695 0.004562 0.005578 0.008510 0.009932 0.012489 0.019162 0.029370 0.039862 0.023092 0.027778 0.048844 0.024970 0.024754 0.025753 0.004625 0.004450 0.004471 0.065586 0.009700 0.009669 0.005866 0.007216 0.027385 0.148604 0.028849 
0.002430 0.004451 0.005109 0.006386 0.006472 0.156300 0.005126 0.005035 0.004836 0.004697 0.004658 0.004681 0.004728 0.004764 0.004685 0.004416 0.007012 0.011218 0.011881 0.026956 0.020543 0.027342 0.027632 0.016836 0.016089 0.022353 0.025239 0.022261 0.010834 0.010786 0.046545 0.056152 0.065176 0.103370 0.103446 0.874441 0.028329 0.028246 0.146041 0.029340 
0.135904 0.008372 0.008122 0.010603 0.011582 0.028860 0.028980 0.135242 0.004797 0.004632 0.004675 0.004746 0.004811 0.004833 0.004574 0.004127 0.010516 0.014538 0.014509 0.014266 0.018639 0.027317 0.039610 0.017557 0.011126 0.017792 0.030134 0.030556 0.010606 0.010782 0.012796 0.026767 0.059242 0.011250 0.011074 0.007389 0.010635 0.015205 0.016359 0.147006 
0.170116 0.009092 0.008561 0.013625 0.014659 0.028949 0.029208 0.128112 0.004961 0.004726 0.004796 0.004872 0.004922 0.004888 0.004188 0.003674 0.019792 0.019737 0.014512 0.014196 0.027615 0.028788 0.019834 0.035089 0.009869 0.009880 0.019070 0.031923 0.010392 0.010385 0.009997 0.009885 0.130800 0.009466 0.009442 0.007303 0.009558 0.014306 0.016972 0.027019 
0.179413 0.257160 0.311157 0.187327 0.187325 0.365243 0.117555 0.148850 0.005079 0.004862 0.004952 0.005012 0.005028 0.004795 0.003420 0.003129 0.057159 0.019739 0.012868 0.013587 0.062122 0.035666 0.015531 0.018188 0.009896 0.009921 0.032886 0.016727 0.010478 0.010522 0.010039 0.008683 0.006404 0.006526 0.006197 0.005768 0.007647 0.011795 0.017020 0.026865 
0.164749 0.040387 0.013597 0.015475 0.014462 0.012302 0.102877 0.085352 0.005224 0.004897 0.005102 0.005178 0.005081 0.003826 0.002706 0.002636 0.035438 0.015450 0.008959 0.014840 0.087859 0.053277 0.007016 0.029661 0.009949 0.010032 0.010451 0.010530 0.010732 0.011004 0.011060 0.009574 0.006377 0.005711 0.005499 0.005940 0.005702 0.005757 0.282973 0.035415 
0.164712 0.040423 0.013011 0.012408 0.011407 0.011546 0.274794 0.008536 0.008570 0.183684 0.065961 0.065564 0.199554 0.002577 0.002530 0.002521 0.002997 0.003141 0.003198 0.029398 0.084074 0.063174 0.006506 0.006670 0.008116 0.009839 0.010455 0.010643 0.010898 0.011376 0.012420 0.011104 0.006429 0.005809 0.005982 1.931226 0.004377 0.004203 0.002770 0.003380 
0.177205 0.529812 0.007076 0.006996 0.006590 0.006524 0.004996 0.006879 0.006519 0.004072 0.005084 0.005911 0.005783 0.002646 0.002507 0.002503 0.003149 0.003328 0.003299 0.008546 0.085994 0.044038 0.006369 0.005858 0.005913 0.006952 0.009242 0.010639 0.083028 0.317597 0.229047 0.229247 0.459813 0.004592 0.004541 0.002896 0.003243 0.003034 0.002714 0.003228 
0.158479 0.003842 0.004382 0.004199 0.004261 0.004803 0.004851 0.005352 0.004925 0.004036 0.004895 0.005723 0.005736 0.149515 0.002484 0.002481 0.003620 0.003700 0.003322 0.009467 0.009471 0.009472 0.006468 0.005685 0.005687 0.005742 0.005770 0.122747 0.009251 0.009282 0.010861 0.009238 0.004658 0.004094 0.003616 0.002723 0.002286 0.001838 0.001633 0.001847 
0.129753 0.003733 0.003473 0.003374 0.003870 0.005266 0.004890 0.004457 0.003711 0.003095 0.003268 0.003593 0.003418 0.001641 0.001842 0.002444 0.003927 0.003942 0.059255 0.009413 0.009401 0.009383 0.031625 0.005694 0.005684 0.005754 0.006152 0.006944 0.008404 0.008990 0.008923 0.007300 0.004607 0.003665 0.003131 0.002595 0.002015 0.001491 0.001164 0.001104 
0.002070 0.002737 0.002720 0.002895 0.003393 0.070956 0.005098 0.004578 0.003509 0.002910 0.002596 0.002362 0.002112 0.001627 0.001788 0.002572 0.004063 0.004122 0.016871 0.009367 0.009197 0.008494 0.008496 0.200073 0.005671 0.005650 0.006028 0.006931 0.008048 0.009253 0.007088 0.005559 0.004252 0.003820 0.003304 0.002912 0.002478 0.002194 0.001789 0.001500 
0.001800 0.001860 0.001912 0.002289 0.002413 0.130248 0.118093 0.130815 0.003208 0.003083 0.002770 0.002314 0.001734 0.001290 0.001389 0.002369 0.004037 0.004079 0.016871 0.009426 0.009248 0.008485 0.008479 0.008810 0.006127 0.005820 0.006219 0.007073 0.007522 0.246099 0.005486 0.005213 0.004843 0.005016 1.921600 0.002824 0.002651 0.003401 0.003185 0.002520 
0.000979 0.001004 0.001280 0.001943 0.002433 0.068061 0.003567 0.003597 0.003770 1.927609 0.002860 0.002687 0.002058 0.001426 0.001319 0.002037 0.003181 0.003232 0.077437 0.043106 0.126290 0.008491 0.008438 0.008794 0.079587 0.177060 0.173439 0.168042 0.069670 0.069697 0.006153 0.005912 0.005658 0.005189 0.005385 0.005557 1.921408 0.004538 0.004365 0.002793 
0.000382 0.000450 0.000778 0.001483 0.002150 0.002282 0.003213 0.003472 0.003928 0.004578 0.004130 0.002724 0.002574 0.002087 0.001894 0.002442 0.003220 0.003604 0.003502 0.002999 0.002816 0.005843 0.009068 0.012918 0.081855 0.012457 0.008677 0.005450 0.004984 0.005609 0.006156 0.005949 0.006122 1.926362 0.005212 0.005039 0.003141 0.004380 0.004647 0.137371 
0.000119 0.000172 0.000384 0.000856 0.001441 0.001783 0.002162 0.002436 0.003277 0.004405 0.004441 0.186184 0.003248 0.003211 0.002963 0.003305 0.003487 0.003719 0.003453 0.002907 0.002738 0.004384 0.007753 0.011609 0.082016 0.012276 0.008480 0.005303 0.004642 0.005365 0.005402 0.189793 0.007405 0.007369 0.005563 0.004127 0.002968 0.003387 0.003799 0.003457 
0.000037 0.000067 0.000179 0.000439 0.000812 0.001090 0.001275 0.001660 0.002880 0.004702 0.005417 0.255409 0.005515 0.004805 0.004072 0.004335 0.136549 0.003362 0.003094 0.002430 0.002104 0.002928 0.004738 0.005079 0.197195 0.006009 0.005670 0.004089 0.004117 0.005479 0.006187 0.253632 0.007903 0.007196 0.004887 0.003016 0.002111 0.002309 0.002909 0.003188 
