0.002073 0.004183 0.005526 0.454038 0.008963 0.007625 0.004344 0.002250 0.000978 0.000323 0.000106 0.000134 0.000486 0.001677 0.004062 0.005263 0.376084 0.047260 0.046198 0.046895 0.183709 0.003016 0.002780 0.001290 0.000453 0.000398 0.000963 0.001950 0.002646 0.002981 0.003375 0.005326 0.005821 0.292115 0.005318 0.004823 0.003794 0.006184 0.007999 0.022264 
0.001427 0.002580 0.002621 0.206678 0.007936 0.007895 0.004523 0.002716 0.001518 0.000584 0.000225 0.000245 0.000529 0.001255 0.002493 0.002537 0.217754 0.048893 0.048876 0.452670 0.079274 0.003576 0.002958 0.001347 0.000530 0.000647 0.001532 0.002618 0.003100 0.004279 0.005180 0.009513 0.015717 0.177629 0.014745 0.008534 0.004348 0.004254 0.004540 0.142942 
0.001361 0.002440 0.004066 0.005723 0.008191 0.008358 1.967506 0.002574 0.002395 0.001066 0.000541 0.000673 0.001013 0.001450 0.002190 0.003065 0.004104 0.004821 0.097727 0.048529 0.408277 0.002249 0.002119 0.001024 0.000537 0.000897 0.001904 0.002367 0.054242 0.004889 0.005315 0.009773 0.015847 0.177486 0.014879 0.009489 0.005455 0.004679 0.005899 0.009203 
0.002352 0.003205 0.005412 0.005683 0.093815 0.176493 0.011428 0.009447 0.005094 0.002025 0.001228 0.001630 0.002005 0.002264 0.002589 0.003132 0.004061 0.004264 0.288081 0.003812 0.003580 0.002715 0.001662 0.000807 0.000572 0.001018 0.001993 0.002120 0.180025 0.139698 0.151197 0.151278 0.824113 0.146792 0.147400 0.007131 0.007016 0.006434 0.006553 0.008934 
0.004682 0.005348 0.009488 0.009938 0.091348 0.056999 0.011346 0.009512 0.005436 0.002676 0.002110 0.002602 0.002291 0.002551 0.003373 0.003722 0.004180 0.004445 0.144171 0.003718 0.003450 0.002283 0.001371 0.000947 0.000912 0.001317 0.002385 0.002967 0.066075 0.040476 0.146423 0.006724 0.006340 0.005692 0.005549 0.007161 0.008324 0.007743 0.006668 0.009262 
0.005481 0.005502 0.014121 0.014277 0.417894 0.073563 0.073630 0.460190 0.002497 0.002431 0.002471 0.002756 0.141207 0.145018 0.003634 0.005518 0.005816 0.006037 0.144296 0.003126 0.002893 0.002021 0.001743 0.001597 0.001861 0.002077 0.003418 0.007193 0.016319 0.016674 0.586877 0.006533 0.006211 0.005404 0.005434 0.147944 0.645878 0.645950 1.032905 0.154037 
0.039582 1.329096 0.114487 0.114342 0.051772 0.072156 0.012777 0.012298 0.004929 0.002711 0.002589 0.004206 0.006968 0.007078 0.249456 0.010347 0.010300 0.009423 0.012188 0.006644 0.003732 0.002687 0.002667 0.001671 0.003035 0.003198 0.004254 0.008033 0.015939 0.018304 0.400684 0.008970 0.006592 0.004272 0.003742 0.003491 0.007778 0.012336 0.015520 0.042140 
0.037395 0.014847 0.018964 0.022420 0.022468 0.795984 0.012330 0.012237 0.005340 0.002829 0.002272 0.003708 0.006692 0.007432 0.195359 0.014128 0.013425 0.009539 0.011972 0.007932 0.004891 0.003992 0.004065 0.814843 0.003447 0.003377 0.004708 0.008447 0.018793 0.021177 0.400616 0.007880 0.005502 0.003017 0.002593 0.003460 0.006468 0.011027 0.015403 0.042124 
0.131975 0.014675 0.014392 0.017823 0.020574 0.140165 0.029915 0.027164 0.005505 0.003345 0.002507 0.003002 0.005211 0.005950 0.195039 0.014413 0.013999 0.052161 0.008975 0.007781 0.004895 0.004574 0.004649 0.005804 0.065076 0.203474 0.324976 0.342577 0.242144 0.242020 0.285359 0.003162 0.003110 0.002030 0.002060 0.002694 0.003872 0.005382 0.005670 0.143277 
0.109276 0.009706 0.009387 0.013087 0.020379 0.140061 0.111824 0.111973 1.796610 0.003305 0.003142 0.002684 0.003204 0.003224 0.092069 0.014447 0.014429 0.092644 0.008964 0.008890 0.037439 0.004823 0.004821 0.005745 0.065530 0.087311 0.087253 0.074348 0.078086 0.125545 0.024356 0.008534 0.003295 0.002128 0.002326 0.002753 0.003060 0.003403 0.003566 0.002532 
0.003014 0.004990 0.005228 0.005519 0.146459 0.187944 0.068642 0.068410 0.069654 0.003552 0.003981 0.003185 0.002734 0.003066 0.003532 0.003547 0.012931 0.010741 0.008971 0.008949 0.005096 0.004891 0.004891 0.005035 0.119690 0.087234 0.087227 0.073984 0.075974 0.125620 0.024304 0.008471 0.003194 0.002546 0.002605 0.134325 0.002875 0.002815 0.002479 0.002244 
0.002648 0.002985 0.003458 0.004661 0.005651 0.006247 0.068589 0.069325 0.069510 0.398727 0.003747 0.003500 0.002700 0.002697 0.003514 0.003519 0.047357 0.009816 0.008990 0.008976 0.005094 0.004947 0.004950 0.005025 0.009616 0.053691 0.147958 0.074099 0.074247 0.560583 0.004276 0.004152 0.002864 0.003361 0.003638 0.149670 0.003067 0.002788 0.001721 0.001244 
0.001896 0.002217 0.002777 0.004067 0.005367 0.005750 0.202834 0.128267 0.128177 0.132738 0.036902 0.002794 0.002533 0.002419 0.003178 0.003483 0.003505 0.025593 0.009008 0.009007 0.030892 0.004992 0.004985 0.005055 0.005353 0.151151 0.054967 0.182965 0.094463 0.094637 0.005218 0.004487 0.003445 0.003786 0.003844 0.134114 0.002063 0.002003 0.001069 0.000604 
0.002265 0.002623 0.002828 0.004195 0.005023 0.005313 0.143785 0.098163 0.100065 0.095409 0.444861 0.002676 0.002463 0.002400 0.002891 0.003553 0.003518 0.006919 0.009020 0.009031 0.052205 0.005680 0.005951 0.008244 0.009990 0.010013 0.010052 0.010031 0.010106 0.273545 0.004939 0.004879 0.004594 0.004829 0.004026 0.002505 0.002588 0.001694 0.000816 0.000497 
0.003626 0.003677 0.148657 0.005722 0.005673 0.006864 0.009881 0.033177 0.100018 0.030364 0.005813 0.004036 0.003270 0.002811 0.002878 0.002902 0.015810 0.008922 0.009868 0.011057 0.022324 0.005995 0.006265 0.009959 0.009978 0.009986 0.009999 0.010012 0.010043 0.010084 0.008157 0.005053 0.005733 0.005915 2.018453 0.002445 0.002262 0.001387 0.000968 0.000962 
0.005964 0.006449 0.236441 0.007127 0.006644 0.007145 0.009560 0.010041 0.234562 0.006206 0.005582 0.004767 0.004029 0.003519 0.003112 0.003025 0.003346 0.003378 0.003388 0.003807 0.021699 0.012423 0.023955 0.009972 0.009972 0.009985 0.009997 0.010017 0.010047 0.010035 0.010207 1.927151 0.004904 0.004730 0.002126 0.002244 0.001734 0.001409 0.001717 0.001954 
0.006808 0.006860 0.152289 0.007019 0.006969 0.007230 0.009804 0.010136 0.162199 0.006154 0.005826 0.005452 0.004891 0.004406 0.003824 0.003428 0.003409 0.003403 0.003401 0.003450 0.016928 0.010846 0.009971 0.009970 0.009974 0.009977 0.009987 0.009994 0.070131 0.009269 0.009260 0.003658 0.004145 0.003216 0.001943 0.001504 0.001337 0.001946 0.002653 0.002239 
0.007156 0.007446 0.006689 0.007285 0.007370 0.136019 0.124161 0.174954 0.030470 0.022405 0.005945 0.005532 0.005089 0.004703 0.004249 0.003796 0.003610 0.003545 0.003513 0.003503 0.007458 0.010429 0.009972 0.009975 0.035650 0.009464 0.009365 0.007284 0.006137 0.006721 0.005712 0.003482 0.003122 0.001943 0.001106 0.000885 0.001465 0.003234 0.003530 0.141803 
0.117400 0.006980 0.006637 0.007620 0.008066 0.040036 0.074429 0.072643 0.056569 0.056567 0.126404 0.005088 0.005071 0.004857 0.004563 0.004221 0.003927 0.003671 0.003594 0.003565 0.004519 0.058130 0.019273 0.023870 0.008623 0.008682 0.007846 0.006379 0.006078 0.006058 0.005157 0.003507 0.002783 0.001678 0.000842 0.000836 0.002442 0.007466 0.013668 0.043259 
0.114702 0.005741 0.005405 0.006479 0.006937 0.040056 0.074346 0.072587 0.056609 0.037763 0.006680 0.006624 0.005246 0.004898 0.004609 0.004297 0.016821 0.028077 0.009539 0.006545 0.004829 0.034064 0.015488 0.014043 0.008575 0.008479 0.006665 0.006132 0.005978 0.005879 0.005526 0.072103 0.001769 0.001716 0.000969 0.001012 0.002761 0.007524 0.013725 0.043180 
0.002754 0.003809 0.003697 0.004377 0.004438 0.251477 0.068863 0.068882 0.351915 0.006666 0.006579 0.006580 0.015458 0.002306 0.002358 0.002516 0.002604 0.001758 0.007078 0.007982 0.012564 0.016691 0.014421 0.013459 0.012957 0.022622 0.007767 0.007879 0.009869 0.012589 0.023332 0.020344 0.002171 0.002126 0.001243 0.001182 0.002109 0.002168 0.291057 0.081416 
0.002398 0.002441 0.002678 0.003575 0.004620 0.008541 0.008623 0.006683 0.003610 0.003584 0.004080 0.004811 0.002334 0.001866 0.001593 0.001510 0.001543 0.001639 0.018687 0.023648 0.032628 0.049748 0.027594 0.027417 0.026732 0.028382 0.038314 0.043986 0.045714 0.061502 0.029161 0.103344 0.002600 0.002513 0.001715 0.001840 0.003507 0.006762 0.015085 0.017759 
0.001407 0.001497 0.002008 0.002190 2.011665 0.008481 0.008278 0.006342 0.003542 0.002983 0.002675 0.002487 0.002149 0.001799 0.001542 0.001487 0.001565 0.001722 0.034029 0.030493 0.035608 0.050973 0.028589 0.028537 0.025187 0.020870 0.019735 0.012325 0.011607 0.011559 0.008967 0.008948 0.005690 0.004802 0.003726 0.003203 0.004580 0.006909 0.015032 0.017477 
0.001325 0.001465 0.002253 0.003598 0.004434 0.146827 0.004293 0.004201 0.002396 0.001549 0.001272 0.001056 0.000924 0.000901 0.001073 0.001416 0.001667 0.001929 0.022559 0.020091 0.042100 0.022008 0.042967 0.040402 0.033905 0.058246 0.033975 0.013129 0.011652 0.062584 0.008910 0.008869 0.005744 0.010145 0.009543 0.005372 0.005518 1.472005 0.019270 0.019324 
0.002179 0.002388 0.002775 0.004074 0.004360 0.145623 0.004512 0.004228 0.002498 0.001187 0.000858 0.000749 0.000768 0.000892 0.001265 0.001734 0.001968 0.002309 0.002500 0.006076 0.008426 0.011051 0.044128 0.014836 0.016991 0.034962 0.014868 0.014825 0.045015 0.008930 0.009066 0.009118 0.269906 0.018997 0.018942 0.005568 0.007092 0.031552 0.156361 0.032540 
0.002471 0.004325 0.004561 0.006053 0.006151 0.176328 0.004536 0.004421 0.002898 0.001569 0.000779 0.000705 0.000834 0.001065 0.001686 0.002182 0.002373 0.002714 0.002861 0.020440 0.008167 0.012025 0.035493 0.012050 0.009921 0.013702 0.014886 0.014287 0.005786 0.007772 0.008260 0.008553 0.080908 0.176013 0.176200 1.974893 0.032811 0.032621 0.156183 0.033118 
0.143526 0.008272 0.008007 0.011886 0.013236 0.035136 0.034579 0.142943 0.002264 0.002065 0.001231 0.000886 0.001070 0.001383 0.002287 0.002697 0.002777 0.003086 0.004207 0.004334 0.004359 0.007838 0.045195 0.013731 0.006699 0.011151 0.023570 0.024191 0.005724 0.005736 0.006474 0.006776 0.081018 0.019732 0.019417 0.006504 0.010533 0.016647 0.019912 0.157361 
0.195933 0.009108 0.008569 0.016689 0.018129 0.035253 0.035240 0.124515 0.003604 0.003353 0.002654 0.001977 0.001567 0.001891 0.003044 0.003254 0.003128 0.003825 0.004312 0.004338 0.004366 0.010969 0.013301 0.073473 0.006132 0.006112 0.014169 0.066325 0.004201 0.004190 0.004423 0.004476 0.270135 0.010213 0.010161 0.006309 0.009128 0.015605 0.022585 0.049925 
0.204946 0.285896 0.385702 0.259106 0.259086 0.434335 0.124453 0.156570 0.005272 0.005040 0.005212 0.004420 0.002657 0.002669 0.003724 0.003815 0.107048 0.004134 0.004337 0.004366 0.004455 0.009491 0.013690 0.046743 0.006079 0.006082 0.073732 0.012762 0.004428 0.004290 0.004784 0.005462 0.006173 0.005907 0.005374 0.004666 0.006883 0.012695 0.022634 0.049806 
0.192032 0.073107 0.015972 0.018645 0.016637 0.013009 0.108904 0.090384 0.005447 0.005080 0.006553 0.005762 0.002697 0.003457 0.003990 0.004078 0.050060 0.003858 0.004334 0.004408 0.116283 0.005241 0.005181 0.076057 0.005979 0.005966 0.007022 0.007985 0.006599 0.006079 0.007872 0.008202 0.006122 0.005322 0.005064 0.004848 0.005557 0.005616 0.296337 0.068382 
0.192033 0.073144 0.015164 0.013752 0.011767 0.011912 0.288888 0.009886 0.009925 0.210053 0.456243 0.456242 0.204405 0.004349 0.004309 0.004111 0.003454 0.003547 0.004379 0.004648 0.086775 0.005332 0.004941 0.004908 0.005735 0.005802 0.007006 0.007916 0.006803 0.006663 0.011509 0.011815 0.006182 0.006033 0.006215 2.023557 0.004759 0.004577 0.002812 0.004148 
0.204704 0.577261 0.006356 0.006268 0.005693 0.005995 0.004826 0.008101 0.007694 0.003798 0.006609 0.007799 0.006681 0.004531 0.004065 0.003503 0.003311 0.003566 0.004606 0.004944 0.092747 0.005675 0.004900 0.004740 0.004705 0.004588 0.005617 0.008027 0.077490 0.608371 0.392896 0.392888 0.535852 0.005019 0.004959 0.002772 0.003424 0.003063 0.002753 0.003841 
0.184572 0.003836 0.004204 0.003583 0.003607 0.004370 0.004672 0.005377 0.004906 0.003756 0.005269 0.006459 0.006641 2.018184 0.002930 0.002748 0.002977 0.003434 0.004681 0.008803 0.009805 0.009772 0.004939 0.004137 0.004082 0.003620 0.003802 2.014866 0.009619 0.009469 0.012949 0.011189 0.004235 0.004101 0.003605 0.002589 0.002095 0.001518 0.001335 0.001703 
0.137157 0.003717 0.003438 0.003128 0.003764 0.004866 0.004993 0.004227 0.003358 0.002637 0.002894 0.003403 0.003565 0.001743 0.002345 0.002432 0.003234 0.003308 0.484115 0.009835 0.009762 0.009797 0.401660 0.004514 0.004677 0.004252 0.004922 0.007010 0.008461 0.008888 0.009329 0.007577 0.004174 0.003396 0.002944 0.002489 0.001783 0.001147 0.000804 0.000786 
0.002265 0.002977 0.002672 0.002867 0.003389 0.073750 0.005154 0.004355 0.003497 0.002793 0.002333 0.001995 0.001912 0.001561 0.001670 0.002429 0.004885 0.006850 0.274378 0.012516 0.010600 0.009031 0.008704 1.959637 0.005205 0.005028 0.005421 0.006829 0.008134 0.009166 0.006820 0.005026 0.003721 0.003613 0.003126 0.003148 0.002560 0.002074 0.001519 0.001253 
0.001978 0.001848 0.001738 0.002306 0.002436 0.136759 0.126069 0.137199 0.003107 0.002975 0.002913 0.002230 0.001485 0.001029 0.001049 0.002112 0.004807 0.006778 0.274325 0.012717 0.010690 0.008478 0.008163 0.008575 0.005597 0.005221 0.005633 0.006981 0.007481 0.257546 0.005235 0.004946 0.004652 0.004834 2.013304 0.002924 0.002742 0.003734 0.003335 0.002574 
0.000906 0.000838 0.001125 0.002067 0.002587 0.071359 0.004043 0.003814 0.003996 2.019689 0.003155 0.002972 0.002014 0.001144 0.000930 0.001690 0.003164 0.003243 0.120030 0.118098 0.155841 0.008095 0.008006 0.008399 0.082300 0.187486 0.185414 0.176762 0.073307 0.073330 0.006403 0.006147 0.005923 0.005016 0.006237 0.006419 2.013147 0.005298 0.005116 0.002865 
0.000280 0.000309 0.000636 0.001538 0.002518 0.002400 0.003732 0.003683 0.004158 0.004755 0.004775 0.003013 0.002683 0.001880 0.001546 0.002256 0.003275 0.003814 0.003688 0.003187 0.002534 0.005400 0.009546 0.016085 0.121547 0.015915 0.009483 0.005010 0.004712 0.005739 0.006667 0.006187 0.006370 2.018070 0.006055 0.005873 0.002924 0.004996 0.005280 0.144748 
0.000067 0.000096 0.000266 0.000750 0.001484 0.001868 0.002143 0.002168 0.003086 0.004573 0.004613 0.203912 0.003155 0.003115 0.002768 0.003383 0.003558 0.004048 0.003611 0.002940 0.002437 0.003835 0.008231 0.014768 0.121770 0.015720 0.009271 0.004853 0.004347 0.005480 0.005521 0.207440 0.007910 0.007870 0.005765 0.004091 0.002741 0.003403 0.004092 0.003497 
0.000015 0.000029 0.000098 0.000301 0.000659 0.000932 0.000979 0.001211 0.002551 0.005179 0.006526 0.456540 0.006633 0.005291 0.004052 0.004330 0.143396 0.003408 0.003124 0.002203 0.001645 0.002268 0.004295 0.004723 0.241484 0.005623 0.005196 0.003288 0.003573 0.005775 0.007116 0.453804 0.009028 0.007688 0.004488 0.002410 0.001596 0.001881 0.002725 0.003211 
