1.250789 2.474809 5.248161 8.991698 7.024182 5.368372 4.290432 2.558768 1.247119 0.550664 0.279908 0.263958 0.469176 1.060607 2.502910 5.479897 9.851616 9.818138 11.522577 14.970669 18.601812 9.250601 4.235024 1.925721 1.095271 1.082128 1.675700 2.796972 3.957352 3.890178 4.040273 5.378609 9.314500 18.282450 8.754347 4.329069 2.760192 3.342913 6.070283 10.435246 
1.382595 2.896903 7.158192 18.033316 10.416287 8.293011 7.870430 4.276978 1.942225 0.835796 0.445554 0.439762 0.697272 1.328538 2.946482 7.150297 18.083838 12.519013 14.360243 18.681183 15.129537 8.275487 3.913548 1.844685 1.156276 1.348416 2.422300 4.626149 7.543556 6.366251 5.832696 6.123583 7.936255 9.830059 7.154498 4.309070 2.992479 3.737296 7.585742 18.244759 
1.426344 2.641795 5.577316 10.482572 12.233263 13.356460 18.141897 7.403255 3.066594 1.334301 0.815759 0.924869 1.357575 1.892823 2.879971 5.227180 9.498296 11.815409 18.684258 16.201397 18.353178 8.087256 3.591992 1.753183 1.267453 1.764627 3.630239 8.144299 18.262215 11.453293 10.218500 8.979640 10.241501 9.607453 9.251541 5.728377 3.679312 3.626721 5.513201 8.715278 
1.840877 2.844488 5.146228 9.807426 18.506323 18.599920 12.783892 7.457062 3.741106 1.909405 1.479733 2.050964 3.168373 3.652106 3.666087 4.382421 6.600055 10.400959 18.502197 12.411992 9.608658 5.299315 2.736419 1.629120 1.418677 2.079539 4.210791 9.145188 18.673779 14.718573 18.460171 13.270820 18.302355 12.931282 18.168362 8.936749 5.163853 4.319423 5.185928 5.810182 
3.220000 4.212882 5.616443 8.961706 13.867536 13.176956 10.837257 9.417479 5.082840 2.778821 2.536926 4.233587 7.660186 8.207572 6.334168 5.071390 5.734735 8.567165 12.706350 9.017470 5.937560 3.564727 2.330393 1.925245 1.873734 2.424184 4.267658 8.746023 18.414406 13.840162 14.456911 10.948526 10.329561 9.163131 10.807478 10.267897 6.881586 6.317276 8.229708 6.820319 
6.280879 8.181000 7.712208 10.576086 18.564806 13.498466 12.161168 18.061956 7.312535 3.674744 3.553632 7.050921 18.172958 18.400183 11.596305 7.114795 6.298973 9.233463 18.107462 8.628368 4.750788 3.146418 2.924137 3.377810 3.219216 3.273486 4.145592 6.416755 9.920375 11.566111 18.262623 9.714717 6.838787 6.440763 9.240746 18.012770 9.180987 9.158669 18.022205 9.903200 
10.957078 18.136715 10.323796 11.052040 18.565643 14.209265 10.377631 9.316550 5.546333 3.366073 3.141811 5.103078 9.456847 12.577632 18.211348 9.094231 6.766273 7.695064 9.038324 6.109103 4.215873 3.719349 4.923808 7.491821 6.464192 5.606893 5.336601 6.147201 7.026030 8.110408 9.754717 6.634768 4.508747 4.036358 5.261517 7.515606 5.953921 6.382281 9.074154 8.419028 
12.338573 11.350320 8.288382 8.680161 12.694180 18.322025 9.994647 7.056031 5.271319 3.517509 2.796734 3.455268 5.426447 7.786868 10.100602 8.014430 7.782487 9.469905 7.773921 5.883555 5.192116 5.224478 8.226787 18.137510 12.524085 10.418411 8.647140 9.243294 7.662142 7.937754 9.556572 6.007406 3.571357 2.770778 3.174425 3.980304 3.879748 4.660836 7.042706 10.008278 
18.661215 10.629226 7.006763 6.917620 9.152552 10.736834 8.270136 7.407563 8.128625 5.218714 3.359484 2.981947 4.066102 6.558485 10.019659 9.012206 10.836060 18.364193 10.385737 7.935093 8.625991 6.838397 7.926272 12.748012 18.606083 18.545700 13.321711 18.224504 10.266326 10.225136 18.004761 7.406238 3.576518 2.574292 3.005175 3.841841 3.624946 4.339177 7.833457 18.212702 
18.520628 9.436469 6.277125 7.010206 10.425694 11.192516 9.127138 10.066075 18.077778 8.845132 4.955656 3.474179 4.085116 7.701411 18.052622 11.192227 12.182770 18.506346 11.274250 10.563026 18.074768 9.043878 7.484060 10.036116 14.190812 13.486871 11.559964 11.248363 8.772073 8.413114 8.756879 5.152973 3.125795 3.011433 4.601897 7.125653 4.944707 3.969616 5.061674 7.923252 
8.564266 6.016889 5.384004 8.300711 18.305748 18.458025 11.267200 9.749995 11.668555 10.609091 7.090878 4.460996 3.765543 5.280437 8.745659 9.380121 12.112101 12.490708 9.506274 8.766641 10.188383 7.388856 6.710127 9.690192 18.366354 13.746880 12.572690 10.721813 9.411945 9.784162 6.965029 4.218111 3.055542 3.917076 7.739059 17.963913 7.707512 4.037294 3.227296 3.661220 
4.344320 3.868433 4.204807 6.038621 9.888282 11.826394 11.967332 10.425515 12.234463 18.475994 11.724482 6.376412 3.894516 3.849061 5.756271 9.316092 18.336830 13.781711 9.764299 8.968349 10.287797 7.387260 6.052828 7.494372 11.623234 14.643713 18.569014 14.135762 12.717616 18.236856 8.591293 4.534688 3.326298 4.327374 7.536662 11.860062 6.962283 3.621725 2.252337 1.955882 
3.101575 3.524256 4.432084 5.135756 7.146405 10.843519 18.482519 12.311876 12.601055 18.751965 18.581656 8.551012 4.228282 3.151650 4.280603 7.424537 12.937625 18.355461 11.041897 11.214555 18.372074 9.583022 6.333470 6.427984 9.808494 18.349310 15.275244 18.471832 13.134831 13.536003 8.204423 4.953786 3.958088 5.275582 9.376600 18.073557 7.669049 3.446104 1.829036 1.347889 
3.606234 5.103492 7.668783 6.182652 6.443697 9.788197 18.396814 12.010589 11.346458 13.692331 18.372128 8.231506 3.890908 2.670110 3.602394 6.610638 11.256507 11.006703 8.709374 10.279594 18.318838 9.896052 6.865393 5.708559 6.573080 8.961711 9.176657 10.584929 11.664472 18.241644 9.428912 6.298172 5.143601 6.468853 10.045848 9.611598 5.341877 2.714146 1.586846 1.253283 
4.952256 8.279176 18.039413 8.834723 6.324064 7.347756 10.178135 10.280651 11.526986 10.227293 9.233882 5.300467 2.843605 2.165570 3.318461 7.315023 17.976694 9.285458 6.311195 6.606852 8.974979 8.407377 9.080064 6.469455 5.334647 5.363978 5.671960 6.893268 8.585721 10.108365 8.675553 9.094178 6.997431 8.633165 17.956772 8.238985 4.070603 2.263271 1.715367 1.728175 
5.761567 8.178599 12.349470 8.361176 6.431619 7.097718 8.803854 11.805220 18.451229 10.489616 6.682853 3.827162 2.151730 1.653502 2.322479 4.305591 7.156164 5.303058 4.034679 4.280279 6.043487 9.184942 18.069300 9.227476 6.292569 4.831227 4.746823 6.434258 9.524377 8.705657 9.768268 17.993444 8.370421 6.300832 7.292124 4.573819 2.743686 2.136752 2.514900 3.360945 
7.430814 9.773630 18.150177 9.554576 7.823250 9.887870 10.416399 13.841582 18.553499 10.462043 6.661726 3.842931 2.186069 1.539907 1.768668 2.734982 3.847069 3.525978 3.017481 3.354449 4.965442 7.728454 10.631609 9.663283 9.192674 6.157460 5.293605 8.014160 17.968340 9.122296 7.300257 8.254498 5.378713 3.797649 3.333532 2.441599 2.017646 2.560874 4.452411 7.663854 
10.404854 8.955428 9.438855 7.571552 9.264480 18.192516 13.285379 18.426270 13.377107 9.992719 9.125131 5.363207 3.119104 2.065504 2.046014 2.941828 4.212946 4.288126 3.559014 3.783669 5.834965 9.705095 10.756148 13.328379 18.219341 8.621228 5.393723 5.594879 7.774056 6.036213 5.474529 5.641997 3.966643 2.562707 1.863865 1.543759 1.851235 3.352805 7.391310 18.187006 
18.583761 9.909934 6.746519 5.744494 7.171898 10.391243 9.829838 10.929522 10.439063 10.906470 18.057348 8.293434 5.068766 3.311434 3.127825 4.794582 8.116749 8.311916 5.627856 5.057996 8.042171 18.120026 13.179895 18.377348 12.704985 8.143010 5.180999 4.238286 4.680574 4.996280 6.110224 7.872041 4.845051 2.596399 1.541333 1.332878 1.942760 3.644485 6.646280 9.927061 
18.493370 8.965781 5.453668 5.069692 7.030743 10.175439 8.860163 9.131615 10.680938 9.067159 9.585299 7.866492 8.218539 5.161174 4.453701 7.482400 18.180180 18.241550 8.459888 5.685388 6.417170 9.231167 8.966077 10.270797 9.728817 9.631187 6.164080 4.473751 4.713800 6.277771 9.298724 18.039499 7.590376 3.346036 1.735503 1.530649 2.491792 4.904335 8.657375 8.398798 
8.249311 5.477431 4.293800 5.402731 9.360401 18.161612 10.410926 10.181588 18.042410 8.915459 6.966723 8.557493 17.859856 7.209349 4.397236 5.351772 8.802856 9.696026 7.570584 6.015940 6.074129 7.046131 7.035356 7.858187 10.150493 18.099796 8.778877 5.939754 6.589086 9.463503 10.330546 12.627831 7.248292 3.578568 1.991584 1.932445 3.399387 7.456136 17.994595 10.147976 
3.870768 3.312029 3.719284 6.062494 10.426581 11.581551 8.258496 6.923802 7.670517 5.120081 4.090223 4.743014 6.656036 4.156023 2.934370 3.425164 5.319733 7.515479 9.529501 8.241775 8.410927 9.567781 8.219175 8.016456 8.844604 10.854671 8.559552 7.458350 9.807787 18.295538 13.620522 18.252758 8.355204 4.043468 2.410809 2.452620 3.883550 6.624799 9.363424 7.675266 
2.296160 2.461516 3.755648 7.812390 18.207701 13.087893 7.940738 5.120420 3.925607 2.685399 2.098228 2.207533 2.580304 1.995238 1.728654 2.380764 4.439707 8.853109 18.371531 12.840282 13.631687 18.417248 12.330910 11.329317 10.539269 11.822284 11.109142 9.518338 10.782694 13.748043 11.199475 10.504192 7.247268 4.398904 3.179779 3.619237 5.577343 8.908174 8.674359 7.327649 
2.280017 2.382406 3.395820 6.338500 12.026480 18.302706 9.030994 4.890068 2.845082 1.676926 1.130691 1.008458 1.042892 0.937066 1.040764 1.779632 3.810641 8.444096 18.448841 14.928349 18.595455 15.613852 15.356285 18.548574 14.420302 18.754185 18.592583 13.006619 14.209644 18.429712 10.973248 9.190868 9.220701 6.012068 4.790127 5.863199 8.965331 18.229946 12.830469 9.699327 
3.869472 3.278215 3.457631 5.207827 8.839593 12.659179 8.675362 5.634798 3.154448 1.622041 0.871062 0.588206 0.518523 0.528158 0.734309 1.393939 2.933264 5.975837 10.797467 13.375051 13.410961 13.788723 18.612137 14.805238 13.641977 18.628336 14.733007 13.764666 18.450422 12.634297 9.061392 9.974171 18.061602 8.911444 7.159269 9.305109 9.762993 13.708041 18.617123 13.265292 
8.272059 5.689457 4.512283 5.319983 9.067302 18.232351 11.075344 9.031920 4.859745 2.288627 1.066735 0.586235 0.451277 0.497276 0.771809 1.430430 2.666222 4.799710 9.067828 18.198570 11.959483 11.644511 14.278051 12.339445 10.846615 11.744876 11.870755 12.928181 11.686195 8.439566 6.625815 7.363207 9.829767 7.864406 9.066124 18.052240 10.823778 11.960030 18.627151 15.592536 
18.357319 9.697184 6.626681 5.824534 7.588042 11.340455 12.126416 18.166342 7.751806 3.391756 1.558872 0.874314 0.704938 0.799700 1.251239 2.215986 3.531693 4.323863 6.028287 8.844449 8.739938 10.923103 18.447712 13.893390 10.388228 10.128176 12.579222 18.526056 10.907176 6.815887 5.482071 6.744464 9.566955 7.194593 6.638083 8.378435 7.263642 8.549331 12.671917 18.591356 
12.744246 11.795049 10.086633 7.473565 8.094874 11.398658 11.894462 13.229180 7.931721 4.233297 2.292756 1.545624 1.432168 1.566391 2.362771 4.332560 7.179898 5.668493 5.166824 6.124891 7.315793 9.033184 13.151608 18.439701 11.346752 10.496187 14.087233 18.707546 10.486138 6.222220 5.272014 8.064242 17.949480 8.204505 5.358177 5.121525 5.050096 6.287643 8.839177 10.732756 
12.077262 18.476561 18.344257 9.835341 10.026126 18.334011 15.002909 18.572262 10.073636 6.075355 3.751445 2.996936 3.171820 3.027411 4.044285 7.966657 18.166994 8.932489 6.064589 6.759367 9.336234 8.940722 10.607166 13.471230 10.331538 10.850214 18.485188 18.592581 9.883498 5.863777 4.588491 5.597886 7.973101 5.736320 4.687236 4.915787 4.942934 6.441162 9.565577 8.688687 
9.200433 11.044601 10.054908 7.245540 7.660264 11.601547 14.947782 18.602411 11.492666 9.544382 6.225663 5.673662 7.296049 5.412105 5.227090 8.499633 18.207184 9.157017 6.742361 9.115339 18.170980 10.921746 11.006060 18.200493 9.812255 8.156442 10.152163 10.634155 8.357148 6.241127 4.789078 4.891387 5.850212 5.261895 5.806757 7.993600 6.574627 8.448689 17.978884 9.580435 
8.972436 10.430199 7.527880 5.347404 5.728864 9.397067 18.263111 12.944175 11.405531 18.056799 9.073989 9.074196 17.988026 8.918335 5.756548 5.854884 7.840568 6.153672 6.054266 8.389372 12.664431 9.481414 8.243855 8.864104 6.422471 5.760053 7.171381 9.210459 10.470693 9.515059 6.695433 6.475543 8.429991 6.797273 8.409138 17.896599 8.053439 6.117017 7.470247 5.621149 
11.719506 18.125822 8.090670 4.513246 4.153876 5.842878 8.301273 7.295949 6.813879 7.890641 6.058322 6.655096 9.912780 9.876801 6.063430 4.388106 4.486298 4.840046 6.393633 9.448910 18.175894 10.081315 7.586587 6.279778 4.901687 4.966553 7.346701 12.399431 18.504498 18.328671 9.445614 9.188304 17.940598 8.285461 6.327885 7.424102 4.763561 3.475071 3.321747 2.801763 
12.119439 10.220430 5.808441 3.697301 3.734263 4.908395 5.317443 4.726923 4.149908 4.052936 3.733179 4.757159 8.434624 17.903210 7.269100 3.949610 3.733469 5.404672 8.704300 8.563735 10.053973 8.963041 9.604578 7.386637 5.384296 5.302814 8.489419 18.203135 12.982867 10.450708 6.947492 6.172904 7.613376 5.310621 4.222509 3.828121 2.754148 1.994722 1.677957 1.465974 
18.275816 8.526391 4.574099 3.680611 5.121645 7.878114 6.548475 5.314569 3.961279 3.173838 2.682669 3.018899 4.511161 6.643970 4.168576 2.919966 3.656852 7.374563 17.987202 9.788024 8.385508 10.041074 18.226170 11.916674 7.421901 5.800287 6.683282 9.353090 8.513700 7.379107 5.280571 4.226313 4.302397 4.097215 4.129351 3.378668 2.500254 1.745629 1.337615 1.184940 
7.508678 4.670115 3.262932 4.096913 8.213994 18.265615 11.073317 9.253348 6.080319 4.483841 3.027101 2.362737 2.439923 2.753438 2.154385 1.998437 2.990807 5.614287 9.446759 8.006821 7.649898 8.523141 12.474056 18.279814 10.263004 7.428611 6.804534 7.801722 8.275005 9.071010 6.039086 4.258101 4.193111 5.444355 7.476522 5.459715 4.125324 2.714890 1.985683 1.840314 
2.909456 2.223874 2.211483 3.898500 8.718943 18.632694 13.879276 18.200205 9.854972 8.437672 4.869999 2.921617 1.971433 1.569037 1.350544 1.649510 2.914918 5.655321 9.657523 8.976055 9.707960 7.978260 8.755511 11.252746 11.721789 10.737358 9.261822 10.772083 11.696842 18.336256 9.091232 5.771289 5.808895 9.084047 18.052998 9.794896 8.375407 5.027059 3.691535 3.837304 
1.062323 0.999927 1.409469 3.094870 7.573408 18.196915 10.988675 10.153917 10.070715 17.965599 7.863604 4.628675 2.643570 1.609756 1.350126 1.884651 3.539902 7.453152 18.045494 12.277734 18.083269 8.834671 7.299685 10.087859 18.409149 18.453379 12.749168 18.276094 13.244605 18.407078 9.954133 7.456688 7.679872 10.639400 11.358559 10.719382 17.985220 8.105288 6.317335 8.332815 
0.368746 0.424734 0.751321 1.718839 3.780025 6.694729 5.541633 5.206745 5.834313 8.142256 7.183223 7.719111 4.322800 2.357154 1.909351 2.647821 4.213646 5.727358 8.203863 7.314918 7.888470 5.556267 5.225608 7.219166 10.597905 10.442571 8.542588 9.043828 8.154806 9.342868 8.652217 10.254597 10.651954 18.114677 9.683211 7.239134 7.947784 6.200929 8.147027 18.184212 
0.125076 0.172415 0.348707 0.791295 1.597940 2.492434 2.426455 2.495288 3.186604 4.957138 8.099172 17.889471 7.028193 3.409330 2.943533 4.576653 7.450547 5.940047 5.005724 4.112134 3.830207 3.399000 4.137735 6.621266 9.975830 7.922841 5.724691 4.899330 4.704415 5.884599 8.825728 18.084354 10.287927 8.965910 5.738606 4.080498 3.784401 3.650918 5.000491 8.043420 
0.050323 0.080450 0.175804 0.391471 0.745856 1.100826 1.189268 1.363777 1.976356 3.359954 5.700382 8.689702 5.465834 3.490730 3.958553 7.833200 18.157366 8.476707 4.575874 2.942685 2.434105 2.613502 4.210088 8.579764 18.279835 9.212421 5.026936 3.388927 3.119508 4.076304 6.281933 9.351151 7.137717 5.435246 3.584925 2.467875 2.120617 2.221260 3.023091 4.226268 
