0.002294 0.006178 0.011271 0.408753 0.015173 0.010102 0.005110 0.002494 0.000998 0.000295 0.000083 0.000102 0.000445 0.001928 0.006087 0.011046 0.373416 0.052033 0.047706 0.052468 0.460270 0.005331 0.003741 0.001418 0.000413 0.000342 0.000922 0.002054 0.003001 0.003133 0.003335 0.005724 0.007756 0.472329 0.006948 0.004916 0.003457 0.007374 0.016189 0.071357 
0.001453 0.003213 0.003758 0.748129 0.011031 0.010492 0.006021 0.003457 0.001724 0.000584 0.000194 0.000210 0.000495 0.001327 0.003153 0.003718 0.764359 0.061724 0.061284 1.036894 0.190399 0.009265 0.004662 0.001598 0.000503 0.000617 0.001663 0.003317 0.004715 0.005342 0.005523 0.011192 0.026397 0.174345 0.024843 0.009442 0.003932 0.004461 0.006264 0.355614 
0.001295 0.002703 0.005221 0.008484 0.012569 0.013372 2.205704 0.003673 0.002757 0.001066 0.000492 0.000668 0.001092 0.001568 0.002511 0.003989 0.005841 0.007916 0.194719 0.093504 0.974079 0.003841 0.002851 0.001128 0.000508 0.000935 0.002364 0.004094 0.133182 0.008056 0.006266 0.013005 0.027359 0.174115 0.025516 0.011082 0.005561 0.004967 0.007178 0.013865 
0.002442 0.003304 0.006347 0.007949 0.271325 0.382663 0.031534 0.014836 0.005907 0.001992 0.001207 0.001900 0.002676 0.002942 0.002986 0.003646 0.005282 0.006481 0.678321 0.006975 0.005647 0.003765 0.001976 0.000829 0.000542 0.001082 0.002485 0.003399 0.562246 0.328624 0.401436 0.402026 1.507356 0.378926 0.381318 0.010080 0.009432 0.008463 0.007734 0.012175 
0.006308 0.006087 0.012099 0.015576 0.246605 0.246522 0.031970 0.015438 0.006687 0.002885 0.002384 0.003719 0.004463 0.004723 0.004512 0.004247 0.004931 0.006237 0.318921 0.005977 0.004664 0.002718 0.001476 0.001013 0.000928 0.001352 0.002800 0.004690 0.144399 0.076746 0.378738 0.010707 0.008635 0.009006 0.008185 0.010554 0.014547 0.013576 0.008601 0.016143 
0.010972 0.007053 0.021721 0.023195 0.643297 0.329161 0.329452 0.972542 0.003517 0.002913 0.003127 0.004908 0.357769 0.363466 0.005467 0.006286 0.006244 0.007240 0.319178 0.004429 0.003404 0.002179 0.001998 0.002041 0.002193 0.002200 0.003498 0.007815 0.020184 0.021356 0.848401 0.008728 0.007682 0.007058 0.007530 0.642209 0.510262 0.510664 1.980291 0.433358 
0.112030 1.943301 0.162430 0.161608 0.198201 0.309063 0.018344 0.011949 0.005423 0.002945 0.002848 0.005529 0.011219 0.012326 0.811293 0.011986 0.011410 0.010504 0.016025 0.007837 0.003871 0.002924 0.003458 0.002945 0.004234 0.003928 0.004637 0.008360 0.018726 0.025046 0.343043 0.014761 0.008411 0.004897 0.004672 0.004583 0.013237 0.018393 0.030452 0.124853 
0.102691 0.018406 0.025265 0.029744 0.030486 1.492264 0.012088 0.011360 0.005637 0.003025 0.002281 0.004193 0.009482 0.014232 0.333476 0.028470 0.023927 0.011203 0.015068 0.011041 0.005348 0.004692 0.005594 2.215482 0.005878 0.004980 0.005975 0.009622 0.025775 0.032208 0.342910 0.013445 0.007095 0.003198 0.002866 0.004102 0.008124 0.013265 0.029574 0.124544 
0.324635 0.017350 0.015500 0.020097 0.029657 0.211032 0.035317 0.026351 0.006532 0.004098 0.002725 0.003268 0.007284 0.012013 0.333147 0.047958 0.046647 0.121976 0.013335 0.011882 0.005381 0.007049 0.008992 0.014391 0.170155 0.475835 0.417610 0.491764 0.250819 0.250901 0.732623 0.004095 0.003515 0.002091 0.002317 0.003141 0.004296 0.005822 0.007645 0.357369 
0.269803 0.011721 0.009744 0.015119 0.030695 0.210468 0.092501 0.093294 2.154589 0.004769 0.003878 0.002907 0.003831 0.004328 0.629154 0.107733 0.106760 0.310940 0.014263 0.013976 0.048082 0.009672 0.009732 0.013657 0.168595 0.106165 0.104226 0.062916 0.067018 0.102339 0.024166 0.007710 0.003131 0.002344 0.003006 0.003628 0.003746 0.003833 0.004607 0.004687 
0.005408 0.005983 0.005766 0.007549 0.359892 0.373056 0.051920 0.050413 0.057698 0.006513 0.005703 0.003779 0.003083 0.003933 0.005047 0.009201 0.083758 0.066698 0.014755 0.014671 0.030570 0.010239 0.010255 0.011097 0.495274 0.104997 0.104356 0.061687 0.061419 0.103039 0.023595 0.007237 0.002941 0.003090 0.003582 0.414239 0.003972 0.003482 0.002878 0.002915 
0.003303 0.003229 0.003736 0.005833 0.008613 0.010710 0.053014 0.055266 0.056874 0.619739 0.006684 0.004888 0.003117 0.003115 0.004552 0.004650 0.144732 0.040301 0.015127 0.015102 0.048503 0.010713 0.010723 0.011158 0.012738 0.059910 0.720733 0.064313 0.065217 1.115134 0.005281 0.004362 0.003095 0.004725 0.006916 0.377309 0.006356 0.004158 0.002018 0.001346 
0.002018 0.002439 0.003153 0.004691 0.006853 0.008707 0.393958 0.144778 0.144369 0.247157 0.161290 0.005030 0.003232 0.002508 0.003859 0.005363 0.005490 0.072067 0.015460 0.015470 0.113919 0.010964 0.010943 0.011469 0.011815 0.452726 0.207930 1.745600 0.329174 0.329539 0.012706 0.006008 0.003858 0.004707 0.005196 0.415089 0.003166 0.002672 0.001188 0.000580 
0.002555 0.003304 0.003655 0.005039 0.006097 0.007860 0.355204 0.077595 0.078077 0.069693 0.687750 0.004692 0.003008 0.002206 0.003303 0.005407 0.005486 0.035848 0.017523 0.016359 0.118784 0.011252 0.011249 0.011524 0.011433 0.011218 0.012318 0.011372 0.012364 0.999727 0.006981 0.006153 0.005425 0.006277 0.006112 0.004397 0.003716 0.002082 0.000845 0.000464 
0.004366 0.004870 0.473215 0.007163 0.006666 0.008607 0.014545 0.033016 0.078960 0.028768 0.008707 0.004957 0.002695 0.002248 0.003163 0.003391 0.026051 0.030353 0.017263 0.016825 0.071094 0.011346 0.011315 0.011282 0.011040 0.010798 0.010818 0.010298 0.011180 0.013471 0.010845 0.007070 0.007533 0.008448 2.265350 0.003906 0.002988 0.001546 0.000983 0.001043 
0.007782 0.010591 0.416427 0.011220 0.008416 0.008502 0.012761 0.014792 0.423101 0.009048 0.006994 0.003999 0.003035 0.002677 0.002962 0.003149 0.003145 0.003139 0.006214 0.011004 0.051459 0.034456 0.052227 0.010901 0.010790 0.010634 0.010566 0.010397 0.011264 0.012658 0.013569 2.269701 0.007304 0.006389 0.003333 0.003095 0.002029 0.001468 0.001983 0.002627 
0.008492 0.008994 0.477277 0.009140 0.008639 0.009011 0.014565 0.015556 0.362202 0.008467 0.006673 0.004515 0.003680 0.003272 0.003107 0.003118 0.003119 0.003118 0.003483 0.005778 0.038675 0.022532 0.015287 0.010799 0.010756 0.010547 0.010509 0.010533 0.165280 0.009252 0.009148 0.006275 0.005451 0.003849 0.002414 0.001751 0.001369 0.002110 0.003673 0.004399 
0.010585 0.009719 0.008535 0.008991 0.009502 0.359908 0.322917 0.427681 0.025196 0.017948 0.006844 0.004708 0.003894 0.003503 0.003276 0.003177 0.003143 0.003130 0.003218 0.003862 0.031275 0.017004 0.013187 0.011308 0.054415 0.009817 0.009395 0.007275 0.006328 0.006623 0.006082 0.005359 0.003828 0.002114 0.001168 0.000853 0.001344 0.003382 0.005228 0.356626 
0.289725 0.010116 0.008035 0.009871 0.013761 0.145650 0.115340 0.104975 0.047974 0.047995 0.187299 0.003932 0.003837 0.003624 0.003444 0.003314 0.003234 0.003184 0.003194 0.003362 0.028459 0.044461 0.026784 0.041366 0.011523 0.008337 0.007184 0.006263 0.006186 0.006188 0.005979 0.005764 0.003741 0.001966 0.000852 0.000695 0.002045 0.007668 0.025114 0.109973 
0.286538 0.008449 0.006373 0.008446 0.012359 0.145826 0.114967 0.104756 0.048527 0.023568 0.008493 0.008350 0.005471 0.004083 0.003579 0.003371 0.018507 0.022398 0.007748 0.005179 0.028105 0.032267 0.025327 0.024033 0.009271 0.007330 0.006645 0.006634 0.006715 0.006800 0.007101 0.270953 0.002756 0.002319 0.001078 0.000938 0.002595 0.008191 0.025699 0.109752 
0.005241 0.004985 0.004071 0.005176 0.005741 0.656923 0.236032 0.236230 0.904676 0.008882 0.008240 0.008257 0.037506 0.033293 0.030957 0.029702 0.029469 0.025736 0.027070 0.027390 0.031967 0.026864 0.025370 0.025419 0.026344 0.036705 0.007058 0.007140 0.007519 0.008007 0.010956 0.112484 0.003974 0.003176 0.001456 0.001245 0.002451 0.003041 0.812315 0.281691 
0.003099 0.002732 0.003005 0.004650 0.006660 0.013850 0.015987 0.012838 0.004739 0.004987 0.004915 0.005377 0.002364 0.001550 0.001132 0.000932 0.000877 0.000993 0.036643 0.039752 0.046017 0.059484 0.052255 0.052134 0.053152 0.055661 0.061811 0.099521 0.151870 0.245456 0.141957 0.257193 0.003464 0.002998 0.001702 0.001878 0.003988 0.007974 0.017691 0.023797 
0.001475 0.001556 0.002435 0.003355 2.255029 0.013294 0.012059 0.008943 0.004099 0.002546 0.002172 0.001883 0.001595 0.001275 0.000991 0.000865 0.000849 0.001020 0.048345 0.041389 0.047936 0.072785 0.052447 0.049764 0.041361 0.051322 0.031474 0.022015 0.019832 0.019781 0.012219 0.011884 0.007220 0.004906 0.003316 0.003347 0.005508 0.008853 0.017126 0.020097 
0.001385 0.001494 0.002670 0.005238 0.007760 0.390094 0.005779 0.005235 0.002616 0.001167 0.000707 0.000551 0.000419 0.000362 0.000464 0.000669 0.000835 0.001207 0.031966 0.026774 0.054840 0.045522 0.055550 0.056001 0.037698 0.107783 0.067628 0.028885 0.034154 0.094802 0.011588 0.011450 0.007790 0.010436 0.009197 0.005736 0.006615 1.858378 0.028298 0.028347 
0.002811 0.002630 0.003052 0.005393 0.007428 0.385422 0.008034 0.006009 0.003007 0.001142 0.000398 0.000257 0.000227 0.000304 0.000579 0.000882 0.001049 0.001704 0.002763 0.018329 0.012670 0.041965 0.054691 0.024959 0.029450 0.071428 0.025056 0.024927 0.065230 0.010726 0.011165 0.011730 0.789192 0.028916 0.028344 0.006685 0.013995 0.079870 0.373482 0.077868 
0.004578 0.005329 0.004797 0.006587 0.007164 0.461822 0.007639 0.006981 0.003883 0.001796 0.000635 0.000242 0.000230 0.000412 0.000899 0.001223 0.001375 0.002473 0.004000 0.035712 0.011036 0.035260 0.037426 0.018586 0.018027 0.019317 0.025592 0.025172 0.007423 0.009098 0.010950 0.015246 0.321765 0.150374 0.151150 1.984947 0.086155 0.085262 0.373049 0.081386 
0.352688 0.010761 0.009073 0.014405 0.018978 0.073503 0.072189 0.349410 0.003535 0.002543 0.001269 0.000631 0.000406 0.000673 0.001394 0.001687 0.001751 0.003764 0.006187 0.006358 0.006626 0.034014 0.075237 0.018301 0.015879 0.015966 0.030430 0.079483 0.007095 0.006984 0.008798 0.013118 0.322187 0.033636 0.029396 0.007088 0.016585 0.022837 0.030508 0.375301 
0.173138 0.013130 0.011094 0.025447 0.030382 0.073751 0.074801 0.326016 0.005868 0.004246 0.003055 0.002197 0.001283 0.001266 0.002157 0.002386 0.002451 0.006376 0.006330 0.006398 0.006927 0.035361 0.041683 0.128053 0.014707 0.014562 0.017573 0.139625 0.004986 0.004839 0.005118 0.005687 0.789038 0.010584 0.010016 0.006141 0.009946 0.016645 0.034728 0.114533 
0.182382 0.427400 0.528734 0.222302 0.222339 0.624893 0.303517 0.389569 0.007856 0.006534 0.007366 0.006426 0.003264 0.002758 0.003597 0.003952 0.207979 0.006341 0.006311 0.006514 0.211308 0.030408 0.042000 0.117701 0.013041 0.013086 0.209627 0.055875 0.005859 0.004827 0.005092 0.006259 0.007691 0.006268 0.005310 0.004741 0.006860 0.013255 0.035285 0.114200 
0.154458 0.171284 0.026311 0.027786 0.024475 0.017117 0.247660 0.222324 0.008833 0.007073 0.012447 0.011511 0.003807 0.004396 0.004867 0.005440 0.115928 0.005943 0.006274 0.006672 0.311215 0.013069 0.012726 0.205599 0.010331 0.010039 0.008258 0.010836 0.008426 0.007072 0.009596 0.010105 0.007130 0.006050 0.005984 0.005655 0.006915 0.007505 0.821365 0.269518 
0.155082 0.171627 0.023636 0.016293 0.013073 0.014062 0.695203 0.020673 0.021191 0.758964 0.411105 0.411093 0.741334 0.005888 0.005352 0.005343 0.004546 0.005161 0.006220 0.007304 0.285347 0.013138 0.011781 0.007368 0.009678 0.009467 0.007966 0.009965 0.009790 0.009258 0.019574 0.019910 0.007845 0.007762 0.008676 2.272573 0.007091 0.006175 0.004084 0.009995 
0.201069 1.055837 0.007012 0.006278 0.005493 0.006447 0.006248 0.011009 0.010624 0.004853 0.012368 0.014162 0.010528 0.006806 0.005311 0.004130 0.003953 0.004730 0.006190 0.006648 0.301052 0.013215 0.012841 0.006953 0.005124 0.004931 0.006560 0.010686 0.242755 0.712059 0.301068 0.301361 1.328033 0.007338 0.006627 0.004035 0.004498 0.003697 0.003490 0.006028 
0.178890 0.006745 0.005254 0.003644 0.003542 0.004771 0.005225 0.005832 0.005341 0.004310 0.007297 0.009079 0.009992 2.265322 0.004152 0.003235 0.003410 0.004686 0.006863 0.009588 0.012178 0.012578 0.013715 0.007384 0.004641 0.003984 0.004901 2.260949 0.013399 0.012609 0.021083 0.018929 0.005273 0.005139 0.004306 0.003118 0.002383 0.001587 0.001397 0.001976 
0.340605 0.005920 0.004191 0.003304 0.004404 0.006749 0.006110 0.004669 0.003589 0.002790 0.003180 0.003898 0.004600 0.002885 0.003117 0.002732 0.003831 0.004511 1.025927 0.012457 0.011785 0.012657 2.164288 0.007500 0.005824 0.004907 0.005997 0.009223 0.010302 0.010441 0.011185 0.009114 0.004557 0.003866 0.003498 0.002925 0.001963 0.001143 0.000738 0.000729 
0.004380 0.004072 0.002992 0.003297 0.005317 0.165183 0.007595 0.005397 0.004468 0.003417 0.002605 0.002081 0.002144 0.001967 0.001883 0.002627 0.006546 0.012315 0.283328 0.018789 0.013186 0.010672 0.011019 2.266484 0.007189 0.006273 0.006576 0.008309 0.010248 0.012315 0.007988 0.005261 0.003965 0.004434 0.004416 0.004341 0.003258 0.002363 0.001567 0.001306 
0.002633 0.002115 0.001816 0.002666 0.003389 0.354705 0.322760 0.355102 0.005067 0.004334 0.003869 0.002623 0.001592 0.001079 0.001011 0.002234 0.006460 0.012245 0.282968 0.020367 0.013739 0.009756 0.009579 0.011346 0.008835 0.007337 0.007836 0.009240 0.011603 0.475476 0.007788 0.005855 0.005517 0.006433 2.258067 0.005098 0.004177 0.004826 0.003950 0.003265 
0.000988 0.000830 0.001133 0.002490 0.004517 0.162857 0.006700 0.005226 0.006143 2.267223 0.004955 0.004036 0.002423 0.001193 0.000860 0.001718 0.003741 0.004238 0.337705 0.328702 0.416611 0.009282 0.008733 0.010434 0.187034 0.462827 0.456443 0.489336 0.238392 0.238484 0.009357 0.007779 0.007718 0.007352 0.009972 0.010888 2.257859 0.007996 0.007079 0.005058 
0.000262 0.000271 0.000597 0.001642 0.003248 0.004273 0.004928 0.004490 0.005396 0.006770 0.006749 0.004576 0.003574 0.002139 0.001569 0.002524 0.004124 0.004836 0.005078 0.006066 0.003513 0.005748 0.010086 0.022802 0.126419 0.023923 0.011605 0.006114 0.007988 0.008574 0.008951 0.008318 0.009236 2.264987 0.009054 0.008135 0.004121 0.006764 0.008523 0.362259 
0.000054 0.000075 0.000229 0.000715 0.001572 0.002219 0.002360 0.002306 0.003516 0.005855 0.006395 0.744871 0.004313 0.003772 0.003101 0.004489 0.005895 0.005530 0.004592 0.004174 0.002940 0.003756 0.008630 0.021416 0.127183 0.022851 0.010342 0.005169 0.005385 0.006987 0.007530 0.748966 0.011823 0.011285 0.007182 0.004784 0.003200 0.003976 0.005421 0.005745 
0.000010 0.000020 0.000075 0.000256 0.000608 0.000911 0.000919 0.001135 0.002822 0.007302 0.012410 0.410254 0.012458 0.007385 0.004973 0.006727 0.361192 0.005766 0.003989 0.002603 0.001730 0.002156 0.004492 0.006373 0.432434 0.007425 0.005550 0.003233 0.003917 0.007864 0.012957 0.408581 0.015463 0.010370 0.005006 0.002419 0.001587 0.001886 0.003011 0.003970 
