0.002097 0.006322 0.012251 0.437809 0.016022 0.010117 0.004902 0.002365 0.000904 0.000249 0.000063 0.000078 0.000372 0.001790 0.006255 0.012079 0.406735 0.051379 0.046220 0.051325 0.481113 0.005441 0.003735 0.001323 0.000351 0.000287 0.000841 0.001985 0.002947 0.002991 0.003065 0.005416 0.007605 0.490645 0.006801 0.004611 0.003094 0.007259 0.017673 0.079622 
0.001304 0.003140 0.003738 0.810212 0.011199 0.010606 0.005889 0.003473 0.001670 0.000526 0.000160 0.000173 0.000430 0.001212 0.003091 0.003709 0.823153 0.061212 0.060718 1.077400 0.198995 0.009740 0.004759 0.001512 0.000434 0.000557 0.001626 0.003378 0.004749 0.005375 0.005278 0.010876 0.027883 0.177253 0.026305 0.009024 0.003486 0.004175 0.006109 0.371077 
0.001131 0.002568 0.005231 0.008447 0.012836 0.013704 2.259556 0.003675 0.002682 0.000972 0.000422 0.000605 0.001028 0.001467 0.002405 0.004020 0.005923 0.008076 0.201194 0.096629 1.016320 0.003909 0.002843 0.001048 0.000443 0.000883 0.002388 0.004203 0.138570 0.008144 0.006063 0.012824 0.028922 0.177017 0.027014 0.010735 0.005108 0.004603 0.006935 0.013875 
0.002217 0.003031 0.006154 0.007859 0.284090 0.402177 0.035292 0.015589 0.005732 0.001797 0.001086 0.001857 0.002702 0.002938 0.002878 0.003520 0.005312 0.006589 0.703064 0.007212 0.005797 0.003836 0.001911 0.000746 0.000470 0.001020 0.002510 0.003488 0.591023 0.339528 0.419603 0.420220 1.558866 0.396944 0.399229 0.010106 0.009422 0.008383 0.007381 0.012072 
0.006314 0.005808 0.012134 0.015917 0.259069 0.275328 0.035962 0.016251 0.006642 0.002730 0.002295 0.003813 0.004613 0.004841 0.004570 0.004094 0.004793 0.006167 0.330512 0.006120 0.004738 0.002640 0.001361 0.000938 0.000841 0.001252 0.002757 0.004730 0.149515 0.078572 0.394445 0.010792 0.008572 0.009118 0.008238 0.010634 0.015357 0.014312 0.008292 0.016952 
0.011353 0.006842 0.023090 0.024691 0.677297 0.365608 0.365874 1.048012 0.003529 0.002866 0.003097 0.005001 0.373679 0.379486 0.005554 0.006129 0.005940 0.006986 0.330906 0.004390 0.003315 0.002032 0.001925 0.002049 0.002152 0.002062 0.003283 0.007498 0.020098 0.021361 0.878868 0.008659 0.007542 0.007019 0.007545 0.707404 0.534451 0.534846 1.983432 0.492724 
0.116622 1.969309 0.170998 0.170124 0.208612 0.342667 0.019156 0.011379 0.005305 0.002794 0.002692 0.005482 0.011464 0.012721 0.867198 0.011585 0.010959 0.010236 0.016384 0.007572 0.003618 0.002767 0.003498 0.003046 0.004390 0.003917 0.004446 0.007903 0.018583 0.025832 0.360375 0.015672 0.008387 0.004653 0.004615 0.004499 0.013947 0.018733 0.031210 0.136630 
0.106867 0.018000 0.026052 0.030614 0.031436 1.580118 0.011528 0.010730 0.005416 0.002849 0.002052 0.003948 0.009610 0.015243 0.370388 0.030746 0.025378 0.011718 0.015404 0.011265 0.005116 0.004557 0.005551 2.307738 0.006029 0.005034 0.005886 0.009260 0.026763 0.034144 0.360255 0.014403 0.007119 0.002931 0.002690 0.003963 0.008019 0.012788 0.030288 0.136154 
0.338330 0.016861 0.014885 0.019591 0.030695 0.223965 0.035860 0.025528 0.006391 0.004078 0.002562 0.003007 0.007356 0.012966 0.370120 0.064866 0.064156 0.259181 0.020459 0.018713 0.005219 0.007081 0.009109 0.014670 0.176984 0.495728 0.440156 0.515853 0.266889 0.267020 0.793774 0.004012 0.003375 0.001905 0.002205 0.003034 0.004065 0.005469 0.007423 0.373552 
0.281449 0.011275 0.009161 0.014763 0.031886 0.223363 0.090028 0.090890 2.225357 0.004819 0.003848 0.002709 0.003687 0.004299 0.768606 0.127891 0.127592 0.746622 0.092010 0.090724 0.145990 0.010457 0.010409 0.013858 0.175729 0.113957 0.111046 0.060273 0.064495 0.101686 0.023560 0.007273 0.002890 0.002225 0.003033 0.003550 0.003709 0.003688 0.004587 0.004808 
0.005507 0.005873 0.005527 0.007434 0.375960 0.386512 0.048121 0.046502 0.055022 0.006687 0.005867 0.003683 0.002934 0.003952 0.005252 0.014265 0.121222 0.139106 0.122831 0.120581 0.025295 0.012174 0.012294 0.013767 1.204682 0.112970 0.111541 0.058925 0.057876 0.102452 0.022932 0.006651 0.002648 0.003019 0.003540 0.435612 0.003945 0.003425 0.002780 0.002913 
0.003265 0.003069 0.003546 0.005776 0.008708 0.010894 0.049356 0.052360 0.054117 0.645110 0.006911 0.004969 0.002996 0.003007 0.004638 0.004995 0.638393 0.134859 0.129937 0.128775 0.024756 0.011652 0.011585 0.011152 0.013022 0.060534 1.570265 0.062232 0.063178 1.185716 0.005125 0.004116 0.002876 0.004815 0.007316 0.415738 0.006819 0.004313 0.001920 0.001253 
0.001877 0.002318 0.003036 0.004556 0.006825 0.008793 0.407137 0.147076 0.146637 0.253986 0.170768 0.005121 0.003192 0.002334 0.004044 0.007104 0.007295 0.159910 0.132241 0.131948 0.115439 0.011490 0.011287 0.010583 0.011576 1.781599 0.180426 1.647605 0.322878 0.322709 0.012761 0.005832 0.003616 0.004632 0.005150 0.436673 0.003206 0.002682 0.001102 0.000504 
0.002429 0.003304 0.003575 0.004955 0.005973 0.007861 0.371692 0.073897 0.074034 0.066229 0.710424 0.004789 0.002976 0.001939 0.003472 0.006568 0.007030 0.038583 0.133780 0.133711 0.137791 0.010921 0.010577 0.010030 0.009984 0.010480 0.014043 0.008992 0.010212 1.127360 0.007064 0.006104 0.005285 0.006324 0.006143 0.004557 0.003882 0.002052 0.000762 0.000400 
0.004234 0.004775 0.502987 0.006964 0.006430 0.008423 0.014601 0.031745 0.075012 0.027746 0.008830 0.004974 0.002294 0.001517 0.003110 0.003292 0.039954 0.124690 0.135013 0.134902 0.096564 0.010525 0.010383 0.009538 0.009500 0.009418 0.009775 0.007904 0.010747 0.013811 0.011013 0.007098 0.007664 0.008656 2.317924 0.004037 0.003042 0.001459 0.000890 0.000984 
0.007774 0.011012 0.457229 0.011568 0.008332 0.008192 0.012698 0.014844 0.435073 0.009161 0.006990 0.003573 0.001614 0.001412 0.002276 0.002594 0.002406 0.002421 0.059393 0.097843 0.069783 0.043170 0.063776 0.009127 0.009107 0.009067 0.008979 0.008182 0.010955 0.012867 0.013854 2.323154 0.007570 0.006578 0.003389 0.003196 0.001977 0.001353 0.001930 0.002663 
0.008372 0.008910 0.506962 0.009088 0.008550 0.008728 0.014641 0.015660 0.378329 0.008545 0.006612 0.003542 0.002146 0.001771 0.001946 0.002199 0.002229 0.002244 0.010765 0.043621 0.044282 0.019836 0.009005 0.009028 0.009077 0.008876 0.008893 0.009016 0.451257 0.009334 0.009126 0.006373 0.005500 0.003783 0.002393 0.001706 0.001259 0.002020 0.003755 0.004558 
0.010608 0.009773 0.008392 0.008920 0.009458 0.375572 0.339254 0.445028 0.024085 0.017181 0.006994 0.003973 0.002893 0.002310 0.002116 0.002144 0.002169 0.002182 0.004084 0.014482 0.030422 0.013149 0.008993 0.009032 0.076137 0.008319 0.008067 0.006424 0.005435 0.005986 0.005803 0.005380 0.003737 0.001963 0.001072 0.000759 0.001208 0.003221 0.005198 0.372827 
0.302288 0.010080 0.007856 0.009889 0.014795 0.176172 0.124936 0.113257 0.045726 0.046028 0.814135 0.005094 0.004672 0.003971 0.003355 0.002925 0.002640 0.002427 0.003023 0.005914 0.031222 0.044669 0.026668 0.043345 0.007300 0.007293 0.006376 0.005395 0.005187 0.005247 0.005413 0.006046 0.003778 0.001893 0.000761 0.000581 0.001792 0.007157 0.025922 0.120108 
0.299139 0.008359 0.006139 0.008454 0.013385 0.176364 0.124674 0.113075 0.046315 0.020991 0.008808 0.008607 0.005272 0.004217 0.003516 0.003036 0.017222 0.021508 0.007456 0.006549 0.031251 0.032219 0.025550 0.024589 0.006990 0.006573 0.005774 0.005786 0.005947 0.006166 0.006779 0.427591 0.003018 0.002336 0.001001 0.000826 0.002398 0.007829 0.026551 0.120015 
0.005385 0.004971 0.003863 0.005037 0.005639 0.690610 0.280422 0.280636 0.939513 0.009069 0.008392 0.008402 0.041294 0.040601 0.040338 0.038799 0.034935 0.026119 0.030710 0.031550 0.033006 0.026248 0.025094 0.024682 0.024726 0.039340 0.006011 0.006084 0.006481 0.006994 0.009359 0.295560 0.005142 0.003282 0.001369 0.001139 0.002396 0.003031 0.860031 0.330784 
0.003099 0.002622 0.002887 0.004702 0.006635 0.014403 0.017353 0.013929 0.004626 0.005080 0.004604 0.004681 0.001905 0.001339 0.000980 0.000786 0.000766 0.001276 0.045509 0.047588 0.052528 0.062395 0.059135 0.055686 0.043060 0.035860 0.034888 0.066354 0.136625 0.325912 0.285410 0.318959 0.003506 0.002926 0.001529 0.001706 0.003874 0.007924 0.017285 0.024107 
0.001375 0.001437 0.002390 0.003387 2.307607 0.013812 0.012463 0.009078 0.003948 0.002355 0.001749 0.001695 0.001508 0.001200 0.000886 0.000732 0.000751 0.001394 0.057283 0.048626 0.053542 0.123781 0.103550 0.098552 0.085636 0.074471 0.045863 0.035334 0.039164 0.025825 0.013181 0.012182 0.007299 0.004640 0.002953 0.003162 0.005489 0.008872 0.016676 0.019475 
0.001284 0.001353 0.002573 0.005388 0.007944 0.409136 0.005657 0.005083 0.002425 0.001021 0.000528 0.000514 0.000395 0.000286 0.000318 0.000488 0.000770 0.002001 0.036792 0.030786 0.059126 0.079894 0.113968 0.112409 0.090055 0.128677 0.065291 0.030443 0.038133 0.101530 0.011782 0.011632 0.007916 0.009912 0.008518 0.005569 0.006519 1.913574 0.029035 0.029142 
0.002810 0.002496 0.002845 0.005370 0.007566 0.404073 0.008275 0.006090 0.002903 0.001031 0.000317 0.000167 0.000142 0.000156 0.000353 0.000658 0.001070 0.003143 0.004322 0.020550 0.017581 0.074555 0.116447 0.086616 0.086312 0.102801 0.025986 0.024852 0.107039 0.010616 0.011142 0.011753 0.841477 0.029123 0.028505 0.006584 0.015215 0.087947 0.390016 0.084710 
0.004700 0.005265 0.004494 0.006243 0.006858 0.486564 0.007818 0.007115 0.003912 0.001733 0.000565 0.000178 0.000100 0.000182 0.000589 0.000973 0.001636 0.004420 0.005501 0.040998 0.016160 0.058466 0.101453 0.088778 0.082460 0.061501 0.026664 0.017882 0.007129 0.008632 0.010863 0.016146 0.368962 0.151397 0.152203 2.010594 0.095043 0.094079 0.389238 0.088552 
0.368841 0.010581 0.008772 0.014410 0.019722 0.079537 0.078139 0.363664 0.003554 0.002508 0.001158 0.000535 0.000299 0.000368 0.001034 0.001462 0.002463 0.005912 0.007449 0.007596 0.007672 0.038034 0.153765 0.110376 0.117718 0.099664 0.084709 0.103785 0.006994 0.006483 0.008707 0.014009 0.369360 0.035019 0.029849 0.006717 0.017514 0.023399 0.030994 0.391407 
0.172744 0.013084 0.010947 0.026940 0.032662 0.079798 0.080981 0.341853 0.005925 0.004190 0.002868 0.002027 0.001158 0.001090 0.001897 0.002307 0.004611 0.008986 0.007665 0.007617 0.007706 0.049335 0.064341 0.243802 0.138797 0.138391 0.116806 0.470453 0.005192 0.004693 0.004873 0.005490 0.841171 0.009942 0.009326 0.005705 0.009574 0.015811 0.034918 0.123981 
0.181156 0.442077 0.546816 0.226890 0.226931 0.643522 0.316545 0.406487 0.007914 0.006508 0.007465 0.006549 0.003192 0.002657 0.003556 0.005415 0.709858 0.009088 0.007346 0.007366 0.008440 0.042267 0.065111 0.207387 0.145642 0.146547 0.970613 0.059288 0.005737 0.004609 0.004746 0.006037 0.007539 0.006002 0.004957 0.004440 0.006397 0.012475 0.035519 0.123779 
0.150532 0.194514 0.027964 0.029152 0.025595 0.017068 0.257591 0.231970 0.008966 0.007100 0.013378 0.012467 0.003789 0.004421 0.004899 0.006073 0.219154 0.007795 0.007063 0.007405 0.352531 0.013903 0.013665 0.282992 0.022833 0.022415 0.009144 0.010970 0.008456 0.006833 0.009410 0.009972 0.006932 0.005863 0.005888 0.005432 0.006969 0.007602 0.867987 0.320566 
0.151212 0.194892 0.025054 0.016108 0.012638 0.013694 0.724733 0.021643 0.022214 0.822217 0.440157 0.440145 0.803292 0.005932 0.005343 0.005458 0.005071 0.006227 0.006909 0.008155 0.313806 0.013606 0.012431 0.007260 0.010363 0.010022 0.007755 0.010008 0.009940 0.009183 0.020827 0.021177 0.007725 0.007848 0.008838 2.325190 0.007339 0.006347 0.004052 0.011178 
0.200888 1.116897 0.006621 0.005825 0.005034 0.006165 0.006186 0.011333 0.010975 0.004718 0.013257 0.015118 0.010778 0.006927 0.005379 0.004039 0.003884 0.004632 0.006078 0.006528 0.318694 0.013277 0.012860 0.006819 0.004723 0.004556 0.006437 0.010789 0.260293 0.724168 0.304840 0.305186 1.430069 0.007574 0.006786 0.004041 0.004565 0.003633 0.003414 0.006222 
0.179487 0.006890 0.005255 0.003410 0.003287 0.004593 0.005094 0.005640 0.005149 0.004121 0.007353 0.009199 0.010189 2.317965 0.004138 0.003144 0.003278 0.004660 0.006810 0.009595 0.011987 0.012516 0.013847 0.007482 0.004398 0.003774 0.004768 2.313594 0.013336 0.012471 0.022278 0.020149 0.005104 0.005140 0.004228 0.003046 0.002280 0.001445 0.001261 0.001830 
0.356101 0.006001 0.004153 0.003158 0.004338 0.006665 0.006150 0.004526 0.003405 0.002581 0.002931 0.003680 0.004583 0.002964 0.003184 0.002612 0.003713 0.004451 1.087986 0.012296 0.011567 0.012555 2.321636 0.007622 0.005779 0.004751 0.005905 0.009172 0.010173 0.010140 0.010955 0.008925 0.004309 0.003730 0.003401 0.002847 0.001844 0.001015 0.000625 0.000618 
0.004532 0.004144 0.002900 0.003231 0.005340 0.170296 0.007696 0.005290 0.004517 0.003392 0.002472 0.001895 0.002041 0.001968 0.001809 0.002438 0.006638 0.013281 0.304577 0.019538 0.013072 0.010409 0.010911 2.318703 0.007217 0.006224 0.006443 0.008181 0.010165 0.012146 0.007704 0.004886 0.003721 0.004389 0.004396 0.004473 0.003276 0.002277 0.001435 0.001205 
0.002666 0.002057 0.001711 0.002652 0.003411 0.368913 0.337881 0.369291 0.005156 0.004386 0.003945 0.002553 0.001472 0.000991 0.000888 0.002049 0.006562 0.013224 0.304187 0.021248 0.013654 0.009485 0.009434 0.011244 0.008947 0.007353 0.007785 0.009171 0.011685 0.492009 0.007741 0.005673 0.005400 0.006393 2.310490 0.005271 0.004273 0.004895 0.003886 0.003241 
0.000940 0.000755 0.001057 0.002497 0.004614 0.168129 0.006929 0.005276 0.006269 2.319755 0.005147 0.004151 0.002377 0.001086 0.000736 0.001564 0.003644 0.004172 0.355333 0.345710 0.434318 0.009033 0.008454 0.010255 0.194279 0.482607 0.475733 0.511388 0.250562 0.250694 0.009463 0.007778 0.007812 0.007389 0.010454 0.011447 2.310264 0.008269 0.007276 0.005157 
0.000230 0.000230 0.000541 0.001610 0.003324 0.004357 0.005086 0.004503 0.005466 0.006813 0.007033 0.004744 0.003645 0.002042 0.001423 0.002411 0.004096 0.004863 0.005079 0.006259 0.003464 0.005526 0.009746 0.023872 0.131279 0.025221 0.011504 0.005905 0.008046 0.008593 0.009087 0.008370 0.009365 2.317237 0.009459 0.008463 0.004102 0.006942 0.008822 0.378374 
0.000043 0.000059 0.000196 0.000662 0.001540 0.002210 0.002300 0.002161 0.003369 0.005820 0.006415 0.807370 0.004251 0.003655 0.002950 0.004492 0.005989 0.005603 0.004564 0.004222 0.002862 0.003477 0.008321 0.022549 0.132101 0.024084 0.010160 0.004901 0.005240 0.006898 0.007495 0.811178 0.011971 0.011379 0.007114 0.004671 0.003103 0.003887 0.005468 0.005818 
0.000008 0.000014 0.000059 0.000218 0.000551 0.000849 0.000818 0.000974 0.002597 0.007392 0.013337 0.439037 0.013367 0.007461 0.004815 0.006690 0.377171 0.005831 0.003932 0.002470 0.001576 0.001943 0.004276 0.006302 0.451894 0.007311 0.005290 0.002930 0.003616 0.007882 0.013813 0.437445 0.016319 0.010388 0.004690 0.002163 0.001421 0.001704 0.002868 0.003919 
