0.001629 0.006517 0.015098 0.497839 0.018508 0.009957 0.004415 0.002084 0.000705 0.000163 0.000033 0.000039 0.000234 0.001437 0.006487 0.015030 0.475911 0.050506 0.042759 0.048734 0.529470 0.005698 0.003696 0.001109 0.000237 0.000185 0.000664 0.001815 0.002843 0.002673 0.002506 0.004785 0.007358 0.530233 0.006604 0.004028 0.002336 0.006724 0.021506 0.102970 
0.001008 0.002968 0.003728 0.990813 0.011612 0.010857 0.005606 0.003592 0.001555 0.000411 0.000099 0.000109 0.000305 0.000970 0.002933 0.003711 0.995486 0.060354 0.059694 1.172594 0.218903 0.010950 0.004951 0.001299 0.000298 0.000432 0.001530 0.003547 0.004858 0.005539 0.004759 0.009790 0.030273 0.180069 0.028764 0.007736 0.002568 0.003611 0.005875 0.407068 
0.000808 0.002287 0.005360 0.008392 0.013504 0.014543 2.380677 0.003744 0.002546 0.000789 0.000290 0.000472 0.000886 0.001244 0.002155 0.004151 0.006183 0.008533 0.216570 0.104024 1.115050 0.004081 0.002817 0.000875 0.000317 0.000770 0.002444 0.004467 0.150887 0.008407 0.005644 0.012077 0.031513 0.179828 0.029559 0.009602 0.004091 0.003798 0.006444 0.013749 
0.001718 0.002443 0.005678 0.007644 0.314503 0.450716 0.045403 0.016748 0.005141 0.001369 0.000831 0.001742 0.002770 0.002940 0.002604 0.003201 0.005414 0.006887 0.758946 0.007811 0.006181 0.004027 0.001753 0.000573 0.000331 0.000887 0.002580 0.003716 0.658047 0.360463 0.460892 0.461693 1.673568 0.439684 0.441476 0.010075 0.009306 0.008124 0.006540 0.011663 
0.006330 0.005119 0.011907 0.016557 0.290469 0.328672 0.046859 0.017596 0.006423 0.002375 0.002082 0.004062 0.004990 0.005153 0.004754 0.003732 0.004505 0.006038 0.355470 0.006466 0.004926 0.002437 0.001100 0.000784 0.000658 0.001040 0.002688 0.004855 0.160747 0.081952 0.429260 0.010999 0.008420 0.009463 0.008449 0.010770 0.017886 0.016686 0.007628 0.019508 
0.012962 0.006324 0.026664 0.028626 0.766848 0.428790 0.428972 1.275621 0.003650 0.002801 0.003054 0.005266 0.410467 0.416536 0.005849 0.005870 0.005304 0.006464 0.355812 0.004328 0.003141 0.001699 0.001760 0.002094 0.002043 0.001749 0.002821 0.006760 0.019460 0.020952 0.941223 0.008474 0.007189 0.006972 0.007664 0.899209 0.581678 0.582085 2.116051 0.615003 
0.133236 2.023066 0.189566 0.188565 0.234383 0.400235 0.022310 0.010275 0.005168 0.002465 0.002344 0.005369 0.011862 0.013587 1.032790 0.010423 0.009643 0.009565 0.016127 0.006860 0.003070 0.002427 0.003657 0.003297 0.004806 0.003907 0.004074 0.006830 0.017831 0.027948 0.394788 0.018346 0.008167 0.004040 0.004567 0.004371 0.016283 0.019949 0.029419 0.147467 
0.122399 0.016931 0.028445 0.032782 0.033847 1.828914 0.010445 0.009436 0.005003 0.002475 0.001567 0.003346 0.009714 0.018117 0.448362 0.034682 0.026718 0.011730 0.015064 0.010653 0.004548 0.004278 0.005478 2.425281 0.006399 0.005186 0.005752 0.008403 0.029385 0.039696 0.394727 0.017214 0.007041 0.002302 0.002314 0.003667 0.007723 0.011369 0.028322 0.146607 
0.372007 0.015570 0.013263 0.017828 0.033361 0.246009 0.036836 0.022690 0.006191 0.004116 0.002214 0.002387 0.007390 0.015754 0.448089 0.081959 0.081262 0.377683 0.027787 0.025460 0.005442 0.006930 0.009016 0.014726 0.191777 0.544696 0.487851 0.563092 0.295821 0.296095 0.964769 0.003887 0.003083 0.001515 0.001975 0.002851 0.003531 0.004718 0.006985 0.411439 
0.308319 0.010333 0.007875 0.013706 0.034958 0.245279 0.081314 0.082362 2.375375 0.004976 0.003793 0.002264 0.003360 0.004122 0.920570 0.157027 0.156466 0.516382 0.250173 0.250540 1.291641 0.010745 0.009865 0.013728 0.190124 0.132285 0.129322 0.055383 0.058873 0.095309 0.021098 0.006402 0.002415 0.001982 0.003192 0.003449 0.003716 0.003370 0.004609 0.005130 
0.005794 0.005725 0.005059 0.007275 0.412937 0.419108 0.039985 0.038083 0.049884 0.007162 0.006284 0.003426 0.002583 0.004057 0.005556 0.019414 0.157394 0.108830 0.106735 0.114896 0.231660 0.024144 0.012071 0.013410 1.009422 0.130818 0.129999 0.053756 0.049380 0.096228 0.020305 0.005375 0.002057 0.002892 0.003496 0.494574 0.003889 0.003287 0.002537 0.002923 
0.003210 0.002707 0.003123 0.005688 0.008954 0.011380 0.041570 0.046643 0.048769 0.701726 0.007497 0.005185 0.002697 0.002742 0.004791 0.005886 1.859608 0.107216 0.104643 0.112879 0.230932 0.022850 0.010200 0.007783 0.007591 0.065748 1.900473 0.057808 0.058798 1.318854 0.004879 0.003664 0.002395 0.005058 0.008598 0.531118 0.008222 0.004678 0.001662 0.001048 
0.001567 0.002060 0.002823 0.004224 0.006763 0.009019 0.438379 0.151136 0.150621 0.270202 0.193482 0.005391 0.003130 0.001947 0.003811 0.008174 0.009412 0.310713 0.117883 0.118461 0.329179 0.009291 0.007101 0.005181 0.006151 1.547252 0.235592 1.801389 0.251470 0.251467 0.011208 0.005522 0.003061 0.004446 0.005047 0.496087 0.003300 0.002693 0.000913 0.000356 
0.002153 0.003401 0.003468 0.004838 0.005691 0.007891 0.409516 0.065087 0.064474 0.057990 0.760583 0.005100 0.002964 0.001606 0.003277 0.007781 0.009283 0.115339 0.121890 0.122220 0.353411 0.006077 0.005411 0.004477 0.004692 0.004978 0.019004 0.008323 0.009738 1.275123 0.007189 0.006017 0.004901 0.006466 0.006245 0.004961 0.004321 0.001959 0.000586 0.000276 
0.003939 0.004588 0.588638 0.006527 0.005885 0.008007 0.014741 0.028059 0.065696 0.024754 0.009145 0.005092 0.002061 0.001139 0.002244 0.002378 0.166188 0.124898 0.124843 0.124889 0.300708 0.005696 0.005434 0.004552 0.003963 0.003997 0.007608 0.006960 0.010801 0.014336 0.011333 0.007217 0.007961 0.009158 2.434059 0.004359 0.003159 0.001255 0.000689 0.000854 
0.007697 0.012309 0.564149 0.012766 0.008150 0.007439 0.012547 0.014969 0.462681 0.009441 0.006990 0.003199 0.001044 0.000596 0.001184 0.001353 0.001109 0.035664 0.106431 0.111800 0.247715 0.040582 0.067750 0.004472 0.004408 0.003470 0.004007 0.006575 0.011980 0.013182 0.014374 2.439785 0.008211 0.007014 0.003572 0.003468 0.001839 0.001090 0.001794 0.002747 
0.008071 0.008716 0.592342 0.009048 0.008402 0.008041 0.014887 0.015921 0.415280 0.008858 0.006629 0.003127 0.001074 0.000453 0.000672 0.000859 0.000909 0.009038 0.060661 0.080959 0.224685 0.019834 0.004604 0.004504 0.004508 0.004164 0.004103 0.005287 2.405901 0.010441 0.009261 0.006537 0.005604 0.003575 0.002369 0.001598 0.001014 0.001826 0.003992 0.004954 
0.010668 0.009989 0.008083 0.008771 0.009380 0.414585 0.384236 0.485859 0.021165 0.015449 0.007829 0.004972 0.002469 0.001241 0.000981 0.000922 0.000920 0.003206 0.022478 0.042531 0.212943 0.012078 0.004642 0.004641 0.121559 0.004207 0.004119 0.004572 0.004530 0.005823 0.005434 0.005339 0.003492 0.001606 0.000876 0.000575 0.000952 0.002942 0.005237 0.410690 
0.331228 0.010026 0.007440 0.009723 0.017848 0.257109 0.138514 0.124533 0.038539 0.039664 2.436436 0.005994 0.004800 0.003235 0.002422 0.001908 0.001620 0.002530 0.010789 0.020141 0.133457 0.058305 0.030019 0.044620 0.003985 0.003845 0.003574 0.003440 0.003349 0.003982 0.005108 0.006117 0.003876 0.001726 0.000578 0.000376 0.001294 0.005792 0.024863 0.130480 
0.328177 0.008161 0.005580 0.008296 0.016446 0.257354 0.138517 0.124441 0.039289 0.018204 0.009929 0.009138 0.004904 0.003322 0.002523 0.002048 0.035446 0.053711 0.024505 0.022574 0.127303 0.037497 0.024369 0.020796 0.003963 0.003856 0.003764 0.003603 0.003753 0.004612 0.005401 0.487643 0.003163 0.002368 0.000839 0.000612 0.002015 0.006874 0.025633 0.130692 
0.005761 0.004998 0.003382 0.004698 0.005417 0.796829 0.388075 0.388328 1.081992 0.009541 0.008728 0.008756 0.055649 0.018440 0.002354 0.002666 0.015916 0.013182 0.017046 0.017696 0.064456 0.037812 0.037798 0.041031 0.045926 0.056914 0.004628 0.004556 0.004615 0.005382 0.008610 0.365036 0.005857 0.003488 0.001176 0.000927 0.002331 0.003106 1.011986 0.441951 
0.003112 0.002361 0.002612 0.004921 0.006620 0.015564 0.021132 0.017047 0.004418 0.005106 0.004307 0.004805 0.001902 0.001391 0.000975 0.000771 0.000775 0.001322 0.050420 0.058533 0.083236 0.081870 0.024222 0.020911 0.016106 0.012910 0.008986 0.009981 0.010659 0.424338 0.347295 0.368767 0.003475 0.002794 0.001187 0.001340 0.003601 0.007890 0.016201 0.025173 
0.001157 0.001185 0.002329 0.003533 2.423802 0.014859 0.013194 0.009166 0.003599 0.002052 0.001381 0.001798 0.001799 0.001341 0.000893 0.000689 0.000767 0.001595 0.074580 0.065461 0.085380 0.131673 0.033434 0.028686 0.019949 0.017859 0.022353 0.028011 0.029437 0.312830 0.015638 0.012642 0.007504 0.004076 0.002216 0.002781 0.005510 0.009026 0.015451 0.017640 
0.001071 0.001050 0.002344 0.005801 0.008479 0.454384 0.005326 0.004675 0.002005 0.000748 0.000347 0.000444 0.000576 0.000373 0.000262 0.000385 0.000853 0.002248 0.045643 0.040981 0.095959 0.069802 0.088642 0.061104 0.029249 0.257394 0.104148 0.029288 0.030205 0.435312 0.012687 0.011989 0.008268 0.008650 0.006863 0.005335 0.006477 2.045471 0.030804 0.031068 
0.002831 0.002198 0.002372 0.005366 0.007992 0.449755 0.008916 0.006303 0.002644 0.000797 0.000200 0.000102 0.000121 0.000085 0.000131 0.000528 0.001346 0.003517 0.003946 0.030348 0.031832 0.062541 0.103135 0.023426 0.023106 0.094440 0.022174 0.023083 1.725357 0.011223 0.011012 0.011772 1.004629 0.026958 0.026194 0.006525 0.019957 0.113974 0.428445 0.104428 
0.005029 0.005196 0.003835 0.005414 0.006129 0.549867 0.008283 0.007455 0.003998 0.001590 0.000429 0.000106 0.000051 0.000056 0.000202 0.000935 0.002460 0.004488 0.004514 0.058359 0.025855 0.062473 0.094587 0.023788 0.023080 0.018423 0.020691 0.024417 0.008162 0.008409 0.010609 0.018791 0.465420 0.143513 0.144408 2.082645 0.123677 0.122510 0.426097 0.109107 
0.406184 0.010179 0.008063 0.013961 0.021989 0.099160 0.097540 0.396476 0.003630 0.002456 0.000929 0.000355 0.000193 0.000219 0.000640 0.001819 0.003704 0.004893 0.004472 0.004713 0.006583 0.053505 0.244543 0.027263 0.029373 0.017723 0.018596 0.122405 0.007267 0.005901 0.008477 0.016688 0.465703 0.036214 0.028238 0.006038 0.020880 0.025799 0.031089 0.427469 
0.173316 0.013045 0.010621 0.030677 0.039220 0.099450 0.101093 0.380460 0.006102 0.004073 0.002388 0.001609 0.000914 0.000859 0.001860 0.004051 0.005801 0.005640 0.004833 0.004746 0.007861 0.120146 0.121489 0.446393 0.039758 0.038554 0.032091 1.315431 0.005844 0.004358 0.004344 0.005112 1.003766 0.008419 0.007653 0.004850 0.008624 0.013533 0.032163 0.132867 
0.179899 0.480015 0.585236 0.234022 0.234079 0.683237 0.348637 0.445607 0.008024 0.006411 0.007534 0.006695 0.003014 0.002431 0.003471 0.005683 0.414988 0.007928 0.005805 0.005899 0.009337 0.124531 0.123261 0.379602 0.214122 0.215366 1.303859 0.068807 0.005560 0.004182 0.003959 0.005601 0.007261 0.005552 0.004246 0.003901 0.005387 0.010554 0.032906 0.132984 
0.136637 0.237586 0.031888 0.032383 0.028617 0.016783 0.281940 0.254162 0.009292 0.007164 0.016092 0.015257 0.003773 0.004514 0.004842 0.007029 0.413241 0.009136 0.006975 0.008120 0.933622 0.130783 0.130941 0.418198 0.031228 0.030609 0.009248 0.011272 0.008560 0.006255 0.008701 0.009379 0.006507 0.005419 0.005744 0.005098 0.007195 0.007967 1.017604 0.436199 
0.137594 0.238064 0.028426 0.015048 0.011325 0.012548 0.792934 0.024132 0.024862 1.006117 0.500174 0.500160 0.983465 0.006021 0.005273 0.005521 0.005839 0.006343 0.007051 0.009496 0.436927 0.022496 0.020273 0.006772 0.009428 0.008756 0.007094 0.010106 0.010351 0.009015 0.024539 0.024870 0.007518 0.008073 0.009268 2.441443 0.007977 0.006780 0.003991 0.014521 
0.201828 1.272510 0.005803 0.004833 0.004054 0.005612 0.006066 0.012090 0.011844 0.004456 0.015909 0.017871 0.011246 0.007221 0.005586 0.003782 0.003636 0.004273 0.005993 0.006618 0.442371 0.013784 0.013169 0.006140 0.003786 0.003686 0.006246 0.011056 0.303106 0.748036 0.308898 0.309394 1.680257 0.008167 0.007165 0.004100 0.004741 0.003439 0.003210 0.006494 
0.182232 0.007284 0.005383 0.002926 0.002760 0.004247 0.004799 0.005116 0.004640 0.003696 0.007362 0.009303 0.010497 2.434279 0.004166 0.002967 0.002971 0.004643 0.006892 0.009780 0.011677 0.012238 0.014360 0.007172 0.003867 0.003379 0.004579 2.429894 0.013247 0.012180 0.025838 0.023796 0.004787 0.005176 0.004000 0.002900 0.002041 0.001136 0.000981 0.001461 
0.391668 0.006220 0.004075 0.002823 0.004253 0.006538 0.006327 0.004215 0.002985 0.002131 0.002334 0.003138 0.004552 0.003213 0.003407 0.002345 0.003430 0.004338 1.262149 0.011973 0.011074 0.012268 2.439646 0.007650 0.005733 0.004385 0.005747 0.009084 0.009913 0.009441 0.010140 0.008247 0.003774 0.003421 0.003194 0.002651 0.001570 0.000752 0.000414 0.000407 
0.004907 0.004336 0.002664 0.003093 0.005411 0.181306 0.008045 0.005068 0.004718 0.003370 0.002173 0.001485 0.001815 0.002011 0.001649 0.001966 0.006703 0.016075 0.352051 0.021828 0.012676 0.009796 0.010693 2.434975 0.007338 0.006140 0.006130 0.007888 0.009997 0.011778 0.007091 0.004023 0.003196 0.004361 0.004395 0.004838 0.003322 0.002067 0.001141 0.000996 
0.002744 0.001905 0.001464 0.002644 0.003488 0.401540 0.382669 0.401919 0.005428 0.004570 0.004157 0.002374 0.001196 0.000815 0.000641 0.001603 0.006653 0.016047 0.351574 0.023914 0.013329 0.008875 0.009199 0.011107 0.009272 0.007429 0.007676 0.009021 0.011922 0.529019 0.007678 0.005274 0.005142 0.006341 2.426289 0.005730 0.004525 0.005048 0.003673 0.003193 
0.000829 0.000593 0.000893 0.002520 0.004849 0.179457 0.007530 0.005366 0.006564 2.435761 0.005629 0.004428 0.002249 0.000856 0.000500 0.001242 0.003406 0.004011 0.399131 0.390505 0.475981 0.008521 0.007872 0.009913 0.210679 0.528162 0.521452 0.562424 0.279447 0.279492 0.009705 0.007754 0.008080 0.007544 0.011643 0.012841 2.425996 0.008902 0.007704 0.005422 
0.000167 0.000152 0.000424 0.001522 0.003520 0.004565 0.005488 0.004506 0.005671 0.006924 0.007746 0.005181 0.003860 0.001829 0.001113 0.002156 0.004033 0.004949 0.005055 0.006815 0.003404 0.005109 0.008692 0.026009 0.140858 0.027965 0.011026 0.005479 0.008294 0.008643 0.009447 0.008507 0.009707 2.432573 0.010442 0.009241 0.004123 0.007349 0.009534 0.415619 
0.000025 0.000033 0.000132 0.000540 0.001454 0.002200 0.002146 0.001827 0.003023 0.005726 0.006483 0.988901 0.004138 0.003380 0.002611 0.004550 0.006234 0.005775 0.004467 0.004372 0.002731 0.002871 0.007346 0.024891 0.141812 0.026668 0.009476 0.004329 0.004961 0.006676 0.007435 0.991890 0.012222 0.011470 0.006913 0.004360 0.002918 0.003639 0.005577 0.006021 
0.000003 0.000007 0.000033 0.000145 0.000431 0.000720 0.000614 0.000656 0.002058 0.007457 0.016057 0.498415 0.016041 0.007494 0.004426 0.006608 0.414091 0.006013 0.003804 0.002150 0.001261 0.001521 0.003844 0.006237 0.495843 0.007133 0.004745 0.002316 0.002917 0.007802 0.016389 0.497086 0.018866 0.010274 0.003929 0.001625 0.001100 0.001315 0.002529 0.003812 
