0.000000 0.000028 0.001430 0.046636 0.001442 0.000064 0.000674 0.000027 0.000001 0.000000 0.000000 0.000000 0.000000 0.000000 0.000028 0.001430 0.046637 0.001622 0.002672 0.071513 1.724309 0.034432 0.000669 0.000009 0.000000 0.000000 0.000001 0.000027 0.000659 0.000028 0.000019 0.000669 0.034336 1.707038 0.034336 0.000668 0.000009 0.000028 0.001408 0.044470 
0.000009 0.000664 0.035495 2.066565 0.036511 0.002612 0.035512 0.001328 0.000027 0.000000 0.000000 0.000000 0.000000 0.000009 0.000664 0.035495 2.066554 0.053898 0.066025 2.068067 0.140948 0.003478 0.000063 0.000001 0.000000 0.000000 0.000027 0.001308 0.033630 0.001400 0.000691 0.000081 0.001980 0.034397 0.001980 0.000054 0.000010 0.000651 0.033813 1.707003 
0.000000 0.000028 0.001420 0.045265 0.044280 0.064581 2.066629 0.035510 0.000665 0.000009 0.000000 0.000000 0.000009 0.000009 0.000027 0.001337 0.036216 0.043860 1.713162 0.151803 2.066557 0.035521 0.000665 0.000009 0.000000 0.000009 0.000667 0.034169 1.659036 0.043742 0.036093 0.002816 0.035834 0.003472 0.035814 0.001338 0.000027 0.000027 0.001319 0.034333 
0.000000 0.000018 0.000679 0.034422 1.706639 1.712571 0.055521 0.002529 0.000061 0.000001 0.000001 0.000027 0.000668 0.000668 0.000035 0.000037 0.001334 0.034607 1.720426 0.044497 0.036087 0.001336 0.000027 0.000000 0.000000 0.000010 0.000706 0.036888 2.118562 0.118314 2.067778 0.091967 2.067579 0.091997 2.066641 0.036078 0.000692 0.000037 0.000691 0.000696 
0.000028 0.000665 0.000082 0.002776 0.087776 0.045373 0.003371 0.035943 0.001331 0.000027 0.000027 0.001310 0.034326 0.034366 0.001856 0.000053 0.000065 0.002984 0.131255 0.003082 0.000719 0.000027 0.000001 0.000009 0.000001 0.000009 0.000667 0.034170 1.659200 0.056104 0.092936 0.004313 0.035697 0.002901 0.045569 0.045551 0.001524 0.001431 0.035501 0.001439 
0.001439 0.035503 0.002073 0.034741 1.716231 0.045817 0.046694 2.066473 0.035495 0.000673 0.000660 0.033811 1.706285 1.712512 0.055115 0.001869 0.000700 0.035526 2.066651 0.035514 0.000673 0.000010 0.000027 0.000664 0.000035 0.000010 0.000028 0.001325 0.034229 0.045317 2.066727 0.035678 0.001340 0.000727 0.036084 2.066520 0.046636 0.046636 2.066565 0.046645 
0.047359 2.066608 0.046394 0.044676 1.711802 0.064882 0.003360 0.035670 0.001337 0.000027 0.000027 0.001317 0.034808 0.062971 2.066717 0.035515 0.000718 0.001991 0.035799 0.001330 0.000036 0.000027 0.001327 0.035503 0.001937 0.000694 0.000056 0.000691 0.000705 0.001524 0.046640 0.001431 0.000037 0.000028 0.001336 0.035496 0.001430 0.001432 0.035799 0.002102 
0.043467 0.045136 0.001530 0.001957 0.055257 2.066723 0.035674 0.001357 0.000700 0.000027 0.000001 0.000027 0.000694 0.002040 0.046651 0.001458 0.001342 0.034096 0.001980 0.000081 0.000674 0.000691 0.035508 2.066624 0.062968 0.034881 0.002990 0.035518 0.001440 0.001533 0.046637 0.001430 0.000028 0.000001 0.000027 0.000673 0.000028 0.000054 0.001977 0.034626 
1.469192 0.033594 0.000686 0.000089 0.002612 0.046398 0.001458 0.001366 0.035501 0.001335 0.000027 0.000001 0.000037 0.001439 0.046647 0.002176 0.034704 1.706878 0.034689 0.002072 0.035504 0.001362 0.001889 0.055422 1.712349 1.720451 0.131272 2.066746 0.046641 0.046644 2.066515 0.035494 0.000664 0.000009 0.000027 0.000673 0.000036 0.000652 0.033820 1.706970 
1.467883 0.032993 0.000684 0.001323 0.034802 0.044636 0.002085 0.035816 2.066473 0.036065 0.000698 0.000019 0.000664 0.035494 2.066514 0.046542 0.045260 1.709548 0.044637 0.046386 2.066511 0.035511 0.000744 0.003544 0.131985 0.045772 0.003765 0.035968 0.001461 0.002098 0.035800 0.001329 0.000027 0.000027 0.001327 0.035497 0.001328 0.000053 0.001310 0.034328 
0.032982 0.001305 0.000678 0.033817 1.706953 1.707227 0.034690 0.002104 0.045449 0.043336 0.001922 0.000052 0.000028 0.001328 0.035658 0.002835 0.047161 0.051114 0.001587 0.001532 0.046250 0.001437 0.000693 0.035525 2.066800 0.046719 0.036761 0.002657 0.001540 0.035818 0.001995 0.000053 0.000010 0.000664 0.035511 2.066589 0.035511 0.000665 0.000036 0.000668 
0.000657 0.000027 0.000036 0.001312 0.034536 0.043591 0.042997 0.002167 0.035378 1.734281 0.053369 0.001827 0.000035 0.000036 0.001330 0.035668 2.066764 0.066289 0.002072 0.001517 0.044097 0.001409 0.000055 0.001429 0.046027 0.074989 2.067332 0.066825 0.054172 2.066667 0.035518 0.000665 0.000010 0.000055 0.002812 0.091795 0.002804 0.000054 0.000001 0.000009 
0.000010 0.000027 0.000665 0.000062 0.001338 0.035059 1.708326 0.044119 0.042377 1.452252 1.451121 0.032943 0.000657 0.000010 0.000045 0.001971 0.066672 2.066849 0.046399 0.044633 1.708378 0.034338 0.000686 0.000700 0.036088 2.066605 0.106763 2.066805 0.058979 0.092594 0.002815 0.000063 0.000011 0.000691 0.036094 2.066687 0.035511 0.000664 0.000009 0.000000 
0.000027 0.001327 0.035495 0.001337 0.000704 0.034342 1.706921 0.034947 0.003231 0.053836 1.733116 0.034411 0.000668 0.000009 0.000029 0.001510 0.054058 0.045625 0.002167 0.034696 1.706925 0.034480 0.001334 0.000063 0.001337 0.035519 0.003327 0.036108 0.045653 2.066637 0.035674 0.001331 0.000063 0.001423 0.045553 0.045553 0.001421 0.000027 0.000000 0.000000 
0.000673 0.035512 2.066589 0.035516 0.000692 0.001329 0.033975 0.002637 0.034385 0.003155 0.034068 0.001312 0.000027 0.000009 0.000664 0.035495 2.066504 0.036082 0.000718 0.001323 0.033964 0.002641 0.035658 0.001330 0.000062 0.000665 0.000063 0.000718 0.002091 0.035965 0.002663 0.035664 0.001996 0.035799 2.066473 0.036076 0.000690 0.000009 0.000000 0.000009 
0.000064 0.002805 0.091782 0.002806 0.000082 0.000701 0.001374 0.034966 1.706359 0.034486 0.001330 0.000036 0.000001 0.000000 0.000027 0.001327 0.035496 0.001336 0.000028 0.000036 0.001317 0.035656 2.066431 0.035663 0.001330 0.000045 0.000028 0.001339 0.035821 0.002664 0.035962 2.066431 0.035798 0.001995 0.035501 0.001336 0.000027 0.000001 0.000027 0.000668 
0.001332 0.035676 2.066593 0.035816 0.001996 0.035532 0.003432 0.063242 1.712576 0.034521 0.001343 0.000036 0.000001 0.000000 0.000001 0.000027 0.000673 0.000036 0.000005 0.000003 0.000041 0.001401 0.036024 0.003210 0.035666 0.001338 0.000691 0.035499 2.066428 0.035806 0.001997 0.035650 0.001331 0.000053 0.000664 0.000027 0.000001 0.000027 0.001310 0.034328 
0.033127 0.002627 0.035666 0.001996 0.035801 2.066635 0.092081 2.067305 0.055619 0.003197 0.035667 0.001330 0.000036 0.000001 0.000001 0.000027 0.000677 0.000685 0.000304 0.000176 0.000043 0.003604 0.002981 0.056508 2.066613 0.035515 0.000691 0.001336 0.035494 0.001330 0.000080 0.001330 0.000053 0.000002 0.000009 0.000000 0.000009 0.000652 0.033820 1.706970 
1.467963 0.033125 0.001323 0.000063 0.001433 0.046655 0.002912 0.035852 0.003206 0.036106 2.066432 0.035657 0.001330 0.000036 0.000027 0.001309 0.034258 0.035507 0.017491 0.010392 0.000132 0.143171 0.074934 2.067275 0.056459 0.002538 0.000062 0.000028 0.000665 0.000062 0.001330 0.035644 0.001329 0.000027 0.000000 0.000000 0.000001 0.000053 0.001977 0.034626 
1.467929 0.032984 0.000666 0.000037 0.001438 0.046641 0.001560 0.002101 0.036094 0.002667 0.035820 0.002660 0.035657 0.001337 0.000678 0.033734 1.685500 1.890999 0.719876 0.359431 0.000339 0.100717 0.060601 0.046293 0.003370 0.035944 0.001331 0.000028 0.000045 0.001331 0.035675 2.066590 0.035510 0.000664 0.000009 0.000000 0.000027 0.001330 0.035798 0.002102 
0.032982 0.001296 0.000036 0.000691 0.036078 2.066647 0.046640 0.046643 2.066474 0.035806 0.001997 0.035806 2.066427 0.035499 0.000691 0.001317 0.034209 0.035321 0.037968 0.039108 0.006461 0.041519 0.042149 0.043220 0.045801 2.066498 0.035507 0.000691 0.001338 0.035677 0.004300 0.091932 0.002805 0.000054 0.000001 0.000009 0.000664 0.035501 2.066473 0.046644 
0.000657 0.000027 0.000028 0.001422 0.045616 0.054060 0.001612 0.001432 0.035494 0.001330 0.000062 0.001330 0.035493 0.001327 0.000027 0.000032 0.001069 0.024105 1.045233 1.055744 0.169045 0.055549 0.003958 0.001586 0.001546 0.046053 0.002080 0.000720 0.035530 2.066753 0.091830 2.066755 0.035520 0.000665 0.000009 0.000001 0.000053 0.001996 0.035929 0.001433 
0.000009 0.000009 0.000664 0.035504 2.066732 0.066676 0.001971 0.000063 0.000664 0.000027 0.000001 0.000027 0.000664 0.000027 0.000001 0.000010 0.000696 0.035491 1.858656 1.077231 0.170297 0.107829 0.005696 0.035778 0.003206 0.042510 0.034776 0.001518 0.003454 0.091987 0.004305 0.035983 0.001997 0.000053 0.000002 0.000036 0.001331 0.035808 0.002535 0.000081 
0.000009 0.000001 0.000035 0.001871 0.056327 2.067403 0.035525 0.000674 0.000018 0.000000 0.000000 0.000000 0.000009 0.000000 0.000000 0.000009 0.000668 0.034263 1.687600 0.098274 0.171939 0.010687 0.058871 2.067440 0.155220 1.441567 1.735851 0.051347 0.066585 2.067322 0.035992 0.002666 0.035806 0.001332 0.000062 0.001330 0.035667 2.066632 0.055250 0.001973 
0.000668 0.000027 0.000002 0.000079 0.003354 0.092076 0.002900 0.000718 0.000027 0.000001 0.000000 0.000000 0.000000 0.000000 0.000000 0.000000 0.000028 0.001400 0.043188 0.059100 0.007450 0.037381 2.067370 0.066838 0.052170 1.733749 0.064537 0.054289 2.066914 0.056192 0.002545 0.035938 2.066475 0.035799 0.001996 0.035672 0.003358 0.064756 1.711939 0.045191 
0.034329 0.001319 0.000045 0.000666 0.035519 2.066736 0.045578 0.036084 0.001336 0.000027 0.000000 0.000000 0.000000 0.000000 0.000000 0.000000 0.000018 0.000691 0.036063 2.066523 0.036213 0.003501 0.091844 0.003995 0.001543 0.034082 0.003341 0.045873 0.045382 0.001964 0.000080 0.001434 0.046643 0.002098 0.035815 2.066472 0.046530 0.045180 1.711806 0.078871 
1.707122 0.034534 0.001321 0.000064 0.001440 0.047253 0.047390 2.066705 0.035512 0.000665 0.000009 0.000000 0.000000 0.000000 0.000001 0.000027 0.000652 0.000054 0.001336 0.035507 0.002008 0.035830 2.067298 0.056461 0.001913 0.001381 0.034802 1.661317 0.034778 0.000703 0.000038 0.001430 0.046637 0.001457 0.001357 0.035498 0.001438 0.001955 0.054279 1.711730 
0.045066 0.043493 0.034538 0.001411 0.001532 0.046815 0.004867 0.131194 0.002984 0.000064 0.000001 0.000000 0.000009 0.000001 0.000027 0.001310 0.033812 0.001310 0.000054 0.000692 0.000726 0.001901 0.056347 2.067300 0.035972 0.002615 0.062476 2.106969 0.036852 0.000716 0.000674 0.035496 2.066470 0.035500 0.000691 0.000682 0.000029 0.000079 0.002521 0.034662 
0.044487 1.708489 1.708264 0.044097 0.046256 2.066882 0.132553 1.720672 0.034609 0.001334 0.000037 0.000028 0.000664 0.000036 0.000668 0.034328 1.706968 0.034334 0.000695 0.001346 0.035509 0.001483 0.003458 0.092085 0.003475 0.034510 1.736550 1.388281 0.032702 0.000665 0.000036 0.001329 0.035643 0.001329 0.000054 0.000674 0.000054 0.001333 0.035928 0.002103 
0.001517 0.044631 0.034687 0.001412 0.001530 0.046094 0.087427 1.713106 0.043858 0.036216 0.001439 0.001430 0.035495 0.001345 0.000695 0.034333 1.706968 0.034465 0.001334 0.035662 2.066633 0.046661 0.046666 2.066634 0.035814 0.001981 0.034440 0.033041 0.001965 0.000695 0.000029 0.000054 0.001330 0.000080 0.001330 0.035502 0.001995 0.035799 2.066473 0.046644 
0.001543 0.046386 0.002072 0.000064 0.000692 0.036086 2.066705 0.065884 0.053873 2.066598 0.046636 0.046636 2.066520 0.036082 0.000717 0.001319 0.033812 0.001312 0.000090 0.002806 0.091790 0.002908 0.001467 0.035505 0.001330 0.000054 0.000720 0.002521 0.034645 0.034338 0.001409 0.001429 0.035650 0.001996 0.035799 2.066429 0.035798 0.001995 0.035501 0.001430 
0.047374 2.066608 0.035503 0.000665 0.000036 0.001345 0.035509 0.001962 0.001509 0.035496 0.001431 0.001524 0.045550 0.045550 0.001421 0.000054 0.000652 0.000062 0.001331 0.035674 2.066594 0.035680 0.001358 0.000708 0.000028 0.000036 0.001870 0.055247 1.712471 1.707660 0.044092 0.046248 2.066470 0.035799 0.001995 0.035501 0.001330 0.000053 0.000664 0.000028 
0.045459 0.045264 0.001420 0.000028 0.000027 0.000677 0.000692 0.000045 0.000029 0.000664 0.000037 0.000692 0.036076 2.066471 0.035494 0.000665 0.000044 0.001329 0.035657 0.002661 0.035824 0.002661 0.035672 0.001879 0.000061 0.000665 0.035503 2.066625 0.062982 0.034950 0.001417 0.001428 0.035494 0.001330 0.000062 0.000665 0.000027 0.000001 0.000009 0.000000 
1.707106 0.034407 0.000678 0.000036 0.001308 0.033633 0.001409 0.000691 0.000028 0.000018 0.000001 0.000027 0.001335 0.035494 0.001327 0.000036 0.000664 0.035494 2.066471 0.035809 0.002007 0.035817 2.066614 0.056049 0.001879 0.000070 0.001330 0.035658 0.001965 0.001346 0.000055 0.000028 0.000665 0.000053 0.000665 0.000036 0.000010 0.000000 0.000000 0.000000 
0.034329 0.001318 0.000036 0.000668 0.034169 1.659036 0.043739 0.036072 0.001429 0.000691 0.000027 0.000001 0.000027 0.000664 0.000027 0.000001 0.000028 0.001430 0.046639 0.001460 0.000735 0.001898 0.056069 2.066714 0.036224 0.001335 0.000091 0.001357 0.001438 0.033957 0.001311 0.000028 0.000036 0.001336 0.035495 0.001421 0.000690 0.000027 0.000001 0.000009 
0.000668 0.000027 0.000010 0.000706 0.036888 2.118563 0.118509 2.066727 0.045555 0.036076 0.001337 0.000036 0.000001 0.000009 0.000000 0.000000 0.000028 0.001430 0.046655 0.002907 0.035526 0.001381 0.001988 0.045289 0.043748 0.034609 0.002995 0.036243 0.043995 1.706948 0.034332 0.000686 0.000701 0.036078 2.066522 0.045558 0.036076 0.001338 0.000053 0.000668 
0.000009 0.000000 0.000009 0.000667 0.034169 1.659036 0.043865 0.036660 0.045688 2.066474 0.035657 0.001330 0.000036 0.000001 0.000000 0.000009 0.000673 0.035498 2.066632 0.091790 2.066590 0.035650 0.001352 0.034544 1.706297 1.721169 0.131417 2.067902 0.132872 1.707231 0.034487 0.001361 0.001524 0.045558 0.046188 0.047303 2.066479 0.035797 0.001977 0.034335 
0.000000 0.000000 0.000000 0.000027 0.001308 0.033628 0.001401 0.000717 0.001423 0.035658 0.002658 0.035657 0.001328 0.000027 0.000001 0.000027 0.000678 0.001354 0.035516 0.002804 0.035510 0.001329 0.000055 0.001417 0.044274 0.034752 0.002986 0.035533 0.002989 0.033983 0.002649 0.036242 0.045577 2.066529 0.036392 0.002095 0.035509 0.001982 0.034094 1.707001 
0.000000 0.000000 0.000000 0.000001 0.000027 0.000650 0.000027 0.000010 0.000036 0.001330 0.035658 2.066471 0.035494 0.000664 0.000036 0.001310 0.033817 0.001336 0.000691 0.000055 0.000664 0.000027 0.000028 0.001408 0.043874 0.002052 0.000082 0.000665 0.000064 0.001317 0.035656 2.066523 0.045551 0.036078 0.001346 0.000054 0.000665 0.000053 0.001312 0.034330 
0.000000 0.000000 0.000000 0.000000 0.000000 0.000009 0.000000 0.000000 0.000001 0.000037 0.001431 0.046635 0.001430 0.000037 0.000668 0.034328 1.706968 0.034330 0.000677 0.000010 0.000009 0.000009 0.000668 0.034333 1.708263 0.034341 0.000669 0.000018 0.000001 0.000037 0.001431 0.046636 0.001524 0.000700 0.000027 0.000001 0.000009 0.000001 0.000027 0.000677 
