8.596583 10.480894 14.025938 18.020676 17.101189 15.504418 13.518058 10.446392 7.544815 5.455174 4.357008 4.236083 5.047241 6.843477 9.821069 14.166172 19.209345 20.372717 21.831276 23.654720 25.295832 17.116747 11.536608 8.125915 6.570683 6.612555 7.976703 10.230989 12.533677 13.584785 14.501626 16.080107 19.169956 25.114716 18.162373 14.279949 12.631127 13.155188 15.742481 19.423241 
8.974631 11.064792 15.693419 24.873014 19.840611 18.008268 16.698866 12.322567 8.627913 6.198106 5.007569 4.910647 5.756266 7.503566 10.454500 15.487452 24.936777 21.986599 23.258785 25.424994 22.644775 16.309454 11.252553 8.126442 6.812457 7.152777 9.033283 12.251202 15.950242 16.034620 16.251608 16.925266 18.412098 19.592577 17.228474 14.483917 13.015815 13.603056 16.922758 25.047789 
9.575982 11.359626 14.877302 19.586260 21.224304 21.963221 24.936558 15.505348 10.380910 7.495072 6.255594 6.322364 7.320189 8.842039 11.038592 14.373127 18.823767 21.113598 25.427073 23.872984 25.083408 16.062134 10.968618 8.213346 7.269825 8.039598 10.690688 15.789665 24.992451 20.514559 19.824091 19.233574 20.113543 19.604782 18.911289 15.851421 13.892249 13.797694 15.517422 18.203857 
10.786945 12.253742 15.050081 19.253149 25.288868 25.358355 21.356081 16.300734 11.857460 9.024427 8.001850 8.597991 10.206378 11.510783 12.582286 14.252466 16.860970 20.026793 25.275917 21.054127 18.341917 13.771084 10.356145 8.439768 7.954895 8.990163 11.853398 17.098808 25.339754 23.039679 25.278797 22.164242 25.172544 21.800629 25.039873 18.441124 15.393241 14.676022 15.490235 16.180021 
12.985349 14.216903 16.063282 19.079929 22.617706 22.388979 20.521082 18.412294 13.748730 10.757710 10.081823 11.798261 15.356207 16.443878 15.688621 15.432421 16.520542 18.815804 21.456450 18.507162 15.399357 12.412169 10.335571 9.314460 9.163777 10.144835 12.661086 17.286423 25.190256 22.665085 23.036638 20.705101 20.063349 19.165888 20.124397 19.599903 16.924900 16.453545 17.965588 17.137325 
16.362860 17.916710 18.173286 20.414722 25.362072 22.723211 21.737137 24.930906 16.036907 12.267365 11.859603 15.146808 24.892653 25.135262 20.395304 17.536667 17.248846 19.350681 25.003948 18.095427 14.502603 12.383426 11.491497 11.478150 11.402852 11.929080 13.463211 16.176044 19.544819 21.042459 25.141081 19.466124 17.186136 16.692600 18.631748 24.879133 18.490002 18.522043 24.914198 19.531960 
20.418844 25.058918 20.421532 21.002861 25.374083 23.055412 20.545467 19.104359 15.242406 12.624691 12.104536 14.056593 18.280323 21.068851 25.075274 19.290781 17.858219 18.428446 19.046276 16.493601 14.440246 13.484020 14.067079 15.919731 15.235960 14.933057 15.312963 16.539459 17.749554 18.688610 19.466196 16.837177 14.764488 14.056780 14.884864 16.645262 15.667418 16.271360 18.616156 18.503828 
21.752092 21.223413 19.412012 19.745174 22.151264 25.234892 20.228758 17.721516 15.445528 13.216246 12.202180 12.910771 15.109291 17.588587 19.803146 18.803801 18.735998 19.670134 18.371969 16.673561 15.690703 15.439466 17.631420 24.952360 20.794418 19.416243 18.532475 19.157648 18.443150 18.613441 19.216860 15.935051 13.369973 12.296087 12.525433 13.304079 13.499462 14.488289 16.795677 19.445339 
25.413460 20.604126 18.421663 18.534266 20.068554 21.016676 19.407267 18.345551 17.910883 14.989311 13.027395 12.664230 13.931243 16.500923 19.706312 19.541626 20.819778 25.226383 20.319410 18.498943 18.598293 17.309959 18.212811 21.740435 25.355461 25.329586 22.285358 25.153461 20.432554 20.267147 24.911646 16.615198 12.950426 11.741286 12.067126 12.910549 12.897870 13.675574 16.760048 24.980349 
25.268780 19.330070 17.410376 18.201460 20.684763 21.315283 20.190609 20.568308 25.007593 18.126726 14.704458 13.248706 13.839979 17.033613 24.946413 20.921492 21.730478 25.337900 21.183012 20.639824 25.030840 19.267328 18.369566 20.267063 23.029703 22.888327 21.853285 21.589994 19.843254 19.100046 18.478535 14.877967 12.547813 12.148588 13.533655 15.722755 13.819174 12.806712 13.628117 15.949585 
17.733419 16.164261 16.067163 18.451260 25.173414 25.318222 21.570120 20.739943 21.504942 19.920464 16.746845 14.236274 13.535865 14.991883 18.179153 19.375212 21.645638 22.097090 20.384970 19.822512 20.444773 18.480730 17.998674 19.982012 25.258776 23.067955 22.487103 21.426683 20.366135 19.929474 17.161106 14.240458 12.694149 13.232701 16.505753 24.738379 16.027460 12.305846 11.098317 11.208803 
13.928709 13.893061 14.671341 16.587925 19.755661 21.457357 21.965553 21.341982 22.212872 25.274588 20.304930 15.780347 13.472565 13.516015 15.498812 18.742008 25.184795 22.817955 20.507250 19.941210 20.514526 18.490032 17.535978 18.527134 21.254993 23.320324 25.397346 23.200312 22.315998 25.134352 18.255457 14.660865 13.248852 13.969142 16.658670 19.919584 15.216735 11.383385 9.341508 8.612335 
12.644373 13.348786 14.655092 15.876786 17.890779 20.685989 25.340631 22.404961 22.533539 25.490429 25.283276 17.331217 13.427147 12.463144 13.796033 16.899433 21.403336 25.204653 20.924641 21.037054 25.234653 19.733637 17.557438 17.616678 19.863386 25.213259 23.414799 25.315409 22.356911 22.273069 18.214199 15.301972 14.138340 15.088968 18.343431 24.828913 15.495074 10.707113 8.280623 7.296124 
13.243708 14.753762 17.223202 16.827856 17.525282 20.030899 25.286688 22.204947 21.820179 22.762970 25.154997 16.913942 12.751714 11.484716 12.612723 15.792266 20.086588 20.186708 18.868975 19.984221 25.159132 19.778757 17.755062 16.932697 17.478884 19.074133 19.388416 20.446346 21.284792 25.133085 19.165794 16.560930 15.327528 16.182739 18.780293 17.751900 13.137646 9.669783 7.722912 6.927799 
14.870557 17.622931 24.929661 19.073141 17.728390 18.744701 20.792294 21.146664 21.670189 20.277367 18.603706 14.467920 11.493600 10.474427 11.684873 15.675132 24.781717 18.505344 16.477823 16.847885 18.680092 18.576777 19.130510 17.333309 16.458624 16.422113 16.750179 17.790634 19.115431 19.998512 18.813807 18.726151 16.729750 17.694872 24.730360 16.108107 11.576069 9.050982 7.918701 7.642432 
16.166775 18.116232 21.312153 18.979883 17.976406 18.713221 20.059816 21.886848 25.302130 20.025589 16.511786 13.093040 10.603016 9.591517 10.244064 12.512853 15.533070 14.595500 13.964570 14.520179 16.269125 18.900229 24.993050 19.238621 17.074606 15.898170 15.833193 17.179377 19.504822 18.926800 19.481100 24.866722 17.286024 15.120020 15.304560 12.263917 9.959342 8.967299 9.160830 9.947060 
17.858788 19.528976 25.062014 19.792025 18.876362 20.401535 20.982357 22.945713 25.346474 19.944189 16.463619 13.092280 10.596109 9.357018 9.499077 10.795613 12.358078 12.634933 12.676449 13.440507 15.288654 17.893381 20.276503 19.683325 19.129440 16.790646 16.039354 17.974106 24.893911 18.838575 17.311068 17.420469 14.424410 12.281688 11.091612 9.695990 9.036888 9.637354 11.739783 14.908881 
20.118299 19.131420 19.451851 18.353729 19.588758 25.140842 22.521935 25.302774 22.377851 19.870481 18.443617 14.503826 11.650249 10.052463 9.909182 11.058600 12.719748 13.286708 13.134577 13.796094 15.950678 19.324333 20.496918 22.185570 25.102457 18.526619 16.038618 16.061865 17.587074 16.333733 15.674263 15.166983 12.883481 10.659778 9.201020 8.476229 8.855113 10.809037 15.181682 24.887022 
25.336117 19.537354 17.362856 16.837454 18.100258 20.484961 20.446634 21.103252 20.719431 20.665865 24.919567 16.999920 13.693630 11.575404 11.260560 13.049076 16.405329 16.961441 15.223933 15.129200 17.731974 25.022465 22.151005 25.239998 21.756189 18.406155 16.001892 15.094851 15.342275 15.549323 16.191025 16.904945 13.514819 10.508945 8.736702 8.254979 9.176084 11.582016 15.216821 18.747187 
25.213095 18.351379 15.903660 15.945238 17.760757 20.251322 19.705452 19.871552 20.661503 19.029175 18.745922 16.875378 16.664009 13.466023 12.672634 15.595270 24.905878 25.019922 17.967773 16.151356 17.040476 19.444080 19.633875 20.535389 20.100266 19.606710 16.959244 15.558600 15.645758 16.761934 18.910290 24.862898 15.939220 11.363668 9.151961 8.785566 10.161272 13.219459 17.319422 17.955410 
16.814772 14.877827 14.318846 15.679251 19.020557 25.071327 20.349041 20.060736 24.935085 18.007622 16.071703 17.051689 24.585886 14.992048 12.436040 13.706720 17.358004 18.704987 17.607903 16.819834 17.178802 18.206640 18.551908 19.237936 20.600924 25.070597 19.100002 17.089607 17.436434 19.297749 19.919584 21.040728 16.075792 12.060363 9.959812 9.803588 11.632214 15.908251 24.842390 19.752556 
12.457469 12.307236 13.209949 15.780363 19.664337 20.798979 18.500834 17.042645 16.712374 13.964063 12.466063 12.553158 13.853926 11.360965 10.375105 11.450056 14.056015 16.798626 19.068359 18.689970 19.039221 19.971617 19.471516 19.525139 20.071653 21.113884 19.495783 18.696306 20.078932 25.181894 22.392321 25.085619 17.326212 13.096087 11.129327 11.132485 12.890076 15.990685 19.043331 18.395119 
10.573802 11.079762 12.830304 16.816307 25.030024 21.773355 17.908644 15.023741 12.935153 10.776349 9.346694 8.801476 8.771372 8.154254 8.255507 9.696307 12.659022 17.344215 25.155060 21.956747 22.483210 25.291950 22.076864 21.563110 21.212120 21.794090 21.282982 20.393873 21.103239 22.740749 21.091082 20.213697 17.118097 14.163281 12.700562 13.064041 15.076270 18.263758 18.936279 18.512634 
10.575193 11.045501 12.600390 15.776840 20.654203 25.118488 18.422253 14.417709 11.423759 9.027171 7.374779 6.477088 6.132192 6.079999 6.716166 8.437258 11.577199 16.703482 25.186459 23.299461 25.400835 24.027441 23.833534 25.402269 23.426153 25.496801 25.414108 22.579578 23.162542 25.297827 20.915171 19.521166 18.905205 16.059521 14.842514 15.708570 18.335003 25.086515 22.004389 20.400190 
12.523163 12.392050 13.145024 15.258346 18.533422 21.306778 18.241568 14.982754 11.521502 8.633080 6.611082 5.432800 4.959066 5.083658 5.933306 7.701305 10.551720 14.598656 19.564396 22.259996 22.743704 23.130594 25.445705 23.788687 23.242483 25.462683 23.695448 23.142513 25.325876 21.948755 19.696943 20.104055 24.985220 18.576954 17.225561 18.845901 19.527250 22.422682 25.399244 22.676296 
16.930141 15.250850 14.763310 15.893651 18.979298 25.104895 20.228594 17.857283 13.200967 9.438225 6.913814 5.464071 4.894607 5.077448 6.035932 7.815114 10.366484 13.616000 18.065304 25.090061 21.901783 21.964411 23.454006 22.705675 22.030535 22.401722 22.410143 22.670248 21.544655 19.300465 17.936455 18.261272 19.684107 18.140293 18.844061 24.967356 20.470375 21.384237 25.400934 23.969048 
25.153662 19.190895 17.146204 16.907310 18.474861 21.130091 21.531538 24.982279 16.038092 11.036197 8.037262 6.401552 5.789899 6.022494 7.134114 9.115587 11.582226 13.545695 15.994320 18.922596 19.636600 21.259161 25.346657 23.349171 21.726505 21.590677 22.725967 25.376194 20.809958 17.968983 16.855312 17.593866 19.424866 17.637409 17.157616 18.444017 17.953394 19.074490 21.818958 25.376930 
22.216366 21.222523 20.007446 18.441729 19.068632 21.280399 21.566355 21.765381 16.857780 12.661839 9.752332 8.159550 7.631694 7.887954 9.238094 11.937214 15.406819 15.190745 15.648972 17.099504 18.576328 20.050508 22.505604 25.344809 21.923096 21.534145 23.333046 25.450798 20.329401 17.285048 16.383442 18.201357 24.883101 18.101160 16.005264 15.900403 16.086681 17.270752 19.250601 20.529634 
22.066431 25.323341 25.211504 20.023649 20.209957 25.225565 23.470434 25.317400 18.920866 15.035028 12.173481 10.795213 10.599041 10.573615 11.937805 15.981431 24.914827 18.341129 16.631634 17.590807 19.782393 19.978302 21.095068 22.713867 21.041220 21.293118 25.340191 25.363335 19.844711 16.885550 15.684949 16.223383 17.787901 16.111986 15.288877 15.505084 15.654090 16.986223 19.485846 18.898026 
20.479689 21.204699 20.249361 18.288359 18.549530 21.143723 23.365639 25.348186 20.328636 18.392612 15.166042 14.268685 15.396934 13.873245 13.961782 17.054909 24.999966 18.705481 17.224360 19.127913 25.109076 21.108515 21.176596 25.157108 20.287313 19.260963 20.352797 20.574518 18.922905 17.160086 15.800761 15.649617 16.203705 15.657825 15.997031 17.624624 16.438183 17.810509 24.838806 18.719219 
20.245607 20.720860 18.356251 16.598028 16.793943 19.335428 25.125368 21.621778 20.453697 24.893234 17.837307 17.722296 24.768784 17.566133 14.992483 15.240176 17.169033 16.338551 16.702139 18.715954 21.813997 20.130999 19.309591 19.426052 17.814915 17.381115 18.342958 19.689196 20.329512 19.438915 17.226717 16.862761 18.112204 16.710079 17.771030 24.745934 16.912027 15.078078 15.876725 14.372402 
21.631830 25.056900 18.121208 15.370561 15.086072 16.390900 18.120720 17.371943 16.789766 17.202471 15.493255 15.908444 18.589794 18.563129 15.279558 13.870928 14.230735 15.054746 16.818356 19.374880 25.109457 20.404819 18.762703 17.677624 16.611004 16.634785 18.307301 21.627659 25.308350 25.170874 19.150751 18.826338 24.834776 17.561243 15.751864 16.151133 13.456950 11.826622 11.260670 10.622820 
21.438309 19.448719 15.884292 14.136268 14.274678 15.371838 15.735275 15.146138 14.330374 13.776590 13.167096 13.906589 17.004410 24.675835 15.794276 12.972489 13.139630 15.161827 18.425169 18.963537 20.254408 19.717863 19.968441 18.362480 16.903296 16.825626 18.997681 25.125856 22.020397 20.216368 17.492489 16.571409 17.236298 15.078312 13.716625 12.757144 11.118391 9.733454 8.895819 8.408184 
25.029747 17.354200 14.082897 13.466674 14.970985 17.476282 16.643969 15.515656 13.989737 12.757242 11.807615 11.753330 12.860266 14.515994 12.292284 11.348262 12.508492 16.296923 24.880285 19.917381 19.287172 20.371185 25.152504 21.276320 18.382393 17.329782 17.999622 19.805069 19.254721 18.214001 16.316401 15.085842 14.714272 14.117685 13.604378 12.331909 10.795694 9.332050 8.341585 7.864589 
15.164790 12.858360 11.838465 12.988853 16.954987 25.054600 20.118721 18.591078 15.737703 13.845817 11.927350 10.726390 10.320762 10.289508 9.689126 9.888704 11.534581 14.776597 18.778925 18.590410 18.731962 19.397959 21.810183 25.179642 20.363028 18.612186 18.276129 18.960588 19.175638 19.341759 16.908228 15.261753 14.885724 15.504056 16.586039 14.482185 12.665908 10.696081 9.442293 8.982942 
9.473087 9.056074 9.520521 11.820758 16.813763 25.299246 22.070974 25.013557 18.733072 17.244423 13.640091 11.187063 9.632824 8.800243 8.514000 9.223191 11.246548 14.676907 18.847628 19.049021 19.883394 18.808779 19.338095 20.962017 21.359671 20.787619 19.911522 20.853790 21.351389 25.196337 19.126448 16.677221 16.546934 18.746628 24.905451 18.510942 16.868053 13.513619 11.910404 11.796268 
5.993973 6.241228 7.312254 9.921325 15.064915 24.892124 19.497866 18.910395 18.887110 24.772953 16.364517 12.981445 10.441018 8.920289 8.561412 9.481834 11.802170 15.985392 24.864744 20.926886 24.969660 18.795025 17.893099 19.917809 25.241180 25.277473 21.848318 25.163050 22.095657 25.233435 19.861532 18.165428 18.244017 20.132164 20.489740 19.712933 24.796478 16.673948 15.008214 16.599535 
3.821500 4.226616 5.288154 7.316659 10.468760 14.117191 13.912724 14.108015 14.957191 16.949759 16.065918 16.034664 12.393205 10.034851 9.498783 10.577690 12.675453 14.654603 17.096270 16.619417 17.083715 15.632247 15.764452 17.586521 20.140444 20.138084 18.845444 19.007740 18.425962 19.264517 18.984388 20.121349 20.322264 25.008347 19.050459 16.909443 17.051622 15.356255 16.862480 24.928253 
2.536834 2.921325 3.789233 5.232749 7.160056 9.065314 9.895105 10.691706 11.946781 13.991815 16.873863 24.660032 15.158799 11.486355 10.978046 12.821985 15.837221 14.973135 14.288165 13.507702 13.269905 13.210351 14.314402 16.770872 19.564878 18.260956 16.554239 15.738374 15.563477 16.541311 18.806042 25.002644 19.874865 18.606012 15.782820 13.953233 13.258999 12.947944 14.131798 16.787092 
1.936706 2.280336 3.008910 4.136717 5.542262 6.911435 7.920209 8.929506 10.317759 12.294588 14.764532 17.194696 14.070827 11.895460 12.259693 16.000360 24.894171 17.227690 13.810562 12.193732 11.685172 12.104583 13.958346 17.895945 25.102102 19.011793 15.804705 14.319293 14.055498 14.956042 16.827539 19.097677 17.539072 15.878076 13.811577 12.235744 11.457289 11.371222 12.160953 13.341104 
