0.000003 0.000116 0.003674 0.081593 0.003737 0.000257 0.001523 0.000108 0.000004 0.000000 0.000000 0.000000 0.000000 0.000003 0.000116 0.003674 0.081601 0.004733 0.006159 0.079812 1.409351 0.035222 0.001494 0.000036 0.000001 0.000000 0.000004 0.000105 0.001449 0.000114 0.000076 0.001490 0.034879 1.334760 0.034878 0.001487 0.000039 0.000114 0.003488 0.070266 
0.000036 0.001484 0.036044 2.111846 0.039334 0.005786 0.036078 0.002964 0.000105 0.000002 0.000000 0.000000 0.000001 0.000036 0.001484 0.036038 2.111012 0.088483 0.079027 2.103485 0.283906 0.009312 0.000263 0.000006 0.000000 0.000002 0.000104 0.002850 0.033178 0.003343 0.001592 0.000331 0.004423 0.037396 0.004420 0.000212 0.000041 0.001427 0.034108 1.333923 
0.000003 0.000113 0.003464 0.061563 0.060380 0.068231 2.109801 0.036056 0.001487 0.000035 0.000001 0.000002 0.000036 0.000039 0.000109 0.003001 0.037734 0.059503 1.339472 0.315021 2.098234 0.036054 0.001488 0.000035 0.000001 0.000036 0.001477 0.033981 1.129330 0.058918 0.036968 0.007161 0.037797 0.008723 0.037740 0.003016 0.000110 0.000108 0.002908 0.034898 
0.000003 0.000073 0.001537 0.035231 1.331046 1.341363 0.042980 0.005320 0.000237 0.000007 0.000004 0.000104 0.001485 0.001487 0.000135 0.000147 0.002992 0.036358 1.443319 0.061604 0.036976 0.002992 0.000106 0.000003 0.000001 0.000039 0.001610 0.036885 2.163269 0.265165 2.110550 0.159634 2.114495 0.161292 2.109258 0.036973 0.001599 0.000155 0.001591 0.001602 
0.000116 0.001489 0.000334 0.006875 0.145320 0.073411 0.008022 0.038318 0.002996 0.000108 0.000106 0.002872 0.034839 0.034880 0.003749 0.000199 0.000286 0.009679 0.420808 0.010199 0.001729 0.000110 0.000006 0.000035 0.000004 0.000037 0.001477 0.033984 1.129929 0.113370 0.163577 0.011523 0.037038 0.007665 0.063025 0.062962 0.004196 0.003683 0.036099 0.003712 
0.003715 0.036065 0.005046 0.037036 1.372005 0.075421 0.079413 2.111171 0.036051 0.001519 0.001462 0.034103 1.330889 1.340406 0.040817 0.003819 0.001623 0.036161 2.105223 0.036097 0.001523 0.000041 0.000106 0.001485 0.000137 0.000042 0.000110 0.002916 0.034325 0.061583 2.110139 0.036986 0.003029 0.001744 0.037052 2.111138 0.081593 0.081594 2.112113 0.081630 
0.083481 2.111991 0.077888 0.072740 1.334698 0.073371 0.007949 0.036987 0.003011 0.000110 0.000106 0.002894 0.035470 0.057924 2.110790 0.036150 0.001697 0.004466 0.037686 0.002990 0.000144 0.000110 0.002963 0.036040 0.004158 0.001581 0.000251 0.001594 0.001644 0.004190 0.081593 0.003688 0.000154 0.000113 0.002992 0.036056 0.003675 0.003698 0.037708 0.005214 
0.070627 0.061169 0.004166 0.004408 0.041626 2.110737 0.036986 0.003096 0.001626 0.000110 0.000008 0.000107 0.001584 0.004873 0.081625 0.003791 0.003037 0.035557 0.004423 0.000323 0.001525 0.001591 0.036090 2.109831 0.057883 0.035976 0.009688 0.036136 0.003722 0.004396 0.081597 0.003674 0.000116 0.000007 0.000108 0.001520 0.000121 0.000220 0.004398 0.036546 
1.052337 0.034929 0.001565 0.000349 0.005905 0.077843 0.003765 0.003138 0.036104 0.002991 0.000108 0.000008 0.000152 0.003707 0.081630 0.005779 0.037079 1.332377 0.036841 0.005042 0.036076 0.003098 0.003918 0.043226 1.329006 1.444036 0.421025 2.106308 0.081589 0.081617 2.111145 0.036038 0.001484 0.000039 0.000108 0.001520 0.000142 0.001433 0.034126 1.333900 
1.043869 0.033732 0.001549 0.002945 0.037304 0.072667 0.005075 0.037984 2.111168 0.036941 0.001612 0.000076 0.001486 0.036039 2.111126 0.078718 0.074268 1.350132 0.072778 0.077869 2.111115 0.036200 0.001822 0.010630 0.418789 0.074334 0.012138 0.038663 0.003831 0.005216 0.037742 0.002986 0.000108 0.000108 0.002963 0.036042 0.002966 0.000208 0.002875 0.034852 
0.033674 0.002847 0.001531 0.034145 1.333707 1.335272 0.036779 0.005071 0.063138 0.058862 0.004174 0.000198 0.000111 0.002975 0.036922 0.007230 0.079720 0.078830 0.004448 0.004336 0.077246 0.003671 0.001607 0.036152 2.105885 0.066460 0.042011 0.006089 0.004118 0.038030 0.004492 0.000212 0.000041 0.001487 0.036071 2.109263 0.036072 0.001491 0.000140 0.001485 
0.001442 0.000108 0.000142 0.002890 0.035846 0.058313 0.057502 0.005448 0.038498 1.448228 0.041040 0.003663 0.000133 0.000144 0.002988 0.036933 2.110529 0.071956 0.005096 0.004189 0.071764 0.003510 0.000228 0.003510 0.063462 0.092796 2.109392 0.075738 0.088325 2.109035 0.036090 0.001490 0.000040 0.000226 0.007127 0.159186 0.007098 0.000224 0.000008 0.000036 
0.000039 0.000108 0.001488 0.000246 0.002989 0.036633 1.342226 0.067561 0.063970 0.988441 0.981528 0.033349 0.001440 0.000041 0.000178 0.004442 0.074861 2.111187 0.077873 0.072734 1.345633 0.034944 0.001561 0.001628 0.036987 2.106988 0.110088 2.109594 0.128918 0.161443 0.007156 0.000260 0.000047 0.001591 0.037019 2.110018 0.036077 0.001487 0.000035 0.000001 
0.000108 0.002963 0.036027 0.003002 0.001628 0.034930 1.333113 0.037934 0.007165 0.043077 1.441854 0.035290 0.001489 0.000039 0.000123 0.003964 0.087469 0.063231 0.005578 0.037010 1.332954 0.035604 0.002990 0.000249 0.002997 0.036072 0.007437 0.037080 0.063522 2.109209 0.036951 0.002992 0.000254 0.003508 0.062981 0.062952 0.003484 0.000113 0.000003 0.000001 
0.001523 0.036088 2.109264 0.036124 0.001596 0.002956 0.034942 0.005868 0.036920 0.006675 0.035374 0.002895 0.000105 0.000038 0.001484 0.036040 2.110991 0.037034 0.001701 0.002948 0.034854 0.005876 0.036916 0.002991 0.000247 0.001493 0.000252 0.001700 0.005041 0.038628 0.006015 0.036934 0.004500 0.037745 2.111164 0.036978 0.001588 0.000039 0.000003 0.000036 
0.000264 0.007109 0.158928 0.007122 0.000334 0.001633 0.003140 0.036264 1.331686 0.035613 0.002971 0.000142 0.000004 0.000003 0.000105 0.002962 0.036050 0.002992 0.000112 0.000142 0.002928 0.036887 2.111234 0.036928 0.002990 0.000178 0.000115 0.003025 0.037995 0.006037 0.038633 2.111249 0.037736 0.004488 0.036053 0.002991 0.000108 0.000006 0.000104 0.001485 
0.002982 0.036947 2.109301 0.037775 0.004493 0.036177 0.008408 0.059257 1.341048 0.035663 0.003024 0.000144 0.000005 0.000000 0.000004 0.000108 0.001521 0.000143 0.000022 0.000016 0.000165 0.003175 0.039103 0.006884 0.036919 0.003012 0.001591 0.036086 2.111205 0.037765 0.004513 0.036897 0.002999 0.000211 0.001486 0.000106 0.000006 0.000103 0.002872 0.034851 
0.034377 0.005818 0.036903 0.004501 0.037738 2.109237 0.160484 2.109848 0.043071 0.006836 0.036946 0.002987 0.000141 0.000005 0.000004 0.000107 0.001517 0.001547 0.000832 0.000486 0.000164 0.005849 0.007131 0.043152 2.109958 0.036110 0.001594 0.002998 0.036036 0.002991 0.000317 0.002992 0.000211 0.000010 0.000035 0.000003 0.000034 0.001429 0.034125 1.333900 
1.044666 0.034357 0.002945 0.000257 0.003701 0.081642 0.007882 0.038110 0.006914 0.039227 2.111237 0.036913 0.002987 0.000143 0.000107 0.002863 0.034494 0.036106 0.026736 0.016056 0.000266 0.157436 0.131986 2.111970 0.042941 0.005343 0.000241 0.000112 0.001489 0.000246 0.002992 0.036869 0.002976 0.000105 0.000003 0.000000 0.000006 0.000209 0.004398 0.036546 
1.044373 0.033697 0.001480 0.000156 0.003704 0.081630 0.004511 0.005246 0.039201 0.006054 0.037801 0.005991 0.036913 0.003010 0.001528 0.033739 1.243368 1.682849 0.637850 0.323219 0.000414 0.131999 0.108311 0.079688 0.008083 0.038331 0.002997 0.000112 0.000178 0.002992 0.036961 2.109270 0.036071 0.001487 0.000035 0.000003 0.000106 0.002986 0.037700 0.005214 
0.033676 0.002813 0.000142 0.001591 0.036988 2.111953 0.081622 0.081619 2.111191 0.037764 0.004513 0.037764 2.111204 0.036085 0.001588 0.002898 0.034748 0.037089 0.041161 0.042297 0.010584 0.074884 0.075247 0.076288 0.078794 2.111055 0.036109 0.001594 0.003014 0.036952 0.011446 0.159365 0.007105 0.000224 0.000006 0.000035 0.001486 0.036053 2.111189 0.081621 
0.001442 0.000105 0.000117 0.003488 0.063187 0.087488 0.004679 0.003691 0.036040 0.002987 0.000247 0.002987 0.036033 0.002962 0.000109 0.000130 0.002539 0.033826 0.887794 0.910041 0.144184 0.049824 0.007358 0.004138 0.004415 0.074769 0.005053 0.001718 0.036191 2.107335 0.159087 2.107371 0.036081 0.001489 0.000035 0.000007 0.000211 0.004497 0.038299 0.003709 
0.000037 0.000038 0.001485 0.036043 2.110464 0.074878 0.004442 0.000254 0.001487 0.000106 0.000008 0.000106 0.001484 0.000105 0.000004 0.000040 0.001585 0.035879 1.573810 0.933288 0.144646 0.092581 0.009637 0.037534 0.011072 0.066270 0.037326 0.003965 0.008617 0.160403 0.011505 0.038674 0.004503 0.000212 0.000011 0.000141 0.003000 0.037744 0.005354 0.000321 
0.000037 0.000006 0.000132 0.003824 0.042322 2.110952 0.036109 0.001526 0.000073 0.000003 0.000000 0.000002 0.000035 0.000002 0.000001 0.000036 0.001483 0.034594 1.267737 0.134796 0.145457 0.016355 0.048141 2.103505 0.455635 1.021699 1.455923 0.080504 0.073762 2.109798 0.038691 0.006047 0.037761 0.003012 0.000247 0.002990 0.036926 2.109852 0.041523 0.004443 
0.001485 0.000105 0.000013 0.000312 0.008002 0.160498 0.007651 0.001708 0.000111 0.000004 0.000000 0.000000 0.000001 0.000000 0.000000 0.000003 0.000112 0.003349 0.058114 0.116769 0.013118 0.042861 2.110116 0.075228 0.083964 1.443493 0.073655 0.087404 2.111704 0.041576 0.005391 0.038336 2.111220 0.037748 0.004503 0.036954 0.007926 0.072670 1.338185 0.071860 
0.034854 0.002912 0.000175 0.001494 0.036095 2.110245 0.063144 0.037017 0.002992 0.000106 0.000002 0.000000 0.000000 0.000000 0.000000 0.000003 0.000073 0.001588 0.036922 2.110964 0.040089 0.008858 0.159213 0.009469 0.004068 0.035483 0.007851 0.077241 0.061870 0.004324 0.000318 0.003709 0.081609 0.005215 0.038031 2.111188 0.078452 0.073635 1.337656 0.105299 
1.334459 0.035820 0.002929 0.000261 0.003719 0.082985 0.083351 2.105182 0.036075 0.001488 0.000035 0.000001 0.000001 0.000000 0.000004 0.000103 0.001429 0.000211 0.002995 0.036106 0.004557 0.037814 2.110026 0.042940 0.004023 0.003151 0.035457 1.156647 0.035256 0.001613 0.000158 0.003675 0.081598 0.003783 0.003103 0.036075 0.003679 0.004401 0.041418 1.337240 
0.071379 0.058022 0.035868 0.003533 0.004360 0.082485 0.018612 0.420562 0.009675 0.000281 0.000008 0.000003 0.000035 0.000005 0.000104 0.002872 0.034103 0.002876 0.000214 0.001596 0.001725 0.003967 0.042580 2.110035 0.038503 0.005702 0.053789 2.060702 0.036626 0.001646 0.001524 0.036058 2.111172 0.036093 0.001593 0.001555 0.000125 0.000308 0.005297 0.036569 
0.070424 1.344801 1.344335 0.071751 0.077237 2.106773 0.423634 1.440195 0.036346 0.002992 0.000152 0.000116 0.001485 0.000142 0.001488 0.034853 1.333888 0.034902 0.001594 0.003047 0.036151 0.003888 0.008723 0.160524 0.008741 0.038066 1.469633 0.805792 0.032314 0.001466 0.000143 0.002976 0.036878 0.002979 0.000213 0.001525 0.000214 0.003020 0.038272 0.005224 
0.004171 0.072719 0.036876 0.003543 0.004184 0.064154 0.208815 1.341823 0.059514 0.037743 0.003713 0.003675 0.036039 0.003028 0.001594 0.034895 1.333892 0.035565 0.002993 0.036918 2.109240 0.081677 0.081684 2.109233 0.037745 0.004435 0.035513 0.033863 0.004304 0.001589 0.000120 0.000221 0.002992 0.000317 0.002991 0.036071 0.004488 0.037736 2.111189 0.081621 
0.004415 0.077852 0.005041 0.000262 0.001602 0.036985 2.108615 0.078432 0.088204 2.111955 0.081594 0.081593 2.111138 0.037030 0.001694 0.002912 0.034105 0.002888 0.000364 0.007123 0.158998 0.007841 0.003834 0.036115 0.002988 0.000216 0.001688 0.005251 0.036260 0.034950 0.003508 0.003646 0.036902 0.004501 0.037741 2.111231 0.037736 0.004488 0.036058 0.003675 
0.083575 2.111791 0.036063 0.001489 0.000145 0.003027 0.036093 0.004435 0.003961 0.036049 0.003682 0.004196 0.062963 0.062977 0.003487 0.000216 0.001433 0.000244 0.002994 0.036952 2.109315 0.037011 0.003106 0.001653 0.000115 0.000138 0.003826 0.041454 1.339471 1.342612 0.071721 0.077224 2.111188 0.037736 0.004489 0.036054 0.002987 0.000211 0.001486 0.000116 
0.075936 0.061634 0.003464 0.000116 0.000109 0.001522 0.001597 0.000180 0.000124 0.001486 0.000151 0.001598 0.036982 2.111134 0.036039 0.001489 0.000175 0.002978 0.036916 0.005993 0.037810 0.005995 0.036974 0.003853 0.000231 0.001492 0.036040 2.109848 0.058045 0.036213 0.003541 0.003633 0.036040 0.002989 0.000246 0.001489 0.000106 0.000006 0.000035 0.000003 
1.334295 0.035195 0.001534 0.000142 0.002851 0.033207 0.003379 0.001589 0.000118 0.000074 0.000008 0.000108 0.002991 0.036033 0.002963 0.000140 0.001487 0.036040 2.111176 0.037789 0.004550 0.037788 2.109997 0.040841 0.003844 0.000273 0.002982 0.036938 0.004286 0.003021 0.000220 0.000119 0.001488 0.000211 0.001490 0.000148 0.000041 0.000003 0.000001 0.000001 
0.034853 0.002902 0.000142 0.001479 0.033982 1.129336 0.058906 0.036927 0.003511 0.001589 0.000108 0.000008 0.000106 0.001484 0.000105 0.000006 0.000116 0.003674 0.081615 0.003821 0.001769 0.003938 0.041056 2.110704 0.037740 0.002996 0.000389 0.003099 0.003528 0.034862 0.002885 0.000110 0.000145 0.002993 0.036040 0.003485 0.001588 0.000108 0.000006 0.000036 
0.001485 0.000106 0.000043 0.001611 0.036885 2.163322 0.266610 2.107941 0.062951 0.036978 0.003003 0.000141 0.000007 0.000035 0.000003 0.000003 0.000116 0.003675 0.081635 0.007829 0.036216 0.003179 0.004417 0.061843 0.059100 0.036372 0.009737 0.037871 0.061490 1.334020 0.034889 0.001560 0.001633 0.036999 2.111106 0.063054 0.036979 0.003014 0.000211 0.001487 
0.000036 0.000003 0.000036 0.001477 0.033981 1.129322 0.059434 0.037908 0.063568 2.111163 0.036912 0.002987 0.000141 0.000005 0.000001 0.000038 0.001519 0.036047 2.109224 0.159003 2.109281 0.036908 0.003063 0.035885 1.324125 1.447153 0.422707 2.118426 0.423363 1.331378 0.035642 0.003100 0.004046 0.062988 0.064795 0.077182 2.111157 0.037694 0.004396 0.034876 
0.000001 0.000000 0.000002 0.000104 0.002850 0.033164 0.003352 0.001691 0.003506 0.036917 0.005968 0.036912 0.002974 0.000105 0.000006 0.000106 0.001532 0.003068 0.036123 0.007098 0.036071 0.002976 0.000221 0.003515 0.069248 0.037278 0.009709 0.036169 0.009730 0.034918 0.005908 0.037866 0.063350 2.111190 0.038899 0.005134 0.036076 0.004428 0.035548 1.334282 
0.000000 0.000000 0.000000 0.000004 0.000103 0.001415 0.000111 0.000043 0.000148 0.002987 0.036918 2.111174 0.036039 0.001487 0.000139 0.002873 0.034146 0.002979 0.001592 0.000226 0.001487 0.000108 0.000118 0.003482 0.068937 0.004887 0.000356 0.001494 0.000280 0.002931 0.036891 2.111167 0.062973 0.037000 0.003046 0.000220 0.001489 0.000209 0.002894 0.034868 
0.000000 0.000000 0.000000 0.000000 0.000002 0.000035 0.000003 0.000001 0.000005 0.000152 0.003686 0.081584 0.003675 0.000152 0.001487 0.034852 1.333900 0.034867 0.001521 0.000041 0.000037 0.000039 0.001485 0.034899 1.343821 0.034922 0.001490 0.000072 0.000009 0.000151 0.003686 0.081593 0.004204 0.001634 0.000111 0.000006 0.000036 0.000006 0.000107 0.001521 
