0.000251 0.003271 0.034267 0.471832 0.035687 0.004957 0.003054 0.001095 0.000181 0.000018 0.000001 0.000001 0.000016 0.000239 0.003264 0.034181 0.467775 0.051030 0.026220 0.040632 0.904631 0.008155 0.003266 0.000441 0.000038 0.000020 0.000173 0.001021 0.002620 0.001390 0.000974 0.003381 0.008861 0.782968 0.008583 0.003086 0.000613 0.002415 0.022157 0.173973 
0.000378 0.002539 0.005759 2.779289 0.014747 0.011537 0.006513 0.004634 0.000977 0.000111 0.000010 0.000011 0.000063 0.000380 0.002526 0.005746 2.732157 0.071021 0.067870 1.943543 0.371487 0.024323 0.004363 0.000407 0.000035 0.000111 0.000948 0.004349 0.006288 0.006870 0.003540 0.005226 0.017170 0.139482 0.016690 0.002540 0.000665 0.002707 0.007838 0.690757 
0.000154 0.001266 0.006640 0.011804 0.019351 0.022007 3.248537 0.005986 0.002520 0.000356 0.000047 0.000118 0.000409 0.000514 0.001134 0.005021 0.009035 0.013314 0.345834 0.164312 1.888630 0.005954 0.002646 0.000368 0.000063 0.000378 0.002593 0.006250 0.241742 0.011755 0.005290 0.011182 0.020214 0.139635 0.018262 0.005620 0.001352 0.001361 0.005553 0.011315 
0.000290 0.000895 0.003928 0.008598 0.580105 0.754552 0.057771 0.011810 0.002336 0.000316 0.000193 0.001031 0.002925 0.002952 0.001342 0.001663 0.005851 0.008929 1.160849 0.012255 0.008834 0.004864 0.001006 0.000143 0.000056 0.000431 0.002829 0.005133 1.076268 0.528584 0.805871 0.823370 2.392173 0.811100 0.799217 0.007084 0.005555 0.003804 0.003848 0.006552 
0.003296 0.002993 0.007059 0.028954 0.582890 0.287635 0.060970 0.015120 0.005611 0.001159 0.001115 0.005016 0.007982 0.008001 0.005673 0.002035 0.003681 0.006366 0.531239 0.008247 0.005558 0.001352 0.000299 0.000360 0.000170 0.000427 0.002618 0.006241 0.239688 0.091522 0.726334 0.015125 0.009039 0.014010 0.011626 0.010279 0.036463 0.034891 0.007351 0.036249 
0.033004 0.006340 0.028127 0.034100 1.360470 0.343111 0.344123 2.978103 0.006112 0.002800 0.002962 0.007994 0.692157 0.700419 0.009141 0.005959 0.003709 0.005631 0.523106 0.004695 0.002753 0.000630 0.001020 0.002438 0.001280 0.000683 0.001365 0.005051 0.011397 0.014380 1.256247 0.008300 0.005983 0.006840 0.010012 2.762679 0.482487 0.482783 3.286588 0.496105 
0.391626 2.985203 0.218644 0.216143 0.467360 0.311148 0.049869 0.010094 0.005419 0.001227 0.001141 0.005206 0.010839 0.017867 2.773897 0.008229 0.005021 0.008281 0.012348 0.005091 0.001470 0.001209 0.004680 0.005901 0.006609 0.003742 0.003368 0.003763 0.008600 0.037349 0.396095 0.033030 0.003740 0.001593 0.004996 0.006119 0.034599 0.035494 0.014698 0.056001 
0.368165 0.016379 0.028081 0.027847 0.031527 3.257352 0.010252 0.006754 0.003931 0.001205 0.000366 0.001246 0.005972 0.036853 0.466702 0.039887 0.013401 0.013198 0.010563 0.004684 0.003122 0.003539 0.006997 3.257416 0.009869 0.006406 0.006478 0.006297 0.033068 0.060867 0.397066 0.032721 0.003260 0.000439 0.001123 0.002904 0.003517 0.004548 0.011227 0.057453 
0.682369 0.012585 0.006216 0.006387 0.030801 0.239605 0.028810 0.010134 0.007382 0.004822 0.001103 0.000478 0.003648 0.034516 0.466589 0.073162 0.073912 0.666771 0.033478 0.028528 0.006425 0.006333 0.008760 0.019301 0.303681 0.919815 0.716192 0.724522 0.306020 0.307722 2.560594 0.005663 0.002530 0.000527 0.001106 0.002766 0.001547 0.002992 0.008042 0.696130 
0.526314 0.010284 0.004544 0.008012 0.035532 0.237208 0.036051 0.039220 3.259181 0.006938 0.003481 0.000922 0.002604 0.005748 2.608016 0.239231 0.236960 0.754242 0.242727 0.244838 2.872602 0.010755 0.007476 0.016532 0.306113 0.255372 0.249841 0.037650 0.037384 0.044593 0.013516 0.005418 0.001147 0.001089 0.004519 0.005219 0.004638 0.001987 0.005122 0.008008 
0.008951 0.005798 0.003811 0.008811 0.694297 0.697872 0.021687 0.016977 0.036162 0.012178 0.007762 0.001941 0.001249 0.004947 0.008508 0.045258 0.239462 0.057213 0.041676 0.056428 0.256010 0.027697 0.005700 0.009099 1.663783 0.254064 0.252020 0.035142 0.019886 0.047000 0.010427 0.002221 0.000649 0.002633 0.005121 1.707681 0.005265 0.002779 0.001391 0.002956 
0.003111 0.001293 0.001547 0.005598 0.011366 0.016603 0.026369 0.027774 0.032852 1.096895 0.011462 0.005981 0.001360 0.001495 0.005359 0.008764 3.054167 0.052685 0.041723 0.056390 0.254089 0.026924 0.004000 0.006811 0.010944 0.133472 3.226534 0.044982 0.047319 2.080611 0.005682 0.002769 0.000774 0.004591 0.030294 0.975494 0.030200 0.004490 0.000489 0.000425 
0.000592 0.001102 0.002594 0.002453 0.006350 0.011394 0.711601 0.147259 0.145936 0.425153 0.371864 0.008351 0.003027 0.000686 0.002055 0.009752 0.019941 3.061115 0.258972 0.256956 0.914452 0.009767 0.004047 0.003878 0.007230 3.047684 0.324319 2.286369 0.494271 0.487844 0.028717 0.004795 0.001024 0.003573 0.006059 1.712324 0.005110 0.002620 0.000372 0.000068 
0.001126 0.004559 0.005311 0.005145 0.004443 0.009450 0.689848 0.035799 0.031391 0.031959 1.133137 0.008162 0.003002 0.000583 0.001759 0.010182 0.023439 0.013031 0.031212 0.035742 0.618168 0.010694 0.005991 0.002519 0.004979 0.006184 0.025829 0.007727 0.011258 2.079123 0.008555 0.005666 0.002747 0.007227 0.009539 0.009216 0.006322 0.001225 0.000140 0.000046 
0.003054 0.005803 1.979447 0.006705 0.003964 0.006516 0.015786 0.015577 0.035174 0.015211 0.011692 0.005548 0.001110 0.000462 0.002471 0.005939 3.247482 0.009643 0.006211 0.008098 0.011132 0.010726 0.009226 0.005540 0.002387 0.002809 0.003085 0.004704 0.011014 0.015702 0.011847 0.009123 0.008615 0.012061 3.266626 0.006742 0.003283 0.000521 0.000162 0.000404 
0.005292 0.032587 0.791206 0.033056 0.005777 0.004533 0.011009 0.015980 0.713196 0.011695 0.006568 0.001603 0.000234 0.000131 0.000974 0.004617 0.006305 0.004938 0.001426 0.002084 0.006664 0.009871 3.007977 0.008691 0.005446 0.001839 0.001517 0.006079 0.014453 0.012874 0.016304 3.274296 0.011657 0.008211 0.005969 0.004685 0.001067 0.000291 0.001039 0.002924 
0.006743 0.009483 1.981218 0.011127 0.008387 0.006249 0.029231 0.020732 0.699300 0.011356 0.006336 0.001583 0.000253 0.000047 0.000182 0.001085 0.002846 0.001458 0.000749 0.001272 0.003077 0.012651 0.048739 0.015230 0.008800 0.005421 0.003550 0.007002 3.272287 0.012579 0.009137 0.008898 0.005776 0.002112 0.002506 0.000990 0.000280 0.001021 0.004993 0.007976 
0.012659 0.011166 0.008951 0.008588 0.010309 1.038098 1.271455 1.121977 0.015881 0.012917 0.009787 0.005398 0.001399 0.000245 0.000205 0.001108 0.003122 0.003265 0.002487 0.001792 0.003066 0.022656 0.045644 0.034993 3.129654 0.006953 0.003603 0.005043 0.006136 0.005626 0.003188 0.005444 0.002083 0.000453 0.000371 0.000142 0.000378 0.002686 0.007764 0.695947 
0.551943 0.012168 0.006240 0.004822 0.034138 0.411304 0.098473 0.058355 0.016696 0.020078 3.272723 0.008777 0.005320 0.001477 0.001164 0.004711 0.006541 0.007902 0.008664 0.005998 0.003207 0.238079 0.232181 1.423068 0.030519 0.010494 0.002461 0.001299 0.002680 0.002402 0.005278 0.007030 0.004739 0.001013 0.000143 0.000042 0.000289 0.002209 0.011034 0.056643 
0.549306 0.009707 0.003765 0.003863 0.033490 0.412330 0.088555 0.057321 0.019855 0.013157 0.012493 0.011086 0.008777 0.005369 0.003485 0.006847 0.288123 1.861800 0.308180 0.155288 0.003255 0.252038 0.265719 0.309839 0.041086 0.013225 0.005622 0.001371 0.001808 0.005143 0.006761 0.879046 0.004138 0.002521 0.000368 0.000145 0.001040 0.005445 0.014209 0.055041 
0.009089 0.005453 0.001616 0.003521 0.006527 2.430110 0.463852 0.464068 2.777861 0.012220 0.009044 0.012485 3.273324 0.006953 0.003502 0.005213 0.008306 0.010995 0.012770 0.013356 0.040164 0.321655 0.321849 0.322946 0.324045 2.255517 0.006504 0.003742 0.005323 0.006662 0.018992 0.889643 0.013569 0.004059 0.000411 0.000378 0.002494 0.005686 2.773733 0.471772 
0.003109 0.001200 0.001394 0.006447 0.010019 0.021256 0.040812 0.035163 0.005909 0.005418 0.002501 0.005429 0.005870 0.004669 0.001176 0.001488 0.004622 0.010977 0.409260 0.475635 0.243886 0.144116 0.097249 0.148333 0.161823 0.218249 0.027718 0.007074 0.008533 0.752082 0.613908 0.750677 0.004125 0.002601 0.000408 0.000347 0.002113 0.008350 0.013824 0.036051 
0.000476 0.000468 0.002464 0.005933 3.255918 0.018225 0.011616 0.004782 0.002686 0.001055 0.000372 0.001039 0.002410 0.000975 0.000218 0.000573 0.003450 0.007479 0.861461 0.542445 0.244129 0.192454 0.062611 0.144306 0.164322 0.217058 0.032294 0.019076 0.028395 0.896142 0.026262 0.013900 0.008321 0.002172 0.000529 0.001453 0.005724 0.011734 0.010642 0.006614 
0.000444 0.000254 0.001240 0.007278 0.018862 1.019379 0.004829 0.003187 0.000817 0.000161 0.000039 0.000114 0.000337 0.000112 0.000052 0.000411 0.002914 0.007260 0.443548 0.246253 0.245129 0.143618 0.092588 1.276223 0.764606 0.765632 0.814611 0.041953 0.036309 0.888498 0.014019 0.012416 0.011503 0.006277 0.002659 0.005431 0.008859 3.119436 0.026213 0.024583 
0.002928 0.001102 0.000708 0.005165 0.022029 1.290921 0.023467 0.006766 0.001319 0.000190 0.000020 0.000010 0.000029 0.000009 0.000012 0.000144 0.001312 0.006903 0.011911 0.244446 0.092245 0.095191 2.118216 0.047596 0.045101 0.787551 0.034166 0.037681 3.220733 0.011925 0.009963 0.013165 2.776085 0.014457 0.011282 0.008850 0.043570 0.206753 0.707841 0.172070 
0.007962 0.005453 0.001816 0.003086 0.005004 1.253974 0.011336 0.008985 0.004446 0.000954 0.000110 0.000010 0.000004 0.000003 0.000020 0.000156 0.000852 0.003409 0.006208 2.311639 0.112645 0.111776 1.476901 0.043498 0.018053 0.013029 0.022193 0.041560 0.011069 0.007856 0.005304 0.035601 0.471592 0.054554 0.057358 3.078455 0.231048 0.228431 0.705651 0.179671 
0.691947 0.011153 0.006158 0.005925 0.031327 0.270849 0.268897 0.672381 0.004744 0.002452 0.000367 0.000044 0.000032 0.000025 0.000168 0.001008 0.002715 0.002060 0.004921 0.006553 0.014935 0.016878 1.326517 0.028610 0.011268 0.008571 0.012085 0.260874 0.007575 0.004023 0.003923 0.034574 0.471590 0.038211 0.011185 0.006677 0.026131 0.027667 0.025032 0.700988 
0.186442 0.017501 0.011665 0.027281 0.050984 0.270753 0.276114 0.742823 0.009057 0.003683 0.000629 0.000265 0.000356 0.000227 0.001047 0.005000 0.007752 0.005266 0.002204 0.003754 0.005355 0.012663 0.037556 1.097383 0.020453 0.018740 0.020490 1.915519 0.007302 0.003527 0.003041 0.006258 2.774891 0.007087 0.003875 0.003275 0.003071 0.004624 0.013172 0.056880 
0.187773 0.783888 0.830452 0.212375 0.212711 0.981267 0.633835 0.768530 0.009483 0.005927 0.003735 0.003310 0.002552 0.001387 0.003112 0.008157 0.696034 0.009214 0.004207 0.005731 0.007052 0.038541 0.056811 1.260184 0.141290 0.142060 1.574974 0.154847 0.006957 0.003271 0.001599 0.005170 0.008849 0.005282 0.002166 0.003019 0.002365 0.006539 0.016327 0.055249 
0.055641 0.244745 0.034477 0.027184 0.026802 0.014303 0.496100 0.424038 0.013704 0.009147 0.034741 0.034330 0.005773 0.005158 0.004088 0.009087 0.696235 0.011216 0.006246 0.007937 1.026263 0.373627 0.373608 1.010767 0.017631 0.015974 0.010270 0.013262 0.008774 0.004264 0.002992 0.003766 0.005674 0.003151 0.005595 0.006476 0.008217 0.011393 2.774590 0.471661 
0.068542 0.246640 0.028710 0.005525 0.005091 0.007922 1.335854 0.045140 0.048404 2.822499 0.473077 0.473043 2.767313 0.007607 0.004426 0.005605 0.007959 0.005834 0.006025 0.024016 1.270032 0.053408 0.037066 0.005805 0.005671 0.002731 0.004943 0.009988 0.013387 0.010062 0.026666 0.027033 0.009055 0.008647 0.012089 3.274883 0.011603 0.008157 0.005834 0.034269 
0.381998 2.645768 0.005981 0.002816 0.001584 0.004988 0.006592 0.013361 0.013924 0.005896 0.034601 0.036476 0.012355 0.011080 0.006690 0.002248 0.002930 0.002421 0.005686 0.007448 1.101601 0.010729 0.008976 0.004097 0.001434 0.001449 0.006203 0.013098 0.618769 0.928367 0.254137 0.256161 3.062630 0.011597 0.008243 0.006107 0.005353 0.002074 0.002611 0.003275 
0.364149 0.012080 0.006686 0.001421 0.001227 0.003347 0.003719 0.002448 0.002146 0.002667 0.003633 0.005719 0.009147 3.267040 0.006125 0.002665 0.001687 0.005098 0.008894 0.010990 0.011267 0.011404 0.012396 0.006396 0.002050 0.002732 0.006193 3.262525 0.016038 0.012940 0.027120 0.026567 0.006088 0.005460 0.002413 0.002647 0.001082 0.000293 0.000364 0.000240 
0.675204 0.008554 0.003609 0.001470 0.004479 0.007181 0.007359 0.003349 0.001457 0.000870 0.000473 0.001207 0.004801 0.005871 0.004619 0.001324 0.002666 0.005910 2.805253 0.012778 0.009550 0.012993 3.269790 0.009646 0.006004 0.002562 0.005541 0.010143 0.008977 0.007177 0.003879 0.002877 0.002701 0.002018 0.002733 0.001574 0.000619 0.000154 0.000057 0.000049 
0.007873 0.005130 0.001464 0.002738 0.006597 0.260704 0.013445 0.005191 0.006179 0.003309 0.001110 0.000376 0.001006 0.002410 0.000981 0.000399 0.003254 0.033289 0.418252 0.037849 0.007583 0.007716 0.011730 3.267710 0.009456 0.005999 0.004719 0.006696 0.009248 0.012502 0.005767 0.001437 0.001544 0.004876 0.006193 0.006478 0.003300 0.001116 0.000296 0.000419 
0.002919 0.001077 0.000598 0.002805 0.004597 0.764516 1.043290 0.765043 0.008634 0.006768 0.005050 0.001389 0.000336 0.000363 0.000127 0.000260 0.003258 0.033205 0.416991 0.053991 0.009324 0.007059 0.008861 0.013556 0.013138 0.008645 0.008203 0.009040 0.015406 0.808576 0.009374 0.003949 0.004077 0.007533 3.257883 0.010251 0.006762 0.005463 0.002140 0.003029 
0.000402 0.000149 0.000393 0.002603 0.006471 0.259797 0.013468 0.005880 0.009344 3.267709 0.008754 0.005296 0.001370 0.000228 0.000072 0.000457 0.002793 0.004512 1.020834 1.266871 1.101114 0.008208 0.006491 0.010101 0.330802 0.881627 0.904038 0.954983 0.510308 0.505923 0.011434 0.007067 0.009182 0.011016 0.018401 0.021877 3.257258 0.012030 0.008585 0.008105 
0.000034 0.000017 0.000111 0.000946 0.004341 0.006204 0.007024 0.004038 0.006770 0.008912 0.010274 0.008483 0.004930 0.001019 0.000287 0.001125 0.003632 0.005534 0.005382 0.022663 0.004362 0.005004 0.003406 0.020765 0.149335 0.025944 0.008891 0.005349 0.013364 0.010287 0.010766 0.010252 0.013722 3.261917 0.014926 0.011475 0.006102 0.008351 0.013309 0.698996 
0.000002 0.000002 0.000016 0.000157 0.000915 0.002279 0.001250 0.000696 0.001636 0.005455 0.008673 2.775072 0.005863 0.002644 0.001382 0.005107 0.008638 0.006092 0.003689 0.004577 0.002595 0.001195 0.002501 0.020711 0.151231 0.023321 0.005399 0.002974 0.004115 0.005825 0.009041 2.771186 0.012755 0.009545 0.006016 0.002505 0.002632 0.002105 0.005754 0.008419 
0.000000 0.000000 0.000002 0.000017 0.000112 0.000345 0.000139 0.000081 0.000384 0.003700 0.034665 0.471173 0.034406 0.003679 0.003181 0.008212 0.696605 0.008383 0.003341 0.000807 0.000457 0.000533 0.003054 0.008371 0.779198 0.008745 0.003432 0.000849 0.000705 0.003739 0.034681 0.470789 0.036779 0.006117 0.001402 0.000353 0.000404 0.000312 0.001212 0.003379 
