0.000000 0.000001 0.000100 0.006163 0.000101 0.000002 0.000050 0.000001 0.000000 0.000000 0.000000 0.000000 0.000000 0.000000 0.000001 0.000100 0.006163 0.000103 0.000202 0.012301 0.540524 0.006167 0.000051 0.000000 0.000000 0.000000 0.000000 0.000001 0.000050 0.000001 0.000001 0.000051 0.006165 0.540349 0.006165 0.000051 0.000000 0.000001 0.000101 0.006244 
0.000000 0.000050 0.006085 0.538134 0.006137 0.000200 0.006086 0.000099 0.000001 0.000000 0.000000 0.000000 0.000000 0.000000 0.000050 0.006085 0.538134 0.006291 0.012224 0.538378 0.018316 0.000249 0.000002 0.000000 0.000000 0.000000 0.000001 0.000100 0.006116 0.000101 0.000051 0.000003 0.000150 0.006118 0.000150 0.000002 0.000000 0.000050 0.006116 0.540350 
0.000000 0.000001 0.000100 0.006213 0.006342 0.012224 0.538214 0.006086 0.000050 0.000000 0.000000 0.000000 0.000000 0.000000 0.000001 0.000100 0.006136 0.006294 0.540497 0.018393 0.538295 0.006087 0.000050 0.000000 0.000000 0.000000 0.000051 0.006166 0.540353 0.006294 0.006137 0.000199 0.006088 0.000249 0.006087 0.000100 0.000001 0.000001 0.000101 0.006165 
0.000000 0.000001 0.000051 0.006166 0.540392 0.540457 0.012146 0.000199 0.000002 0.000000 0.000000 0.000001 0.000051 0.000051 0.000001 0.000001 0.000100 0.006167 0.540418 0.006343 0.006137 0.000100 0.000001 0.000000 0.000000 0.000000 0.000052 0.006265 0.547674 0.012480 0.538257 0.012227 0.538215 0.012227 0.538173 0.006135 0.000051 0.000001 0.000051 0.000052 
0.000001 0.000050 0.000003 0.000201 0.012338 0.006296 0.000250 0.006087 0.000099 0.000001 0.000001 0.000100 0.006165 0.006166 0.000150 0.000002 0.000002 0.000200 0.012286 0.000201 0.000052 0.000001 0.000000 0.000000 0.000000 0.000000 0.000051 0.006166 0.540354 0.006421 0.012278 0.000299 0.006088 0.000200 0.006213 0.006212 0.000102 0.000100 0.006085 0.000101 
0.000101 0.006085 0.000150 0.006167 0.540418 0.006343 0.006167 0.538133 0.006085 0.000050 0.000050 0.006116 0.540350 0.540456 0.012145 0.000149 0.000051 0.006086 0.538173 0.006086 0.000050 0.000000 0.000001 0.000050 0.000001 0.000000 0.000001 0.000101 0.006165 0.006214 0.538174 0.006087 0.000100 0.000052 0.006135 0.538134 0.006163 0.006163 0.538133 0.006163 
0.006214 0.538134 0.006164 0.006244 0.540457 0.012224 0.000249 0.006086 0.000100 0.000001 0.000001 0.000101 0.006214 0.012222 0.538214 0.006086 0.000052 0.000150 0.006087 0.000099 0.000001 0.000001 0.000099 0.006086 0.000150 0.000052 0.000002 0.000051 0.000052 0.000102 0.006163 0.000100 0.000001 0.000001 0.000100 0.006085 0.000100 0.000100 0.006086 0.000151 
0.006325 0.006214 0.000102 0.000151 0.012145 0.538214 0.006087 0.000100 0.000051 0.000001 0.000000 0.000001 0.000052 0.000151 0.006164 0.000101 0.000101 0.006117 0.000150 0.000003 0.000050 0.000051 0.006086 0.538214 0.012222 0.006215 0.000200 0.006086 0.000101 0.000102 0.006163 0.000100 0.000001 0.000000 0.000001 0.000050 0.000001 0.000002 0.000150 0.006166 
0.542537 0.006245 0.000052 0.000003 0.000200 0.006165 0.000101 0.000101 0.006085 0.000100 0.000001 0.000000 0.000001 0.000101 0.006163 0.000151 0.006167 0.540349 0.006167 0.000150 0.006085 0.000101 0.000150 0.012146 0.540498 0.540418 0.012287 0.538173 0.006163 0.006163 0.538133 0.006085 0.000050 0.000000 0.000001 0.000050 0.000001 0.000050 0.006116 0.540349 
0.542536 0.006196 0.000052 0.000101 0.006167 0.006243 0.000151 0.006086 0.538134 0.006135 0.000051 0.000001 0.000050 0.006085 0.538133 0.006165 0.006293 0.540352 0.006243 0.006164 0.538133 0.006085 0.000053 0.000250 0.012337 0.006296 0.000251 0.006088 0.000101 0.000150 0.006086 0.000099 0.000001 0.000001 0.000099 0.006085 0.000099 0.000002 0.000100 0.006165 
0.006196 0.000101 0.000051 0.006116 0.540349 0.540351 0.006167 0.000151 0.006214 0.006244 0.000151 0.000002 0.000001 0.000099 0.006086 0.000200 0.006216 0.006321 0.000103 0.000102 0.006163 0.000101 0.000051 0.006086 0.538176 0.006312 0.006139 0.000200 0.000102 0.006087 0.000149 0.000002 0.000000 0.000050 0.006086 0.538173 0.006086 0.000050 0.000001 0.000051 
0.000051 0.000001 0.000001 0.000100 0.006166 0.006294 0.006244 0.000153 0.006217 0.540389 0.012204 0.000150 0.000001 0.000001 0.000099 0.006087 0.538214 0.012193 0.000151 0.000103 0.006194 0.000101 0.000002 0.000101 0.006262 0.012271 0.538296 0.012194 0.006291 0.538174 0.006086 0.000050 0.000000 0.000002 0.000199 0.012226 0.000199 0.000002 0.000000 0.000000 
0.000000 0.000001 0.000050 0.000002 0.000101 0.006216 0.540351 0.006245 0.006276 0.542605 0.542605 0.006196 0.000051 0.000000 0.000002 0.000150 0.012192 0.538215 0.006165 0.006243 0.540350 0.006165 0.000051 0.000051 0.006136 0.538254 0.018255 0.538255 0.006341 0.012276 0.000199 0.000002 0.000000 0.000051 0.006135 0.538173 0.006086 0.000050 0.000000 0.000000 
0.000001 0.000099 0.006085 0.000100 0.000052 0.006165 0.540349 0.006168 0.000251 0.012207 0.540388 0.006166 0.000051 0.000000 0.000001 0.000102 0.006290 0.006213 0.000151 0.006166 0.540349 0.006166 0.000100 0.000002 0.000100 0.006087 0.000249 0.006136 0.006213 0.538173 0.006087 0.000099 0.000002 0.000100 0.006212 0.006212 0.000100 0.000001 0.000000 0.000000 
0.000050 0.006086 0.538173 0.006086 0.000051 0.000101 0.006117 0.000201 0.006119 0.000250 0.006117 0.000100 0.000001 0.000000 0.000050 0.006085 0.538134 0.006135 0.000052 0.000101 0.006117 0.000200 0.006086 0.000099 0.000002 0.000050 0.000002 0.000052 0.000150 0.006088 0.000199 0.006086 0.000149 0.006086 0.538134 0.006135 0.000051 0.000000 0.000000 0.000000 
0.000002 0.000199 0.012226 0.000199 0.000003 0.000051 0.000102 0.006215 0.540350 0.006166 0.000101 0.000001 0.000000 0.000000 0.000001 0.000099 0.006085 0.000100 0.000001 0.000001 0.000100 0.006086 0.538133 0.006086 0.000099 0.000002 0.000001 0.000100 0.006087 0.000199 0.006087 0.538133 0.006086 0.000149 0.006085 0.000100 0.000001 0.000000 0.000001 0.000051 
0.000101 0.006087 0.538173 0.006087 0.000149 0.006087 0.000250 0.012223 0.540456 0.006167 0.000101 0.000001 0.000000 0.000000 0.000000 0.000001 0.000050 0.000001 0.000000 0.000000 0.000001 0.000108 0.006088 0.000248 0.006087 0.000100 0.000051 0.006085 0.538132 0.006087 0.000149 0.006086 0.000099 0.000002 0.000050 0.000001 0.000000 0.000001 0.000100 0.006165 
0.006197 0.000200 0.006087 0.000149 0.006087 0.538173 0.012227 0.538255 0.012147 0.000249 0.006086 0.000099 0.000001 0.000000 0.000000 0.000001 0.000051 0.000051 0.000020 0.000011 0.000002 0.000756 0.000219 0.012116 0.538213 0.006086 0.000051 0.000100 0.006085 0.000099 0.000003 0.000099 0.000002 0.000000 0.000000 0.000000 0.000000 0.000050 0.006116 0.540349 
0.542536 0.006197 0.000101 0.000002 0.000100 0.006164 0.000200 0.006088 0.000249 0.006089 0.538133 0.006086 0.000099 0.000001 0.000001 0.000100 0.006165 0.006205 0.002502 0.001452 0.000034 0.041148 0.007123 0.538222 0.012116 0.000199 0.000002 0.000001 0.000050 0.000002 0.000099 0.006086 0.000099 0.000001 0.000000 0.000000 0.000000 0.000002 0.000150 0.006166 
0.542536 0.006196 0.000051 0.000001 0.000101 0.006163 0.000102 0.000150 0.006088 0.000199 0.006087 0.000199 0.006086 0.000100 0.000051 0.006116 0.540350 0.543549 0.214985 0.105895 0.000215 0.023376 0.006297 0.006193 0.000249 0.006087 0.000099 0.000001 0.000002 0.000099 0.006087 0.538173 0.006086 0.000050 0.000000 0.000000 0.000001 0.000099 0.006086 0.000151 
0.006196 0.000101 0.000001 0.000051 0.006135 0.538135 0.006163 0.006163 0.538133 0.006087 0.000149 0.006087 0.538132 0.006085 0.000051 0.000100 0.006159 0.006180 0.006194 0.006032 0.000743 0.004463 0.005080 0.005445 0.006155 0.538133 0.006085 0.000051 0.000100 0.006087 0.000299 0.012227 0.000199 0.000002 0.000000 0.000000 0.000050 0.006085 0.538133 0.006163 
0.000051 0.000001 0.000001 0.000100 0.006213 0.006290 0.000103 0.000100 0.006085 0.000099 0.000002 0.000099 0.006085 0.000099 0.000001 0.000001 0.000075 0.003256 0.305240 0.300300 0.059964 0.019319 0.000573 0.000103 0.000102 0.006164 0.000150 0.000052 0.006086 0.538214 0.012228 0.538214 0.006086 0.000050 0.000000 0.000000 0.000002 0.000149 0.006087 0.000100 
0.000000 0.000000 0.000050 0.006086 0.538214 0.012192 0.000150 0.000002 0.000050 0.000001 0.000000 0.000001 0.000050 0.000001 0.000000 0.000000 0.000051 0.006226 0.545626 0.308259 0.061736 0.038422 0.000927 0.006096 0.000202 0.006275 0.006167 0.000103 0.000250 0.012228 0.000299 0.006089 0.000149 0.000002 0.000000 0.000001 0.000099 0.006087 0.000199 0.000003 
0.000000 0.000000 0.000001 0.000149 0.012116 0.538255 0.006087 0.000050 0.000001 0.000000 0.000000 0.000000 0.000000 0.000000 0.000000 0.000000 0.000051 0.006166 0.540382 0.010820 0.062568 0.002116 0.012161 0.538256 0.012397 0.542609 0.540390 0.006322 0.012194 0.538255 0.006089 0.000199 0.006087 0.000099 0.000002 0.000099 0.006087 0.538214 0.012145 0.000151 
0.000051 0.000001 0.000000 0.000003 0.000249 0.012227 0.000200 0.000052 0.000001 0.000000 0.000000 0.000000 0.000000 0.000000 0.000000 0.000000 0.000001 0.000101 0.006244 0.006287 0.001365 0.006131 0.538255 0.012195 0.006371 0.540389 0.012254 0.006341 0.538215 0.012115 0.000199 0.006087 0.538133 0.006086 0.000149 0.006087 0.000249 0.012224 0.540457 0.006296 
0.006165 0.000101 0.000002 0.000050 0.006086 0.538174 0.006213 0.006135 0.000100 0.000001 0.000000 0.000000 0.000000 0.000000 0.000000 0.000000 0.000001 0.000051 0.006135 0.538134 0.006102 0.000249 0.012228 0.000299 0.000104 0.006117 0.000251 0.006246 0.006214 0.000150 0.000003 0.000100 0.006163 0.000150 0.006086 0.538133 0.006165 0.006293 0.540458 0.012409 
0.540350 0.006166 0.000101 0.000002 0.000101 0.006213 0.006214 0.538174 0.006086 0.000050 0.000000 0.000000 0.000000 0.000000 0.000000 0.000001 0.000050 0.000002 0.000100 0.006085 0.000150 0.006088 0.538255 0.012117 0.000150 0.000103 0.006216 0.540354 0.006215 0.000052 0.000001 0.000100 0.006163 0.000101 0.000100 0.006085 0.000101 0.000151 0.012175 0.540457 
0.006295 0.006293 0.006166 0.000101 0.000102 0.006165 0.000301 0.012288 0.000200 0.000002 0.000000 0.000000 0.000000 0.000000 0.000001 0.000100 0.006116 0.000100 0.000002 0.000051 0.000052 0.000150 0.012116 0.538255 0.006089 0.000201 0.012302 0.547698 0.006265 0.000052 0.000050 0.006085 0.538133 0.006085 0.000051 0.000050 0.000001 0.000003 0.000200 0.006167 
0.006245 0.540351 0.540350 0.006194 0.006163 0.538175 0.012387 0.540458 0.006167 0.000100 0.000001 0.000001 0.000050 0.000001 0.000051 0.006165 0.540349 0.006165 0.000052 0.000100 0.006085 0.000102 0.000250 0.012227 0.000249 0.006119 0.540388 0.542544 0.006196 0.000051 0.000001 0.000099 0.006085 0.000099 0.000002 0.000050 0.000002 0.000099 0.006087 0.000151 
0.000103 0.006243 0.006166 0.000101 0.000102 0.006263 0.012378 0.540458 0.006293 0.006136 0.000101 0.000100 0.006085 0.000100 0.000052 0.006165 0.540349 0.006165 0.000100 0.006086 0.538173 0.006164 0.006164 0.538173 0.006087 0.000150 0.006166 0.006197 0.000152 0.000052 0.000001 0.000002 0.000099 0.000003 0.000099 0.006085 0.000149 0.006086 0.538133 0.006163 
0.000102 0.006164 0.000150 0.000002 0.000051 0.006135 0.538215 0.012222 0.006291 0.538134 0.006163 0.006163 0.538134 0.006135 0.000052 0.000101 0.006116 0.000100 0.000003 0.000199 0.012226 0.000200 0.000102 0.006085 0.000099 0.000002 0.000053 0.000201 0.006167 0.006165 0.000101 0.000100 0.006086 0.000149 0.006086 0.538132 0.006086 0.000149 0.006085 0.000100 
0.006213 0.538134 0.006085 0.000050 0.000001 0.000100 0.006086 0.000150 0.000102 0.006085 0.000100 0.000102 0.006212 0.006212 0.000100 0.000002 0.000050 0.000002 0.000099 0.006087 0.538173 0.006087 0.000100 0.000051 0.000001 0.000001 0.000150 0.012145 0.540456 0.540350 0.006194 0.006163 0.538133 0.006086 0.000149 0.006085 0.000099 0.000002 0.000050 0.000001 
0.006294 0.006213 0.000100 0.000001 0.000001 0.000051 0.000051 0.000002 0.000001 0.000050 0.000001 0.000051 0.006135 0.538134 0.006085 0.000050 0.000002 0.000099 0.006086 0.000199 0.006088 0.000199 0.006087 0.000149 0.000002 0.000050 0.006086 0.538214 0.012222 0.006215 0.000102 0.000100 0.006085 0.000099 0.000002 0.000050 0.000001 0.000000 0.000000 0.000000 
0.540350 0.006165 0.000051 0.000001 0.000100 0.006116 0.000102 0.000051 0.000001 0.000001 0.000000 0.000001 0.000100 0.006085 0.000099 0.000001 0.000050 0.006085 0.538133 0.006087 0.000149 0.006087 0.538213 0.012115 0.000149 0.000003 0.000099 0.006086 0.000151 0.000101 0.000002 0.000001 0.000050 0.000002 0.000050 0.000001 0.000000 0.000000 0.000000 0.000000 
0.006165 0.000101 0.000001 0.000051 0.006166 0.540353 0.006293 0.006135 0.000101 0.000051 0.000001 0.000000 0.000001 0.000050 0.000001 0.000000 0.000001 0.000100 0.006163 0.000101 0.000052 0.000150 0.012115 0.538214 0.006136 0.000100 0.000003 0.000100 0.000103 0.006116 0.000100 0.000001 0.000001 0.000100 0.006085 0.000100 0.000051 0.000001 0.000000 0.000000 
0.000051 0.000001 0.000000 0.000052 0.006265 0.547674 0.012480 0.538176 0.006212 0.006135 0.000100 0.000001 0.000000 0.000000 0.000000 0.000000 0.000001 0.000100 0.006164 0.000200 0.006086 0.000101 0.000151 0.006214 0.006292 0.006167 0.000200 0.006137 0.006293 0.540350 0.006165 0.000051 0.000051 0.006135 0.538135 0.006212 0.006135 0.000100 0.000002 0.000051 
0.000000 0.000000 0.000000 0.000051 0.006166 0.540353 0.006294 0.006185 0.006213 0.538134 0.006086 0.000099 0.000001 0.000000 0.000000 0.000000 0.000050 0.006085 0.538173 0.012226 0.538173 0.006086 0.000101 0.006166 0.540351 0.540417 0.012286 0.538215 0.012336 0.540390 0.006166 0.000101 0.000102 0.006212 0.006262 0.006214 0.538134 0.006086 0.000150 0.006165 
0.000000 0.000000 0.000000 0.000001 0.000100 0.006116 0.000101 0.000052 0.000100 0.006086 0.000199 0.006086 0.000099 0.000001 0.000000 0.000001 0.000051 0.000100 0.006086 0.000199 0.006086 0.000099 0.000002 0.000102 0.006243 0.006167 0.000200 0.006087 0.000200 0.006118 0.000200 0.006136 0.006212 0.538135 0.006136 0.000150 0.006086 0.000149 0.006117 0.540349 
0.000000 0.000000 0.000000 0.000000 0.000001 0.000050 0.000001 0.000000 0.000001 0.000099 0.006086 0.538133 0.006085 0.000050 0.000001 0.000100 0.006116 0.000101 0.000051 0.000002 0.000050 0.000001 0.000001 0.000101 0.006195 0.000151 0.000003 0.000050 0.000002 0.000100 0.006086 0.538134 0.006212 0.006135 0.000100 0.000002 0.000050 0.000002 0.000100 0.006165 
0.000000 0.000000 0.000000 0.000000 0.000000 0.000000 0.000000 0.000000 0.000000 0.000001 0.000100 0.006163 0.000100 0.000001 0.000051 0.006165 0.540349 0.006165 0.000051 0.000000 0.000000 0.000000 0.000051 0.006165 0.540350 0.006165 0.000051 0.000001 0.000000 0.000001 0.000100 0.006163 0.000102 0.000051 0.000001 0.000000 0.000000 0.000000 0.000001 0.000051 
