18.772989 20.191774 22.769234 25.600771 24.976477 23.662823 21.860109 19.058687 16.277754 14.181219 13.012831 12.882867 13.766312 15.609506 18.440712 22.203745 26.272083 27.399662 28.452875 29.586542 30.491856 24.295860 19.825397 16.962954 15.630479 15.741261 17.088430 19.218515 21.438969 22.683212 23.663883 24.888531 26.880693 30.431854 26.276445 23.862427 22.800268 23.112234 24.717926 26.993313 
19.157265 20.691149 23.985342 30.229427 26.891109 25.485922 24.230982 20.533865 17.243715 14.940392 13.738341 13.633254 14.531148 16.306551 19.075125 23.241795 30.253149 28.494619 29.331182 30.605999 28.588978 23.754887 19.709860 17.081749 15.935389 16.268742 17.956429 20.750916 23.906458 24.408112 24.846638 25.454576 26.460543 27.177010 25.723104 24.001211 23.058884 23.416018 25.456156 30.387655 
19.779549 21.078571 23.588463 26.838982 27.895525 28.325811 30.231628 23.061665 18.849060 16.286781 15.105973 15.133165 16.106482 17.660997 19.808575 22.704784 26.188128 27.884222 30.612062 29.654402 30.349705 23.700731 19.673721 17.367199 16.519421 17.174854 19.366972 23.419571 30.285189 27.513443 27.193930 26.927069 27.506140 27.198771 26.746941 24.850937 23.636459 23.571665 24.629229 26.305950 
20.859478 21.903124 23.873665 26.707888 30.522257 30.557383 27.781481 23.878113 20.302538 17.900957 16.950396 17.375458 18.760212 20.060282 21.288078 22.920141 25.016336 27.238525 30.515150 27.790899 25.799454 22.284357 19.491808 17.841862 17.364584 18.212246 20.518982 24.553204 30.532984 29.184898 30.529657 28.730833 30.470877 28.510410 30.387947 26.437059 24.556456 24.117352 24.631577 25.079931 
22.543785 23.403234 24.715940 26.708590 28.923750 28.746082 27.367897 25.613802 22.079395 19.702818 19.068085 20.304134 23.005091 24.028540 23.843052 24.029552 24.989962 26.563021 28.178383 26.190147 23.943464 21.603579 19.816389 18.849361 18.654619 19.438511 21.439720 24.929190 30.449547 29.005749 29.248955 27.870451 27.455652 26.889664 27.458927 27.133713 25.479841 25.199192 26.150446 25.658131 
24.917854 25.937824 26.213268 27.648710 30.579430 29.015415 28.351526 30.267031 24.067444 21.299641 20.925947 23.265232 30.211012 30.396563 27.330238 25.699030 25.650761 27.009188 30.358864 26.017641 23.517164 21.861628 20.966455 20.731926 20.613428 21.091360 22.354959 24.458731 26.942305 28.000198 30.449053 27.069174 25.650141 25.310783 26.467846 30.275078 26.350218 26.382202 30.301201 27.076910 
27.602638 30.399387 27.744806 28.115414 30.596113 29.247654 27.710398 26.674229 23.923855 21.994205 21.562445 22.952951 25.974041 27.884335 30.396477 26.982473 26.187592 26.553902 26.873123 25.180077 23.708830 22.896347 23.061287 24.095695 23.597031 23.481392 23.916180 24.931232 25.930695 26.614073 27.078579 25.424049 24.066656 23.555386 24.002253 25.050587 24.435822 24.837410 26.351143 26.375349 
28.511559 28.280674 27.270540 27.485550 28.857977 30.517090 27.588636 25.941246 24.295040 22.683460 21.942421 22.469425 24.025448 25.748257 27.260735 26.761356 26.772709 27.321590 26.548416 25.436625 24.707516 24.443848 25.753975 30.299753 27.538248 26.681089 26.231710 26.747044 26.472101 26.622723 26.919210 24.816324 23.113348 22.332376 22.387594 22.814960 22.897255 23.514732 25.049465 26.873737 
30.618103 27.948038 26.742214 26.842075 27.704855 28.201550 27.207596 26.464874 25.984432 23.992744 22.684349 22.446568 23.339006 25.077452 27.198492 27.205183 27.996590 30.509926 27.738855 26.641043 26.597439 25.817327 26.394938 28.525688 30.572781 30.554577 28.757637 30.459734 27.764162 27.661316 30.307991 25.168077 22.777328 21.905048 22.010096 22.446741 22.313433 22.732851 24.767036 30.293423 
30.531443 27.171967 26.113422 26.611706 28.042856 28.388449 27.735592 27.902796 30.366529 26.076977 23.845892 22.904879 23.296707 25.358585 30.319601 27.993088 28.512154 30.577013 28.285734 27.967978 30.401459 27.141182 26.672813 27.771671 29.322987 29.260527 28.647020 28.518206 27.482744 26.973709 26.468397 24.105722 22.511269 22.146490 22.946920 24.227961 22.716789 21.826685 22.222839 23.742279 
26.107744 25.250067 25.260620 26.693495 30.486298 30.570747 28.536440 28.062607 28.397926 27.286156 25.192898 23.541943 23.074133 24.003675 26.090219 26.948992 28.438475 28.791025 27.873652 27.561226 27.940191 26.830973 26.560255 27.673218 30.540775 29.377911 29.053734 28.447495 27.809216 27.458399 25.660715 23.718620 22.618132 22.868690 24.896738 30.138535 23.978195 21.124142 20.035227 19.990023 
23.797047 23.837765 24.388859 25.594015 27.458063 28.457693 28.770184 28.432327 28.883270 30.526819 27.423685 24.486326 22.953190 22.961525 24.269083 26.409393 30.469357 29.203995 27.930342 27.624159 27.986195 26.875130 26.340893 26.904139 28.394045 29.517225 30.616474 29.428310 28.926849 30.451508 26.298845 23.980942 22.992798 23.347582 24.965864 26.869236 23.214880 20.148470 18.399830 17.729023 
22.994913 23.472250 24.352728 25.169882 26.408171 28.032660 30.584946 29.032486 29.090769 30.662424 30.517378 25.389833 22.786299 22.110281 23.019756 25.123528 28.088360 30.487415 28.077673 28.166380 30.524420 27.542477 26.356564 26.393686 27.627678 30.515791 29.552570 30.569006 28.931681 28.810160 26.284500 24.391548 23.552734 24.052591 26.051720 30.171486 23.203421 19.389339 17.334873 16.445820 
23.361448 24.312752 25.869707 25.768686 26.248100 27.701038 30.557455 28.919292 28.658073 29.100016 30.434641 25.018742 22.182396 21.288919 22.067354 24.282698 27.234186 27.434626 26.738873 27.450777 30.470009 27.521387 26.435736 25.994617 26.292698 27.155813 27.318705 27.896912 28.338621 30.452187 26.864187 25.171764 24.263334 24.679409 26.191004 25.056833 21.334023 18.436708 16.752531 16.002743 
24.376842 26.037731 30.338589 27.119921 26.427835 27.045174 28.176979 28.340521 28.522209 27.507973 26.231663 23.338768 21.203522 20.442289 21.260342 24.041843 30.182882 26.315891 25.169670 25.484520 26.671364 26.746132 27.145208 26.188829 25.702955 25.667667 25.832567 26.388611 27.087206 27.504457 26.694267 26.502235 25.043108 25.543793 30.106155 23.710663 20.084570 17.919798 16.882771 16.567280 
25.221199 26.391520 28.315250 27.096539 26.592594 27.051147 27.783010 28.762596 30.550072 27.253902 24.817728 22.367786 20.498957 19.670748 20.138464 21.780910 24.021742 23.653585 23.462408 23.966454 25.162567 26.831348 30.381268 27.221840 26.020809 25.342501 25.288357 26.025143 27.292774 26.855261 27.082157 30.253855 25.191675 23.523628 23.335751 20.838169 18.868879 17.916134 17.938162 18.463133 
26.257530 27.241943 30.419628 27.534460 27.074062 27.959873 28.280649 29.329210 30.570583 27.172966 24.754763 22.309568 20.406281 19.406063 19.499384 20.520985 21.808847 22.280169 22.550013 23.244514 24.515505 26.212776 27.711538 27.444321 27.148975 25.838833 25.387487 26.463379 30.318073 26.717461 25.635824 25.447788 23.149061 21.384928 20.216843 18.932449 18.248880 18.583950 20.125984 22.490240 
27.596535 27.019667 27.226273 26.658436 27.385086 30.472815 29.069983 30.556610 28.810659 27.149048 26.048923 23.201904 21.057961 19.836672 19.716150 20.641813 22.026348 22.698175 22.847649 23.468447 24.930622 27.054001 27.842045 28.844954 30.450211 26.809540 25.373783 25.337191 26.114893 25.225952 24.602636 23.942886 22.059729 20.175844 18.834879 18.073505 18.256378 19.678759 22.987631 30.183647 
30.569756 27.189684 25.930939 25.690981 26.468807 27.859604 27.830465 28.137865 27.830994 27.668200 30.264458 24.839487 22.420937 20.812887 20.567259 21.950840 24.506460 25.128847 24.235912 24.341026 26.051600 30.389925 28.840790 30.529615 28.641191 26.753958 25.359327 24.785074 24.833765 24.802095 24.981058 25.090014 22.463573 20.072346 18.546183 18.039423 18.691744 20.497658 23.268082 25.975128 
30.479439 26.348221 24.919230 25.038885 26.179050 27.686062 27.317684 27.345715 27.720337 26.442696 26.050060 24.661261 24.465284 22.022303 21.415699 23.580503 30.229502 30.344540 26.062725 25.083733 25.749170 27.285904 27.484148 28.032246 27.775084 27.443195 25.936504 25.099272 25.072090 25.606899 26.762543 30.242857 24.121782 20.752739 19.015366 18.649004 19.643141 21.909981 24.949215 25.590149 
25.119041 23.985725 23.750538 24.704548 26.811661 30.406918 27.566811 27.314764 30.276306 25.456896 23.938805 24.549940 29.962883 22.853294 20.981514 22.039501 24.888577 26.126432 25.764578 25.515059 25.902082 26.636471 26.941029 27.360056 28.097767 30.440519 27.177883 26.026606 26.161612 27.124401 27.379530 27.846041 24.342936 21.425974 19.844872 19.672598 20.970152 24.038635 30.210358 27.021751 
22.186750 22.176977 22.882431 24.631660 27.123341 27.776224 26.246410 25.091478 24.550341 22.339907 20.971806 20.818941 21.633722 19.744202 19.107943 20.127064 22.344435 24.646154 26.588440 26.636162 26.999786 27.649450 27.459276 27.534830 27.835327 28.366795 27.459185 26.993040 27.720037 30.490046 28.893408 30.399597 25.317312 22.375526 20.934340 20.896969 22.144808 24.370520 26.610407 26.321543 
20.875139 21.299955 22.541508 25.190910 30.365620 28.341516 25.714674 23.523411 21.686646 19.746744 18.284760 17.563002 17.355999 16.878086 17.123272 18.510008 21.065205 24.788406 30.422573 28.618406 28.980833 30.558207 28.883493 28.628963 28.452084 28.745047 28.441267 27.943197 28.311930 29.167078 28.165621 27.525915 25.371986 23.317837 22.267220 22.484373 23.834347 26.021107 26.653028 26.507919 
20.888525 21.285749 22.392965 24.543081 27.672768 30.410143 25.927719 22.937403 20.418385 18.184271 16.494812 15.441287 14.969704 14.938605 15.645728 17.316544 20.094694 24.205854 30.426622 29.362560 30.611032 29.898273 29.813114 30.625359 29.618637 30.673742 30.629204 29.146116 29.436996 30.559389 28.092073 27.188255 26.627338 24.746004 23.893566 24.434711 26.132969 30.401535 28.624971 27.725277 
22.243641 22.238550 22.848593 24.281263 26.386618 28.017395 25.803076 23.257549 20.359415 17.725550 15.717803 14.425062 13.857985 13.981898 14.891867 16.665243 19.289650 22.704647 26.578041 28.638964 29.107777 29.386246 30.645649 29.819206 29.545324 30.659151 29.760342 29.461330 30.580240 28.755667 27.469877 27.659220 30.360752 26.480404 25.603779 26.564648 27.043072 28.871494 30.607147 29.102425 
25.210337 24.223219 24.012753 24.821009 26.752270 30.412413 27.171530 25.269918 21.532324 18.291605 15.928420 14.446273 13.819098 14.003056 15.012738 16.813349 19.234844 22.088993 25.570757 30.397898 28.657846 28.754080 29.605200 29.267109 28.936607 29.140751 29.110889 29.220613 28.566048 27.311779 26.525805 26.658989 27.387756 26.386339 26.750149 30.347317 27.743776 28.298439 30.610092 29.838718 
30.447350 26.839687 25.648455 25.574724 26.555307 28.099005 28.217670 30.282938 23.649490 19.601471 16.946463 15.374926 14.732833 14.962458 16.073212 17.991182 20.333601 22.267677 24.392735 26.651760 27.313154 28.331993 30.591263 29.601074 28.791161 28.725250 29.294983 30.610048 28.153479 26.576748 25.926073 26.290932 27.256506 26.150198 25.833881 26.595867 26.305225 26.964840 28.573397 30.594715 
28.839025 28.175617 27.467346 26.601919 26.971399 28.216372 28.273453 28.154272 24.408878 21.017004 18.531683 17.065865 16.535368 16.773088 18.001266 20.361631 23.336477 23.696995 24.398222 25.617870 26.716770 27.674221 29.085863 30.596531 28.884050 28.686455 29.596268 30.647444 27.882553 26.174358 25.643238 26.628050 30.317184 26.415215 25.155182 25.075758 25.175367 25.859957 27.026533 27.745054 
28.807936 30.568787 30.501617 27.570669 27.683001 30.508343 29.488640 30.525450 26.001579 22.992270 20.672543 19.470865 19.218443 19.242338 20.412722 23.617037 30.231400 26.119616 25.218475 25.988811 27.438845 27.662649 28.344341 29.246738 28.408136 28.531816 30.593813 30.598938 27.600645 25.928308 25.198118 25.446966 26.260769 25.216768 24.668608 24.764019 24.793659 25.562418 27.092537 26.631899 
27.956373 28.310694 27.725637 26.574247 26.710428 28.187605 29.461842 30.559065 27.155819 25.618343 23.189459 22.422686 23.135056 22.094738 22.285181 24.686193 30.320391 26.483864 25.680174 26.920868 30.446487 28.324831 28.396612 30.496267 27.989319 27.443731 27.993769 28.068508 27.113916 26.073751 25.240345 25.072195 25.312443 24.880890 25.027781 25.952705 25.068134 25.832687 30.225140 26.222628 
27.781731 28.003637 26.545885 25.467560 25.573618 27.068678 30.438503 28.294691 27.458370 30.241131 25.372082 25.232466 30.124269 25.081522 23.360336 23.705391 25.262960 24.954247 25.350218 26.696117 28.620977 27.806271 27.416817 27.503447 26.666813 26.436735 26.921160 27.587589 27.889690 27.333263 26.024284 25.752764 26.391180 25.423607 25.974335 30.178074 25.026155 23.654282 24.016016 22.951244 
28.459530 30.392294 26.163736 24.508924 24.367727 25.177017 26.185009 25.642693 25.158092 25.298233 23.987230 24.173929 25.991203 25.926731 23.701820 22.846067 23.282509 24.053074 25.374317 27.070015 30.449310 27.975330 27.133030 26.568235 26.029472 26.041491 26.902393 28.645500 30.569006 30.484797 27.079441 26.855898 30.267900 25.780722 24.484835 24.482347 22.471851 21.144529 20.569727 20.038202 
28.159008 26.678680 24.385609 23.375547 23.602766 24.420679 24.660236 24.207342 23.548464 23.019489 22.438881 22.809408 24.882984 30.078491 24.007437 22.168030 22.448812 23.997314 26.329561 26.854858 27.747971 27.538473 27.747835 26.931644 26.173817 26.130032 27.260822 30.474209 28.786451 27.731695 26.103224 25.483431 25.715847 24.179861 23.072054 22.131882 20.728083 19.506227 18.695772 18.242954 
30.291054 24.804470 22.641024 22.432898 23.725939 25.621176 25.160425 24.396898 23.267056 22.283138 21.429901 21.221912 21.874193 22.948532 21.413120 20.860298 21.837667 24.560457 30.267248 27.446650 27.169674 27.853121 30.483908 28.460779 26.936867 26.370981 26.710049 27.635138 27.275156 26.609930 25.438446 24.591908 24.199783 23.602022 22.981865 21.805376 20.450356 19.144211 18.216925 17.762640 
22.330070 20.764013 20.278566 21.449160 24.581039 30.356417 27.294689 26.292852 24.330040 22.917353 21.410616 20.380005 19.936920 19.811901 19.404072 19.669394 21.002951 23.462870 26.379292 26.553015 26.801544 27.240833 28.618547 30.497702 27.967276 27.039570 26.841305 27.184868 27.245245 27.248329 25.782301 24.722031 24.356236 24.536312 24.938755 23.270271 21.770994 20.145502 19.068171 18.630722 
17.133673 16.988998 17.681473 19.851490 23.976362 30.489519 28.390100 30.325098 26.178041 25.136354 22.490835 20.597033 19.328613 18.606380 18.415718 19.061317 20.690424 23.316395 26.389420 26.760469 27.418526 26.843983 27.169157 28.140142 28.450787 28.175827 27.685692 28.193548 28.436577 30.499638 27.052813 25.589724 25.433481 26.646467 30.281084 26.027931 24.744732 22.247080 20.976736 20.814522 
13.446754 13.861601 15.098994 17.642872 22.139853 30.149624 26.310265 25.972317 26.076447 30.143650 24.311684 21.809772 19.853193 18.650234 18.394007 19.202724 21.030043 24.133005 30.234495 27.839985 30.340090 26.722948 26.231119 27.456343 30.520981 30.547783 28.685711 30.484873 28.808529 30.518759 27.489864 26.483730 26.474531 27.508520 27.606426 26.991621 30.181412 24.615705 23.373753 24.393753 
10.806140 11.378398 12.670458 14.868011 17.999365 21.450323 21.759274 22.235373 23.090036 24.636528 24.053347 23.971197 21.271654 19.489090 19.110180 20.002020 21.693644 23.279432 25.148754 25.005199 25.411118 24.648684 24.840288 26.011263 27.588167 27.642672 26.950029 27.026417 26.702429 27.164190 26.997446 27.622467 27.698639 30.366627 26.664713 25.221094 25.203394 23.932821 24.858183 30.259418 
9.049913 9.632510 10.827162 12.623302 14.893735 17.100647 18.372635 19.460274 20.738163 22.441904 24.613123 30.049280 23.267199 20.571083 20.218575 21.649952 23.956026 23.583378 23.308044 22.956463 22.925697 23.028912 23.853231 25.460022 27.228607 26.560394 25.622984 25.143639 25.035372 25.608618 26.889006 30.379610 27.361925 26.500711 24.627438 23.334091 22.750824 22.407896 23.131531 24.910206 
8.163648 8.727674 9.837882 11.416802 13.320906 15.184818 16.664413 17.987724 19.453056 21.164623 23.090471 24.827524 22.517143 20.918125 21.187954 23.917465 30.228947 25.201981 23.033083 22.079065 21.879307 22.279280 23.574186 26.081928 30.431129 26.996725 25.171047 24.333694 24.175940 24.679436 25.742279 26.974842 25.954252 24.828133 23.397509 22.227745 21.574911 21.392511 21.840828 22.625605 
