0.002481 0.003300 0.003724 0.154485 0.007043 0.006625 0.004657 0.002740 0.001458 0.000676 0.000342 0.000387 0.000839 0.001802 0.002947 0.003089 0.105736 0.047907 0.047827 0.048143 0.166241 0.002540 0.002329 0.001475 0.000829 0.000790 0.001297 0.002053 0.002787 0.003522 0.004525 0.006048 0.006369 0.198497 0.006182 0.005862 0.005114 0.005568 0.006406 0.016658 
0.002114 0.002718 0.002754 0.178725 0.006776 0.006741 0.004818 0.002887 0.001813 0.000962 0.000540 0.000545 0.000900 0.001600 0.002711 0.002783 0.440141 0.048852 0.048829 0.174912 0.074272 0.002849 0.002319 0.001449 0.000879 0.000938 0.001524 0.002257 0.003184 0.004189 0.005525 0.007990 0.010576 0.092156 0.010253 0.007683 0.005721 0.005268 0.005521 0.130905 
0.002259 0.003036 0.004137 0.005689 0.007006 0.007157 1.793410 0.002693 0.002531 0.001563 0.000994 0.000972 0.001215 0.001451 0.002274 0.002363 0.002266 0.067354 0.090166 0.070123 0.103233 0.002273 0.002214 0.001333 0.000892 0.001016 0.001625 0.002079 0.048897 0.004747 0.005634 0.008198 0.010693 0.092093 0.010365 0.008170 0.006391 0.005788 0.006464 0.008519 
0.003171 0.004034 0.005414 0.005655 0.085216 0.157572 0.006766 0.005501 0.004138 0.002505 0.001695 0.001629 0.001696 0.001689 0.001952 0.002082 0.002170 0.038263 0.114184 0.042664 0.002016 0.002028 0.001931 0.001186 0.000913 0.001093 0.001648 0.001768 0.120947 0.073154 0.123864 0.123991 0.753102 0.133288 0.133959 0.006872 0.006770 0.006520 0.006967 0.008275 
0.004531 0.005492 0.007603 0.008004 0.082949 0.034417 0.006663 0.005560 0.004303 0.002948 0.002196 0.002094 0.001813 0.001799 0.001835 0.001900 0.002002 0.015313 0.111397 0.017170 0.001950 0.001895 0.001766 0.001156 0.000924 0.001209 0.001678 0.001861 0.066187 0.034380 0.094246 0.006329 0.006153 0.005704 0.005576 0.006897 0.007191 0.006942 0.007032 0.008387 
0.005229 0.005630 0.009384 0.009524 0.380119 0.044499 0.044543 0.421506 0.002981 0.002921 0.002335 0.002379 0.052237 0.068821 0.001855 0.001880 0.001940 0.004915 0.121525 0.005959 0.001871 0.001774 0.001613 0.001103 0.001027 0.001399 0.003045 0.007608 0.017435 0.017505 0.134289 0.006106 0.006037 0.005448 0.005473 0.124946 0.231890 0.231927 0.589610 0.058894 
0.036124 1.217613 0.052228 0.052097 0.042311 0.043805 0.013546 0.013288 0.007534 0.006121 0.004130 0.003675 0.015853 0.019425 0.032579 0.001924 0.001939 0.002847 0.115948 0.003038 0.001781 0.001628 0.001442 0.001106 0.001064 0.005640 0.010750 0.014403 0.016990 0.016128 0.006578 0.005816 0.005799 0.004690 0.004170 0.004000 0.006416 0.008598 0.009190 0.017537 
0.034243 0.014728 0.015973 0.017422 0.017479 0.690907 0.013311 0.013231 0.009626 0.008303 0.006619 0.005823 0.007387 0.011023 0.009599 0.005248 0.002469 0.002598 0.107307 0.002016 0.001701 0.001613 0.001585 0.011967 0.005955 0.006657 0.012884 0.015091 0.016642 0.015050 0.006535 0.004884 0.004864 0.003728 0.003345 0.003974 0.005991 0.008174 0.009125 0.017613 
0.120475 0.014583 0.014320 0.015767 0.016480 0.046588 0.017538 0.016873 0.009658 0.008522 0.007225 0.006572 0.006824 0.007610 0.009023 0.006449 0.003684 0.013188 0.069943 0.001831 0.001696 0.001613 0.001608 0.027652 0.046302 0.046501 0.039784 0.054843 0.016796 0.016729 0.102922 0.003821 0.003798 0.002919 0.002752 0.003357 0.004475 0.005660 0.005911 0.130575 
0.100158 0.010925 0.010638 0.012369 0.016322 0.046501 0.020703 0.020707 0.102328 0.007202 0.007130 0.006800 0.006772 0.006853 0.019865 0.005709 0.004306 0.020568 0.046417 0.010796 0.010562 0.001618 0.001619 0.026404 0.033663 0.023415 0.024643 0.013657 0.008289 0.003531 0.003399 0.003481 0.003357 0.002895 0.002772 0.003410 0.003478 0.003799 0.003629 0.002420 
0.003166 0.005615 0.006276 0.006492 0.111975 0.160067 0.025396 0.024764 0.026196 0.012539 0.008734 0.007661 0.007151 0.007015 0.007079 0.007099 0.005180 0.011356 0.029270 0.011140 0.001627 0.001620 0.001621 0.008046 0.037994 0.022732 0.022586 0.007390 0.005804 0.003524 0.003371 0.003357 0.003247 0.003068 0.003119 0.122250 0.002952 0.002898 0.002603 0.002161 
0.002836 0.003578 0.004202 0.004899 0.005320 0.005520 0.021469 0.025868 0.026195 0.051972 0.008475 0.007949 0.007476 0.007245 0.007162 0.007154 0.024496 0.014904 0.023156 0.010672 0.001631 0.001623 0.001626 0.013610 0.027156 0.023843 0.031573 0.007273 0.007090 0.031284 0.003348 0.003339 0.003234 0.003182 0.003286 0.069019 0.002507 0.002378 0.001912 0.001543 
0.002480 0.002836 0.003426 0.004360 0.005106 0.005264 0.095543 0.026822 0.026829 0.058527 0.042432 0.017916 0.011554 0.009315 0.008411 0.007515 0.007665 0.020557 0.017234 0.012378 0.017504 0.001630 0.001631 0.015081 0.024153 0.035105 0.018557 0.019517 0.011464 0.012402 0.003335 0.003309 0.003262 0.003257 0.003306 0.101385 0.001911 0.001866 0.001378 0.001027 
0.002826 0.003037 0.003472 0.004612 0.005209 0.005299 0.052438 0.043662 0.037511 0.036635 0.067932 0.017324 0.013147 0.010711 0.009751 0.008351 0.007846 0.010055 0.013425 0.012694 0.029481 0.001640 0.001637 0.014666 0.013637 0.005938 0.006988 0.005781 0.009922 0.023490 0.003307 0.003299 0.003279 0.003278 0.003293 0.002029 0.001988 0.001675 0.001175 0.000890 
0.003969 0.004015 0.134857 0.006158 0.006113 0.006045 0.006759 0.006947 0.021710 0.026604 0.036918 0.039048 0.037137 0.028088 0.017743 0.016945 0.021829 0.010064 0.011648 0.010749 0.009771 0.001647 0.001648 0.007003 0.005584 0.004391 0.004393 0.004132 0.004023 0.003355 0.003306 0.003301 0.003292 0.003297 0.063430 0.001985 0.001979 0.001591 0.001309 0.001173 
0.005588 0.005805 0.110927 0.007096 0.006889 0.006855 0.006915 0.006995 0.061869 0.048443 0.045844 0.044620 0.043293 0.039992 0.031631 0.025361 0.030554 0.032549 0.033185 0.033119 0.008102 0.004578 0.023047 0.004761 0.004752 0.004340 0.004273 0.004099 0.004026 0.003574 0.003494 0.016441 0.002865 0.002828 0.002170 0.001887 0.001839 0.001749 0.001750 0.001691 
0.006513 0.006560 0.140612 0.007127 0.007080 0.006923 0.007020 0.007043 0.053682 0.051337 0.050168 0.049101 0.047934 0.046285 0.042770 0.035922 0.034746 0.034314 0.034091 0.033907 0.011429 0.006712 0.009462 0.004764 0.004761 0.004343 0.004246 0.004187 0.013495 0.003489 0.003477 0.003343 0.002516 0.002284 0.002186 0.002181 0.002262 0.002275 0.002229 0.001938 
0.006823 0.006834 0.006985 0.007119 0.007165 0.088080 0.053352 0.061966 0.055478 0.053857 0.050482 0.049695 0.048899 0.047879 0.046121 0.042058 0.039281 0.037766 0.036779 0.036097 0.031191 0.007395 0.009450 0.009409 0.026610 0.005102 0.004996 0.004761 0.004591 0.003668 0.003720 0.003556 0.003561 0.003803 0.003685 0.003804 0.004014 0.004067 0.004293 0.128805 
0.107489 0.007216 0.006942 0.006943 0.006992 0.006590 0.010108 0.009888 0.024790 0.024779 0.045396 0.049295 0.049025 0.048476 0.047550 0.045500 0.043015 0.040417 0.038924 0.037862 0.036929 0.106457 0.042611 0.044483 0.010225 0.005401 0.005465 0.004952 0.004947 0.004968 0.005154 0.005334 0.006003 0.005945 0.006200 0.006199 0.006526 0.006612 0.007228 0.014914 
0.104542 0.005891 0.005641 0.005031 0.004593 0.006370 0.009198 0.009594 0.022006 0.023456 0.023421 0.036186 0.048386 0.048461 0.047832 0.046313 0.059219 0.068230 0.050347 0.043692 0.039210 0.028294 0.022989 0.020645 0.018235 0.021379 0.027528 0.028751 0.030697 0.030982 0.031740 0.034008 0.006372 0.006376 0.006450 0.006493 0.006629 0.006743 0.007407 0.014814 
0.002628 0.003576 0.003866 0.003572 0.003579 0.018705 0.009202 0.009336 0.029687 0.023426 0.023397 0.025729 0.042604 0.048468 0.047930 0.046465 0.058753 0.063622 0.059176 0.057120 0.041532 0.042365 0.042765 0.043296 0.043475 0.043491 0.020824 0.018385 0.018198 0.015464 0.014320 0.005762 0.005399 0.005267 0.005155 0.005171 0.005276 0.005439 0.862157 0.052197 
0.002312 0.002663 0.002997 0.003253 0.003542 0.006212 0.007291 0.007867 0.015836 0.017292 0.020473 0.022307 0.033137 0.034762 0.034166 0.031645 0.028746 0.026434 0.054210 0.055985 0.059414 0.039552 0.039500 0.042214 0.047071 0.053991 0.065431 0.071657 0.072474 0.074471 0.047395 0.050623 0.014369 0.014411 0.014529 0.014655 0.014888 0.015219 0.016096 0.017050 
0.001800 0.002008 0.002331 0.002333 0.016663 0.016245 0.016731 0.018829 0.021504 0.025820 0.030532 0.034231 0.035615 0.035489 0.033821 0.030224 0.026848 0.024553 0.077547 0.057909 0.060801 0.119418 0.030907 0.030463 0.027899 0.025958 0.023502 0.022251 0.022100 0.022050 0.014275 0.014313 0.014360 0.014433 0.014542 0.014677 0.014903 0.015226 0.015937 0.016911 
0.001767 0.002070 0.002560 0.003109 0.004254 0.016354 0.014799 0.018909 0.023700 0.029417 0.034389 0.037154 0.037286 0.035265 0.031823 0.026338 0.023637 0.022079 0.048158 0.037137 0.064650 0.035577 0.071579 0.076966 0.061369 0.073986 0.048464 0.023634 0.024166 0.033826 0.014266 0.014295 0.014335 0.014324 0.014448 0.014498 0.014527 0.078325 0.017799 0.017875 
0.002229 0.002878 0.003462 0.004418 0.004440 0.006379 0.014380 0.020724 0.026680 0.033504 0.038524 0.039702 0.037360 0.033407 0.028528 0.021568 0.021339 0.020816 0.018513 0.023856 0.019151 0.024046 0.054257 0.027932 0.031289 0.041269 0.021337 0.020618 0.031557 0.011210 0.011292 0.012862 0.027707 0.014593 0.014628 0.015148 0.019771 0.019785 0.139987 0.027587 
0.002487 0.004597 0.005429 0.006827 0.006856 0.055633 0.019746 0.027551 0.034486 0.041926 0.044632 0.041000 0.034797 0.029139 0.022984 0.015292 0.021151 0.020552 0.016942 0.030143 0.016987 0.023979 0.033856 0.023083 0.021979 0.022787 0.021667 0.018942 0.008716 0.008345 0.008918 0.009573 0.009958 0.009954 0.009978 0.039458 0.019728 0.019764 0.136516 0.028041 
0.128998 0.008269 0.008032 0.009613 0.009920 0.016687 0.016893 0.045523 0.045435 0.050819 0.047724 0.037210 0.028716 0.023053 0.016349 0.009442 0.024798 0.020320 0.013357 0.011131 0.013018 0.024401 0.050011 0.025017 0.020285 0.025357 0.025434 0.026958 0.008323 0.008228 0.008417 0.009408 0.009963 0.009981 0.010167 0.011654 0.012879 0.013707 0.014394 0.138867 
0.144250 0.008881 0.008391 0.011671 0.012071 0.016779 0.016970 0.017605 0.045256 0.056647 0.044189 0.027583 0.020448 0.016222 0.009598 0.005157 0.032266 0.018270 0.012117 0.010405 0.016199 0.030854 0.021201 0.033087 0.013822 0.016552 0.023755 0.023982 0.008501 0.008161 0.007532 0.007544 0.038643 0.009913 0.009953 0.011619 0.012090 0.013210 0.014584 0.021170 
0.153024 0.228511 0.259348 0.139244 0.139099 0.226430 0.064279 0.181548 0.078691 0.075719 0.030553 0.014721 0.012584 0.010000 0.004515 0.002991 0.043668 0.015567 0.009874 0.008145 0.026447 0.031749 0.016550 0.017493 0.012487 0.014194 0.032784 0.022744 0.010816 0.008591 0.007548 0.007575 0.007642 0.007956 0.008234 0.008426 0.008768 0.010955 0.014631 0.021021 
0.139653 0.031025 0.012252 0.013503 0.012987 0.011673 0.054780 0.062313 0.037552 0.067693 0.005050 0.004507 0.008756 0.005341 0.002336 0.002295 0.024313 0.009976 0.006157 0.005744 0.044162 0.032407 0.012984 0.022330 0.012159 0.015187 0.019850 0.020962 0.017903 0.010648 0.007545 0.007555 0.007615 0.007692 0.008197 0.008433 0.006045 0.006097 0.271580 0.030435 
0.139628 0.031060 0.011797 0.011386 0.010876 0.010938 0.131129 0.006522 0.006499 0.040089 0.004019 0.004002 0.018796 0.002374 0.002279 0.002278 0.002409 0.002470 0.002485 0.004613 0.036637 0.027256 0.008684 0.008763 0.009032 0.012509 0.019523 0.028707 0.028109 0.016982 0.007551 0.007497 0.007476 0.003646 0.003671 0.266138 0.004058 0.004034 0.002707 0.002992 
0.151499 0.493042 0.007416 0.007342 0.007075 0.006823 0.005060 0.006007 0.005723 0.004430 0.004036 0.003913 0.003885 0.002621 0.002281 0.002280 0.002451 0.002517 0.002520 0.006197 0.037851 0.021027 0.008586 0.008541 0.008520 0.008353 0.009513 0.030959 0.043467 0.038439 0.007570 0.007507 0.125954 0.003524 0.003497 0.002844 0.003163 0.003002 0.002654 0.002864 
0.134726 0.003919 0.004631 0.004668 0.004786 0.005202 0.004991 0.005236 0.004853 0.004418 0.004003 0.003862 0.003864 0.022602 0.002284 0.002282 0.002539 0.002597 0.002550 0.008606 0.009544 0.009120 0.008591 0.008582 0.008553 0.008153 0.008149 0.024660 0.007996 0.007987 0.007575 0.006222 0.004777 0.004037 0.003512 0.002820 0.002430 0.002063 0.001844 0.001929 
0.123312 0.003818 0.003573 0.003598 0.004103 0.005639 0.004972 0.004601 0.003938 0.003410 0.003159 0.003010 0.002937 0.002381 0.002289 0.002285 0.002664 0.002714 0.019297 0.008540 0.009858 0.008663 0.015210 0.008686 0.008775 0.008138 0.008110 0.008084 0.008017 0.007939 0.007472 0.006248 0.004763 0.003877 0.003274 0.002689 0.002183 0.001757 0.001462 0.001369 
0.001957 0.002641 0.002753 0.002951 0.003427 0.068372 0.005178 0.004717 0.003632 0.003085 0.002787 0.002587 0.002462 0.002366 0.002238 0.002285 0.002900 0.003074 0.003300 0.005659 0.010444 0.004736 0.004812 0.034195 0.009341 0.008150 0.008109 0.008083 0.008023 0.007939 0.006613 0.005742 0.004619 0.004054 0.003438 0.002852 0.002467 0.002270 0.001965 0.001699 
0.001702 0.001861 0.002003 0.002296 0.002414 0.124490 0.112642 0.125215 0.003367 0.003250 0.002755 0.002391 0.002070 0.001948 0.002038 0.002348 0.003173 0.003268 0.003322 0.006088 0.013590 0.004683 0.004881 0.005052 0.021112 0.028376 0.008249 0.008252 0.008476 0.102414 0.005506 0.005396 0.005022 0.005186 1.836744 0.002796 0.002631 0.003170 0.003024 0.002497 
0.001032 0.001116 0.001384 0.001892 0.002357 0.065063 0.003299 0.003431 0.003596 1.842427 0.002703 0.002538 0.002131 0.001916 0.002126 0.002566 0.003439 0.003455 0.040253 0.007079 0.036632 0.004318 0.004746 0.005046 0.066978 0.039073 0.011553 0.088436 0.045516 0.065808 0.006006 0.005781 0.005564 0.005350 0.004926 0.005090 1.836389 0.004054 0.003889 0.002755 
0.000475 0.000569 0.000879 0.001443 0.001972 0.002230 0.002936 0.003312 0.003781 0.004413 0.003769 0.002573 0.002549 0.002283 0.002383 0.002896 0.003690 0.003417 0.003328 0.002922 0.002963 0.003354 0.004812 0.005119 0.019822 0.007701 0.007497 0.005620 0.005118 0.005531 0.005878 0.005815 0.005980 1.841259 0.004762 0.004598 0.003321 0.004016 0.004269 0.130750 
0.000179 0.000254 0.000485 0.000920 0.001411 0.001760 0.002177 0.002590 0.003363 0.004248 0.004282 0.175491 0.003280 0.003245 0.003101 0.003294 0.003920 0.003401 0.003308 0.002912 0.002943 0.003436 0.004841 0.005070 0.020469 0.007664 0.007491 0.005544 0.004897 0.005302 0.005337 0.179106 0.006996 0.006961 0.005374 0.004128 0.003157 0.003365 0.003634 0.003451 
0.000070 0.000118 0.000266 0.000557 0.000926 0.001226 0.001512 0.001997 0.003058 0.004360 0.004785 0.155854 0.004865 0.004443 0.004027 0.004257 0.128933 0.003318 0.003084 0.002610 0.002506 0.003379 0.004871 0.005039 0.127900 0.006091 0.005926 0.004670 0.004504 0.005304 0.005724 0.155135 0.007217 0.006797 0.005054 0.003435 0.002542 0.002617 0.003021 0.003198 
