11.309686 13.112953 16.453203 20.199530 19.392159 17.876715 15.889970 12.799040 9.817888 7.618044 6.431812 6.294514 7.173756 9.079877 12.137307 16.410921 21.259344 22.448555 23.806293 25.419306 26.897396 19.096823 13.722086 10.377728 8.846521 8.905153 10.327756 12.652265 15.032392 16.219820 17.202942 18.701349 21.482227 26.756672 20.534828 17.057461 15.575384 16.036957 18.328903 21.618702 
11.720877 13.696836 18.020988 26.518326 21.905245 20.181860 18.855898 14.578144 10.892824 8.393371 7.135812 7.026569 7.934278 9.782018 12.787420 17.670162 26.572752 23.929043 25.075254 27.024605 24.373289 18.359236 13.483413 10.415260 9.113804 9.461912 11.351075 14.558279 18.209654 18.464148 18.794130 19.464966 20.802902 21.832283 19.720068 17.254978 15.931777 16.441057 19.413528 26.693676 
12.390801 14.070733 17.354523 21.707472 23.186256 23.847506 26.564707 17.621910 12.644128 9.761023 8.477229 8.527205 9.566309 11.181977 13.456823 16.749037 20.986475 23.117201 27.030365 25.581797 26.701769 18.171438 13.287135 10.587952 9.651917 10.399613 12.987201 17.894123 26.620432 22.576824 22.009344 21.523182 22.308149 21.841156 21.226274 18.469604 16.721001 16.632339 18.169107 20.578852 
13.630621 15.001678 17.595238 21.431866 26.905390 26.965048 23.238600 18.432158 14.168376 11.383171 10.332935 10.888991 12.476147 13.845465 15.043496 16.764174 19.264631 22.177086 26.894466 23.013456 20.481796 16.134336 12.819299 10.922173 10.427476 11.422020 14.190918 19.197590 26.944284 24.875305 26.900730 24.118607 26.807470 23.791733 26.688337 20.791309 18.064871 17.434540 18.156967 18.776468 
15.737208 16.871197 18.591537 21.320976 24.496304 24.268875 22.513062 20.480154 16.079798 13.198982 12.511836 14.105452 17.473045 18.573174 18.038200 17.965931 19.049406 21.132589 23.451248 20.729939 17.834822 14.990430 12.940974 11.883625 11.714705 12.674315 15.096698 19.463303 26.813231 24.553953 24.896721 22.831957 22.247408 21.434294 22.282701 21.811523 19.432169 19.012651 20.364702 19.645529 
18.863791 20.274191 20.546106 22.566414 26.975403 24.590466 23.694799 26.573172 18.341900 14.804282 14.386456 17.446154 26.527218 26.757364 22.453516 19.974401 19.778643 21.661211 26.657166 20.432383 17.109285 15.085948 14.150990 14.036468 13.950637 14.492296 15.993668 18.574015 21.734663 23.118673 26.779932 21.714571 19.676893 19.224562 20.936293 26.539888 20.801531 20.835421 26.573099 21.755995 
22.554316 26.707193 22.605026 23.151119 26.990858 24.912361 22.684269 21.347050 17.763628 15.300028 14.790078 16.601345 20.515778 23.076982 26.717510 21.611723 20.368238 20.872393 21.396187 19.066488 17.157221 16.213322 16.643305 18.237667 17.593164 17.365026 17.802416 19.011990 20.186197 21.058399 21.729649 19.370462 17.483210 16.818464 17.517380 19.078106 18.203732 18.758171 20.880718 20.816853 
23.764315 23.354715 21.794489 22.092831 24.176880 26.868355 22.432709 20.170071 18.036077 15.951998 15.008957 15.658874 17.686401 19.968555 22.004646 21.193352 21.153608 21.975098 20.818563 19.294260 18.358105 18.086151 20.017212 26.598078 22.760695 21.547068 20.791672 21.413673 20.850231 21.009716 21.507452 18.522955 16.189024 15.183493 15.352459 16.029198 16.192120 17.078581 19.177668 21.616280 
27.025154 22.801260 20.928358 21.053448 22.381491 23.190626 21.770395 20.783390 20.295885 17.606161 15.825618 15.495131 16.665058 19.010683 21.918417 21.828892 22.975227 26.861113 22.541405 20.938313 20.985630 19.848215 20.647223 23.772840 26.968765 26.945219 24.218630 26.793179 22.632296 22.475395 26.575287 19.114824 15.782110 14.643267 14.902741 15.628240 15.575076 16.251919 19.060276 26.614943 
26.896582 21.674067 20.022909 20.735422 22.908699 23.467701 22.479891 22.785023 26.661438 20.462984 17.352894 16.047197 16.586864 19.457802 26.601933 23.032019 23.747522 26.958778 23.331575 22.841162 26.690763 21.637445 20.862888 22.522034 24.926033 24.807793 23.882936 23.683027 22.145964 21.460361 20.844351 17.565283 15.417885 15.006571 16.215572 18.152822 16.343855 15.341043 16.029385 18.123245 
20.183069 18.833868 18.795408 20.917217 26.817276 26.945343 23.687916 22.952871 23.568686 22.093658 19.201399 16.930191 16.294756 17.594055 20.501017 21.594334 23.656675 24.095913 22.636211 22.164772 22.718643 21.008440 20.603790 22.317762 26.892849 24.964344 24.458548 23.543530 22.606339 22.179768 19.672409 17.011944 15.566418 16.000160 18.920826 26.394493 18.269445 14.738546 13.526210 13.568895 
16.785351 16.792183 17.525909 19.261620 22.071423 23.569780 24.020660 23.483601 24.212452 26.897701 22.403658 18.297859 16.193819 16.226931 18.034536 20.971537 26.814560 24.745672 22.736391 22.265919 22.780888 21.034040 20.212069 21.061340 23.405422 25.186440 27.011902 25.074047 24.291132 26.775375 20.624958 17.388124 16.076954 16.670815 19.044561 21.924313 17.432367 13.748247 11.736425 10.997579 
15.635318 16.292110 17.491556 18.642923 20.448298 22.888416 26.963783 24.395088 24.503407 27.093065 26.900681 19.650990 16.084534 15.203449 16.419144 19.262077 23.359505 26.835291 23.072651 23.184542 26.872301 22.095623 20.223696 20.272604 22.211414 26.853168 25.267376 26.939220 24.310431 24.210552 20.585951 17.961695 16.881205 17.678810 20.573887 26.466780 17.615110 13.018660 10.623445 9.640019 
16.170179 17.523434 19.773996 19.488997 20.155132 22.356178 26.919071 24.223532 23.872015 24.669859 26.783482 19.225729 15.408179 14.236959 15.273556 18.187008 22.161762 22.318125 21.201422 22.195082 26.800446 22.115114 20.376263 19.664942 20.131943 21.501667 21.759470 22.667982 23.398613 26.775040 21.450493 19.098663 17.923309 18.628750 20.919973 19.818228 15.354759 11.967662 10.024278 9.220725 
17.631247 20.082420 26.597914 21.500746 20.378515 21.272926 23.040276 23.327669 23.727282 22.428211 20.822071 16.996340 14.204432 13.228223 14.334234 18.019053 26.437937 20.784737 19.028660 19.396177 21.043491 20.998173 21.533886 19.995029 19.242769 19.207680 19.473099 20.373684 21.492378 22.225891 21.155987 21.025063 19.133392 19.953897 26.376745 18.206459 13.840383 11.352407 10.208281 9.915781 
18.814930 20.549774 23.412874 21.430159 20.614058 21.265142 22.415234 23.974987 26.925854 22.161570 18.900946 15.713680 13.345636 12.347011 12.951929 15.067930 17.923307 17.176819 16.724144 17.285421 18.869667 21.256388 26.655872 21.629835 19.752651 18.730833 18.668798 19.822254 21.840666 21.284088 21.725601 26.524281 19.553957 17.481976 17.540182 14.579518 12.311375 11.297259 11.448077 12.163155 
20.343859 21.822004 26.717741 22.139977 21.362946 22.702667 23.184782 24.879343 26.962669 22.078707 18.848248 15.696296 13.310369 12.095646 12.217341 13.449454 14.990242 15.371749 15.524726 16.296392 17.994831 20.349390 22.476402 21.998659 21.524694 19.493773 18.831738 20.516396 26.567844 21.177633 19.739882 19.747856 16.895441 14.801074 13.566327 12.151587 11.453833 11.995293 13.971722 16.978323 
22.331726 21.483242 21.791492 20.854185 21.951141 26.790503 24.495810 26.928085 24.305727 22.023714 20.648779 16.966415 14.263107 12.721977 12.566723 13.680298 15.309548 15.950585 15.933387 16.611551 18.584871 21.617743 22.670504 24.167337 26.754293 21.006542 18.827120 18.827457 20.127157 18.939384 18.270754 17.691141 15.452079 13.266998 11.778429 11.009979 11.338841 13.181877 17.321133 26.511839 
26.955687 21.812008 19.920530 19.493221 20.617512 22.704529 22.671574 23.229837 22.853535 22.748974 26.563637 19.232201 16.129383 14.114017 13.802944 15.502514 18.699371 19.301239 17.827673 17.825821 20.194717 26.679611 24.153414 26.875319 23.828884 20.908394 18.800545 17.985361 18.161879 18.281796 18.758795 19.260305 16.015200 13.120121 11.350513 10.846842 11.708973 14.005312 17.450817 20.816807 
26.838865 20.700321 18.551558 18.638542 20.282795 22.487017 21.995295 22.114882 22.776161 21.202185 20.870777 19.083071 18.864481 15.827921 15.077027 17.826786 26.541029 26.660131 20.346186 18.787622 19.648401 21.811598 22.017996 22.811554 22.421383 21.963436 19.652033 18.424009 18.468767 19.382790 21.237001 26.515966 18.242872 13.934605 11.807357 11.432059 12.724405 15.619537 19.480318 20.141947 
19.170975 17.473196 17.049467 18.318626 21.340794 26.718851 22.510035 22.223288 26.580719 20.161909 18.300632 19.168207 26.227863 17.147430 14.769291 16.011669 19.499500 20.862980 19.999790 19.420610 19.810207 20.770964 21.115646 21.721540 22.884840 26.731823 21.541218 19.785639 20.056004 21.637932 22.105856 23.026800 18.403870 14.659496 12.670397 12.506152 14.212898 18.210854 26.491795 21.901876 
15.167297 15.083200 15.973124 18.338575 21.857426 22.862642 20.793951 19.409163 18.976494 16.329802 14.820952 14.791600 15.952700 13.584532 12.704033 13.804000 16.373558 19.038740 21.271198 21.062305 21.429823 22.306204 21.911509 21.974802 22.444010 23.311182 21.908703 21.202452 22.384478 26.821911 24.319532 26.722498 19.630703 15.718678 13.879062 13.868576 15.498344 18.392660 21.271832 20.763834 
13.411571 13.930809 15.585772 19.230669 26.673477 23.726032 20.201622 17.484392 15.424780 13.250519 11.744473 11.091953 10.968760 10.379611 10.550838 12.037003 14.974172 19.462093 26.779646 23.935137 24.425159 26.920721 24.131929 23.718208 23.407803 23.905930 23.451017 22.666590 23.268080 24.668299 23.196396 22.378559 19.512478 16.788473 15.435113 15.752316 17.606110 20.532223 21.226538 20.919529 
13.424805 13.910091 15.379291 18.305210 22.726076 26.750183 20.617741 16.854794 13.937823 11.497574 9.747627 8.740070 8.312852 8.267997 8.970764 10.745749 13.890447 18.809582 26.802036 25.107016 27.011253 25.779474 25.627867 27.019133 25.300941 27.102137 27.029066 24.551119 25.050268 26.924582 23.067293 21.800508 21.186125 18.597445 17.465004 18.245903 20.620707 26.725658 23.985466 22.593275 
15.243781 15.175027 15.931238 17.873146 20.842457 23.287359 20.431776 17.343018 13.973438 11.057047 8.935898 7.655317 7.116721 7.246652 8.165934 10.009719 12.905816 16.872259 21.601851 24.148783 24.651344 25.001377 27.054399 25.612120 25.159952 27.073120 25.525402 25.044683 26.951328 23.997269 22.044334 22.374088 26.644472 20.919123 19.683495 21.117384 21.730673 24.340361 27.010599 24.607714 
19.298313 17.829639 17.455210 18.514168 21.293406 26.742075 22.254137 19.992359 15.512134 11.797458 9.210542 7.686489 7.062522 7.255466 8.283673 10.152315 12.782393 16.010157 20.253052 26.728827 23.932890 24.008757 25.309219 24.687826 24.140120 24.453424 24.431293 24.640203 23.668591 21.717794 20.542761 20.790564 21.997446 20.585257 21.197098 26.626884 22.634247 23.443081 27.012270 25.714581 
26.786625 21.441200 19.665005 19.499125 20.887554 23.211681 23.508554 26.612234 18.161755 13.350114 10.350119 8.669760 8.013908 8.255682 9.421327 11.465836 14.001221 16.042603 18.456223 21.253042 21.962116 23.414431 26.970812 25.260870 23.900894 23.787867 24.715290 26.996593 23.017097 20.578499 19.596558 20.207571 21.772970 20.179182 19.738005 20.877747 20.446239 21.438112 23.841700 26.990894 
24.195862 23.290859 22.230055 20.890804 21.447374 23.354387 23.542454 23.644632 18.997826 14.963843 12.099110 10.475516 9.921974 10.177416 11.537006 14.220768 17.647684 17.657616 18.242125 19.677147 21.050980 22.368093 24.497042 26.971472 24.057444 23.728092 25.245226 27.061954 22.603975 19.964802 19.173391 20.738901 26.561033 20.580893 18.727318 18.638348 18.798288 19.846268 21.577557 22.681507 
24.090315 26.946777 26.848642 22.302834 22.460911 26.858555 25.261604 26.925661 20.960205 17.274178 14.520935 13.138431 12.910469 12.896543 14.242529 18.106592 26.550671 20.657358 19.199316 20.126610 22.113222 22.313513 23.285616 24.687948 23.274633 23.498322 26.968487 26.985628 22.185997 19.598219 18.532812 18.978750 20.319466 18.807688 18.069635 18.260588 18.365215 19.537621 21.747431 21.171242 
22.744574 23.364466 22.511599 20.793900 21.011061 23.268633 25.193602 26.958824 22.320541 20.471884 17.430346 16.540453 17.545835 16.152103 16.289951 19.220026 26.639967 21.033722 19.758211 21.479483 26.760260 23.290123 23.358265 26.810110 22.638193 21.755693 22.675047 22.829090 21.379065 19.829428 18.624315 18.455036 18.897797 18.375954 18.648363 20.085459 18.970663 20.153145 26.494366 20.888630 
22.533926 22.926100 20.832972 19.279211 19.442020 21.666430 26.766533 23.604776 22.513430 26.537983 20.002686 19.866175 26.410103 19.705103 17.356001 17.644608 19.527359 18.888386 19.278320 21.100191 23.860756 22.458145 21.776821 21.897041 20.520782 20.155357 20.954988 22.068134 22.596699 21.807880 19.845596 19.499083 20.553879 19.265871 20.163727 26.414400 19.238569 17.493958 18.169785 16.750507 
23.684820 26.705654 20.533773 18.114677 17.876835 19.007776 20.513895 19.811251 19.243538 19.566322 17.921261 18.262253 20.714712 20.682867 17.657116 16.436106 16.838552 17.676876 19.361732 21.683681 26.760868 22.707659 21.312771 20.394249 19.490715 19.507381 20.921638 23.755711 26.936487 26.813753 21.511158 21.208662 26.507875 19.950548 18.264355 18.520576 15.974761 14.388306 13.785557 13.155755 
23.436819 21.591871 18.402596 16.888622 17.061584 18.050081 18.368635 17.809851 17.024155 16.448675 15.820577 16.443041 19.251892 26.329784 18.112907 15.564950 15.796214 17.724798 20.775194 21.327711 22.510403 22.090090 22.332178 20.973726 19.740396 19.668264 21.512917 26.780519 24.050301 22.462374 20.058413 19.204956 19.740955 17.714632 16.387039 15.396957 13.765594 12.370810 11.491303 10.991600 
26.651402 19.520100 16.568064 16.094349 17.546942 19.878584 19.160284 18.118418 16.689829 15.498810 14.543534 14.406211 15.356017 16.842949 14.809890 13.987673 15.135752 18.672838 26.539375 22.173616 21.667551 22.630924 26.801907 23.454046 20.983536 20.089359 20.647484 22.174967 21.665541 20.729660 19.036087 17.913645 17.511351 16.882990 16.286880 14.997112 13.446386 11.968300 10.942054 10.445378 
17.166718 15.074768 14.227504 15.408735 19.170908 26.690653 22.238489 20.853296 18.229935 16.446379 14.598164 13.394190 12.937015 12.852410 12.309316 12.545980 14.170897 17.243273 20.996481 20.961229 21.158310 21.763250 23.857395 26.824375 22.668978 21.174606 20.887268 21.439791 21.600712 21.717234 19.561735 18.085985 17.692430 18.136738 18.998018 16.968269 15.187233 13.250849 12.004083 11.533166 
11.502228 11.189368 11.752906 14.051332 18.860350 26.903452 23.940884 26.649378 20.900133 19.516783 16.134182 13.777922 12.247878 11.405766 11.151224 11.873990 13.850200 17.112007 21.046503 21.325224 22.132925 21.211723 21.685713 23.112257 23.500530 23.014202 22.262484 23.055777 23.486624 26.836964 21.503830 19.336180 19.183731 21.086641 26.558910 20.664740 19.096359 15.925257 14.370904 14.230618 
7.853638 8.168499 9.329888 11.976172 17.019361 26.507616 21.461390 20.954817 20.975698 26.421721 18.618444 15.418636 12.978495 11.510308 11.171188 12.097919 14.332715 18.288305 26.514324 22.964031 26.624765 21.155197 20.368059 22.157829 26.873569 26.907372 23.897587 26.806826 24.102221 26.867748 22.142122 20.645372 20.683348 22.310974 22.579924 21.828627 26.448219 18.917473 17.329407 18.762568 
5.443741 5.919320 7.094709 9.230967 12.459754 16.130466 16.103788 16.411287 17.286200 19.155209 18.329788 18.261847 14.819813 12.573948 12.071277 13.125277 15.162656 17.072062 19.403997 19.026375 19.497398 18.260202 18.427244 20.072638 22.346476 22.360407 21.248846 21.393660 20.883266 21.621429 21.360188 22.347452 22.511126 26.659632 21.272095 19.303429 19.400841 17.781147 19.136263 26.565186 
3.943394 4.410114 5.418109 7.029998 9.130235 11.185324 12.204486 13.129622 14.424664 16.392044 19.086287 26.309801 17.421057 13.965178 13.493063 15.246075 18.126768 17.401211 16.850452 16.201031 16.043756 16.050570 17.091623 19.325634 21.834831 20.723795 19.244392 18.536564 18.383600 19.232687 21.203081 26.660782 22.085087 20.940786 18.356136 16.658773 15.974388 15.631523 16.680223 19.095856 
3.219493 3.649201 4.535300 5.861141 7.481692 9.051409 10.258200 11.420924 12.877031 14.802060 17.123652 19.359812 16.424725 14.370780 14.705067 18.213722 26.532791 19.511251 16.421812 15.003597 14.597095 15.032886 16.744026 20.284838 26.746922 21.385754 18.587032 17.303656 17.067711 17.843494 19.468023 21.439503 20.018850 18.495657 16.607073 15.124071 14.346843 14.215708 14.900728 15.960858 
