0.001730 0.004723 0.007138 0.730877 0.010385 0.007976 0.004037 0.001987 0.000750 0.000201 0.000050 0.000065 0.000317 0.001469 0.004670 0.006988 0.662282 0.047399 0.045229 0.045988 0.197707 0.003259 0.003003 0.001122 0.000296 0.000243 0.000752 0.001841 0.002659 0.002690 0.002691 0.004748 0.005387 0.365204 0.004823 0.004185 0.002939 0.006731 0.011833 0.041580 
0.001092 0.002516 0.002565 0.243456 0.008678 0.008630 0.004236 0.002826 0.001408 0.000437 0.000130 0.000145 0.000365 0.001017 0.002470 0.002521 0.252783 0.048303 0.048276 0.483041 0.085489 0.004135 0.003458 0.001237 0.000364 0.000492 0.001508 0.003035 0.003159 0.004648 0.004755 0.009968 0.020863 0.244229 0.019594 0.008666 0.003325 0.003706 0.004024 0.152716 
0.000957 0.002160 0.004212 0.005556 0.008953 0.009139 2.175218 0.002470 0.002271 0.000825 0.000354 0.000523 0.000887 0.001249 0.001994 0.003188 0.004296 0.005034 0.100903 0.050248 0.439925 0.002388 0.002247 0.000869 0.000373 0.000788 0.002113 0.002617 0.057932 0.005109 0.004900 0.010249 0.021005 0.244023 0.019740 0.009920 0.004574 0.003966 0.005693 0.009579 
0.001895 0.002615 0.005216 0.005509 0.100353 0.193548 0.017237 0.012566 0.005127 0.001577 0.000939 0.001617 0.002217 0.002402 0.002428 0.002908 0.004246 0.004463 0.306739 0.004176 0.003928 0.002998 0.001571 0.000614 0.000387 0.000873 0.002129 0.002266 0.193506 0.149687 0.161743 0.161849 0.890170 0.157518 0.158012 0.007370 0.007245 0.006443 0.006113 0.009290 
0.005012 0.004955 0.010285 0.010775 0.097791 0.143439 0.017285 0.012636 0.005758 0.002359 0.001983 0.003045 0.002527 0.002713 0.003669 0.003428 0.003938 0.004227 0.155297 0.004079 0.003787 0.002169 0.001118 0.000774 0.000703 0.001090 0.002417 0.003042 0.070272 0.042913 0.156680 0.006754 0.006302 0.005770 0.005620 0.007406 0.009506 0.008704 0.006323 0.010155 
0.005994 0.005120 0.018184 0.018355 0.453021 0.189123 0.189297 0.498915 0.002416 0.002345 0.002522 0.002832 0.151489 0.155654 0.003882 0.005198 0.005176 0.005417 0.155333 0.003027 0.002774 0.001695 0.001602 0.001661 0.001815 0.001757 0.002944 0.006842 0.016966 0.017440 0.744579 0.006580 0.006161 0.005459 0.005495 0.179552 0.968317 0.968455 1.857190 0.383980 
0.044480 1.417994 0.168616 0.168459 0.059056 0.184906 0.011874 0.010423 0.004467 0.002344 0.002313 0.004439 0.007745 0.007980 0.282075 0.010271 0.010218 0.009098 0.013736 0.006815 0.003174 0.002329 0.002829 0.001863 0.003554 0.003255 0.003806 0.007185 0.016581 0.020536 0.569849 0.010862 0.006893 0.003858 0.003647 0.003237 0.008655 0.014019 0.024408 0.100845 
0.041944 0.014182 0.021590 0.025949 0.026008 0.920544 0.010465 0.010357 0.004642 0.002392 0.001746 0.003357 0.007448 0.009531 0.526492 0.024255 0.022206 0.009405 0.013515 0.010023 0.004470 0.003817 0.004019 2.225212 0.003658 0.003451 0.004455 0.007784 0.021842 0.025827 0.569758 0.009823 0.005856 0.002488 0.002213 0.003199 0.006393 0.011756 0.024195 0.100583 
0.141394 0.013984 0.013684 0.018006 0.023915 0.264657 0.034460 0.028719 0.004833 0.003329 0.002157 0.002509 0.005634 0.007717 0.526351 0.049134 0.048517 0.130289 0.014433 0.013823 0.004505 0.006065 0.007669 0.009884 0.075357 0.209828 0.453374 0.480752 0.377958 0.377827 0.346183 0.002895 0.002832 0.001596 0.001803 0.002458 0.003413 0.004786 0.005114 0.153148 
0.116511 0.008651 0.008304 0.013146 0.023759 0.264530 0.126701 0.126865 2.074349 0.003378 0.003188 0.002280 0.002979 0.003035 0.263878 0.079693 0.079650 0.330139 0.142262 0.142068 0.260440 0.009106 0.009075 0.009712 0.075167 0.091082 0.090914 0.063964 0.070133 0.143829 0.026605 0.007320 0.002571 0.001829 0.002385 0.002522 0.002986 0.003147 0.003719 0.002699 
0.003120 0.004958 0.004798 0.005115 0.156886 0.188265 0.056528 0.056286 0.059886 0.003640 0.004608 0.003110 0.002447 0.003145 0.003794 0.007716 0.079367 0.174140 0.176294 0.174886 0.073494 0.011409 0.011131 0.011288 0.533665 0.090925 0.090924 0.063364 0.065626 0.143885 0.026542 0.006904 0.002339 0.002379 0.002443 0.144750 0.002812 0.002748 0.002362 0.002389 
0.002725 0.002695 0.003081 0.004761 0.005941 0.006498 0.056520 0.059487 0.059714 0.432203 0.004210 0.003930 0.002530 0.002491 0.003738 0.003828 0.867886 0.175368 0.176396 0.175744 0.073340 0.010339 0.009880 0.007595 0.006347 0.046228 0.526372 0.063666 0.063839 0.610100 0.003647 0.003511 0.002340 0.003585 0.004209 0.328113 0.003806 0.003181 0.001545 0.001064 
0.001598 0.001939 0.002502 0.003889 0.005634 0.006021 0.202836 0.162105 0.162028 0.131480 0.039911 0.002858 0.002567 0.001954 0.003425 0.006210 0.006300 0.202700 0.175870 0.175827 0.103105 0.009625 0.009378 0.006120 0.006187 0.428893 0.161744 1.375544 0.146279 0.146176 0.005711 0.004622 0.002996 0.003708 0.003772 0.144980 0.002157 0.002091 0.000888 0.000417 
0.001995 0.002619 0.002558 0.004055 0.004946 0.005261 0.154577 0.091545 0.092960 0.088824 0.476460 0.002605 0.002371 0.001621 0.002974 0.005848 0.006273 0.161464 0.175906 0.175884 0.125880 0.006998 0.006713 0.004184 0.003825 0.003771 0.006201 0.006212 0.006413 0.497891 0.005089 0.004979 0.004410 0.005100 0.003974 0.002739 0.003062 0.001673 0.000622 0.000333 
0.003410 0.003466 0.163151 0.005361 0.005306 0.006794 0.010260 0.033368 0.092881 0.030552 0.005956 0.003942 0.001927 0.001183 0.002277 0.002300 0.050590 0.172656 0.175856 0.175825 0.063690 0.006813 0.006623 0.003561 0.003580 0.003696 0.005210 0.006064 0.008653 0.010702 0.008961 0.005183 0.006288 0.006490 2.233834 0.002674 0.002471 0.001207 0.000754 0.000850 
0.006153 0.007260 0.516429 0.007692 0.006587 0.006710 0.009915 0.010410 0.238215 0.006217 0.005713 0.003037 0.001201 0.000892 0.001377 0.001582 0.001288 0.001430 0.073582 0.117038 0.073902 0.042338 0.022743 0.003614 0.003611 0.003650 0.004650 0.005917 0.008756 0.010594 0.010797 2.238287 0.005590 0.005387 0.002147 0.002570 0.001651 0.001152 0.001677 0.002188 
0.006887 0.006944 0.166985 0.006974 0.006918 0.006801 0.010182 0.010516 0.171266 0.005873 0.005507 0.002973 0.001367 0.001052 0.001130 0.001271 0.001257 0.001266 0.006503 0.039573 0.058260 0.026478 0.003639 0.003616 0.003617 0.003539 0.004466 0.004575 1.128009 0.007625 0.007522 0.004575 0.004504 0.003169 0.001944 0.001426 0.001070 0.001776 0.003024 0.002496 
0.007263 0.008002 0.006639 0.007353 0.007444 0.145578 0.135180 0.183590 0.027765 0.018372 0.005662 0.003676 0.002632 0.001817 0.001475 0.001364 0.001313 0.001294 0.001995 0.008866 0.023999 0.020166 0.003646 0.003639 0.045836 0.004275 0.004334 0.004159 0.003939 0.004889 0.004828 0.004372 0.003098 0.001615 0.000880 0.000636 0.001083 0.002914 0.003252 0.151962 
0.125534 0.006953 0.006582 0.008029 0.009533 0.114164 0.122838 0.116027 0.058106 0.058247 1.690933 0.003939 0.003784 0.003178 0.002615 0.002196 0.001898 0.001480 0.001725 0.003886 0.010699 0.059418 0.018284 0.020013 0.004129 0.004135 0.004026 0.003890 0.003831 0.003907 0.004245 0.004499 0.003037 0.001539 0.000615 0.000506 0.001793 0.007613 0.022677 0.102898 
0.122795 0.005530 0.005166 0.006825 0.008341 0.114188 0.122960 0.116053 0.058124 0.023168 0.007141 0.007024 0.003832 0.003224 0.002682 0.002289 0.018603 0.035956 0.002403 0.003062 0.009642 0.032558 0.010471 0.008667 0.004120 0.004107 0.003823 0.003833 0.003837 0.003864 0.003991 0.178144 0.001937 0.001805 0.000794 0.000701 0.002267 0.007992 0.022740 0.103049 
0.002960 0.004056 0.003345 0.004199 0.004266 0.271873 0.218696 0.218737 0.361912 0.007054 0.006984 0.006985 0.024271 0.006159 0.006159 0.006370 0.006651 0.002397 0.010205 0.011613 0.019437 0.010701 0.007325 0.007005 0.006600 0.020418 0.003843 0.003841 0.003890 0.004010 0.004417 0.125243 0.002651 0.002357 0.001050 0.000916 0.001937 0.002001 0.314901 0.245187 
0.002574 0.002291 0.002451 0.003787 0.004468 0.009931 0.010809 0.008122 0.003232 0.004104 0.003821 0.003875 0.001454 0.001129 0.000830 0.000696 0.000717 0.001090 0.025592 0.032681 0.047021 0.059435 0.015147 0.014521 0.011443 0.005749 0.003858 0.003876 0.004008 0.161346 0.143974 0.126605 0.002435 0.002326 0.001256 0.001408 0.003260 0.006760 0.015186 0.018263 
0.001200 0.001225 0.001940 0.002143 2.226023 0.009866 0.009640 0.006960 0.003163 0.001933 0.001421 0.001526 0.001415 0.001098 0.000785 0.000652 0.000725 0.001366 0.045951 0.041869 0.049357 0.078618 0.016076 0.016947 0.014233 0.006493 0.007106 0.020824 0.026254 0.036212 0.009791 0.009554 0.005923 0.004127 0.002760 0.002698 0.004547 0.006921 0.015128 0.017227 
0.001109 0.001137 0.002084 0.004064 0.004507 0.158358 0.004156 0.004056 0.001979 0.000830 0.000423 0.000454 0.000388 0.000262 0.000259 0.000451 0.000785 0.002012 0.028757 0.027843 0.056070 0.033659 0.052792 0.046732 0.036566 0.134933 0.050331 0.020522 0.025789 0.070995 0.009502 0.009454 0.005981 0.010108 0.009122 0.004905 0.005065 1.609445 0.022213 0.022391 
0.002312 0.002144 0.002312 0.004044 0.004355 0.157630 0.004881 0.004571 0.002345 0.000842 0.000254 0.000132 0.000125 0.000113 0.000256 0.000628 0.001094 0.003077 0.003399 0.015884 0.010818 0.012040 0.060502 0.024085 0.023860 0.051982 0.019152 0.019141 0.099872 0.009020 0.009246 0.009303 0.293066 0.027747 0.027686 0.005110 0.007911 0.044216 0.169569 0.049302 
0.002628 0.004373 0.003931 0.005435 0.005547 0.199433 0.004915 0.004780 0.003142 0.001463 0.000471 0.000145 0.000075 0.000109 0.000423 0.000967 0.001602 0.003853 0.004014 0.028648 0.010481 0.013006 0.055855 0.024448 0.023831 0.020274 0.019099 0.018686 0.005479 0.007114 0.008460 0.009746 0.312694 0.251797 0.251971 2.045672 0.046062 0.045851 0.171456 0.050221 
0.154414 0.007973 0.007686 0.012982 0.015496 0.048326 0.047603 0.153401 0.002289 0.002074 0.000977 0.000450 0.000247 0.000283 0.000788 0.001494 0.002054 0.004297 0.005489 0.005572 0.005562 0.005925 0.099465 0.027036 0.028359 0.020688 0.020159 0.032067 0.005468 0.005257 0.006616 0.007909 0.313062 0.029434 0.028161 0.005429 0.011674 0.018119 0.025139 0.173036 
0.207174 0.008883 0.008398 0.020875 0.023549 0.048482 0.048516 0.135610 0.003653 0.003378 0.002356 0.001659 0.000966 0.000923 0.001710 0.002128 0.002415 0.005675 0.005596 0.005579 0.005569 0.010110 0.011523 0.105862 0.033886 0.029361 0.025134 0.874619 0.003992 0.003844 0.003972 0.004030 0.292892 0.009747 0.009690 0.005224 0.008640 0.015575 0.031485 0.108347 
0.215021 0.304304 0.472896 0.341428 0.341390 0.516789 0.136246 0.168353 0.005529 0.005278 0.005687 0.004910 0.002557 0.002224 0.002923 0.003222 0.164863 0.005932 0.005649 0.005664 0.005755 0.011553 0.011777 0.233492 0.270405 0.270601 1.362861 0.013452 0.004001 0.003828 0.004122 0.005079 0.005871 0.005196 0.004453 0.003810 0.005834 0.012357 0.031538 0.108446 
0.205109 0.182988 0.020146 0.022760 0.019647 0.013450 0.119150 0.097840 0.005732 0.005327 0.008097 0.007322 0.002606 0.003568 0.004028 0.004305 0.139721 0.005934 0.005685 0.005841 0.397258 0.011516 0.011432 0.139819 0.016828 0.016734 0.006908 0.008422 0.006927 0.005813 0.008095 0.008551 0.005815 0.004932 0.004864 0.004013 0.005726 0.005789 0.320292 0.230862 
0.205143 0.183028 0.019015 0.014703 0.011626 0.011782 0.310327 0.011800 0.011847 0.248740 0.733445 0.733442 0.241318 0.004484 0.004437 0.004422 0.003461 0.005078 0.005489 0.005646 0.116396 0.011046 0.010883 0.005937 0.009218 0.009016 0.006656 0.008341 0.007157 0.006538 0.014127 0.014537 0.005892 0.006399 0.006602 2.239729 0.005309 0.005106 0.002786 0.005597 
0.217212 0.651403 0.005414 0.005314 0.004636 0.005449 0.004634 0.009818 0.009414 0.003462 0.008017 0.009505 0.007345 0.004687 0.004342 0.003417 0.003179 0.003857 0.004830 0.004903 0.116522 0.011060 0.010992 0.005842 0.004212 0.004088 0.005451 0.008453 0.085682 0.722325 0.516657 0.516652 0.678882 0.005594 0.005518 0.002684 0.003706 0.003016 0.002723 0.004520 
0.197338 0.003920 0.004294 0.003007 0.003009 0.004089 0.004467 0.005174 0.004696 0.003412 0.005608 0.007096 0.007298 2.233859 0.002793 0.002590 0.002749 0.003741 0.004907 0.007741 0.009584 0.010490 0.011195 0.006316 0.003737 0.003133 0.003336 2.229658 0.009545 0.009369 0.015549 0.013732 0.003778 0.004188 0.003527 0.002480 0.001893 0.001192 0.001043 0.001486 
0.147966 0.003788 0.003484 0.002870 0.003920 0.004638 0.005364 0.003956 0.002948 0.002168 0.002418 0.003066 0.003729 0.001801 0.002573 0.002207 0.003074 0.003152 0.506215 0.009594 0.009518 0.009721 2.238794 0.005741 0.004760 0.003971 0.004821 0.006981 0.008537 0.008648 0.009543 0.007743 0.003701 0.003134 0.002776 0.002369 0.001528 0.000834 0.000517 0.000523 
0.002516 0.003363 0.002563 0.002891 0.003456 0.078377 0.005482 0.004094 0.003695 0.002791 0.002065 0.001583 0.001712 0.001598 0.001530 0.002081 0.005374 0.008867 0.439096 0.014127 0.010689 0.008667 0.008550 2.233935 0.005281 0.005079 0.005262 0.006779 0.008328 0.008948 0.006529 0.004334 0.003180 0.003575 0.002979 0.003587 0.002690 0.001916 0.001216 0.001033 
0.002204 0.001795 0.001500 0.002345 0.002485 0.146704 0.174825 0.147098 0.003137 0.002994 0.003193 0.002121 0.001215 0.000819 0.000750 0.001754 0.005318 0.008821 0.439039 0.014355 0.010786 0.008017 0.008028 0.008174 0.005701 0.005286 0.005492 0.006944 0.007509 0.275260 0.005010 0.004698 0.004496 0.004698 2.227599 0.003095 0.002892 0.004076 0.003346 0.002666 
0.000819 0.000659 0.000957 0.002260 0.002827 0.076403 0.004714 0.003986 0.004189 2.235137 0.003538 0.003335 0.001954 0.000891 0.000612 0.001339 0.003065 0.003154 0.131087 0.130053 0.166117 0.007622 0.007526 0.007972 0.087484 0.200528 0.199083 0.189740 0.078614 0.078591 0.006676 0.006399 0.006352 0.004901 0.007352 0.007554 2.227390 0.006170 0.005968 0.002983 
0.000197 0.000197 0.000491 0.001542 0.003055 0.002603 0.004423 0.003844 0.004475 0.004911 0.005621 0.003383 0.002889 0.001683 0.001208 0.002072 0.003357 0.004027 0.003797 0.003340 0.002353 0.004884 0.009520 0.020922 0.172406 0.021103 0.009898 0.004482 0.004561 0.005879 0.007339 0.006447 0.006650 2.232762 0.007150 0.006946 0.002765 0.005727 0.006037 0.155762 
0.000036 0.000049 0.000171 0.000613 0.001485 0.002018 0.002077 0.001840 0.002825 0.004708 0.004756 0.241303 0.003013 0.002965 0.002533 0.003622 0.003665 0.004488 0.003713 0.003066 0.002249 0.003168 0.008249 0.019624 0.172708 0.020891 0.009669 0.004313 0.004162 0.005598 0.005647 0.244663 0.008353 0.008305 0.005887 0.003953 0.002562 0.003336 0.004471 0.003582 
0.000006 0.000011 0.000049 0.000190 0.000505 0.000790 0.000716 0.000814 0.002132 0.005615 0.008035 0.733089 0.008134 0.005721 0.003963 0.004264 0.153808 0.003488 0.003180 0.001960 0.001275 0.001704 0.003839 0.004385 0.299684 0.005209 0.004665 0.002545 0.002992 0.006057 0.008472 0.730188 0.010516 0.008103 0.003920 0.001809 0.001180 0.001449 0.002483 0.003271 
