0.002530 0.003184 0.003526 0.125865 0.006758 0.006421 0.004666 0.002827 0.001558 0.000765 0.000414 0.000454 0.000854 0.001300 0.002023 0.002029 0.002131 0.047877 0.047892 0.048500 0.052149 0.002096 0.002028 0.001358 0.000898 0.000876 0.001356 0.002077 0.002840 0.003630 0.004689 0.006110 0.006411 0.187518 0.006310 0.006010 0.005317 0.005590 0.006384 0.016407 
0.002242 0.002757 0.002791 0.176403 0.006578 0.006544 0.004825 0.002939 0.001881 0.001051 0.000623 0.000603 0.000777 0.001095 0.001869 0.001880 0.021997 0.047993 0.048002 0.079662 0.022605 0.002103 0.001906 0.001259 0.000902 0.000932 0.001445 0.002185 0.003243 0.004211 0.005534 0.007712 0.009951 0.082056 0.009760 0.007541 0.005888 0.005445 0.005695 0.129608 
0.002438 0.003150 0.004162 0.005636 0.006805 0.006954 1.772910 0.002682 0.002523 0.001636 0.001058 0.000910 0.000870 0.000985 0.001634 0.001714 0.001570 0.060739 0.086803 0.062855 0.036683 0.001867 0.001817 0.001208 0.000915 0.001031 0.001551 0.002238 0.045372 0.004698 0.005634 0.007904 0.010067 0.082003 0.009868 0.007957 0.006478 0.005953 0.006564 0.008408 
0.003320 0.004135 0.005365 0.005602 0.084184 0.155407 0.006305 0.005025 0.003711 0.002383 0.001488 0.001204 0.001119 0.001097 0.001334 0.001483 0.001528 0.032072 0.110910 0.033893 0.001777 0.001770 0.001702 0.001140 0.000946 0.001098 0.001561 0.001808 0.071306 0.046175 0.115256 0.115333 0.745974 0.131790 0.132465 0.006855 0.006754 0.006557 0.007008 0.008167 
0.004551 0.005451 0.007266 0.007660 0.081925 0.033557 0.006205 0.005154 0.003878 0.002766 0.001899 0.001412 0.001230 0.001201 0.001226 0.001291 0.001352 0.011396 0.104797 0.015017 0.001737 0.001701 0.001607 0.001120 0.000964 0.001194 0.001572 0.001730 0.212521 0.053929 0.066609 0.006168 0.006061 0.005705 0.005579 0.006879 0.007095 0.006899 0.007071 0.008273 
0.005233 0.005587 0.008770 0.008908 0.374837 0.043453 0.043482 0.924752 0.003008 0.002866 0.002068 0.001833 0.037417 0.076415 0.001247 0.001272 0.001309 0.003358 0.107839 0.006048 0.001699 0.001643 0.001531 0.001085 0.001026 0.001226 0.001566 0.001667 0.002848 0.030879 0.023968 0.005956 0.005946 0.005453 0.005477 0.123164 0.189849 0.189885 0.570808 0.055956 
0.035653 1.204010 0.045479 0.045350 0.040937 0.042815 0.013869 0.013667 0.013538 0.011183 0.005778 0.003711 0.021981 0.027745 0.029569 0.001302 0.001312 0.002011 0.093003 0.003351 0.001648 0.001546 0.001385 0.001086 0.001043 0.001302 0.001750 0.003077 0.005458 0.005464 0.005474 0.005560 0.005544 0.004718 0.004261 0.004086 0.006187 0.008037 0.008605 0.016450 
0.033790 0.014526 0.015494 0.016578 0.016574 0.255696 0.013567 0.013539 0.013514 0.013289 0.011247 0.008230 0.014331 0.020159 0.018585 0.008404 0.002595 0.002411 0.075418 0.002140 0.001600 0.001533 0.001502 0.009606 0.001259 0.001307 0.002086 0.004015 0.005454 0.005451 0.005427 0.005032 0.005003 0.003894 0.003507 0.004060 0.005842 0.007694 0.008542 0.016526 
0.119061 0.014384 0.014123 0.015099 0.015146 0.017491 0.013538 0.013523 0.013516 0.013358 0.012311 0.010529 0.012174 0.015200 0.017596 0.011436 0.005486 0.014484 0.071663 0.001837 0.001598 0.001535 0.001525 0.011861 0.025868 0.024390 0.021180 0.040034 0.005491 0.005488 0.024970 0.004757 0.004746 0.003499 0.003132 0.003515 0.004530 0.005593 0.005840 0.129061 
0.099168 0.010998 0.010714 0.011875 0.013825 0.017455 0.013547 0.013549 0.044986 0.012443 0.012325 0.011340 0.011834 0.012469 0.025628 0.010546 0.005721 0.022747 0.050539 0.011702 0.011546 0.001536 0.001534 0.011243 0.016428 0.007158 0.007482 0.004228 0.004218 0.004224 0.004238 0.004446 0.004282 0.003340 0.003174 0.003552 0.003565 0.003846 0.003645 0.002426 
0.003252 0.005766 0.006465 0.006561 0.052240 0.165874 0.013721 0.013606 0.010990 0.011937 0.012201 0.011699 0.011776 0.012086 0.012071 0.012051 0.007267 0.013861 0.033380 0.013644 0.002619 0.001538 0.001537 0.004312 0.021967 0.006701 0.006645 0.004213 0.004213 0.004215 0.004181 0.004189 0.003918 0.003320 0.003331 0.089495 0.002951 0.002912 0.002624 0.002171 
0.002926 0.003718 0.004359 0.004943 0.005130 0.005204 0.006673 0.010659 0.010725 0.032629 0.013086 0.012186 0.011929 0.012008 0.012031 0.012034 0.028095 0.017449 0.026969 0.014296 0.001931 0.001540 0.001540 0.006021 0.011543 0.007649 0.017982 0.004219 0.004223 0.021182 0.004083 0.004066 0.003700 0.003314 0.003335 0.018795 0.002369 0.002338 0.001941 0.001597 
0.002607 0.002977 0.003562 0.004456 0.005036 0.005105 0.050401 0.032532 0.022780 0.049778 0.051785 0.026054 0.017133 0.014219 0.013172 0.012399 0.012668 0.027823 0.021970 0.015505 0.022094 0.001548 0.001545 0.006329 0.011457 0.024173 0.011514 0.016918 0.010120 0.010983 0.004010 0.003923 0.003568 0.003307 0.003334 0.049069 0.001945 0.001918 0.001434 0.001112 
0.002945 0.003155 0.003595 0.004363 0.004993 0.005086 0.058452 0.053440 0.042592 0.042730 0.063166 0.049351 0.031802 0.020552 0.017136 0.014040 0.013029 0.015834 0.018845 0.016497 0.039976 0.001563 0.001552 0.006899 0.008022 0.006646 0.007141 0.007214 0.009933 0.022310 0.003749 0.003696 0.003442 0.003270 0.003181 0.001705 0.001752 0.001570 0.001210 0.000972 
0.004026 0.004060 0.102749 0.004986 0.005005 0.005050 0.013947 0.013345 0.019453 0.025060 0.028271 0.029546 0.029773 0.027757 0.022906 0.021995 0.029504 0.017915 0.017562 0.015458 0.014395 0.001575 0.001574 0.005905 0.005952 0.005729 0.005749 0.005585 0.005421 0.004195 0.003729 0.003696 0.003469 0.003448 0.027252 0.001664 0.001660 0.001380 0.001224 0.001199 
0.005525 0.005660 0.071517 0.005207 0.005088 0.005093 0.007044 0.007540 0.042890 0.037206 0.035381 0.034386 0.033653 0.032758 0.030527 0.027440 0.030145 0.031268 0.031640 0.030610 0.011483 0.006427 0.031850 0.005747 0.005752 0.005675 0.005634 0.005517 0.005416 0.004418 0.004149 0.014766 0.001670 0.001586 0.001585 0.001606 0.001566 0.001474 0.001504 0.001606 
0.006412 0.006451 0.150211 0.005207 0.005153 0.005129 0.005709 0.006805 0.041211 0.039603 0.038836 0.038114 0.037364 0.036586 0.035698 0.033316 0.032794 0.032549 0.032395 0.032251 0.011393 0.008893 0.011621 0.005738 0.005748 0.005645 0.005599 0.005549 0.013702 0.001761 0.001744 0.001633 0.001611 0.001580 0.001578 0.001575 0.001536 0.001495 0.001532 0.001666 
0.006680 0.006643 0.028106 0.005301 0.005282 0.041132 0.023353 0.036762 0.039448 0.039485 0.038909 0.038456 0.037962 0.037429 0.036870 0.035677 0.034739 0.034148 0.033719 0.033360 0.028283 0.009827 0.011470 0.011331 0.036649 0.008777 0.008601 0.008406 0.007448 0.002188 0.002312 0.001639 0.001632 0.001629 0.001628 0.001632 0.001639 0.001654 0.001762 0.089823 
0.139024 0.054259 0.032457 0.025852 0.018860 0.014603 0.017941 0.017440 0.026625 0.026635 0.041591 0.038178 0.037987 0.037684 0.037336 0.036736 0.035974 0.035149 0.034614 0.034144 0.033559 0.172279 0.054855 0.060431 0.010371 0.009799 0.010046 0.010081 0.010209 0.010542 0.012056 0.013459 0.017573 0.017576 0.019031 0.019068 0.019115 0.019174 0.019263 0.019396 
0.103195 0.002597 0.002434 0.002383 0.002372 0.010817 0.015677 0.016500 0.024386 0.025491 0.025247 0.029398 0.037082 0.037495 0.037369 0.036972 0.056541 0.072970 0.051371 0.043096 0.037850 0.027416 0.022010 0.016606 0.011656 0.012146 0.013308 0.013857 0.015477 0.017888 0.022225 0.031586 0.017861 0.018126 0.019038 0.019073 0.019119 0.019178 0.019267 0.019361 
0.002514 0.002307 0.002315 0.002325 0.002330 0.017079 0.015618 0.015786 0.035984 0.025278 0.025069 0.025176 0.042172 0.037474 0.037274 0.036942 0.048287 0.052834 0.052252 0.048857 0.043977 0.045911 0.046146 0.046187 0.046715 0.052429 0.017584 0.018066 0.019246 0.020033 0.020952 0.020832 0.017747 0.017705 0.017585 0.017329 0.017281 0.017294 0.035552 0.017805 
0.002296 0.002244 0.002305 0.002319 0.002330 0.005573 0.007456 0.007976 0.013619 0.016444 0.020422 0.024445 0.029851 0.030942 0.030982 0.030252 0.029133 0.027911 0.052517 0.055850 0.064690 0.041597 0.040603 0.038585 0.036951 0.037932 0.042142 0.042421 0.045299 0.051050 0.030053 0.036664 0.017316 0.017315 0.017320 0.017326 0.017333 0.017343 0.017348 0.017291 
0.001879 0.002035 0.002310 0.002311 0.014943 0.012954 0.013497 0.014623 0.017256 0.021651 0.026201 0.029622 0.031041 0.031437 0.030982 0.029682 0.028050 0.026496 0.084169 0.059510 0.069265 0.214734 0.048024 0.043354 0.033612 0.026491 0.023623 0.021376 0.021053 0.021013 0.017421 0.017316 0.017312 0.017315 0.017320 0.017326 0.017334 0.017344 0.017350 0.017302 
0.001854 0.001944 0.002018 0.002178 0.004843 0.017855 0.012694 0.014821 0.019532 0.025305 0.029828 0.032257 0.032763 0.031899 0.030343 0.027947 0.026031 0.024326 0.052316 0.039782 0.082129 0.043394 0.071259 0.076064 0.054765 0.078629 0.049982 0.025244 0.025782 0.039073 0.017359 0.017311 0.017310 0.017305 0.017311 0.017309 0.017275 0.040761 0.017996 0.018018 
0.002269 0.002535 0.002893 0.004528 0.005326 0.009515 0.011111 0.015944 0.022702 0.029452 0.033490 0.034455 0.033196 0.031050 0.028668 0.025354 0.023838 0.022289 0.019851 0.026833 0.022893 0.029645 0.063393 0.029024 0.031682 0.043100 0.022090 0.020898 0.028081 0.013173 0.014158 0.016669 0.027559 0.016102 0.016798 0.017054 0.016420 0.016455 0.089829 0.025723 
0.002522 0.004215 0.005761 0.007883 0.007955 0.041482 0.012876 0.022525 0.031863 0.037059 0.037939 0.035466 0.031785 0.028577 0.025512 0.021293 0.021898 0.020958 0.017956 0.035246 0.020593 0.029783 0.038036 0.025851 0.023188 0.023622 0.022532 0.019521 0.009007 0.009814 0.012497 0.013954 0.013999 0.014028 0.014066 0.030116 0.016437 0.016457 0.100828 0.026089 
0.127400 0.008329 0.008126 0.008399 0.008415 0.008785 0.008863 0.047221 0.042975 0.041757 0.038755 0.032891 0.027952 0.024738 0.021283 0.016299 0.022545 0.020329 0.014550 0.011934 0.014099 0.030008 0.057749 0.029741 0.022408 0.025926 0.027055 0.029162 0.008994 0.008917 0.011283 0.013956 0.014014 0.014078 0.014214 0.014810 0.015645 0.016574 0.017203 0.134935 
0.133592 0.008888 0.008356 0.008742 0.008851 0.008871 0.008903 0.038075 0.040443 0.040610 0.035429 0.026921 0.022503 0.020113 0.015999 0.010725 0.028198 0.018879 0.012716 0.010963 0.017628 0.037971 0.028577 0.040110 0.019453 0.020774 0.026244 0.024764 0.009122 0.007712 0.005757 0.006148 0.035451 0.014046 0.014062 0.014767 0.015068 0.016578 0.017640 0.021372 
0.141098 0.213543 0.172520 0.039573 0.038830 0.069016 0.015878 0.097554 0.041693 0.040633 0.028622 0.018451 0.016705 0.015353 0.009806 0.005952 0.041333 0.015911 0.010083 0.008880 0.028629 0.038927 0.022199 0.023433 0.018803 0.020833 0.034386 0.025438 0.013842 0.008448 0.005637 0.007190 0.010382 0.012990 0.013027 0.013238 0.013479 0.016190 0.017704 0.021242 
0.128490 0.028066 0.011520 0.011463 0.011059 0.010770 0.013328 0.049473 0.029305 0.037504 0.014844 0.009351 0.012908 0.010507 0.004372 0.003245 0.023087 0.009679 0.006186 0.007374 0.049317 0.039389 0.016613 0.028389 0.018117 0.021473 0.023922 0.021982 0.018961 0.010877 0.004867 0.005569 0.009663 0.009687 0.012710 0.012823 0.003708 0.003793 0.410461 0.031042 
0.128474 0.028103 0.011278 0.010883 0.010452 0.010481 0.062662 0.005196 0.005180 0.032141 0.003855 0.003782 0.016180 0.002915 0.002875 0.002878 0.002914 0.002934 0.002942 0.009841 0.041935 0.035518 0.009192 0.010161 0.012428 0.019248 0.024742 0.026600 0.025794 0.015416 0.004599 0.004583 0.009163 0.003110 0.003114 0.070792 0.002955 0.002947 0.002704 0.002870 
0.140186 0.483082 0.007498 0.007426 0.007203 0.006900 0.005198 0.005002 0.004587 0.004266 0.004030 0.003484 0.003330 0.003010 0.002877 0.002881 0.002923 0.002949 0.002956 0.014190 0.045447 0.031265 0.008366 0.008156 0.008275 0.009903 0.018317 0.029275 0.039013 0.032126 0.004600 0.004572 0.031078 0.003086 0.003030 0.002600 0.003024 0.002888 0.002626 0.002742 
0.124412 0.003976 0.004748 0.004857 0.005002 0.005369 0.005101 0.004799 0.004401 0.004248 0.003870 0.003252 0.003242 0.017286 0.002878 0.002886 0.002953 0.002979 0.002975 0.020008 0.022659 0.020880 0.008347 0.007877 0.007677 0.005198 0.005199 0.019464 0.004978 0.004969 0.004608 0.004323 0.004014 0.003883 0.003068 0.002591 0.002460 0.002147 0.001926 0.001962 
0.121794 0.003878 0.003637 0.003706 0.004230 0.005801 0.005050 0.004696 0.004167 0.003760 0.003233 0.002990 0.002854 0.002780 0.002833 0.002895 0.003000 0.003030 0.037786 0.018868 0.022721 0.017592 0.013292 0.008589 0.009195 0.005198 0.005192 0.005186 0.005031 0.005044 0.004935 0.004548 0.004013 0.003921 0.003365 0.002698 0.002251 0.001865 0.001586 0.001483 
0.001923 0.002623 0.002773 0.002984 0.003456 0.067867 0.005253 0.004809 0.003801 0.003486 0.003054 0.002874 0.002779 0.002776 0.002875 0.002994 0.003110 0.003194 0.029891 0.012707 0.023249 0.003083 0.003126 0.020210 0.012922 0.005219 0.005203 0.005201 0.005193 0.005344 0.005435 0.005315 0.004643 0.004275 0.003520 0.002823 0.002477 0.002302 0.002031 0.001783 
0.001672 0.001864 0.002034 0.002305 0.002421 0.123126 0.110011 0.125186 0.003742 0.003634 0.002867 0.002716 0.002685 0.002791 0.003051 0.003181 0.003242 0.003221 0.030346 0.009883 0.024296 0.003044 0.003162 0.003251 0.052264 0.026325 0.018612 0.033903 0.036336 0.042861 0.005646 0.005589 0.005150 0.005304 1.737930 0.002794 0.002639 0.003085 0.002956 0.002492 
0.001055 0.001159 0.001424 0.001882 0.002340 0.064402 0.003212 0.003369 0.003519 1.677896 0.002751 0.002601 0.002675 0.002919 0.003249 0.003351 0.003326 0.003183 0.032234 0.006725 0.030593 0.002930 0.003103 0.003244 0.201642 0.021217 0.005614 0.032113 0.023444 0.063739 0.005964 0.005749 0.005556 0.005465 0.004782 0.004944 1.815848 0.003882 0.003720 0.002745 
0.000517 0.000621 0.000921 0.001432 0.001921 0.002224 0.002849 0.003251 0.003721 0.004323 0.003698 0.002635 0.002847 0.003185 0.003529 0.003574 0.003365 0.003084 0.003086 0.002887 0.002796 0.002771 0.003143 0.003214 0.005856 0.005457 0.005438 0.005164 0.005090 0.005507 0.005790 0.005783 0.005944 1.811184 0.004627 0.004466 0.003400 0.003896 0.004144 0.129166 
0.000211 0.000294 0.000529 0.000945 0.001405 0.001761 0.002188 0.002642 0.003382 0.004174 0.004207 0.173440 0.003642 0.003610 0.003795 0.003812 0.003525 0.003080 0.003074 0.002861 0.002772 0.002753 0.003230 0.003261 0.005831 0.005459 0.005445 0.005137 0.004990 0.005287 0.005322 0.176835 0.006823 0.006789 0.005292 0.004131 0.003238 0.003361 0.003583 0.003458 
0.000090 0.000148 0.000310 0.000608 0.000974 0.001287 0.001611 0.002127 0.003113 0.004229 0.004571 0.126768 0.004657 0.004318 0.004029 0.004074 0.098659 0.003127 0.003080 0.002790 0.002717 0.002735 0.003258 0.003292 0.060651 0.005671 0.005648 0.004832 0.004660 0.005255 0.005594 0.126642 0.006967 0.006628 0.005089 0.003591 0.002723 0.002739 0.003065 0.003209 
