0.002155 0.004028 0.005159 0.389801 0.008617 0.007491 0.004418 0.002326 0.001047 0.000366 0.000129 0.000162 0.000538 0.001717 0.003881 0.004865 0.312516 0.047312 0.046467 0.047154 0.181361 0.002943 0.002711 0.001329 0.000505 0.000451 0.001020 0.001970 0.002654 0.003060 0.003571 0.005474 0.005936 0.274655 0.005466 0.005004 0.004023 0.006020 0.007476 0.020310 
0.001530 0.002597 0.002637 0.201227 0.007741 0.007702 0.004594 0.002718 0.001555 0.000632 0.000261 0.000281 0.000582 0.001320 0.002492 0.002535 0.212800 0.049095 0.049080 0.447898 0.078196 0.003443 0.002835 0.001369 0.000581 0.000693 0.001531 0.002531 0.003100 0.004223 0.005270 0.009302 0.014669 0.160976 0.013790 0.008421 0.004612 0.004415 0.004696 0.141449 
0.001489 0.002526 0.004058 0.005750 0.007993 0.008158 1.941210 0.002606 0.002429 0.001142 0.000603 0.000716 0.001049 0.001503 0.002237 0.003049 0.004072 0.004785 0.097300 0.048268 0.403024 0.002210 0.002081 0.001065 0.000590 0.000927 0.001855 0.002311 0.053663 0.004860 0.005404 0.009558 0.014798 0.160849 0.013921 0.009295 0.005660 0.004871 0.005979 0.009093 
0.002479 0.003361 0.005444 0.005711 0.092742 0.173718 0.010388 0.008667 0.005001 0.002134 0.001309 0.001629 0.001956 0.002237 0.002622 0.003183 0.004030 0.004220 0.271328 0.003719 0.003498 0.002650 0.001682 0.000865 0.000631 0.001060 0.001960 0.002085 0.177816 0.138065 0.149484 0.149560 0.815121 0.145014 0.145646 0.007074 0.006961 0.006436 0.006646 0.008828 
0.004622 0.005418 0.009210 0.009654 0.090291 0.048607 0.010294 0.008731 0.005289 0.002747 0.002141 0.002510 0.002239 0.002519 0.003318 0.003796 0.004257 0.004503 0.142418 0.003620 0.003371 0.002306 0.001437 0.001000 0.000974 0.001383 0.002395 0.002968 0.065236 0.039910 0.144743 0.006704 0.006335 0.005687 0.005546 0.007103 0.008069 0.007545 0.006744 0.009077 
0.005404 0.005570 0.013202 0.013356 0.412678 0.062523 0.062580 0.454534 0.002536 0.002472 0.002475 0.002756 0.139555 0.143300 0.003583 0.005539 0.005915 0.006122 0.142592 0.003151 0.002935 0.002109 0.001782 0.001587 0.001870 0.002163 0.003546 0.007273 0.016038 0.016366 0.548533 0.006507 0.006207 0.005404 0.005433 0.143133 0.561368 0.561428 0.883178 0.119535 
0.039034 1.315107 0.101745 0.101602 0.050163 0.061387 0.013099 0.012708 0.005112 0.002828 0.002666 0.004152 0.006719 0.006785 0.239607 0.008848 0.008805 0.009266 0.011077 0.004302 0.003708 0.002749 0.002601 0.001601 0.002915 0.003194 0.004390 0.008216 0.015659 0.017708 0.358419 0.008545 0.006483 0.004363 0.003792 0.003571 0.007557 0.011732 0.013910 0.034013 
0.036903 0.014942 0.018411 0.021546 0.021593 0.772288 0.012738 0.012648 0.005587 0.002971 0.002421 0.003778 0.006446 0.006715 0.071420 0.010279 0.010015 0.009443 0.010834 0.004901 0.004320 0.003412 0.003424 0.152393 0.003410 0.003416 0.004804 0.008585 0.018012 0.020078 0.358358 0.007458 0.005395 0.003149 0.002706 0.003541 0.006446 0.010622 0.013810 0.034034 
0.130528 0.014775 0.014494 0.017607 0.019790 0.114848 0.028153 0.025937 0.005746 0.003397 0.002610 0.003119 0.005066 0.005336 0.071254 0.010395 0.010246 0.050309 0.007134 0.004931 0.004322 0.003682 0.003637 0.003979 0.055095 0.324805 0.298910 0.307217 0.206681 0.206570 0.275153 0.003251 0.003200 0.002160 0.002146 0.002780 0.003993 0.005504 0.005785 0.141735 
0.108137 0.009971 0.009656 0.013015 0.019602 0.114751 0.104167 0.104314 1.749124 0.003296 0.003137 0.002786 0.003261 0.003276 0.071693 0.010441 0.010449 0.074267 0.006945 0.006798 0.028091 0.003688 0.003683 0.003974 0.059090 0.087482 0.087381 0.076868 0.079720 0.116063 0.022871 0.008722 0.003517 0.002232 0.002348 0.002838 0.003107 0.003473 0.003558 0.002500 
0.003009 0.005048 0.005374 0.005660 0.144766 0.188521 0.071277 0.071049 0.072146 0.003540 0.003844 0.003191 0.002804 0.003036 0.003411 0.003418 0.009121 0.008655 0.006939 0.006906 0.003883 0.003705 0.003703 0.003764 0.101016 0.087366 0.087357 0.076559 0.078113 0.116141 0.022822 0.008735 0.003452 0.002618 0.002677 0.132834 0.002889 0.002830 0.002502 0.002216 
0.002647 0.003065 0.003565 0.004664 0.005587 0.006191 0.071211 0.071829 0.072008 0.392737 0.003649 0.003409 0.002750 0.002814 0.003397 0.003401 0.038957 0.007735 0.006965 0.006951 0.003883 0.003721 0.003721 0.003757 0.014487 0.059054 0.124305 0.076648 0.076775 0.544390 0.004475 0.004354 0.003025 0.003331 0.003571 0.130579 0.002939 0.002697 0.001760 0.001292 
0.001981 0.002301 0.002866 0.004108 0.005307 0.005690 0.203424 0.121072 0.120979 0.133713 0.036316 0.002951 0.002672 0.002719 0.003162 0.003361 0.003358 0.024252 0.006993 0.006992 0.033030 0.003739 0.003732 0.003762 0.003978 0.102965 0.038892 0.104106 0.053565 0.052528 0.004852 0.004464 0.003556 0.003804 0.003862 0.132488 0.002037 0.001977 0.001119 0.000663 
0.002345 0.002657 0.002917 0.004250 0.005048 0.005334 0.141899 0.099011 0.101047 0.097450 0.442104 0.002975 0.002762 0.002727 0.002928 0.003311 0.003348 0.005425 0.007010 0.007024 0.066271 0.003902 0.003970 0.005760 0.009727 0.010322 0.010332 0.010320 0.010361 0.143720 0.004879 0.004848 0.004617 0.004768 0.004041 0.002448 0.002479 0.001693 0.000872 0.000550 
0.003685 0.003735 0.146673 0.005812 0.005764 0.006892 0.009783 0.032122 0.100958 0.046801 0.009096 0.005722 0.004207 0.003458 0.003063 0.003072 0.014877 0.006716 0.007044 0.007054 0.034827 0.003976 0.004024 0.010217 0.010225 0.010304 0.010306 0.010308 0.010312 0.010314 0.006358 0.004946 0.005583 0.005762 1.991646 0.002388 0.002209 0.001431 0.001026 0.000993 
0.005902 0.006288 0.189978 0.007051 0.006668 0.007238 0.009469 0.009936 0.229119 0.012208 0.008619 0.006825 0.005373 0.004473 0.003575 0.003351 0.003820 0.003860 0.003865 0.004577 0.031264 0.012886 0.022599 0.010283 0.010281 0.010304 0.010307 0.010310 0.010317 0.010377 0.010457 1.084377 0.004659 0.004561 0.002133 0.002178 0.001751 0.001474 0.001723 0.001898 
0.006776 0.006827 0.150228 0.007042 0.006992 0.007321 0.009709 0.010042 0.164356 0.008663 0.007991 0.007436 0.006538 0.005711 0.004683 0.003986 0.003936 0.003913 0.003899 0.003979 0.020269 0.011244 0.010291 0.010285 0.010287 0.010302 0.010304 0.010308 0.048013 0.009812 0.009796 0.002720 0.003569 0.003165 0.001953 0.001528 0.001414 0.001996 0.002586 0.002179 
0.007119 0.007329 0.006693 0.007258 0.007341 0.134516 0.122720 0.190960 0.049484 0.047545 0.008683 0.007686 0.006928 0.006255 0.005450 0.004635 0.004291 0.004161 0.004091 0.004066 0.005355 0.010806 0.010295 0.010295 0.033208 0.008951 0.008700 0.006491 0.006271 0.007144 0.005656 0.002616 0.002494 0.001981 0.001176 0.000968 0.001586 0.003307 0.003595 0.140204 
0.116064 0.006980 0.006643 0.007494 0.007841 0.033027 0.067101 0.066099 0.056077 0.056070 0.098162 0.006829 0.006828 0.006474 0.005968 0.005361 0.004832 0.004385 0.004235 0.004174 0.004368 0.061163 0.020570 0.024142 0.007912 0.007991 0.007177 0.006237 0.006161 0.006081 0.004665 0.002610 0.002152 0.001678 0.000915 0.000947 0.002592 0.007196 0.011801 0.033887 
0.113386 0.005790 0.005458 0.006378 0.006736 0.033046 0.067001 0.066027 0.056235 0.055828 0.008057 0.007613 0.006934 0.006523 0.006045 0.005491 0.017224 0.027543 0.010662 0.007384 0.004948 0.033212 0.015366 0.013532 0.007838 0.007692 0.006349 0.006084 0.005975 0.005757 0.005157 0.061189 0.001742 0.001697 0.001026 0.001114 0.002869 0.007194 0.011857 0.033786 
0.002715 0.003775 0.003780 0.004411 0.004471 0.247731 0.056900 0.056968 0.810130 0.007610 0.007239 0.007244 0.015298 0.002886 0.002918 0.003052 0.003124 0.002487 0.007851 0.008837 0.013486 0.018329 0.016718 0.017341 0.018478 0.027199 0.011206 0.011182 0.014108 0.016545 0.023663 0.020282 0.002123 0.002078 0.001305 0.001272 0.002180 0.002238 0.287681 0.065182 
0.002363 0.002476 0.002736 0.003552 0.004651 0.008161 0.008177 0.006502 0.005000 0.004569 0.004394 0.005134 0.003176 0.002704 0.002429 0.002329 0.002348 0.002444 0.019410 0.023968 0.031993 0.045954 0.027410 0.026866 0.025073 0.024514 0.029838 0.032011 0.037719 0.057239 0.028673 0.102225 0.002671 0.002584 0.001862 0.001974 0.003580 0.006767 0.014991 0.017650 
0.001466 0.001576 0.002045 0.002224 1.984897 0.008102 0.007902 0.006228 0.004845 0.004220 0.003651 0.003358 0.002984 0.002627 0.002373 0.002300 0.002362 0.002528 0.033851 0.029916 0.035018 0.055423 0.028782 0.028780 0.025490 0.021101 0.019871 0.012011 0.011316 0.011274 0.008758 0.008737 0.005629 0.004952 0.003969 0.003365 0.004626 0.006911 0.014939 0.017442 
0.001389 0.001559 0.002303 0.003515 0.004440 0.144808 0.004319 0.004229 0.002876 0.002486 0.002165 0.001912 0.001778 0.001770 0.001905 0.002205 0.002448 0.002740 0.022597 0.019572 0.042853 0.020949 0.037955 0.041109 0.035064 0.057790 0.033718 0.012811 0.011356 0.062068 0.008701 0.008658 0.005682 0.009927 0.009418 0.005510 0.005653 1.452008 0.018901 0.018943 
0.002160 0.002458 0.002901 0.004101 0.004382 0.143505 0.004430 0.004151 0.002606 0.001903 0.001646 0.001563 0.001633 0.001783 0.002072 0.002494 0.002731 0.003129 0.003316 0.005413 0.009856 0.015429 0.034995 0.014643 0.017431 0.034754 0.014820 0.014772 0.043981 0.008941 0.008966 0.009016 0.264099 0.017140 0.017087 0.005697 0.007131 0.030410 0.154335 0.030923 
0.002447 0.004346 0.004726 0.006176 0.006272 0.172713 0.004452 0.004341 0.002855 0.001738 0.001459 0.001530 0.001762 0.002000 0.002447 0.002904 0.003099 0.003577 0.003657 0.020143 0.009929 0.015638 0.026330 0.010866 0.009967 0.013793 0.014835 0.014110 0.005526 0.008664 0.008636 0.008806 0.060188 0.153540 0.153721 1.903119 0.031605 0.031423 0.153439 0.031466 
0.141647 0.008325 0.008063 0.011532 0.012748 0.033123 0.032601 0.141263 0.002281 0.002085 0.001530 0.001756 0.002086 0.002348 0.002957 0.003339 0.003438 0.004091 0.004868 0.005136 0.005040 0.010685 0.039554 0.011735 0.006580 0.011413 0.023256 0.023949 0.005426 0.005544 0.006400 0.006591 0.060183 0.017850 0.017623 0.006793 0.010540 0.016304 0.018763 0.154544 
0.190120 0.009132 0.008588 0.015744 0.017040 0.033230 0.033226 0.122626 0.003594 0.003348 0.002741 0.002448 0.002580 0.002799 0.003535 0.003736 0.003713 0.005876 0.005342 0.005202 0.005032 0.012889 0.015226 0.050464 0.005918 0.005921 0.013928 0.058382 0.004544 0.004533 0.004638 0.004690 0.265867 0.010135 0.010083 0.006605 0.009261 0.015334 0.020645 0.040728 
0.199318 0.279349 0.363907 0.237702 0.237687 0.414347 0.122593 0.154626 0.005187 0.004958 0.005062 0.004322 0.003150 0.003270 0.003978 0.004059 0.073783 0.007808 0.005302 0.005080 0.005019 0.010945 0.015133 0.028326 0.005884 0.005920 0.063653 0.012781 0.004811 0.004663 0.005006 0.005615 0.006251 0.006100 0.005620 0.004957 0.007130 0.012527 0.020694 0.040590 
0.185349 0.059039 0.015182 0.017679 0.015980 0.012841 0.107274 0.089079 0.005357 0.004998 0.006193 0.005452 0.003187 0.003618 0.004171 0.004223 0.045006 0.008512 0.004826 0.004730 0.083517 0.004764 0.004467 0.052839 0.005853 0.006124 0.007496 0.007802 0.006540 0.006144 0.007780 0.008078 0.006200 0.005430 0.005163 0.005136 0.005567 0.005624 0.292921 0.052666 
0.185331 0.059076 0.014443 0.013391 0.011711 0.011855 0.285407 0.009462 0.009500 0.204180 0.391937 0.391937 0.198669 0.004274 0.004235 0.003991 0.003578 0.003461 0.003504 0.004330 0.068784 0.005812 0.004183 0.004202 0.004423 0.005787 0.007482 0.007741 0.006739 0.006694 0.010966 0.011243 0.006258 0.005955 0.006135 1.996698 0.004635 0.004455 0.002806 0.003890 
0.198074 0.563993 0.006586 0.006500 0.005966 0.006151 0.004875 0.007710 0.007312 0.003884 0.006298 0.007395 0.006483 0.004453 0.004001 0.003525 0.003427 0.003317 0.003523 0.004915 0.079755 0.006418 0.004134 0.004108 0.004106 0.004243 0.005734 0.007858 0.075890 0.580594 0.360968 0.360961 0.511800 0.004884 0.004826 0.002805 0.003363 0.003060 0.002749 0.003658 
0.178186 0.003828 0.004230 0.003752 0.003783 0.004477 0.004723 0.005388 0.004926 0.003843 0.005169 0.006266 0.006444 1.984585 0.002977 0.002798 0.002979 0.003055 0.003683 0.009892 0.009869 0.009844 0.004153 0.004013 0.003991 0.003803 0.003982 1.986657 0.009628 0.009481 0.012400 0.010671 0.004359 0.004092 0.003612 0.002625 0.002149 0.001609 0.001419 0.001749 
0.135305 0.003712 0.003438 0.003194 0.003768 0.004963 0.004938 0.004296 0.003463 0.002768 0.003010 0.003472 0.003526 0.001750 0.002315 0.002492 0.003280 0.003437 1.017647 0.009984 0.009826 0.009836 0.132713 0.004376 0.004578 0.004344 0.004976 0.007019 0.008450 0.008934 0.009228 0.007505 0.004301 0.003470 0.002995 0.002518 0.001849 0.001241 0.000899 0.000870 
0.002206 0.002896 0.002689 0.002870 0.003385 0.073082 0.005117 0.004423 0.003481 0.002813 0.002407 0.002104 0.001968 0.001570 0.001712 0.002505 0.004733 0.006412 0.239750 0.012191 0.010557 0.009116 0.008756 1.650153 0.005178 0.005029 0.005462 0.006840 0.008101 0.009208 0.006902 0.005191 0.003872 0.003656 0.003174 0.003063 0.002530 0.002111 0.001598 0.001319 
0.001923 0.001855 0.001794 0.002299 0.002427 0.135171 0.123022 0.135637 0.003122 0.002992 0.002858 0.002255 0.001557 0.001097 0.001141 0.002197 0.004648 0.006332 0.239629 0.012387 0.010647 0.008596 0.008236 0.008661 0.005567 0.005219 0.005671 0.006991 0.007478 0.254749 0.005305 0.005020 0.004701 0.004880 1.986613 0.002890 0.002710 0.003639 0.003304 0.002555 
0.000927 0.000886 0.001170 0.002025 0.002537 0.070557 0.003895 0.003756 0.003935 1.992902 0.003064 0.002884 0.002026 0.001220 0.001033 0.001789 0.003178 0.003256 0.118225 0.116143 0.154236 0.008218 0.008130 0.008513 0.081494 0.185392 0.183191 0.174600 0.072406 0.072439 0.006329 0.006077 0.005832 0.005059 0.005972 0.006151 1.986454 0.005073 0.004894 0.002842 
0.000306 0.000346 0.000676 0.001525 0.002399 0.002361 0.003569 0.003626 0.004087 0.004710 0.004574 0.002923 0.002643 0.001937 0.001643 0.002307 0.003257 0.003755 0.003646 0.003164 0.002606 0.005536 0.009447 0.015073 0.109188 0.014815 0.009282 0.005145 0.004780 0.005701 0.006508 0.006116 0.006296 1.991387 0.005792 0.005613 0.002981 0.004810 0.005090 0.142908 
0.000079 0.000114 0.000297 0.000783 0.001474 0.001838 0.002151 0.002250 0.003147 0.004530 0.004569 0.198328 0.003187 0.003148 0.002826 0.003347 0.003537 0.003946 0.003570 0.002922 0.002510 0.004003 0.008128 0.013757 0.109392 0.014623 0.009073 0.004991 0.004421 0.005446 0.005486 0.201888 0.007775 0.007736 0.005716 0.004108 0.002801 0.003404 0.004002 0.003482 
0.000019 0.000037 0.000117 0.000337 0.000702 0.000974 0.001059 0.001334 0.002653 0.005046 0.006182 0.392255 0.006288 0.005157 0.004066 0.004340 0.141726 0.003394 0.003114 0.002267 0.001764 0.002445 0.004424 0.004825 0.228102 0.005738 0.005339 0.003509 0.003729 0.005690 0.006819 0.389715 0.008684 0.007556 0.004619 0.002582 0.001731 0.002002 0.002782 0.003201 
