0.001396 0.005099 0.009108 1.009416 0.012065 0.008062 0.003752 0.001761 0.000578 0.000129 0.000025 0.000033 0.000203 0.001228 0.005080 0.009050 0.958689 0.048062 0.044263 0.045413 0.281790 0.003524 0.003154 0.000956 0.000197 0.000151 0.000576 0.001684 0.002716 0.002407 0.002166 0.004273 0.005141 0.479928 0.004590 0.003721 0.002223 0.006748 0.018442 0.092857 
0.000854 0.002460 0.002542 0.407379 0.009374 0.009293 0.004126 0.003065 0.001317 0.000336 0.000078 0.000089 0.000257 0.000823 0.002428 0.002513 0.418374 0.049575 0.049506 0.689924 0.121337 0.004971 0.003942 0.001098 0.000249 0.000373 0.001428 0.003506 0.003466 0.005163 0.004312 0.009664 0.028170 0.304270 0.026744 0.008110 0.002458 0.003321 0.003790 0.215457 
0.000680 0.001941 0.004511 0.005467 0.009775 0.010127 4.063719 0.002577 0.002202 0.000664 0.000237 0.000404 0.000775 0.001069 0.001798 0.003379 0.004557 0.005452 0.124555 0.061842 0.643307 0.002550 0.002341 0.000734 0.000263 0.000688 0.002323 0.003071 0.080575 0.005611 0.004521 0.010074 0.028388 0.304013 0.026942 0.009650 0.003711 0.003345 0.005646 0.009927 
0.001499 0.002115 0.004969 0.005386 0.139704 0.280345 0.027567 0.015139 0.004744 0.001187 0.000710 0.001554 0.002434 0.002564 0.002225 0.002653 0.004473 0.004776 0.422520 0.004667 0.004324 0.003304 0.001462 0.000468 0.000267 0.000753 0.002248 0.002445 0.275831 0.216487 0.229543 0.229993 1.356923 0.221897 0.222103 0.007611 0.007435 0.006432 0.005619 0.009506 
0.005350 0.004480 0.010563 0.011288 0.136635 0.360974 0.027868 0.015249 0.005758 0.002046 0.001833 0.003554 0.002881 0.003012 0.004035 0.003134 0.003781 0.004195 0.217481 0.004534 0.004117 0.002017 0.000896 0.000647 0.000542 0.000905 0.002517 0.003378 0.092423 0.054119 0.223891 0.006896 0.006270 0.006027 0.005818 0.007675 0.011154 0.010149 0.005854 0.011828 
0.008148 0.004742 0.023018 0.023280 0.685313 0.481355 0.481777 0.772516 0.002446 0.002336 0.002636 0.003084 0.214534 0.220179 0.004241 0.005002 0.004661 0.005005 0.215870 0.003077 0.002720 0.001410 0.001473 0.001768 0.001736 0.001473 0.002526 0.006528 0.017147 0.017797 0.965658 0.006612 0.006054 0.005577 0.005640 0.307853 1.281714 1.281861 2.059870 0.948857 
0.095377 2.222546 0.222485 0.222235 0.076155 0.470019 0.013042 0.008891 0.004339 0.002061 0.002056 0.004701 0.008382 0.008799 0.454347 0.009301 0.009213 0.008793 0.014362 0.006413 0.002681 0.002035 0.003101 0.002151 0.004137 0.003333 0.003493 0.006308 0.016571 0.022902 0.724116 0.013318 0.006969 0.003399 0.003682 0.003087 0.009949 0.014753 0.032943 0.194286 
0.090458 0.013440 0.025227 0.029771 0.029891 1.387719 0.008949 0.008785 0.004269 0.002069 0.001326 0.002944 0.007952 0.011748 0.837783 0.030087 0.026348 0.009259 0.014050 0.009944 0.003983 0.003629 0.004012 4.172227 0.004012 0.003618 0.004391 0.007131 0.025206 0.031584 0.724024 0.012380 0.006038 0.001988 0.001914 0.003021 0.006231 0.011035 0.032704 0.193435 
0.209177 0.013121 0.012644 0.017186 0.027905 0.387290 0.036381 0.026108 0.004637 0.003487 0.001871 0.002031 0.005889 0.009683 0.837579 0.076909 0.075855 0.193589 0.020693 0.019939 0.004114 0.005975 0.007989 0.010168 0.102874 0.301110 0.608614 0.638450 0.489086 0.489014 0.591314 0.002754 0.002646 0.001268 0.001618 0.002342 0.003004 0.004238 0.004721 0.216070 
0.162810 0.007855 0.007335 0.012892 0.027974 0.387127 0.121878 0.122208 3.984698 0.003605 0.003238 0.001914 0.002790 0.002881 0.422802 0.142960 0.142825 0.380910 0.397259 0.397297 0.979012 0.008982 0.008853 0.009813 0.102812 0.120233 0.119507 0.056977 0.062855 0.139861 0.024160 0.006179 0.002092 0.001627 0.002581 0.002436 0.003047 0.002911 0.004022 0.003003 
0.003434 0.005158 0.004534 0.004990 0.221284 0.239815 0.045133 0.044780 0.053348 0.003978 0.005294 0.002950 0.002164 0.003313 0.004052 0.012294 0.143100 0.164626 0.165503 0.171390 0.404713 0.019649 0.011174 0.011398 0.765623 0.119650 0.119530 0.056091 0.055108 0.139942 0.024054 0.005343 0.001758 0.002316 0.002412 0.210939 0.002770 0.002675 0.002201 0.002557 
0.002867 0.002412 0.002737 0.004977 0.006352 0.006983 0.045285 0.052626 0.052995 0.633073 0.004815 0.004408 0.002318 0.002283 0.003960 0.004211 2.386911 0.164503 0.164129 0.170027 0.404631 0.017999 0.009345 0.006771 0.004635 0.058852 0.773061 0.056513 0.056665 0.842911 0.003311 0.003122 0.001942 0.003848 0.005299 0.733568 0.004997 0.003545 0.001346 0.000905 
0.001345 0.001720 0.002335 0.003656 0.005907 0.006409 0.257357 0.197498 0.197363 0.141159 0.055314 0.003107 0.002674 0.001635 0.003207 0.007050 0.007437 0.568280 0.220915 0.220953 0.439585 0.006115 0.005471 0.004278 0.004387 0.618535 0.230227 2.323004 0.206339 0.205989 0.006542 0.004870 0.002548 0.003614 0.003709 0.211636 0.002252 0.002156 0.000740 0.000293 
0.001775 0.002764 0.002421 0.004021 0.004887 0.005339 0.216571 0.081814 0.082680 0.079142 0.697688 0.002853 0.002507 0.001351 0.002780 0.006840 0.007484 0.204321 0.220854 0.221004 0.496578 0.005183 0.004941 0.003670 0.003763 0.003288 0.006919 0.006062 0.006343 0.735463 0.005227 0.005065 0.004113 0.005399 0.004092 0.003130 0.003563 0.001612 0.000474 0.000227 
0.003227 0.003315 0.248067 0.005027 0.004942 0.006790 0.010712 0.029934 0.082668 0.027548 0.006382 0.004314 0.001782 0.000956 0.001931 0.001972 0.412709 0.206669 0.206960 0.207615 0.126044 0.005117 0.004945 0.004182 0.003277 0.003177 0.005359 0.005811 0.009046 0.011297 0.009537 0.005449 0.006771 0.007155 4.191031 0.003033 0.002649 0.001035 0.000578 0.000749 
0.006228 0.008446 0.951795 0.008757 0.006539 0.006210 0.010238 0.010844 0.292500 0.006641 0.006028 0.002774 0.000876 0.000488 0.001154 0.001299 0.000940 0.051586 0.152507 0.166845 0.152357 0.116102 0.035741 0.003933 0.003926 0.002856 0.003230 0.005557 0.009429 0.011137 0.011520 4.201256 0.006368 0.005984 0.002376 0.002943 0.001542 0.000919 0.001596 0.002416 
0.006919 0.007007 0.251987 0.007016 0.006929 0.006341 0.010672 0.011024 0.230017 0.006248 0.005760 0.002681 0.000884 0.000340 0.000553 0.000774 0.000888 0.017854 0.088299 0.125352 0.133091 0.122671 0.004146 0.003936 0.003937 0.003764 0.003442 0.003826 4.196321 0.008226 0.007842 0.004843 0.004740 0.003012 0.001992 0.001345 0.000850 0.001628 0.003505 0.002861 
0.007465 0.008656 0.006598 0.007383 0.007515 0.204893 0.208857 0.247898 0.024415 0.015903 0.006143 0.004274 0.002053 0.000835 0.000708 0.000737 0.000785 0.005210 0.030364 0.066607 0.099195 0.110289 0.004204 0.004088 0.072673 0.003438 0.003416 0.003655 0.003026 0.004898 0.004545 0.004458 0.002908 0.001307 0.000719 0.000473 0.000840 0.002705 0.003195 0.215332 
0.175356 0.007052 0.006511 0.008173 0.012235 0.287005 0.182987 0.170423 0.051703 0.052068 4.180303 0.004272 0.003888 0.001942 0.001425 0.001215 0.001159 0.004341 0.017255 0.033317 0.064398 0.129902 0.067498 0.032656 0.003066 0.003046 0.002717 0.002609 0.002642 0.003298 0.004242 0.004642 0.003224 0.001411 0.000461 0.000312 0.001245 0.006529 0.029399 0.175900 
0.172612 0.005460 0.004925 0.006965 0.011034 0.287048 0.183494 0.170607 0.051768 0.019314 0.007775 0.007872 0.003910 0.002063 0.001489 0.001318 0.031486 0.078815 0.021656 0.026995 0.058889 0.095930 0.007231 0.004171 0.003060 0.003049 0.002991 0.002761 0.002843 0.003800 0.003986 0.253138 0.002086 0.001898 0.000667 0.000504 0.001836 0.007315 0.029494 0.176501 
0.003335 0.004437 0.002977 0.003985 0.004085 0.405888 0.547933 0.548022 0.547429 0.007497 0.007392 0.007405 0.149466 0.001959 0.001940 0.001793 0.016625 0.005798 0.013725 0.014886 0.026932 0.018927 0.011231 0.010716 0.009313 0.039348 0.004396 0.004387 0.004591 0.003955 0.005065 0.185787 0.003054 0.002607 0.000900 0.000744 0.001896 0.001992 0.476998 0.606422 
0.002777 0.002106 0.002220 0.004139 0.004468 0.011194 0.013793 0.010410 0.003075 0.004202 0.003612 0.004179 0.001621 0.001127 0.000807 0.000654 0.000662 0.000972 0.044288 0.062453 0.084574 0.085983 0.012281 0.012160 0.012038 0.011613 0.009011 0.009740 0.009885 0.181277 0.493836 0.180090 0.002406 0.002249 0.000956 0.001092 0.003029 0.006811 0.014773 0.019089 
0.001021 0.001006 0.001957 0.002340 4.173695 0.011095 0.010678 0.007305 0.002970 0.001697 0.001130 0.001522 0.001600 0.001055 0.000692 0.000522 0.000644 0.001135 0.088279 0.084947 0.086506 0.117090 0.012350 0.012239 0.012179 0.011986 0.011893 0.018394 0.018754 0.178711 0.011142 0.010056 0.006204 0.003524 0.001982 0.002347 0.004666 0.007095 0.014684 0.016248 
0.000933 0.000875 0.001917 0.004637 0.004920 0.222517 0.003971 0.003830 0.001648 0.000603 0.000274 0.000362 0.000491 0.000314 0.000220 0.000292 0.000714 0.001555 0.049608 0.057878 0.086760 0.044191 0.024567 0.134102 0.144854 0.235539 0.144761 0.019333 0.019131 0.251905 0.010090 0.009909 0.006294 0.008924 0.007535 0.004673 0.004957 2.817665 0.027623 0.027963 
0.002486 0.001924 0.001910 0.004094 0.004559 0.230411 0.005388 0.004924 0.002160 0.000645 0.000157 0.000080 0.000098 0.000067 0.000104 0.000368 0.001021 0.002546 0.002779 0.046284 0.010164 0.010352 0.153393 0.018064 0.018057 0.146253 0.020066 0.020396 3.580297 0.009367 0.009293 0.009382 0.450798 0.033409 0.033317 0.005004 0.012565 0.093853 0.237960 0.096038 
0.002939 0.004587 0.003379 0.004746 0.004919 0.300479 0.005442 0.005226 0.003412 0.001358 0.000354 0.000085 0.000040 0.000043 0.000153 0.000648 0.001810 0.003308 0.003324 0.061093 0.009871 0.010579 0.150847 0.017945 0.017701 0.016633 0.019388 0.020677 0.005589 0.007156 0.008522 0.011802 0.731545 0.280445 0.280700 3.268755 0.097957 0.097576 0.238833 0.097993 
0.217344 0.007750 0.007326 0.013325 0.019074 0.085679 0.084695 0.216728 0.002430 0.002122 0.000791 0.000301 0.000159 0.000179 0.000548 0.001545 0.002511 0.003549 0.003473 0.003759 0.005821 0.010562 0.207534 0.019920 0.021217 0.016421 0.016580 0.039711 0.005257 0.004951 0.006695 0.009984 0.732085 0.037545 0.034314 0.004736 0.016023 0.021632 0.029893 0.240976 
0.220489 0.008826 0.008268 0.026287 0.032322 0.085885 0.086402 0.209854 0.003850 0.003412 0.002011 0.001363 0.000772 0.000722 0.001648 0.003551 0.002955 0.004390 0.003521 0.003753 0.006725 0.042456 0.043839 0.240795 0.031823 0.031599 0.024746 1.547853 0.003920 0.003655 0.003620 0.003709 0.450082 0.008256 0.008166 0.004405 0.008102 0.014018 0.037221 0.179589 
0.226952 0.366260 0.602951 0.412446 0.412412 0.668375 0.197817 0.237567 0.005789 0.005426 0.005960 0.005241 0.002496 0.002060 0.003002 0.003446 0.216689 0.005101 0.004667 0.004891 0.006916 0.044322 0.044765 0.214662 0.384436 0.384762 2.040682 0.016637 0.003809 0.003536 0.003487 0.004792 0.005644 0.004731 0.003719 0.003336 0.004852 0.010794 0.037307 0.180135 
0.196679 0.336202 0.025545 0.027921 0.024204 0.013872 0.172735 0.136481 0.006097 0.005508 0.009960 0.009242 0.002578 0.003723 0.004136 0.004574 0.217239 0.006265 0.005833 0.005970 0.220837 0.262265 0.262397 0.216350 0.024111 0.023961 0.006577 0.008870 0.007300 0.005499 0.007998 0.008555 0.005556 0.004561 0.004859 0.003721 0.006071 0.006167 0.482812 0.595149 
0.196882 0.336284 0.023957 0.014669 0.010993 0.011222 0.446645 0.014683 0.014768 0.415314 1.012199 1.012196 0.404567 0.004535 0.004455 0.004745 0.003546 0.005345 0.005569 0.006067 0.249601 0.017704 0.017235 0.005412 0.009185 0.008662 0.006192 0.008721 0.007638 0.006459 0.018100 0.018562 0.005703 0.006788 0.007172 4.204040 0.006018 0.005633 0.002747 0.007948 
0.230261 1.047498 0.004614 0.004452 0.003724 0.005063 0.004499 0.011611 0.011279 0.003199 0.009822 0.011508 0.007973 0.004919 0.004678 0.003251 0.003100 0.003618 0.004860 0.005000 0.222396 0.011651 0.011516 0.005265 0.003385 0.003330 0.005422 0.008998 0.122053 0.911675 0.623370 0.623411 1.288495 0.006204 0.006058 0.002809 0.004007 0.002883 0.002651 0.005014 
0.211411 0.004197 0.004617 0.002557 0.002526 0.003966 0.004256 0.004763 0.004316 0.003116 0.005824 0.007509 0.007892 4.191240 0.002886 0.002502 0.002518 0.003833 0.004990 0.008083 0.009438 0.010475 0.011899 0.006180 0.003276 0.002840 0.003223 4.181656 0.009693 0.009334 0.019444 0.017658 0.003453 0.004330 0.003361 0.002424 0.001703 0.000929 0.000823 0.001240 
0.209915 0.004000 0.003556 0.002587 0.004240 0.004795 0.005844 0.003708 0.002566 0.001789 0.001964 0.002682 0.003903 0.002087 0.002901 0.001994 0.002912 0.003043 0.848969 0.009434 0.009305 0.009689 4.199652 0.005905 0.004863 0.003682 0.004826 0.007095 0.008637 0.008380 0.009384 0.007640 0.003306 0.002887 0.002666 0.002223 0.001296 0.000609 0.000336 0.000347 
0.002876 0.003810 0.002386 0.002957 0.003796 0.108753 0.006302 0.003911 0.004028 0.002846 0.001825 0.001234 0.001535 0.001703 0.001405 0.001709 0.005644 0.011371 0.607711 0.016265 0.010605 0.008328 0.008591 4.191056 0.005560 0.005176 0.005094 0.006712 0.008584 0.008819 0.006337 0.003642 0.002726 0.003683 0.003049 0.004105 0.002808 0.001743 0.000956 0.000863 
0.002425 0.001692 0.001265 0.002382 0.002585 0.209245 0.443779 0.209740 0.003440 0.003230 0.003519 0.001985 0.000979 0.000674 0.000538 0.001406 0.005605 0.011349 0.607612 0.016645 0.010745 0.007584 0.008088 0.008173 0.006181 0.005473 0.005439 0.006950 0.007706 0.391458 0.004974 0.004521 0.004364 0.004746 4.176758 0.003575 0.003191 0.004362 0.003204 0.002779 
0.000731 0.000509 0.000808 0.002471 0.003315 0.107074 0.005761 0.004110 0.004493 4.193672 0.004069 0.003684 0.001864 0.000697 0.000408 0.001062 0.002933 0.003063 0.190032 0.205246 0.232997 0.007268 0.007130 0.007790 0.120502 0.282282 0.292994 0.268675 0.109856 0.109044 0.006987 0.006585 0.006829 0.005131 0.008731 0.009115 4.176036 0.007112 0.006729 0.003234 
0.000141 0.000126 0.000373 0.001469 0.003628 0.003066 0.005107 0.003905 0.004835 0.005189 0.006467 0.003765 0.003147 0.001519 0.000939 0.001888 0.003453 0.004200 0.003840 0.003684 0.002320 0.004498 0.008803 0.026634 0.220258 0.027240 0.009719 0.004088 0.004695 0.006089 0.008027 0.006666 0.007050 4.187011 0.008348 0.007964 0.002846 0.006391 0.006838 0.219896 
0.000020 0.000026 0.000110 0.000484 0.001413 0.002199 0.001946 0.001537 0.002553 0.004805 0.004886 0.405762 0.002896 0.002815 0.002293 0.003971 0.003897 0.004944 0.003717 0.003239 0.002173 0.002575 0.007614 0.025411 0.220665 0.026936 0.009373 0.003845 0.004108 0.005681 0.005763 0.409113 0.008800 0.008719 0.005920 0.003711 0.002462 0.003164 0.004858 0.003791 
0.000003 0.000005 0.000026 0.000121 0.000381 0.000672 0.000525 0.000543 0.001731 0.005883 0.009898 1.010919 0.009976 0.005972 0.003856 0.004293 0.217502 0.003695 0.003250 0.001722 0.001016 0.001319 0.003513 0.004269 0.403623 0.004998 0.004244 0.002003 0.002466 0.006208 0.010220 1.008493 0.012347 0.008336 0.003342 0.001348 0.000908 0.001106 0.002221 0.003343 
