0.000481 0.004801 0.033419 0.533883 0.035406 0.006957 0.003284 0.001351 0.000280 0.000036 0.000004 0.000004 0.000037 0.000451 0.004790 0.033400 0.527244 0.056085 0.031183 0.041918 0.760238 0.007044 0.003419 0.000585 0.000065 0.000040 0.000268 0.001247 0.002666 0.001740 0.001299 0.003653 0.007948 0.689064 0.007529 0.003220 0.000898 0.003542 0.025491 0.169335 
0.000489 0.002583 0.004662 2.167585 0.013536 0.011464 0.005728 0.004356 0.001164 0.000169 0.000020 0.000022 0.000100 0.000491 0.002564 0.004651 2.133470 0.065090 0.063085 1.651068 0.313269 0.018302 0.004886 0.000625 0.000071 0.000171 0.001131 0.004153 0.005715 0.006490 0.003774 0.006120 0.022671 0.159058 0.021918 0.003573 0.000963 0.002800 0.006742 0.581477 
0.000254 0.001547 0.006313 0.009855 0.016930 0.018922 2.990445 0.004937 0.002486 0.000447 0.000081 0.000184 0.000524 0.000681 0.001406 0.004815 0.007843 0.011319 0.295099 0.141026 1.596557 0.005093 0.002698 0.000476 0.000103 0.000474 0.002577 0.005617 0.208089 0.009413 0.005058 0.009993 0.024935 0.158959 0.023157 0.006175 0.001853 0.001861 0.005663 0.011987 
0.000537 0.001196 0.004349 0.007797 0.471245 0.656287 0.067051 0.013781 0.002986 0.000499 0.000307 0.001254 0.002928 0.002977 0.001684 0.002090 0.005785 0.008227 1.016669 0.010522 0.007818 0.004677 0.001221 0.000222 0.000096 0.000543 0.002781 0.004629 0.925256 0.346134 0.618214 0.622519 2.128368 0.654321 0.650821 0.008275 0.007084 0.005536 0.004366 0.008409 
0.004735 0.003372 0.008821 0.020773 0.461011 0.328390 0.071285 0.016005 0.005724 0.001456 0.001386 0.004833 0.006783 0.006825 0.005473 0.002522 0.003866 0.006120 0.467716 0.007703 0.005444 0.001676 0.000461 0.000453 0.000262 0.000558 0.002630 0.005695 0.209992 0.089206 0.555141 0.012585 0.008491 0.011789 0.010253 0.010316 0.035796 0.034273 0.006828 0.036477 
0.030497 0.005679 0.031622 0.035781 1.166710 0.401808 0.402369 2.494179 0.005024 0.002800 0.003008 0.006847 0.584225 0.591765 0.007804 0.005871 0.004037 0.005686 0.463702 0.004498 0.002828 0.000863 0.001236 0.002351 0.001533 0.000927 0.001718 0.005252 0.013808 0.016360 1.141461 0.008165 0.006225 0.006963 0.008993 2.137046 0.559838 0.560237 3.009871 0.591780 
0.328266 2.572068 0.221367 0.219576 0.367263 0.369329 0.048706 0.009441 0.005348 0.001549 0.001438 0.005199 0.011259 0.016728 2.172035 0.007972 0.005895 0.008457 0.013344 0.005313 0.001833 0.001520 0.004423 0.004803 0.006187 0.003829 0.003476 0.004314 0.011629 0.039011 0.422360 0.033106 0.005392 0.002171 0.004876 0.005094 0.033927 0.035269 0.016480 0.082061 
0.309537 0.015223 0.031723 0.032727 0.035332 2.915151 0.009623 0.007197 0.004202 0.001521 0.000578 0.001688 0.007588 0.036246 0.523139 0.043672 0.018135 0.012224 0.011834 0.006389 0.003351 0.003722 0.006170 3.007212 0.008426 0.005940 0.006023 0.006575 0.036796 0.064066 0.422887 0.032552 0.004759 0.000768 0.001407 0.003031 0.005204 0.006600 0.014035 0.082064 
0.576226 0.012526 0.007868 0.009325 0.035517 0.254443 0.034352 0.012804 0.006645 0.004625 0.001372 0.000824 0.005280 0.033799 0.522990 0.093390 0.092735 0.557985 0.035923 0.032090 0.005590 0.006524 0.008928 0.016830 0.261126 0.780405 0.632221 0.681347 0.319528 0.320582 1.982461 0.004621 0.002575 0.000716 0.001352 0.002740 0.002012 0.003267 0.007126 0.587747 
0.439880 0.009503 0.005172 0.009416 0.039019 0.252726 0.047507 0.049718 3.003094 0.006048 0.003605 0.001211 0.002694 0.004706 1.980331 0.235442 0.233855 0.656546 0.259977 0.261386 2.402843 0.010320 0.008098 0.014784 0.261530 0.242737 0.237006 0.045637 0.045126 0.058647 0.014168 0.005448 0.001438 0.001335 0.004148 0.004130 0.004338 0.002395 0.005002 0.006829 
0.007598 0.005793 0.004112 0.007933 0.586544 0.589082 0.024263 0.020751 0.039222 0.009969 0.007495 0.002388 0.001585 0.004726 0.007276 0.043474 0.235790 0.067396 0.056386 0.074450 0.279584 0.032345 0.007317 0.009808 1.421850 0.240532 0.238565 0.043278 0.026139 0.060274 0.012155 0.002839 0.000912 0.002680 0.004088 1.052292 0.004301 0.002895 0.001712 0.002978 
0.003161 0.001658 0.001952 0.005641 0.010343 0.014321 0.027648 0.033047 0.036894 0.954364 0.010017 0.005844 0.001719 0.001848 0.005258 0.007624 2.686266 0.064401 0.057041 0.075206 0.278314 0.031526 0.005692 0.006842 0.009138 0.123249 2.870337 0.050211 0.051476 1.711085 0.004992 0.002921 0.001142 0.005250 0.018788 0.953642 0.018642 0.005098 0.000781 0.000560 
0.000808 0.001359 0.002594 0.002990 0.006525 0.010371 0.603843 0.152660 0.151639 0.360750 0.301331 0.007094 0.003071 0.000957 0.002574 0.009611 0.016697 2.668056 0.284866 0.283477 0.825665 0.008963 0.004482 0.004156 0.006392 2.554751 0.352177 2.014189 0.293688 0.289519 0.017559 0.005482 0.001504 0.003818 0.005223 1.055432 0.004060 0.002650 0.000483 0.000111 
0.001396 0.004228 0.004217 0.005017 0.004819 0.008641 0.583182 0.042103 0.039035 0.037252 0.997511 0.006887 0.003019 0.000802 0.002215 0.009860 0.019159 0.012549 0.035040 0.038459 0.513749 0.009569 0.006045 0.003082 0.004854 0.005226 0.032188 0.007489 0.009897 1.698135 0.007825 0.005784 0.003382 0.007064 0.007674 0.007172 0.005840 0.001473 0.000221 0.000079 
0.003240 0.004878 1.319199 0.006049 0.004418 0.006916 0.015514 0.018095 0.041696 0.017030 0.010632 0.005490 0.001376 0.000608 0.002415 0.004871 2.997395 0.010226 0.007804 0.010150 0.015282 0.010295 0.006975 0.005462 0.002882 0.002966 0.004544 0.005233 0.011034 0.015193 0.011873 0.008230 0.008580 0.011020 3.016620 0.005772 0.003325 0.000692 0.000257 0.000514 
0.006485 0.022757 0.813154 0.023251 0.006957 0.005225 0.011797 0.015694 0.612509 0.010751 0.006779 0.002029 0.000377 0.000210 0.001158 0.004322 0.005314 0.004911 0.002593 0.005916 0.012805 0.013447 0.979901 0.006262 0.005331 0.002276 0.002038 0.006213 0.013469 0.013187 0.015616 3.024063 0.010485 0.008044 0.004909 0.004401 0.001300 0.000450 0.001268 0.002925 
0.007121 0.008754 1.321662 0.009982 0.008349 0.006272 0.018791 0.017869 0.590215 0.010327 0.006495 0.001995 0.000400 0.000094 0.000285 0.001326 0.002863 0.002104 0.001971 0.004653 0.009984 0.012915 0.021092 0.007467 0.006747 0.005295 0.003726 0.006169 3.021806 0.011727 0.009290 0.007845 0.005799 0.002573 0.002458 0.001185 0.000429 0.001250 0.004795 0.006775 
0.011636 0.010969 0.008108 0.008594 0.009665 0.670854 0.801289 0.736448 0.016042 0.013195 0.008937 0.005332 0.001705 0.000385 0.000329 0.001361 0.003017 0.003048 0.002647 0.003899 0.009750 0.013432 0.020133 0.015798 1.579433 0.005192 0.003772 0.004875 0.005180 0.005685 0.003878 0.005400 0.002518 0.000691 0.000476 0.000221 0.000491 0.002706 0.006598 0.587396 
0.467440 0.011010 0.006489 0.006715 0.033693 0.415114 0.114034 0.081927 0.020060 0.022429 3.021929 0.007648 0.005201 0.001817 0.001456 0.004415 0.004779 0.004121 0.003481 0.003652 0.009346 0.165818 0.126082 0.226620 0.011180 0.008398 0.003033 0.001668 0.002735 0.002889 0.005175 0.006611 0.004461 0.001218 0.000222 0.000083 0.000454 0.002855 0.013533 0.079366 
0.464677 0.008669 0.004147 0.005577 0.032756 0.415857 0.111750 0.081620 0.022099 0.013857 0.011583 0.010861 0.007648 0.005261 0.003615 0.005292 0.146322 0.626784 0.011728 0.007953 0.009335 0.159574 0.151471 0.172195 0.011420 0.008871 0.005491 0.001777 0.002209 0.004957 0.006189 0.699684 0.003716 0.002484 0.000472 0.000226 0.001274 0.005514 0.015581 0.079042 
0.007726 0.005366 0.002056 0.003775 0.005639 1.746543 0.513724 0.513998 2.180762 0.011198 0.009140 0.011576 3.022270 0.006232 0.003796 0.004311 0.004456 0.004831 0.013224 0.013987 0.015922 0.236856 0.237783 0.244898 0.246598 0.443918 0.004568 0.004035 0.005321 0.006073 0.013351 0.601792 0.008993 0.004044 0.000615 0.000492 0.002434 0.004493 2.163214 0.533279 
0.003152 0.001517 0.001736 0.006061 0.008102 0.018561 0.040490 0.034759 0.004909 0.005357 0.003060 0.005377 0.004756 0.004403 0.001532 0.001560 0.002070 0.004144 0.193014 0.262268 0.212689 0.206793 0.165298 0.158286 0.151216 0.139330 0.029856 0.008916 0.009970 0.573505 0.556627 0.574404 0.003747 0.002621 0.000549 0.000538 0.002571 0.008256 0.013688 0.036863 
0.000630 0.000620 0.002405 0.004860 3.005855 0.016712 0.012717 0.006657 0.002816 0.001304 0.000573 0.001267 0.002308 0.001159 0.000343 0.000729 0.002943 0.004633 0.419726 0.335676 0.211235 0.244560 0.170093 0.158515 0.153162 0.140728 0.033367 0.020157 0.024856 0.602334 0.020801 0.013576 0.008160 0.002673 0.000826 0.001801 0.005723 0.010617 0.011642 0.009748 
0.000583 0.000400 0.001560 0.007086 0.012025 0.695763 0.004540 0.003476 0.001063 0.000258 0.000077 0.000176 0.000409 0.000170 0.000090 0.000527 0.002814 0.004982 0.211079 0.223428 0.190160 0.119539 0.154317 0.530475 0.584823 0.611978 0.665131 0.032814 0.029461 0.706305 0.013703 0.012486 0.010211 0.006588 0.003439 0.005382 0.007776 2.779701 0.029562 0.029149 
0.002936 0.001383 0.001100 0.005457 0.011668 0.757540 0.013078 0.006900 0.001706 0.000301 0.000040 0.000020 0.000045 0.000018 0.000026 0.000230 0.001601 0.006244 0.006857 0.193960 0.046367 0.045173 0.800136 0.030179 0.030872 0.646731 0.030823 0.033289 2.966424 0.011500 0.010206 0.012272 2.166334 0.015932 0.013884 0.007775 0.043594 0.203241 0.602268 0.166084 
0.006767 0.005398 0.002285 0.003470 0.004760 0.895928 0.010275 0.008692 0.004328 0.001137 0.000169 0.000020 0.000009 0.000007 0.000039 0.000248 0.001092 0.003468 0.004074 0.531444 0.032681 0.033220 0.780754 0.026355 0.019001 0.013265 0.022131 0.035841 0.009508 0.007881 0.007360 0.035500 0.533380 0.078547 0.080399 2.734220 0.223906 0.221806 0.598891 0.173053 
0.582455 0.010275 0.006499 0.008518 0.032003 0.222345 0.220324 0.560390 0.004267 0.002442 0.000475 0.000081 0.000053 0.000050 0.000260 0.001225 0.002744 0.002492 0.004666 0.004615 0.016182 0.017315 0.782529 0.020379 0.012873 0.009993 0.012557 0.204069 0.007041 0.004431 0.005714 0.034063 0.533390 0.041143 0.015123 0.005881 0.029210 0.031556 0.027616 0.595437 
0.189887 0.015237 0.010826 0.032471 0.055388 0.222536 0.227402 0.591244 0.007632 0.003821 0.000990 0.000501 0.000457 0.000349 0.001284 0.004812 0.006586 0.005223 0.002719 0.004005 0.006444 0.015136 0.032947 0.730038 0.026971 0.025897 0.023959 1.707269 0.006504 0.003714 0.003254 0.005331 2.164799 0.006500 0.004425 0.003500 0.004556 0.006626 0.016599 0.079792 
0.192172 0.675868 0.738557 0.226181 0.226407 0.863202 0.523503 0.638211 0.008757 0.006040 0.005405 0.004866 0.002602 0.001687 0.003218 0.007061 0.587708 0.008370 0.004560 0.005734 0.007504 0.039124 0.047135 0.785858 0.182357 0.183752 1.476977 0.118606 0.006130 0.003449 0.002088 0.005144 0.007837 0.005258 0.002677 0.003151 0.003036 0.007073 0.018626 0.079422 
0.077346 0.262540 0.037545 0.032407 0.030857 0.014801 0.414457 0.358549 0.011662 0.008114 0.034015 0.033483 0.004683 0.005006 0.004364 0.008170 0.588032 0.010250 0.006469 0.007511 0.670233 0.357086 0.357073 0.667832 0.023431 0.022386 0.009457 0.012499 0.008835 0.004721 0.004514 0.005343 0.005793 0.003836 0.005634 0.005598 0.008055 0.010103 2.164817 0.532914 
0.087827 0.263749 0.032647 0.008093 0.006471 0.008612 1.125868 0.036819 0.038891 2.204206 0.535703 0.535678 2.156910 0.006793 0.004745 0.005626 0.006909 0.006030 0.006630 0.013645 0.807034 0.042853 0.036351 0.005578 0.006104 0.003871 0.005465 0.010164 0.012256 0.009331 0.031097 0.031356 0.008130 0.008623 0.011059 3.024877 0.010385 0.007945 0.004775 0.033421 
0.328425 2.116528 0.005170 0.003058 0.002058 0.004971 0.006189 0.013532 0.013902 0.004890 0.033839 0.035806 0.011762 0.009245 0.006433 0.002728 0.003075 0.002963 0.005773 0.006870 0.724959 0.011643 0.010556 0.004489 0.001889 0.001889 0.006195 0.012285 0.499034 0.857585 0.280330 0.281715 2.677229 0.010411 0.008096 0.005126 0.005253 0.002510 0.002692 0.004808 
0.311373 0.009865 0.006362 0.001790 0.001574 0.003558 0.003999 0.003178 0.002826 0.002806 0.005262 0.007279 0.009703 3.017106 0.005153 0.002705 0.002048 0.004966 0.007901 0.010706 0.010959 0.011504 0.012974 0.006520 0.002518 0.002815 0.005264 3.012453 0.014518 0.012293 0.031743 0.030700 0.005167 0.005418 0.002921 0.002678 0.001338 0.000454 0.000472 0.000455 
0.562609 0.007513 0.003783 0.001829 0.004382 0.006831 0.007149 0.003528 0.001840 0.001135 0.000813 0.001616 0.004672 0.004758 0.004325 0.001601 0.002775 0.004930 2.271657 0.012033 0.009891 0.012327 3.020490 0.008665 0.005928 0.003107 0.005586 0.009473 0.009291 0.007709 0.005571 0.004317 0.002826 0.002433 0.002809 0.001907 0.000837 0.000253 0.000103 0.000092 
0.006662 0.004973 0.001808 0.002814 0.006102 0.231412 0.010923 0.004887 0.005767 0.003367 0.001379 0.000584 0.001221 0.002309 0.001176 0.000691 0.004744 0.032396 0.431830 0.037086 0.009498 0.008198 0.011024 3.017750 0.008487 0.006042 0.005128 0.007034 0.009540 0.011788 0.005982 0.001957 0.001940 0.004713 0.005258 0.006108 0.003362 0.001380 0.000460 0.000544 
0.002918 0.001323 0.000798 0.002754 0.004082 0.588848 0.765292 0.589364 0.007184 0.005815 0.004862 0.001687 0.000512 0.000459 0.000206 0.000490 0.004738 0.032339 0.430807 0.043406 0.010576 0.007417 0.008973 0.012241 0.011471 0.008133 0.007777 0.008885 0.013796 0.704635 0.008448 0.004285 0.004389 0.006834 3.007803 0.008276 0.005813 0.005410 0.002620 0.003091 
0.000511 0.000233 0.000505 0.002599 0.005898 0.230270 0.010845 0.005597 0.008044 3.017964 0.007600 0.005152 0.001654 0.000350 0.000130 0.000605 0.002856 0.003933 0.661398 0.797839 0.725050 0.007824 0.006755 0.009798 0.286082 0.744994 0.752543 0.804224 0.419168 0.416719 0.010720 0.007373 0.008989 0.009292 0.016045 0.018496 3.007221 0.010978 0.008537 0.006964 
0.000056 0.000034 0.000171 0.001130 0.004148 0.005606 0.006713 0.004238 0.006500 0.007941 0.009797 0.007207 0.004692 0.001239 0.000445 0.001404 0.003795 0.005366 0.004976 0.011837 0.003702 0.004845 0.004689 0.024300 0.152451 0.028573 0.009075 0.005087 0.010851 0.009434 0.010552 0.009426 0.011877 3.012635 0.013591 0.011146 0.005118 0.008247 0.012035 0.590661 
0.000004 0.000004 0.000031 0.000237 0.001087 0.002251 0.001528 0.000951 0.002009 0.005495 0.007574 2.165297 0.004825 0.002746 0.001699 0.004983 0.007614 0.006123 0.003938 0.004817 0.002602 0.001544 0.003640 0.024032 0.153978 0.026492 0.006419 0.003211 0.004393 0.006028 0.008106 2.163659 0.012279 0.010216 0.006228 0.003072 0.002661 0.002575 0.005790 0.007361 
0.000000 0.000000 0.000004 0.000033 0.000172 0.000432 0.000222 0.000154 0.000683 0.005355 0.033981 0.533216 0.033767 0.005334 0.003419 0.007241 0.588398 0.007319 0.003477 0.001156 0.000616 0.000723 0.003175 0.007300 0.675635 0.007812 0.003693 0.001129 0.001138 0.005438 0.034044 0.532641 0.036299 0.007792 0.001924 0.000569 0.000532 0.000494 0.001546 0.003519 
