0.002452 0.003371 0.003848 0.173087 0.007206 0.006734 0.004645 0.002691 0.001406 0.000632 0.000308 0.000352 0.000803 0.001804 0.003059 0.003421 0.135160 0.047956 0.047719 0.048069 0.172397 0.002593 0.002374 0.001464 0.000788 0.000746 0.001266 0.002043 0.002764 0.003464 0.004427 0.006004 0.006339 0.205603 0.006109 0.005775 0.004999 0.005574 0.006441 0.016854 
0.002044 0.002700 0.002736 0.180788 0.006884 0.006849 0.004808 0.002859 0.001777 0.000917 0.000499 0.000507 0.000862 0.001584 0.002471 0.002602 0.689164 0.049679 0.049629 0.197262 0.077159 0.002958 0.002370 0.001445 0.000846 0.000917 0.001527 0.002277 0.003171 0.004178 0.005513 0.008144 0.010950 0.098382 0.010557 0.007766 0.005620 0.005170 0.005427 0.132111 
0.002163 0.002974 0.004123 0.005713 0.007117 0.007269 1.811275 0.002692 0.002528 0.001516 0.000945 0.000940 0.001224 0.001670 0.002115 0.002194 0.002374 0.065100 0.093172 0.065931 0.123263 0.002219 0.002170 0.001269 0.000861 0.001067 0.001689 0.002113 0.050117 0.004833 0.005634 0.008376 0.011069 0.098313 0.010672 0.008294 0.006335 0.005693 0.006408 0.008583 
0.003089 0.003973 0.005434 0.005678 0.086087 0.159332 0.007077 0.005787 0.004255 0.002482 0.001660 0.001637 0.001787 0.001937 0.002046 0.002103 0.002230 0.022281 0.112764 0.031175 0.001841 0.001880 0.001801 0.001131 0.000877 0.001141 0.001785 0.001901 0.158502 0.120753 0.137178 0.137268 0.760551 0.134615 0.135283 0.006886 0.006782 0.006503 0.006942 0.008336 
0.004525 0.005507 0.007792 0.008197 0.083800 0.035142 0.006974 0.005846 0.004422 0.002939 0.002275 0.002232 0.001914 0.002044 0.002059 0.002078 0.002162 0.007221 0.103282 0.009367 0.001774 0.001734 0.001632 0.001095 0.000882 0.001319 0.002008 0.002488 0.062718 0.038388 0.129711 0.006468 0.006193 0.005702 0.005572 0.006911 0.007256 0.006979 0.007009 0.008454 
0.005233 0.005647 0.009748 0.009889 0.383802 0.045378 0.045422 0.423280 0.002835 0.002775 0.002536 0.002625 0.062116 0.072978 0.002080 0.002082 0.002129 0.003153 0.113561 0.003205 0.001680 0.001593 0.001464 0.001111 0.001129 0.001979 0.005618 0.010750 0.016323 0.016485 0.314626 0.006242 0.006074 0.005442 0.005468 0.126499 0.258967 0.259005 0.604873 0.061159 
0.036484 1.229806 0.056455 0.056322 0.043116 0.044663 0.013585 0.013315 0.006130 0.004129 0.003511 0.003377 0.003496 0.005961 0.035327 0.002125 0.002133 0.002402 0.108679 0.001977 0.001590 0.001468 0.001343 0.001112 0.001143 0.007597 0.013156 0.014883 0.016223 0.016714 0.120432 0.006595 0.005914 0.004664 0.004120 0.003953 0.006546 0.008925 0.009546 0.018296 
0.034579 0.014815 0.016236 0.017858 0.017913 0.687002 0.013338 0.013259 0.007046 0.004920 0.004290 0.004138 0.004081 0.004524 0.004407 0.003089 0.002250 0.002303 0.098819 0.001612 0.001518 0.001456 0.001441 0.013248 0.007516 0.008405 0.013978 0.015112 0.016206 0.016735 0.120172 0.005631 0.004948 0.003670 0.003268 0.003927 0.006068 0.008449 0.009478 0.018370 
0.121658 0.014668 0.014402 0.016019 0.016867 0.053471 0.019751 0.018828 0.007087 0.005159 0.004520 0.004381 0.004283 0.004268 0.004370 0.003474 0.002602 0.013014 0.005591 0.001553 0.001514 0.001453 0.001452 0.017779 0.051690 0.053245 0.045559 0.062129 0.016286 0.016322 0.176773 0.003715 0.003682 0.002824 0.002666 0.003282 0.004437 0.005683 0.005937 0.131885 
0.101065 0.010860 0.010570 0.012467 0.016749 0.053397 0.053441 0.053465 0.323955 0.004455 0.004416 0.004374 0.004311 0.004307 0.019015 0.003492 0.003499 0.020525 0.013443 0.004941 0.010225 0.001457 0.001458 0.017503 0.035243 0.021313 0.022486 0.008436 0.008464 0.004817 0.004647 0.004302 0.004072 0.002851 0.002700 0.003336 0.003429 0.003769 0.003619 0.002421 
0.003129 0.005535 0.006166 0.006422 0.132405 0.178526 0.067931 0.067163 0.068656 0.011706 0.006178 0.005301 0.004821 0.004634 0.004736 0.004762 0.003897 0.010458 0.012041 0.005728 0.001458 0.001455 0.001455 0.001619 0.039556 0.020757 0.020642 0.006881 0.006558 0.004817 0.004620 0.004403 0.003989 0.003121 0.003175 0.124103 0.002945 0.002890 0.002592 0.002159 
0.002795 0.003507 0.004119 0.004856 0.005378 0.005831 0.064865 0.068450 0.068632 0.083108 0.005801 0.005472 0.005101 0.004882 0.004812 0.004807 0.021240 0.010826 0.011527 0.005962 0.001459 0.001454 0.001454 0.003599 0.025971 0.022081 0.030307 0.006877 0.006861 0.042632 0.004437 0.004406 0.003749 0.003423 0.003593 0.098375 0.002583 0.002402 0.001896 0.001513 
0.002415 0.002764 0.003352 0.004323 0.005125 0.005381 0.140150 0.068950 0.068998 0.097600 0.039778 0.015005 0.008996 0.006893 0.006025 0.005131 0.005268 0.017060 0.009697 0.008296 0.016018 0.001455 0.001453 0.003474 0.016830 0.033569 0.017083 0.019800 0.011377 0.012307 0.004124 0.003981 0.003713 0.003682 0.003736 0.120516 0.001929 0.001875 0.001348 0.000981 
0.002764 0.002978 0.003399 0.004571 0.005196 0.005302 0.056309 0.043228 0.060755 0.059041 0.089006 0.013322 0.010002 0.007986 0.007179 0.005856 0.005424 0.007266 0.008483 0.008378 0.026333 0.001459 0.001453 0.004267 0.011074 0.005605 0.006508 0.005550 0.009255 0.024846 0.003774 0.003768 0.003731 0.003719 0.003743 0.002069 0.002083 0.001680 0.001140 0.000846 
0.003938 0.003984 0.136412 0.006167 0.006122 0.006677 0.008360 0.008499 0.015458 0.015263 0.028345 0.029237 0.024137 0.017071 0.011032 0.010688 0.016233 0.007641 0.008342 0.008319 0.008297 0.001459 0.001459 0.004816 0.005396 0.004467 0.004466 0.004268 0.004187 0.003823 0.003774 0.003769 0.003750 0.003761 0.130342 0.002015 0.002003 0.001596 0.001280 0.001150 
0.005621 0.005838 0.110770 0.007054 0.006841 0.007295 0.008405 0.008511 0.068868 0.044220 0.039341 0.036556 0.032888 0.027744 0.019919 0.015822 0.020149 0.021583 0.021978 0.021965 0.006945 0.002983 0.020284 0.004764 0.004755 0.004431 0.004380 0.004245 0.004191 0.003968 0.003917 0.017790 0.003531 0.003515 0.002192 0.001835 0.001779 0.001735 0.001757 0.001707 
0.006553 0.006599 0.139600 0.007158 0.007111 0.007366 0.008524 0.008564 0.058410 0.051576 0.048143 0.044902 0.041160 0.036934 0.030849 0.023919 0.022978 0.022658 0.022490 0.022367 0.012462 0.005312 0.009707 0.004770 0.004766 0.004458 0.004362 0.004321 0.013240 0.003490 0.003483 0.003408 0.003040 0.002647 0.002192 0.002193 0.002256 0.002302 0.002430 0.001965 
0.006868 0.006929 0.006663 0.007086 0.007154 0.111574 0.066312 0.071059 0.060614 0.056379 0.048638 0.046342 0.043692 0.040616 0.036509 0.030535 0.027282 0.025742 0.024801 0.024208 0.022618 0.005902 0.010146 0.010404 0.025043 0.004678 0.004576 0.004316 0.004208 0.003569 0.003596 0.003490 0.003494 0.003638 0.003534 0.003458 0.003534 0.003594 0.003841 0.130395 
0.107860 0.006923 0.006617 0.006748 0.006817 0.006695 0.006768 0.006807 0.023202 0.023205 0.044907 0.044683 0.043765 0.042004 0.039495 0.035647 0.031881 0.028572 0.026908 0.025860 0.025399 0.106418 0.035001 0.039523 0.010818 0.004906 0.004945 0.004425 0.004427 0.004453 0.004642 0.004846 0.005478 0.005521 0.005684 0.005771 0.005845 0.005985 0.006921 0.015315 
0.105336 0.005917 0.005618 0.005578 0.005443 0.006582 0.006727 0.006780 0.020213 0.021799 0.021830 0.038522 0.043712 0.042334 0.040182 0.036945 0.047124 0.054237 0.037758 0.031609 0.027265 0.026501 0.020763 0.019795 0.018506 0.021740 0.028775 0.029873 0.031229 0.031763 0.032451 0.034918 0.005377 0.005379 0.005412 0.005554 0.005700 0.005916 0.006978 0.015195 
0.002628 0.003752 0.004066 0.004333 0.004338 0.019510 0.006740 0.006759 0.027510 0.021817 0.021841 0.023436 0.039496 0.041655 0.040112 0.037038 0.042069 0.036143 0.037388 0.037959 0.046640 0.038674 0.039654 0.041912 0.044193 0.044997 0.024616 0.020946 0.018758 0.013988 0.013582 0.004096 0.003508 0.003413 0.003331 0.003314 0.003165 0.003221 0.295289 0.043167 
0.002306 0.002644 0.002995 0.003514 0.004242 0.005063 0.005576 0.005918 0.017739 0.020658 0.030146 0.039888 0.045231 0.044455 0.042762 0.040434 0.038072 0.035973 0.054316 0.056644 0.059625 0.028729 0.028374 0.030785 0.036335 0.044415 0.057922 0.062316 0.063929 0.068510 0.041883 0.047867 0.007052 0.007072 0.007173 0.007301 0.007738 0.008839 0.014552 0.017070 
0.001757 0.001956 0.002291 0.002293 0.018269 0.017314 0.017892 0.021503 0.025737 0.033286 0.041822 0.045688 0.045730 0.044283 0.042234 0.039484 0.036737 0.034226 0.071429 0.059635 0.060948 0.092563 0.020749 0.019608 0.019258 0.019043 0.015930 0.013944 0.013620 0.013350 0.007015 0.007036 0.007070 0.007134 0.007237 0.007394 0.007832 0.008870 0.014498 0.016959 
0.001718 0.002011 0.002583 0.003310 0.004142 0.017190 0.017605 0.023064 0.029317 0.038171 0.045654 0.047515 0.045819 0.043114 0.040280 0.036532 0.033755 0.030909 0.050539 0.041937 0.063186 0.040187 0.078191 0.082287 0.062990 0.068066 0.038864 0.015622 0.016522 0.033424 0.006994 0.007002 0.007003 0.006810 0.006891 0.006898 0.006918 0.250595 0.017846 0.017978 
0.002205 0.002828 0.003458 0.004268 0.004276 0.006396 0.017707 0.025565 0.033038 0.042897 0.049015 0.048394 0.044982 0.041449 0.037979 0.033123 0.030696 0.027382 0.023925 0.026123 0.020458 0.026951 0.052237 0.028119 0.031834 0.041886 0.019789 0.019259 0.023598 0.008046 0.006670 0.006776 0.024717 0.006904 0.006934 0.007485 0.021923 0.021956 0.142990 0.027876 
0.002466 0.004563 0.005356 0.006465 0.006496 0.058458 0.025154 0.033891 0.042007 0.051266 0.052820 0.048066 0.042592 0.038296 0.033860 0.027349 0.027169 0.024146 0.020248 0.030343 0.017228 0.026232 0.032591 0.021605 0.020403 0.021163 0.020082 0.017381 0.007042 0.006634 0.007098 0.007424 0.007685 0.007667 0.007673 0.053288 0.021873 0.021920 0.139462 0.028338 
0.130449 0.008307 0.008067 0.009859 0.010532 0.021741 0.021898 0.053323 0.053034 0.057868 0.053851 0.044841 0.037951 0.033443 0.027495 0.019105 0.026787 0.022025 0.014067 0.011492 0.013190 0.026192 0.049281 0.023697 0.018785 0.023736 0.023835 0.025249 0.006470 0.006452 0.006635 0.007265 0.007690 0.007699 0.007789 0.009638 0.010995 0.013969 0.014745 0.140506 
0.150381 0.008945 0.008445 0.012157 0.012875 0.021826 0.021979 0.029708 0.052759 0.061474 0.050928 0.036768 0.030207 0.026214 0.017424 0.009508 0.033644 0.018846 0.012292 0.010639 0.016270 0.033534 0.020111 0.032866 0.012354 0.014771 0.021603 0.022052 0.006497 0.006385 0.006111 0.006091 0.041528 0.007676 0.007696 0.009623 0.010224 0.013321 0.015010 0.022081 
0.159331 0.235209 0.271752 0.151058 0.151022 0.262014 0.092172 0.191373 0.077093 0.073223 0.039126 0.022056 0.020236 0.016513 0.006393 0.003478 0.047153 0.015856 0.009995 0.008285 0.027306 0.034500 0.015924 0.016665 0.011035 0.011827 0.029627 0.018275 0.007414 0.006580 0.006132 0.006004 0.006010 0.006118 0.006287 0.006800 0.007997 0.011082 0.015057 0.021930 
0.145585 0.032778 0.012544 0.013942 0.013336 0.011842 0.078763 0.069525 0.039915 0.066548 0.011533 0.008042 0.015493 0.007041 0.001985 0.001989 0.025845 0.010385 0.006224 0.005764 0.045235 0.034791 0.012146 0.021904 0.010905 0.012408 0.015513 0.015546 0.013279 0.007651 0.006352 0.006009 0.005998 0.006027 0.006224 0.006914 0.005917 0.005970 0.273534 0.031134 
0.145556 0.032814 0.012059 0.011615 0.011015 0.011093 0.159018 0.006895 0.006867 0.043938 0.004738 0.004796 0.022605 0.002094 0.001982 0.001980 0.002132 0.002187 0.002200 0.004290 0.038418 0.029283 0.009434 0.009434 0.009472 0.010917 0.015518 0.025382 0.024909 0.012759 0.007432 0.006742 0.005999 0.005393 0.005511 1.292918 0.004188 0.004072 0.002722 0.003069 
0.157564 0.500710 0.007355 0.007280 0.006983 0.006768 0.005042 0.006283 0.005952 0.004175 0.004472 0.004991 0.004987 0.002442 0.001985 0.001982 0.002172 0.002232 0.002233 0.005471 0.038652 0.021746 0.009418 0.009399 0.009365 0.008946 0.008956 0.027738 0.046015 0.040941 0.008334 0.008297 0.229001 0.004014 0.003987 0.002921 0.003184 0.003009 0.002669 0.002938 
0.140288 0.003894 0.004570 0.004563 0.004666 0.005109 0.004959 0.005279 0.004882 0.004166 0.004465 0.004979 0.004981 0.028202 0.001991 0.001985 0.002262 0.002308 0.002258 0.007186 0.007156 0.007154 0.009426 0.009493 0.009460 0.008943 0.008944 0.026866 0.008845 0.008840 0.008329 0.006803 0.004828 0.004108 0.003607 0.002805 0.002397 0.002013 0.001798 0.001911 
0.124631 0.003792 0.003544 0.003543 0.004040 0.005551 0.004943 0.004571 0.003889 0.003338 0.003387 0.003544 0.003310 0.002200 0.002023 0.001988 0.002377 0.002412 0.021066 0.007191 0.007130 0.007120 0.018065 0.009634 0.009759 0.008942 0.008939 0.008936 0.008844 0.008806 0.008297 0.006799 0.004802 0.003832 0.003244 0.002666 0.002145 0.001697 0.001394 0.001308 
0.001979 0.002657 0.002744 0.002935 0.003416 0.068892 0.005152 0.004687 0.003597 0.003039 0.002748 0.002540 0.002292 0.002185 0.001947 0.001962 0.002595 0.002737 0.002980 0.007400 0.007106 0.007052 0.007171 0.040543 0.010481 0.008943 0.008940 0.008936 0.008925 0.008963 0.007131 0.005770 0.004543 0.003997 0.003410 0.002857 0.002465 0.002254 0.001928 0.001653 
0.001722 0.001861 0.001985 0.002293 0.002412 0.125671 0.113811 0.126356 0.003325 0.003206 0.002751 0.002365 0.001885 0.001603 0.001635 0.001996 0.002886 0.002972 0.003013 0.007425 0.007114 0.006979 0.007281 0.007820 0.029187 0.009277 0.009046 0.009086 0.009292 0.178996 0.005558 0.005361 0.004979 0.005145 1.854785 0.002797 0.002631 0.003220 0.003062 0.002501 
0.001020 0.001092 0.001361 0.001901 0.002370 0.065676 0.003352 0.003467 0.003634 1.860512 0.002732 0.002565 0.002095 0.001628 0.001706 0.002275 0.003160 0.003216 0.044661 0.007463 0.050476 0.006348 0.006807 0.007816 0.075881 0.063030 0.026334 0.131222 0.060149 0.067011 0.006036 0.005806 0.005577 0.005311 0.005015 0.005181 1.854549 0.004155 0.003989 0.002762 
0.000452 0.000541 0.000857 0.001451 0.002005 0.002238 0.002990 0.003347 0.003813 0.004452 0.003842 0.002601 0.002550 0.002215 0.002114 0.002625 0.003321 0.003520 0.003379 0.002920 0.002968 0.004209 0.006768 0.008881 0.054257 0.010153 0.007963 0.005620 0.005135 0.005547 0.005932 0.005841 0.006007 1.859448 0.004849 0.004682 0.003279 0.004090 0.004346 0.132125 
0.000164 0.000233 0.000461 0.000906 0.001416 0.001762 0.002173 0.002559 0.003348 0.004286 0.004320 0.177563 0.003274 0.003239 0.003060 0.003308 0.003568 0.003561 0.003352 0.002910 0.002939 0.004206 0.006539 0.008408 0.054989 0.010095 0.007939 0.005506 0.004841 0.005313 0.005349 0.181177 0.007090 0.007055 0.005419 0.004128 0.003113 0.003369 0.003667 0.003450 
0.000060 0.000104 0.000244 0.000530 0.000900 0.001194 0.001457 0.001922 0.003024 0.004435 0.004914 0.174632 0.004998 0.004523 0.004041 0.004293 0.131611 0.003341 0.003085 0.002567 0.002413 0.003321 0.004936 0.005214 0.167085 0.006163 0.005887 0.004544 0.004418 0.005337 0.005811 0.173663 0.007362 0.006889 0.005027 0.003345 0.002443 0.002549 0.002997 0.003193 
