0.000706 0.005196 0.016997 1.256703 0.019134 0.007349 0.003077 0.001293 0.000302 0.000044 0.000005 0.000006 0.000061 0.000656 0.005197 0.017082 1.236246 0.048882 0.037432 0.047160 1.827037 0.006086 0.003142 0.000614 0.000078 0.000049 0.000292 0.001227 0.002549 0.001722 0.001321 0.003470 0.007056 1.580467 0.006658 0.003071 0.001085 0.004756 0.029338 0.228297 
0.000503 0.002306 0.003297 4.555816 0.010991 0.010002 0.004951 0.003540 0.001076 0.000180 0.000025 0.000028 0.000115 0.000503 0.002288 0.003296 4.579021 0.081175 0.080200 4.354488 0.755817 0.012344 0.004366 0.000707 0.000094 0.000187 0.001098 0.003886 0.006992 0.005831 0.003425 0.006686 0.033005 0.300632 0.032024 0.004836 0.001144 0.002736 0.006249 1.389941 
0.000299 0.001481 0.005226 0.008246 0.014041 0.015785 14.982681 0.003985 0.002109 0.000433 0.000095 0.000207 0.000534 0.000700 0.001344 0.003868 0.005825 0.009684 0.591420 0.284460 4.240263 0.004078 0.002364 0.000480 0.000116 0.000471 0.002404 0.006843 0.467853 0.010233 0.004922 0.009952 0.034771 0.300437 0.033245 0.006910 0.002105 0.002097 0.005411 0.012332 
0.000748 0.001260 0.004187 0.007258 0.921231 1.748610 0.070092 0.015902 0.003223 0.000566 0.000348 0.001241 0.002665 0.002719 0.001655 0.001991 0.004820 0.007127 2.587441 0.008705 0.006177 0.003825 0.001149 0.000240 0.000110 0.000522 0.002360 0.003863 1.903454 1.372655 1.496501 1.497813 7.957689 1.417905 1.418872 0.008466 0.007257 0.005959 0.004362 0.008925 
0.005134 0.003343 0.009149 0.015136 0.904613 0.701282 0.071250 0.017191 0.005215 0.001424 0.001384 0.004319 0.006134 0.006182 0.004674 0.002388 0.003329 0.006226 1.290133 0.007366 0.004466 0.001560 0.000491 0.000437 0.000283 0.000566 0.002469 0.006949 0.470731 0.236751 1.414218 0.010836 0.007302 0.009206 0.007779 0.009349 0.018785 0.017474 0.005822 0.019885 
0.016887 0.005006 0.032601 0.035370 4.842927 0.925984 0.926604 7.848573 0.003657 0.002368 0.002744 0.006208 1.389680 1.414493 0.005908 0.004921 0.003739 0.006120 1.293001 0.004918 0.002527 0.000869 0.001155 0.001937 0.001426 0.000928 0.001690 0.005372 0.017840 0.019917 2.516678 0.007328 0.005540 0.005674 0.006557 3.933131 1.485018 1.485657 10.767894 1.789247 
0.372726 10.364947 0.286780 0.285202 0.371376 0.900456 0.027445 0.007948 0.004458 0.001492 0.001459 0.004902 0.011390 0.013286 4.727724 0.007242 0.006224 0.007934 0.014926 0.005205 0.001792 0.001457 0.003596 0.003821 0.005080 0.003314 0.002947 0.004418 0.013846 0.030429 0.786101 0.022800 0.006150 0.002276 0.003954 0.003601 0.017178 0.019229 0.024814 0.210014 
0.342802 0.014769 0.033154 0.035824 0.037358 10.340854 0.008125 0.006659 0.003714 0.001464 0.000654 0.001913 0.007959 0.019834 1.196684 0.036158 0.024604 0.011331 0.012623 0.007659 0.003103 0.003261 0.005144 15.120240 0.007507 0.005596 0.005812 0.007015 0.034913 0.051602 0.786666 0.022125 0.005518 0.001004 0.001359 0.002714 0.005662 0.007712 0.023352 0.209286 
1.225381 0.012971 0.009186 0.012168 0.038284 0.447543 0.039949 0.016312 0.005591 0.003807 0.001324 0.001067 0.005714 0.017573 1.196486 0.133704 0.133547 1.268631 0.036790 0.033319 0.004566 0.005695 0.008083 0.016472 0.615087 2.025028 1.550136 1.631881 0.531319 0.532173 6.023006 0.003591 0.002335 0.000740 0.001252 0.002255 0.002103 0.003304 0.006788 1.398829 
1.032923 0.009540 0.005381 0.010612 0.041500 0.446313 0.077866 0.079687 15.045640 0.005015 0.003139 0.001224 0.002441 0.003446 4.303239 0.310256 0.309365 1.591993 0.469749 0.470877 8.996734 0.009186 0.007726 0.014681 0.613590 0.263371 0.257886 0.051551 0.052009 0.094143 0.016052 0.004891 0.001403 0.001245 0.003170 0.003013 0.003397 0.002297 0.004518 0.006181 
0.007181 0.005421 0.003954 0.007436 1.413108 1.373930 0.028762 0.025499 0.045665 0.007977 0.006371 0.002327 0.001543 0.003796 0.005344 0.031934 0.311051 0.105318 0.095288 0.116309 0.534941 0.034069 0.008670 0.010592 4.827322 0.260582 0.258933 0.048764 0.033831 0.095712 0.014800 0.003027 0.000959 0.002251 0.003011 1.612753 0.003243 0.002484 0.001689 0.002721 
0.002971 0.001709 0.001958 0.005187 0.009494 0.012941 0.031936 0.040816 0.043806 3.640082 0.008208 0.005139 0.001715 0.001753 0.004337 0.006063 12.331800 0.102757 0.097060 0.118245 0.533882 0.033119 0.007140 0.006117 0.007001 0.128351 7.618203 0.053441 0.054921 6.167785 0.004344 0.002614 0.001215 0.004233 0.008954 1.641383 0.008795 0.004073 0.000859 0.000586 
0.000848 0.001286 0.002168 0.002888 0.006016 0.009471 1.440763 0.221472 0.219771 0.500591 0.410583 0.006054 0.002788 0.001003 0.002465 0.008040 0.013354 11.154254 0.549948 0.548696 2.079123 0.007850 0.004335 0.003663 0.005020 6.574736 1.040349 12.627584 0.727911 0.728040 0.012620 0.004520 0.001581 0.003311 0.004069 1.615461 0.002970 0.002210 0.000480 0.000128 
0.001324 0.003296 0.003009 0.004118 0.004486 0.007940 1.371004 0.056939 0.054176 0.053680 3.900597 0.005621 0.002685 0.000835 0.002130 0.008160 0.015238 0.012683 0.035080 0.038079 1.031816 0.008246 0.005326 0.002913 0.003941 0.004054 0.018151 0.006994 0.008915 6.109276 0.006705 0.004989 0.003203 0.005812 0.005953 0.005437 0.004521 0.001351 0.000241 0.000093 
0.002862 0.003705 2.271979 0.004917 0.004076 0.006455 0.013569 0.020457 0.056962 0.019126 0.009127 0.004848 0.001362 0.000609 0.002017 0.003901 15.093504 0.011081 0.009204 0.012770 0.020817 0.007953 0.005612 0.004589 0.002688 0.002694 0.004872 0.004890 0.009342 0.013023 0.010057 0.006873 0.007232 0.009115 15.153351 0.004679 0.002796 0.000684 0.000288 0.000523 
0.005918 0.012577 1.609478 0.012857 0.006194 0.004903 0.010131 0.013652 1.451518 0.009726 0.006189 0.002038 0.000428 0.000233 0.001069 0.003485 0.004323 0.004426 0.004316 0.008433 0.018284 0.018313 1.702809 0.004706 0.004420 0.002176 0.002157 0.005354 0.011225 0.011313 0.013195 15.174095 0.008580 0.006696 0.003939 0.003552 0.001217 0.000493 0.001257 0.002660 
0.006568 0.007410 2.275775 0.007778 0.006936 0.005807 0.013371 0.015067 1.388921 0.009252 0.005818 0.001954 0.000441 0.000116 0.000308 0.001249 0.002440 0.002395 0.003042 0.006574 0.014882 0.017228 0.026947 0.004957 0.004904 0.004368 0.003248 0.005131 15.167766 0.009822 0.007939 0.006391 0.004908 0.002415 0.002055 0.001097 0.000464 0.001244 0.004277 0.006121 
0.010772 0.009617 0.006903 0.007292 0.008201 1.322070 1.261106 1.478811 0.016945 0.012224 0.007700 0.004507 0.001607 0.000418 0.000367 0.001318 0.002490 0.002591 0.002711 0.004917 0.014879 0.018185 0.026994 0.020447 3.085984 0.003745 0.003260 0.004025 0.004231 0.004848 0.003614 0.004507 0.002326 0.000731 0.000464 0.000240 0.000509 0.002514 0.006010 1.398991 
1.106543 0.010263 0.006063 0.007281 0.021544 0.640652 0.188141 0.169338 0.027828 0.029690 15.163908 0.006213 0.004330 0.001722 0.001430 0.003821 0.004173 0.003407 0.003083 0.003736 0.013687 0.720613 0.610596 0.506762 0.006011 0.005147 0.002841 0.001625 0.002348 0.002653 0.004269 0.005773 0.003575 0.001108 0.000236 0.000104 0.000530 0.003398 0.021248 0.181270 
1.103792 0.008372 0.004167 0.006223 0.020489 0.641134 0.187816 0.169126 0.028881 0.013173 0.009626 0.009021 0.006208 0.004389 0.003237 0.004806 0.233583 1.879063 0.004817 0.004316 0.013497 0.622669 0.465978 0.068408 0.005820 0.005301 0.004512 0.001743 0.002051 0.004011 0.005284 1.589363 0.003279 0.002005 0.000449 0.000246 0.001229 0.005233 0.022248 0.180940 
0.007186 0.004977 0.002098 0.003430 0.004400 3.613095 1.105614 1.105875 5.014191 0.008804 0.007742 0.009620 15.127853 0.005438 0.003562 0.003617 0.004071 0.004509 0.025180 0.027327 0.027543 0.127785 0.116491 0.089839 0.090056 0.617665 0.003845 0.003692 0.004580 0.005088 0.009658 1.184362 0.006265 0.002926 0.000590 0.000481 0.001982 0.002983 4.608996 1.209505 
0.002957 0.001551 0.001662 0.004866 0.006284 0.014817 0.023524 0.018862 0.003630 0.004432 0.002881 0.004523 0.003771 0.003570 0.001591 0.001452 0.001900 0.003843 0.241432 0.540485 0.734062 0.596406 0.085453 0.081145 0.078066 0.071094 0.026298 0.009648 0.010700 1.194634 0.998601 1.194970 0.003241 0.002156 0.000546 0.000578 0.002412 0.006957 0.012935 0.023228 
0.000663 0.000628 0.002008 0.003891 15.121724 0.013852 0.011612 0.006971 0.002564 0.001244 0.000615 0.001193 0.001892 0.001069 0.000377 0.000710 0.002544 0.004542 1.189245 0.951711 0.743701 0.949163 0.088173 0.081534 0.078896 0.071326 0.029348 0.018293 0.021550 1.184640 0.016002 0.011449 0.006672 0.002525 0.000921 0.001718 0.004836 0.008714 0.011940 0.011928 
0.000603 0.000445 0.001475 0.005523 0.008942 1.410879 0.004099 0.003163 0.001056 0.000285 0.000095 0.000190 0.000383 0.000181 0.000106 0.000537 0.002528 0.005029 0.515711 0.625182 0.694297 0.346126 0.185241 1.183165 0.983260 1.038810 1.777667 0.026968 0.024083 1.596896 0.011640 0.010377 0.007666 0.006226 0.003912 0.004552 0.006312 12.930656 0.035571 0.034942 
0.002677 0.001395 0.001138 0.004083 0.007527 1.395068 0.008752 0.005315 0.001622 0.000328 0.000050 0.000025 0.000048 0.000022 0.000034 0.000261 0.001589 0.005643 0.006546 0.596264 0.035101 0.035132 1.891896 0.024376 0.025255 1.762015 0.027485 0.029367 14.994223 0.010422 0.008895 0.009890 4.586421 0.022438 0.021443 0.006327 0.033371 0.259380 1.416441 0.223272 
0.006135 0.004919 0.002312 0.003328 0.004345 1.663840 0.008611 0.007475 0.003736 0.001064 0.000180 0.000025 0.000011 0.000010 0.000050 0.000279 0.001092 0.003027 0.003327 1.176342 0.028519 0.028626 1.435785 0.020468 0.016824 0.014183 0.019893 0.030865 0.007816 0.006923 0.007704 0.019365 1.231794 0.186129 0.187722 12.893955 0.271821 0.270026 1.407047 0.230258 
1.389031 0.009759 0.006329 0.010623 0.027856 0.223335 0.221339 1.367763 0.004304 0.002134 0.000481 0.000109 0.000062 0.000062 0.000290 0.001213 0.002522 0.002390 0.003828 0.003900 0.017279 0.018059 1.469729 0.017132 0.013292 0.011263 0.012937 0.189909 0.005933 0.004143 0.006162 0.017845 1.231941 0.034953 0.023475 0.005034 0.028870 0.032183 0.032207 1.408334 
0.270957 0.013543 0.009936 0.037484 0.055017 0.223734 0.226841 1.293826 0.006482 0.003266 0.001182 0.000713 0.000468 0.000382 0.001276 0.004300 0.005984 0.004740 0.002633 0.003599 0.007112 0.015962 0.027810 1.495528 0.040907 0.039925 0.030272 7.910899 0.005419 0.003317 0.002992 0.003989 4.584618 0.005729 0.004732 0.003259 0.005820 0.008599 0.025528 0.182013 
0.273806 1.411779 1.740299 0.403142 0.403477 2.267562 1.123001 1.516475 0.008152 0.005367 0.005791 0.005264 0.002327 0.001610 0.002974 0.006437 1.401891 0.007672 0.004220 0.004888 0.008039 0.031132 0.035023 1.214277 0.383963 0.385891 7.534775 0.098019 0.004798 0.003089 0.002201 0.004422 0.006055 0.004406 0.002577 0.002772 0.003106 0.007070 0.026522 0.181663 
0.129947 0.448762 0.039265 0.038063 0.035182 0.016732 0.956127 0.834975 0.010392 0.006353 0.017562 0.017036 0.003317 0.004086 0.004010 0.007463 1.402508 0.009160 0.005715 0.006639 1.348997 0.500812 0.500812 1.378608 0.035878 0.034920 0.007621 0.010467 0.007753 0.004578 0.006021 0.006694 0.005062 0.003604 0.004802 0.004656 0.006670 0.007670 4.615867 1.207614 
0.133746 0.449866 0.034873 0.010790 0.007825 0.009750 2.942720 0.038224 0.039205 4.593672 1.260028 1.260019 4.530121 0.005164 0.004178 0.005106 0.006335 0.005509 0.005258 0.008582 1.307185 0.029570 0.026407 0.005085 0.006847 0.005416 0.005085 0.008988 0.010621 0.008375 0.032598 0.032785 0.006674 0.007259 0.009142 15.177458 0.008375 0.006491 0.003424 0.016829 
0.394203 7.529891 0.004469 0.003004 0.002179 0.004474 0.005610 0.013565 0.013605 0.003577 0.017423 0.019237 0.010331 0.007048 0.005251 0.002611 0.002874 0.002845 0.004818 0.005780 1.453459 0.011451 0.010494 0.004121 0.001951 0.001967 0.005351 0.010768 0.928909 2.370582 0.562514 0.563719 11.215940 0.008353 0.006745 0.004173 0.004381 0.002350 0.002420 0.005198 
0.367337 0.008447 0.005341 0.001758 0.001612 0.003478 0.003666 0.003400 0.003068 0.002589 0.005656 0.007462 0.009344 15.154363 0.004210 0.002326 0.001950 0.004098 0.006177 0.008726 0.009579 0.009955 0.012375 0.005741 0.002396 0.002447 0.004330 15.137166 0.013016 0.011206 0.033496 0.031995 0.004221 0.004553 0.002729 0.002290 0.001271 0.000490 0.000485 0.000660 
1.352634 0.006935 0.003479 0.001835 0.004325 0.008784 0.006315 0.003160 0.001787 0.001135 0.001044 0.001763 0.004035 0.003778 0.003490 0.001517 0.002537 0.003898 7.383726 0.009987 0.008627 0.010510 15.164310 0.007248 0.004988 0.002903 0.004733 0.008098 0.008350 0.007418 0.007110 0.005775 0.002609 0.002277 0.002428 0.001778 0.000836 0.000282 0.000124 0.000124 
0.006117 0.004456 0.001797 0.002757 0.008074 0.617755 0.009548 0.004629 0.004662 0.002851 0.001322 0.000641 0.001156 0.001894 0.001104 0.000906 0.005338 0.020117 0.759962 0.024172 0.009519 0.007352 0.009526 15.154323 0.007048 0.005164 0.004463 0.006216 0.008641 0.011063 0.005790 0.002187 0.001885 0.003902 0.004311 0.004934 0.002856 0.001313 0.000504 0.000560 
0.002655 0.001311 0.000801 0.002353 0.003808 1.384432 1.276614 1.384271 0.006204 0.004735 0.003996 0.001579 0.000545 0.000445 0.000240 0.000701 0.005324 0.020135 0.759010 0.027165 0.010483 0.006551 0.007934 0.012274 0.011130 0.007430 0.007054 0.008097 0.012061 2.274287 0.007708 0.004039 0.003899 0.005782 15.126598 0.006624 0.004740 0.004598 0.002541 0.002839 
0.000518 0.000260 0.000514 0.002515 0.007842 0.616558 0.009313 0.005170 0.007053 15.157395 0.006104 0.004220 0.001536 0.000375 0.000155 0.000621 0.002559 0.003467 1.298410 1.267087 1.469416 0.007173 0.006213 0.010392 0.727206 1.822584 1.801498 1.824672 0.753710 0.752671 0.009658 0.006535 0.007461 0.007666 0.013011 0.014894 15.124499 0.009449 0.007567 0.006308 
0.000064 0.000043 0.000187 0.001115 0.004055 0.007580 0.005863 0.003699 0.005352 0.006663 0.007895 0.005209 0.003745 0.001168 0.000490 0.001403 0.003443 0.004396 0.004323 0.006731 0.003084 0.004040 0.005704 0.030199 0.239730 0.033812 0.009533 0.004891 0.008499 0.008645 0.009054 0.007525 0.009409 15.141109 0.011128 0.009244 0.004170 0.007131 0.010573 1.403853 
0.000006 0.000006 0.000038 0.000257 0.001075 0.002226 0.001487 0.000956 0.001913 0.004780 0.005771 4.555586 0.003481 0.002489 0.001695 0.004501 0.006899 0.005480 0.003427 0.003452 0.002112 0.001572 0.004761 0.029591 0.241075 0.031545 0.006940 0.003002 0.003888 0.005508 0.006500 4.561273 0.010857 0.009867 0.005557 0.002916 0.002286 0.002498 0.005270 0.006729 
0.000000 0.000001 0.000006 0.000041 0.000190 0.000440 0.000249 0.000197 0.000909 0.005742 0.017557 1.256549 0.017560 0.005773 0.003389 0.006841 1.402557 0.006663 0.003201 0.001163 0.000615 0.000761 0.003016 0.006498 1.527859 0.006989 0.003508 0.001175 0.001388 0.005878 0.017697 1.255265 0.019808 0.007985 0.002103 0.000644 0.000532 0.000553 0.001572 0.003271 
