5.902836 7.808286 11.461926 15.672368 14.533024 12.831787 10.920403 7.987611 5.315235 3.473453 2.548764 2.453722 3.137458 4.706752 7.471911 11.750352 16.921919 17.974115 19.571226 21.738960 23.726311 15.073288 9.339675 5.952147 4.443871 4.455152 5.705452 7.799212 9.901737 10.701084 11.469133 13.110777 16.616430 23.493181 15.607594 11.280002 9.485331 10.082169 12.955193 17.081619 
6.228411 8.370386 13.247731 23.247591 17.551682 15.585752 14.371792 9.950729 6.381946 4.140168 3.094621 3.020405 3.748451 5.289519 8.069259 13.162035 23.316797 19.835117 21.280807 23.852282 20.862722 14.185900 9.004397 5.908587 4.636119 4.954206 6.758402 9.907833 13.578042 13.357764 13.395233 14.037384 15.711197 17.104063 14.500750 11.468350 9.874993 10.545802 14.259732 23.426146 
6.711772 8.536566 12.227588 17.308317 19.099676 19.946045 23.331406 13.290687 8.084049 5.297204 4.163789 4.253462 5.157433 6.500996 8.502141 11.784363 16.447910 18.893272 23.850878 22.098963 23.493862 13.872053 8.635349 5.900128 4.994609 5.757663 8.396137 13.636510 23.393637 18.267399 17.410780 16.665539 17.660414 17.103384 16.387197 12.974432 10.807144 10.707388 12.616891 15.627955 
7.811592 9.322591 12.272397 16.881002 23.697851 23.778719 19.342512 14.002954 9.449225 6.655353 5.714911 6.357196 7.938370 9.087081 9.935236 11.458741 14.145004 17.643505 23.682289 18.959057 16.069773 11.296976 7.850272 5.992261 5.543561 6.575443 9.470840 14.937070 23.770939 21.105274 23.678635 20.045631 23.554029 19.659321 23.409670 15.901296 12.457405 11.642449 12.538765 13.279563 
10.006607 11.305871 13.248336 16.575665 20.596365 20.316244 18.293619 16.169352 11.276093 8.224388 7.617847 9.451038 13.179602 14.180292 13.104973 12.575225 13.633502 16.205503 19.308163 16.062952 12.749265 9.689125 7.672378 6.731009 6.608211 7.573518 10.103338 14.977951 23.591967 20.626677 21.058765 18.366922 17.658392 16.647427 17.785572 17.203548 14.186234 13.640934 15.327765 14.355716 
13.611672 15.334648 15.497978 18.024708 23.772171 20.659475 19.564148 23.305046 13.585533 9.602441 9.235249 12.782063 23.289248 23.540838 18.168009 14.785716 14.345670 16.757792 23.364164 15.564391 11.655955 9.500004 8.718223 8.837195 8.766219 9.235168 10.722057 13.515592 17.111029 18.746456 23.518473 16.982424 14.429113 13.916344 16.149971 23.237244 16.006777 16.028431 23.269875 17.072809 
18.096291 23.423187 17.947283 18.608582 23.779276 21.049683 18.142803 16.611994 12.488840 9.757650 9.260427 11.374307 15.906826 18.942934 23.448664 16.685007 14.965389 15.637928 16.426571 13.610006 11.431150 10.511908 11.311054 13.471960 12.722679 12.287720 12.546176 13.757814 14.973653 15.996980 16.963831 14.049413 11.782313 11.065508 12.047201 14.040542 12.911254 13.546136 16.138241 15.942050 
19.537453 18.863533 16.670603 17.033876 19.892643 23.612541 17.729271 14.951122 12.566941 10.240589 9.208014 9.973794 12.314683 14.972742 17.346682 16.082485 15.958550 17.068937 15.598149 13.719170 12.702353 12.502044 15.044354 23.327864 18.721535 17.119074 16.009411 16.630226 15.689614 15.882023 16.696049 13.097363 10.336021 9.239547 9.548210 10.417089 10.603989 11.655393 14.169989 17.064451 
23.828823 18.132732 15.512923 15.596910 17.397057 18.533144 16.666019 15.557965 15.272748 12.125351 10.020805 9.626366 10.972347 13.760707 17.248371 16.946774 18.400806 23.607470 17.822865 15.747365 15.934717 14.461690 15.499082 19.543173 23.769669 23.738708 20.176777 23.523405 17.928320 17.763786 23.260483 13.943754 9.960552 8.714941 9.117494 10.056922 10.049126 10.906074 14.297177 23.371458 
23.669880 16.754957 14.440950 15.285669 18.163944 18.883745 17.535170 18.030937 23.364014 15.614265 11.827641 10.241449 10.880543 14.413108 23.305784 18.586275 19.473745 23.735697 18.779669 18.146181 23.376768 16.594639 15.536770 17.737190 20.972942 20.776955 19.524391 19.201742 17.169386 16.408916 15.886639 11.979922 9.511628 9.165439 10.742352 13.183921 11.167284 10.141175 11.099786 13.687831 
15.123290 13.247054 13.034242 15.723765 23.546808 23.708567 19.163559 18.169558 19.191149 17.562254 14.074126 11.334624 10.566662 12.165673 15.677857 16.888474 19.395576 19.854239 17.777544 17.102316 17.878401 15.571036 15.017663 17.362169 23.639280 20.977665 20.263145 18.985279 17.772287 17.403362 14.385907 11.234468 9.637973 10.314451 13.984584 23.110075 13.684718 9.782026 8.599485 8.800261 
10.897809 10.777189 11.536509 13.628035 17.215582 19.130268 19.646296 18.843689 19.935442 23.674484 18.081068 13.091244 10.562881 10.601698 12.751467 16.307774 23.573217 20.718975 17.938929 17.260780 17.958757 15.567613 14.446226 15.623085 18.876230 21.318958 23.803173 21.133957 20.106667 23.506680 15.659781 11.674689 10.191869 11.071843 14.129707 17.845757 12.902546 8.954070 6.931272 6.258855 
9.498120 10.208927 11.558803 12.803734 15.016962 18.223394 23.733879 20.122705 20.297340 23.916086 23.698603 14.884087 10.609076 9.554500 10.982295 14.354717 19.333311 23.593140 18.532774 18.653429 23.613153 17.079201 14.507152 14.584162 17.248077 23.590364 21.474981 23.710012 20.211868 20.180243 15.582480 12.352816 11.131763 12.269567 15.965302 23.219166 13.304309 8.386783 5.975502 5.041372 
10.143043 11.784916 14.478390 13.854664 14.541288 17.424669 23.667894 19.885193 19.454700 20.677803 23.551167 14.464003 9.971961 8.627319 9.828117 13.221505 17.862713 17.888851 16.291090 17.529705 23.536816 17.206573 14.798341 13.820944 14.483870 16.371546 16.729664 17.963955 18.959669 23.506369 16.657995 13.760537 12.452246 13.498858 16.516523 15.613065 10.849564 7.362175 5.474421 4.735215 
11.888715 14.980267 23.276739 16.361784 14.692234 15.813568 18.213650 18.608418 19.328941 17.875824 16.183676 11.781011 8.676971 7.663215 8.962286 13.235551 23.149889 16.055054 13.683578 14.037541 16.091852 15.883349 16.448574 14.339385 13.312906 13.285007 13.664677 14.880498 16.429424 17.516603 16.233282 16.216558 14.078466 15.253147 23.109884 13.937037 9.255928 6.748641 5.687503 5.466959 
13.243288 15.443001 19.044104 16.214596 14.939211 15.744557 17.304438 19.520115 23.696459 17.683792 13.869085 10.295626 7.776877 6.799656 7.531249 9.897676 13.058784 11.839548 10.985538 11.491075 13.380174 16.332066 23.341141 16.581017 14.068276 12.707536 12.639159 14.214276 16.930906 16.308212 16.996582 23.226168 14.854897 12.612599 13.003983 9.908913 7.591969 6.641356 6.918417 7.772663 
15.104633 17.018187 23.419279 17.152466 16.013920 17.781437 18.438263 20.823750 23.753979 17.607841 13.827760 10.309921 7.793667 6.597691 6.789855 8.104869 9.647380 9.768253 9.633722 10.339793 12.298362 15.184700 17.854692 17.132740 16.479990 13.780795 12.919123 15.186297 23.231779 16.284010 14.618587 14.928503 11.796962 9.662623 8.584252 7.242508 6.617933 7.283301 9.489077 12.843503 
17.664816 16.525883 16.865131 15.514055 16.918064 23.498306 20.344788 23.692530 20.278643 17.478714 16.032021 11.866116 8.933005 7.343670 7.221105 8.394304 10.048745 10.498272 10.144167 10.731996 13.051625 16.818674 18.094847 20.048094 23.466276 15.811751 12.936430 12.996040 14.813894 13.426401 12.796261 12.441925 10.168416 8.002647 6.626131 5.968161 6.396999 8.411543 12.974756 23.294600 
23.744009 17.043428 14.495527 13.820950 15.219395 17.976921 17.884312 18.691483 18.300591 18.344992 23.292477 14.631360 11.135865 8.955602 8.649665 10.523375 14.034142 14.508360 12.401840 12.165807 15.039093 23.378334 19.976803 23.621284 19.502457 15.637049 12.869034 11.859683 12.195637 12.506995 13.361986 14.390940 10.894774 7.871093 6.131972 5.701646 6.658072 9.103647 12.847746 16.512087 
23.619207 15.822692 12.956676 12.901458 14.908480 17.737717 17.057489 17.275312 18.278631 16.583675 16.434507 14.496625 14.354712 11.007369 10.182556 13.282117 23.301050 23.404610 15.369511 13.197036 14.110877 16.773760 16.921396 17.970791 17.484795 16.989962 13.930066 12.329151 12.480765 13.841520 16.373705 23.232042 13.546686 8.747893 6.507871 6.163351 7.574023 10.727281 15.026344 15.534134 
14.356615 12.097616 11.346179 12.759218 16.483547 23.435575 17.911213 17.619919 23.301521 15.664274 13.640161 14.794287 22.972101 12.757193 10.015961 11.282388 15.077874 16.371227 14.931089 13.889053 14.185154 15.266037 15.582040 16.358315 18.008249 23.414955 16.371040 14.025785 14.483404 16.732294 17.513811 18.944658 13.599348 9.366531 7.218275 7.077985 8.982105 13.495995 23.210934 17.371574 
9.677764 9.415267 10.273060 13.002918 17.284153 18.529680 15.920350 14.379367 14.238909 11.424062 9.983961 10.229584 11.726757 9.112090 8.006769 8.990002 11.577806 14.328244 16.611063 16.009008 16.320684 17.330551 16.648064 16.657383 17.312315 18.612654 16.732565 15.810784 17.488720 23.557251 20.312595 23.469446 14.873863 10.324300 8.265144 8.289087 10.127529 13.383234 16.556288 15.681738 
7.695962 8.169398 9.952165 14.255762 23.408154 19.676949 15.351175 12.281904 10.246208 8.196168 6.919937 6.554538 6.642632 5.996962 5.993905 7.314847 10.227516 15.087480 23.553442 19.794161 20.371141 23.677834 19.766865 19.118279 18.676655 19.421225 18.829861 17.773052 18.645145 20.641264 18.754604 17.829247 14.472990 11.294190 9.758715 10.176993 12.351899 15.791534 16.352463 15.728274 
7.690573 8.117137 9.672147 13.066335 18.455486 23.507647 16.007008 11.727015 8.749980 6.509451 5.066365 4.361151 4.125523 4.056352 4.573436 6.135777 9.188035 14.460530 23.598763 21.377075 23.812502 22.142147 21.908342 23.802456 21.361202 23.919113 23.819714 20.383587 21.094133 23.686901 18.516802 16.957722 16.396370 13.259439 11.945253 12.939028 15.859525 23.465099 19.827728 17.855339 
9.711457 9.471159 10.158649 12.385769 16.012455 19.185719 15.812553 12.400184 8.938125 6.201188 4.392491 3.413502 3.046725 3.149922 3.864238 5.439927 8.131532 12.180497 17.375492 20.208332 20.641220 21.044821 23.855867 21.791941 21.106621 23.871799 21.695625 21.037125 23.715803 19.680796 17.036980 17.570080 23.338005 16.018995 14.507536 16.358465 17.071461 20.353079 23.812174 20.544123 
14.464052 12.469788 11.797368 12.955399 16.426195 23.483767 18.005959 15.567809 10.758244 7.053765 4.703574 3.437634 2.967779 3.128722 3.951960 5.536467 7.898529 11.061232 15.704891 23.465227 19.599703 19.623669 21.389360 20.408239 19.538271 20.011036 20.056456 20.457344 19.178148 16.532919 14.960643 15.391109 17.135153 15.413229 16.269203 23.320332 18.084322 19.102217 23.814028 22.092283 
23.544933 16.719952 14.331139 13.964579 15.717086 18.807417 19.348265 23.373018 13.779997 8.660623 5.755669 4.260984 3.738506 3.954310 4.956796 6.786037 9.076530 10.844351 13.246710 16.318996 16.948900 18.804403 23.735176 21.227938 19.161659 18.991308 20.438643 23.772785 18.333733 15.001934 13.721474 14.640965 16.834393 14.811728 14.272280 15.745394 15.140444 16.403257 19.610287 23.786787 
20.029858 18.934004 17.516371 15.647738 16.338127 18.958015 19.356888 19.759998 14.558024 10.222351 7.347646 5.853574 5.403661 5.653827 6.941871 9.594881 13.049570 12.480227 12.717214 14.156934 15.701573 17.352276 20.296658 23.730406 19.472534 18.973488 21.223818 23.867809 17.813148 14.248363 13.225765 15.398747 23.216343 15.389857 12.967606 12.829154 13.016439 14.353317 16.630739 18.139648 
19.765923 23.717642 23.590567 17.467253 17.679510 23.607586 21.556791 23.737331 16.725594 12.618026 9.695135 8.363948 8.244730 8.201425 9.551412 13.758860 23.305664 15.818289 13.722466 14.691325 17.131214 17.255451 18.576412 20.535696 18.460072 18.769228 23.729332 23.767221 17.266109 13.815839 12.464516 13.149989 15.041678 13.133621 12.195544 12.439854 12.612853 14.132075 16.971006 16.348480 
17.825098 18.762836 17.708349 15.427164 15.752696 18.813969 21.426849 23.766119 18.187010 16.150097 12.729274 11.850643 13.131127 11.464668 11.481255 14.754374 23.383282 16.165865 14.380079 16.509390 23.465439 18.618441 18.691414 23.510511 17.620548 16.399126 17.758471 18.069326 16.175602 14.157766 12.635730 12.530168 13.236858 12.657121 13.075117 14.946880 13.683692 15.279225 23.201794 16.372829 
17.571329 18.215294 15.545588 13.533653 13.785107 16.765213 23.502001 19.506170 18.221781 23.268410 15.526955 15.435637 23.151224 15.288257 12.426572 12.609516 14.606463 13.515202 13.792686 16.027449 19.561592 17.477270 16.481718 16.640570 14.702552 14.198150 15.369667 17.003206 17.822338 16.833342 14.319417 13.958751 15.453481 13.933407 15.190076 23.097139 14.444662 12.504187 13.491857 11.855613 
19.318644 23.418047 15.432757 12.275362 11.941440 13.449264 15.477346 14.671885 14.087797 14.656058 12.849057 13.362481 16.332254 16.307690 12.697490 11.089862 11.369594 12.128119 13.975975 16.825504 23.468069 17.816435 15.843342 14.560393 13.290883 13.328567 15.342261 19.313465 23.702845 23.547562 16.572107 16.231428 23.177086 14.993690 13.054049 13.650839 10.818737 9.186423 8.688469 8.050346 
19.238070 17.113846 13.084240 11.071741 11.170023 12.371680 12.799417 12.183180 11.363009 10.873693 10.315276 11.208919 14.650826 23.048241 13.345587 10.213564 10.275551 12.353083 15.847139 16.299923 17.716976 17.010120 17.296534 15.400761 13.665190 13.570433 16.164160 23.481857 19.819937 17.727085 14.621675 13.648014 14.528799 12.217428 10.854598 9.989838 8.393161 7.076292 6.301585 5.856821 
23.433821 15.020967 11.353805 10.577108 12.134851 14.834245 13.878218 12.638553 11.031670 9.804299 8.916401 8.977381 10.275624 12.131102 9.722679 8.618926 9.745390 13.766368 23.235273 17.389112 16.553207 17.815023 23.512848 18.892302 15.427477 14.165159 14.965385 17.124741 16.524445 15.364633 13.239565 11.922510 11.628757 11.117768 10.733056 9.543422 8.074741 6.688081 5.766709 5.337975 
13.069564 10.499127 9.274422 10.375076 14.578988 23.441776 17.836523 16.135887 13.030153 11.058500 9.123361 7.979706 7.683060 7.723023 7.078554 7.191559 8.805840 12.137406 16.360096 15.906352 15.949958 16.686205 19.543486 23.548061 17.792337 15.684644 15.286922 16.112583 16.410147 16.674116 13.922445 12.092559 11.767228 12.605711 14.009571 11.856197 10.056428 8.092012 6.879987 6.467680 
7.413839 6.881075 7.212488 9.469620 14.663582 23.730038 20.115097 23.400545 16.428421 14.834230 11.026006 8.538445 7.014459 6.199132 5.905322 6.565918 8.564240 12.079515 16.470205 16.512392 17.350052 16.068787 16.683754 18.587145 19.004360 18.289997 17.244299 18.365927 19.000561 23.573204 16.496729 13.691192 13.598120 16.191528 23.271887 16.239912 14.555226 11.016926 9.379518 9.318594 
4.216239 4.375620 5.309502 7.818019 13.027345 23.307268 17.407373 16.722099 16.649738 23.147896 14.013523 10.462830 7.869868 6.328732 5.955225 6.862915 9.185073 13.570042 23.237452 18.752531 23.329535 16.191906 15.118766 17.430973 23.629110 23.667597 19.613810 23.533600 19.935396 23.620789 17.346079 15.385370 15.509015 17.755159 18.231487 17.446075 23.169781 14.331616 12.564740 14.339143 
2.390819 2.699989 3.593863 5.437540 8.453705 12.033898 11.588845 11.637338 12.454359 14.598561 13.652503 13.711740 9.905220 7.467123 6.898446 7.975177 10.093431 12.091884 14.651478 14.030589 14.492440 12.741249 12.804663 14.828831 17.726784 17.679235 16.164318 16.373499 15.702701 16.681196 16.319679 17.641792 17.911694 23.372776 16.635866 14.301401 14.555132 12.766758 14.463123 23.320126 
1.396418 1.677789 2.356639 3.559613 5.245369 6.918469 7.515149 8.127059 9.298248 11.402577 14.513673 23.036636 12.820408 8.945885 8.412837 10.318252 13.460995 12.393575 11.564864 10.645459 10.320394 10.153016 11.284538 13.974172 17.085419 15.538591 13.554504 12.617538 12.419378 13.550462 16.151854 23.356556 17.442778 16.072842 12.964614 11.027172 10.366506 10.100398 11.431669 14.340558 
0.958266 1.196424 1.727905 2.594556 3.716554 4.810192 5.556628 6.362868 7.625559 9.601431 12.222127 14.909084 11.600887 9.325383 9.728431 13.709178 23.286098 14.813320 11.039968 9.230871 8.631123 9.015484 10.970069 15.323005 23.479185 16.416401 12.703078 11.007386 10.714163 11.741565 13.898642 16.536949 14.776866 12.965866 10.763029 9.143179 8.406379 8.390613 9.285503 10.580801 
