15.310522 16.928242 19.944317 23.277645 22.565479 21.115326 19.172991 16.172188 13.207955 10.971960 9.772009 9.633777 10.528815 12.475887 15.500185 19.594572 24.140099 25.319561 26.535707 27.924568 29.116638 21.997698 16.985495 13.800214 12.347444 12.436629 13.865644 16.168344 18.529997 19.801294 20.816658 22.211151 24.603281 29.019577 23.814405 20.865635 19.586895 19.963919 21.929209 24.721481 
15.725051 17.492781 21.355413 28.794500 24.794062 23.200159 21.885256 17.823608 14.252214 11.773668 10.496128 10.384218 11.312419 13.198560 16.161877 20.782665 28.833241 26.617214 27.623299 29.240271 26.879448 21.362038 16.820271 13.892024 12.647654 13.003783 14.837238 17.918108 21.388887 21.803610 22.210733 22.865849 24.053379 24.922113 23.132103 21.036856 19.890671 20.324297 22.848032 28.965706 
16.397511 17.888338 20.830208 24.661213 25.946117 26.491524 28.816841 20.650000 15.972613 13.179404 11.897811 11.937991 12.983317 14.632118 16.891190 20.048405 23.975636 25.914242 29.246986 28.040030 28.946873 21.261389 16.710768 14.145535 13.231670 13.954858 16.397121 20.968742 28.872879 25.451599 25.005791 24.635139 25.319960 24.934168 24.405031 22.063984 20.574120 20.497971 21.802698 23.851353 
17.577263 18.795782 21.105537 24.466665 29.138596 29.185419 25.891993 21.487776 17.510103 14.861668 13.823143 14.325778 15.834023 17.227188 18.473322 20.196289 22.533655 25.125265 29.130253 25.810944 23.519053 19.533314 16.422388 14.592428 14.090881 15.031567 17.604294 22.200520 29.162151 27.449905 29.139973 26.840832 29.063629 26.569159 28.962664 24.031715 21.713139 21.179535 21.795670 22.333319 
19.500496 20.510038 22.044352 24.419958 27.129246 26.922871 25.328938 23.406376 19.378548 16.707403 16.044806 17.479908 20.557585 21.646313 21.297047 21.379772 22.421713 24.261751 26.232164 23.861197 21.257425 18.615562 16.661283 15.616063 15.427301 16.321993 18.550694 22.550835 29.054976 27.202839 27.496910 25.767078 25.259056 24.570189 25.277880 24.886787 22.863094 22.514696 23.659304 23.056997 
22.283417 23.508034 23.792004 25.531548 29.203312 27.222513 26.431061 28.841009 21.549988 18.351229 17.948586 20.679399 28.788832 29.000175 25.301521 23.252260 23.135319 24.757551 28.933285 23.634630 20.687561 18.817471 17.875839 17.699881 17.590349 18.094748 19.497355 21.883219 24.740412 25.981211 29.039549 24.805889 23.065174 22.667099 24.110582 28.831142 23.984861 24.018082 28.860678 24.824909 
25.495716 28.978170 25.601311 26.062981 29.219986 27.503685 25.613333 24.421339 21.218760 18.995777 18.524218 20.125183 23.641365 25.896608 28.981583 24.722525 23.706161 24.153908 24.570427 22.546320 20.828123 19.928852 20.205488 21.526104 20.948498 20.776804 21.220987 22.356836 23.467693 24.255713 24.821182 22.804375 21.167389 20.572273 21.143877 22.456753 21.701864 22.186615 24.017910 23.998131 
26.565680 26.250671 24.962641 25.219063 26.945612 29.118988 25.432003 23.470383 21.560423 19.693392 18.832693 19.433144 21.240396 23.263210 25.045626 24.405930 24.406330 25.081774 24.118088 22.797653 21.944305 21.668787 23.288778 28.871841 25.552599 24.497087 23.902880 24.486359 24.082520 24.242435 24.633623 22.073532 20.033552 19.131819 19.233749 19.784647 19.907856 20.657629 22.489458 24.640831 
29.248611 25.809147 24.268826 24.386356 25.477369 26.143406 24.921339 24.054914 23.554485 21.190353 19.631092 19.338125 20.384546 22.442503 24.968384 24.938612 25.921684 29.112417 25.570910 24.229006 24.228260 23.259073 23.950434 26.580709 29.196793 29.174831 26.902401 29.051249 25.623552 25.487240 28.866526 22.548500 19.658911 18.648071 18.814810 19.388264 19.291368 19.822737 22.266491 28.875082 
29.141123 24.865482 23.512022 24.105572 25.915751 26.369350 25.545261 25.779385 28.939217 23.679651 20.987837 19.849350 20.321539 22.803410 28.884438 25.936178 26.557020 29.194622 26.245054 25.843561 28.973051 24.832359 24.204750 25.586086 27.556421 27.462744 26.684580 26.524525 25.237217 24.637323 24.078444 21.231758 19.342558 18.946257 19.948290 21.557014 19.849445 18.878218 19.444071 21.273354 
23.564816 22.469633 22.454449 24.234560 29.078508 29.185349 26.546318 25.940020 26.409958 25.098606 22.594582 20.618080 20.052462 21.177544 23.692110 24.677324 26.468325 26.868015 25.691076 25.295916 25.760166 24.359825 24.026630 25.433214 29.143940 27.600874 27.176088 26.420746 25.634987 25.236172 23.076178 20.762083 19.466246 19.805542 22.297709 28.685856 21.452854 18.200317 17.033306 17.019054 
20.698999 20.727478 21.385271 22.859051 25.197073 26.448017 26.823223 26.384649 26.969568 29.137655 25.325430 21.780668 19.941360 19.958765 21.521488 24.089949 29.066597 27.404692 25.767658 25.378176 25.817150 24.397223 23.741144 24.427122 26.350409 27.786188 29.240406 27.680798 27.036371 29.038805 23.879581 21.080376 19.910536 20.384436 22.382677 24.779345 20.628851 17.187742 15.277802 14.548228 
19.717247 20.291401 21.346947 22.333710 23.861521 25.897232 29.201027 27.138926 27.225189 29.304213 29.134090 22.900074 19.794861 18.998541 20.071775 22.567738 26.132868 29.086510 26.008169 26.109816 29.125811 25.271036 23.759638 23.798370 25.369024 29.111948 27.840336 29.180428 27.051882 26.936966 23.856718 21.575655 20.600214 21.242481 23.705296 28.737297 20.722435 16.425812 14.148380 13.193563 
20.170399 21.334019 23.251404 23.070868 23.652525 25.467052 29.165241 26.994579 26.686922 27.307714 29.032833 22.491907 19.144802 18.083685 19.005949 21.602444 25.098770 25.282038 24.386728 25.243296 29.061962 25.262135 23.864542 23.284206 23.675529 24.783403 24.984697 25.712389 26.303236 29.039528 24.578451 22.538349 21.474764 22.032389 23.931339 22.772867 18.611324 15.408388 13.541203 12.754237 
21.419781 23.477983 28.894861 24.762669 23.857498 24.606777 26.051352 26.266987 26.550091 25.378008 23.919977 20.513227 18.022806 17.145752 18.114426 21.390146 28.731663 23.955786 22.505629 22.854584 24.290506 24.309225 24.796568 23.555353 22.912878 22.876963 23.096260 23.818031 24.730818 25.290113 24.343712 24.173964 22.468639 23.128069 28.658558 21.272789 17.203491 14.824990 13.694189 13.370209 
22.429306 23.891830 26.296314 24.716196 24.050932 24.605240 25.538687 26.804445 29.163860 25.108433 22.232462 19.373583 17.228113 16.322651 16.847980 18.756920 21.338907 20.786463 20.474842 21.028011 22.430689 24.476591 28.946106 24.878010 23.339802 22.489208 22.430521 23.379566 25.001184 24.498508 24.821812 28.811224 22.740059 20.838497 20.750700 17.965517 15.807348 14.793298 14.880278 15.501868 
23.720005 24.957827 28.995047 25.277252 24.670834 25.767002 26.183449 27.543995 29.192509 25.024641 22.170567 19.329412 17.154993 16.051569 16.159227 17.283388 18.730518 19.174917 19.402382 20.156485 21.663391 23.703930 25.518431 25.158113 24.786777 23.112421 22.559711 23.930584 28.869698 24.370270 23.088924 22.972242 20.357712 18.385717 17.164949 15.780814 15.063703 15.500013 17.298658 20.015779 
25.383612 24.678782 24.939106 24.192280 25.107819 29.058432 27.217447 29.168806 26.980598 24.987669 23.736425 20.426792 17.967566 16.560835 16.420599 17.448141 19.001827 19.682360 19.762930 20.434639 22.167738 24.763365 25.691828 26.937262 29.029285 24.345840 22.548363 22.524185 23.557276 22.504272 21.831364 21.186684 19.070644 16.989635 15.552252 14.773370 15.008325 16.665211 20.457008 28.764502 
29.189142 24.923784 23.348230 23.030218 23.975132 25.714075 25.684311 26.113939 25.762104 25.620815 28.835093 22.399155 19.588717 17.763584 17.473982 19.021225 21.951729 22.594030 21.425531 21.487516 23.538721 28.961039 26.929979 29.129122 26.670883 24.274178 22.527489 21.843946 21.944801 21.965788 22.281767 22.552561 19.556564 16.863321 15.202848 14.684525 15.436091 17.504694 20.662296 23.749029 
29.084280 23.935940 22.141712 22.252089 23.653711 25.510851 25.080347 25.152229 25.665989 24.210373 23.826447 22.240664 22.019516 19.234676 18.518816 21.018862 28.804260 28.925541 23.617199 22.355137 23.135496 24.994638 25.191776 25.859694 25.533867 25.150587 23.247295 22.216467 22.215197 22.934570 24.424213 28.801254 21.524988 17.641119 15.680883 15.304424 16.451088 19.064568 22.560699 23.224974 
22.528511 21.107744 20.787247 21.913366 24.496502 28.988024 25.461269 25.187380 28.850636 23.178545 21.471506 22.207300 28.509426 20.300779 18.149546 19.318497 22.546915 23.882124 23.292402 22.894424 23.300489 24.145622 24.472664 24.997383 25.931522 29.014471 24.816652 23.362915 23.559233 24.816793 25.163197 25.848305 21.731735 18.366201 16.544903 16.371811 17.903711 21.464676 28.770853 24.854105 
19.015926 18.975737 19.790001 21.879498 24.901936 25.735851 23.921768 22.633106 22.125933 19.648182 18.192974 18.081804 19.059801 16.909088 16.130030 17.213017 19.656969 22.214693 24.339319 24.276089 24.660624 25.418732 25.141180 25.215508 25.585321 26.295523 25.140488 24.541538 25.490786 29.082462 27.026625 28.984364 22.846327 19.387159 17.722433 17.696089 19.156492 21.747978 24.342607 23.945921 
17.467037 17.950583 19.416117 22.604101 28.943165 26.444172 23.346960 20.859138 18.870825 16.754339 15.238762 14.528377 14.343536 13.803278 14.016244 15.496592 18.305811 22.476830 29.024862 26.701923 27.139387 29.166504 26.948143 26.621317 26.384659 26.771429 26.398478 25.743420 26.232653 27.353521 26.105610 25.362682 22.830942 20.422377 19.209417 19.476927 21.087013 23.672819 24.346760 24.129894 
17.481699 17.932394 19.237400 21.809591 25.611818 29.003674 23.658796 20.237593 17.454897 15.070238 13.290895 12.220714 11.754212 11.714558 12.437737 14.221951 17.253374 21.840487 29.036972 27.658743 29.237465 28.268745 28.154797 29.249540 27.894337 29.315311 29.256693 27.279085 27.676579 29.168713 26.013311 24.912558 24.317078 22.067690 21.062101 21.723072 23.776407 28.987543 26.723989 25.586813 
19.088062 19.055408 19.752956 21.463980 24.021238 26.063789 23.495514 20.633190 17.439054 14.603672 12.479722 11.153020 10.574681 10.702920 11.643330 13.508987 16.336449 20.093197 24.471706 26.807041 27.304523 27.624590 29.276899 28.148781 27.786606 29.293051 28.077522 27.686590 29.192747 26.809669 25.188549 25.441204 28.928078 24.120113 23.052851 24.252882 24.797213 27.026623 29.234978 27.283884 
22.639959 21.409533 21.121410 22.065287 24.438507 29.001499 25.111542 22.992472 18.819176 15.274246 12.728851 11.180202 10.530786 10.721511 11.768142 13.658935 16.254131 19.366348 23.290861 28.987150 26.718828 26.808887 27.890781 27.415623 26.972733 27.224701 27.208410 27.364527 26.559731 24.969097 23.973881 24.163301 25.127867 23.914246 24.408291 28.912785 25.615234 26.298733 29.237741 28.207253 
29.041666 24.552315 23.062580 22.948681 24.140659 26.078053 26.272230 28.867878 21.235786 16.720211 13.828779 12.151568 11.489010 11.726692 12.893507 14.940387 17.424807 19.487148 21.805332 24.366077 25.062086 26.306421 29.207823 27.865595 26.778120 26.690826 27.441965 29.230658 26.029001 24.025345 23.214521 23.702824 24.959005 23.595064 23.222633 24.167982 23.797529 24.626009 26.631428 29.219082 
26.939997 26.157158 25.262768 24.173094 24.632349 26.208992 26.317301 26.294472 22.036470 18.268686 15.537855 13.953656 13.390406 13.646660 14.984013 17.568600 20.816902 21.045044 21.724377 23.066254 24.324728 25.455938 27.224354 29.211124 26.910406 26.651175 27.856958 29.282001 25.681540 23.531979 22.853367 24.120142 28.865768 23.920046 22.366043 22.280258 22.409382 23.269268 24.718414 25.633163 
26.876633 29.184656 29.101269 25.361982 25.496635 29.109501 27.801817 29.149652 23.851715 20.440493 17.871586 16.538696 16.290600 16.301123 17.598999 21.196438 28.811625 23.800274 22.627867 23.486933 25.205935 25.428169 26.266840 27.410772 26.295624 26.474451 29.209230 29.219812 25.335218 23.215549 22.325459 22.651741 23.719696 22.438526 21.796757 21.930544 21.992386 22.957760 24.830608 24.302843 
25.792181 26.280767 25.552900 24.123695 24.305231 26.163296 27.757868 29.184282 25.128588 23.396448 20.624563 19.771761 20.664862 19.415644 19.593008 22.312370 28.903170 24.177921 23.139572 24.632551 29.030439 26.261358 26.337822 29.082403 25.766222 25.067465 25.776697 25.884623 24.694407 23.410219 22.383726 22.208885 22.533669 22.049084 22.254517 23.430834 22.416622 23.385672 28.780556 23.934895 
25.596914 25.913380 24.134773 22.826445 22.958288 24.803989 29.028515 26.368832 25.396515 28.809952 23.050865 22.906237 28.685123 22.751352 20.693314 21.030182 22.777882 22.325666 22.735668 24.338198 26.673880 25.573414 25.066452 25.176039 24.075817 23.772961 24.396244 25.281096 25.682743 25.019543 23.392645 23.068913 23.894295 22.759985 23.474379 28.718163 22.503838 20.935141 21.430571 20.182890 
26.498543 28.975077 23.786152 21.736841 21.545998 22.532684 23.776909 23.139008 22.598780 22.814552 21.313492 21.568573 23.726044 23.672655 21.029978 19.985243 20.426546 21.258768 22.782732 24.803661 29.031324 25.777170 24.676731 23.965633 23.235645 23.251152 24.381645 26.650105 29.180386 29.076996 24.746012 24.475197 28.813147 23.267929 21.761663 21.874321 19.545275 18.074900 17.463646 16.862173 
26.214901 24.544523 21.795900 20.536345 20.743122 21.652544 21.931932 21.411968 20.673996 20.099514 19.469666 19.957178 22.430460 28.622387 21.415823 19.198656 19.470846 21.243832 23.973728 24.518002 25.554676 25.250589 25.491961 24.420065 23.436401 23.372068 24.850567 29.055740 26.852968 25.526423 23.516832 22.776173 23.146406 21.339405 20.103296 19.110163 17.538725 16.200686 15.335499 14.842406 
28.892437 22.536324 19.967714 19.636980 21.035732 23.158958 22.570328 21.657001 20.358704 19.245449 18.313169 18.134800 18.921192 20.228765 18.420782 17.727560 18.818693 21.992039 28.826771 25.229948 24.842697 25.667686 29.070477 26.421381 24.421778 23.707075 24.145247 25.357182 24.926197 24.105724 22.667294 21.689539 21.279787 20.638830 20.006739 18.733179 17.228901 15.814840 14.814959 14.325223 
20.047169 18.214916 17.555548 18.749840 22.252522 28.947563 25.181461 23.982941 21.662758 20.032940 18.332443 17.171652 16.699583 16.597542 16.120590 16.376099 17.891512 20.708836 24.085634 24.170965 24.407866 24.927923 26.665506 29.088737 25.759993 24.553776 24.312531 24.762409 24.879026 24.929794 23.118814 21.838322 21.448061 21.736965 22.356236 20.463598 18.778481 16.961740 15.781009 15.316863 
14.502135 14.289968 14.945488 17.206524 21.755663 29.119886 26.574680 28.909668 23.927670 22.696129 19.626642 17.479786 16.048882 15.256518 15.034397 15.725983 17.560490 20.564774 24.107864 24.449862 25.192991 24.461353 24.855448 26.066444 26.417412 26.036009 25.412418 26.066330 26.401651 29.096064 24.719254 22.900534 22.740072 24.290188 28.843046 23.725615 22.270149 19.378824 17.952984 17.792408 
10.728543 11.117887 12.350526 15.011773 19.870447 28.745817 24.263311 23.836403 23.896858 28.701141 21.805649 18.901363 16.683182 15.325763 15.028308 15.907843 17.984264 21.556559 28.794922 25.813869 28.906874 24.366787 23.719595 25.229488 29.123760 29.154396 26.724833 29.072910 26.889622 29.120516 25.249132 23.993156 24.005133 25.325342 25.504248 24.799677 28.733784 22.106695 20.668077 21.918472 
8.112810 8.661439 9.939170 12.175298 15.418103 19.057278 19.232929 19.622684 20.505720 22.250267 21.527292 21.447645 18.316378 16.285185 15.840175 16.832159 18.723707 20.518913 22.636175 22.398203 22.850571 21.861227 22.041782 23.456539 25.386061 25.427031 24.542358 24.658415 24.228344 24.835840 24.622398 25.409807 25.528667 28.937773 24.376276 22.646317 22.677219 21.212898 22.346123 28.832108 
6.416544 6.962129 8.112015 9.883278 12.129656 14.341367 15.530395 16.569960 17.883047 19.746067 22.207331 28.596077 20.659328 17.549082 17.134163 18.732275 21.368534 20.844500 20.424109 19.941174 19.856800 19.921314 20.878990 22.807837 24.957293 24.075247 22.873262 22.286201 22.156685 22.853834 24.484081 28.946270 25.141771 24.134678 21.884846 20.373283 19.725264 19.370066 20.244938 22.369135 
5.575382 6.094003 7.139711 8.656823 10.481165 12.270798 13.671967 14.969974 16.448006 18.296181 20.438808 22.455095 19.795794 17.922421 18.219429 21.396933 28.799583 22.714226 20.074829 18.890205 18.609146 19.039925 20.549896 23.588499 29.015247 24.641901 22.324835 21.260757 21.062706 21.709141 23.045979 24.641630 23.402229 22.062851 20.388575 19.043022 18.317083 18.142899 18.701157 19.633503 
