0.141601 0.517903 1.831738 4.509150 2.359426 1.334806 1.155985 0.521389 0.173940 0.057569 0.027888 0.025716 0.047513 0.153518 0.591089 2.003085 4.874845 3.751183 4.945156 8.911499 14.370610 4.997932 1.617138 0.648445 0.434549 0.436699 0.573967 0.935750 1.445092 1.130737 1.058972 1.733262 4.741477 14.093133 4.441987 1.310572 0.536231 0.784985 2.242162 5.489184 
0.196957 0.808287 3.518121 13.821275 5.027384 3.257854 3.772928 1.452226 0.421254 0.119366 0.051088 0.050306 0.090592 0.237738 0.899058 3.657890 13.867445 6.582283 8.386410 14.380425 10.006082 4.005548 1.393914 0.603427 0.438098 0.500354 0.857813 1.943278 3.998481 2.486887 1.933808 1.884658 3.102675 4.845515 2.750077 1.123509 0.594164 1.083031 3.820934 14.071641 
0.151279 0.523542 1.883929 5.263811 6.429128 7.701705 13.909107 3.673689 0.916740 0.246627 0.117246 0.149179 0.262874 0.373442 0.667431 1.846494 4.805037 6.313631 14.416125 10.745641 14.131941 4.299465 1.351186 0.589329 0.461207 0.627356 1.447468 4.472867 14.096479 6.187089 5.165763 3.775629 5.009758 4.260512 4.510524 1.967784 0.836680 0.843520 1.974771 4.453146 
0.201972 0.491095 1.442792 4.729596 14.230237 14.313416 7.292659 3.054118 1.044053 0.377828 0.278495 0.515737 1.047083 1.175285 0.916536 1.083405 2.317696 5.282058 14.268547 6.966845 5.050392 2.116081 0.874343 0.525219 0.486472 0.705588 1.685944 5.109307 14.487533 8.995595 14.169049 7.830299 14.043606 7.668952 13.943031 4.479807 1.589098 1.084304 1.635300 1.935686 
0.611536 1.065137 1.464354 3.550046 8.071307 6.850870 4.705191 4.559259 1.818922 0.717035 0.671489 1.626268 4.068917 4.335809 2.500405 1.364288 1.613696 3.643005 7.651960 4.103543 2.170603 1.045053 0.654508 0.618465 0.602433 0.768689 1.620248 4.730726 14.194151 7.804834 8.629982 5.183737 5.117761 3.997887 5.702681 5.351166 2.588629 2.299397 4.042721 2.538723 
2.096361 3.834893 2.805508 5.116612 14.276510 7.117065 6.015345 13.837878 3.756366 1.238290 1.222607 3.741081 14.036850 14.219831 6.845524 2.735402 2.004589 4.523605 13.917066 4.375624 1.572435 0.826392 0.896443 1.300216 1.102595 1.001851 1.297354 2.548186 5.117898 6.110609 14.001364 4.822235 2.530096 2.294622 4.750181 13.847147 4.776272 4.769031 13.850075 5.070522 
5.459814 13.878655 4.991602 5.512155 14.291821 8.224561 4.500202 4.521218 2.040649 0.926892 0.877398 1.988830 5.050512 7.559763 13.999252 4.403629 2.233145 3.038630 4.533125 2.238470 1.168627 1.041316 1.965457 4.072969 2.884990 2.123749 1.752146 2.169798 2.534496 3.211698 5.067939 2.559931 1.318087 1.141543 1.992502 3.862805 2.227725 2.373407 4.484403 3.445513 
6.368443 5.638240 2.838955 3.154176 7.145670 14.025916 4.739418 2.516498 1.749811 0.948823 0.661487 0.939045 1.894780 3.245768 5.159995 3.007744 2.855784 4.677143 3.145333 1.870695 1.690540 1.795840 4.250776 13.963051 7.660015 5.632669 3.863297 4.633228 2.960124 3.138713 4.994439 2.364895 1.026230 0.681381 0.875396 1.309737 1.019049 1.328973 2.807212 5.090695 
14.421779 5.302488 2.057835 1.870174 3.602690 5.257286 2.956557 2.629615 4.021369 1.942138 0.895321 0.690024 1.141717 2.520321 5.114355 3.675023 5.448016 14.141681 5.354058 3.261405 4.341206 2.665661 3.340102 7.563376 14.369790 14.289493 7.886746 13.965903 5.218728 5.250731 13.841309 3.890045 1.218916 0.661187 0.836684 1.287879 0.980020 1.365492 3.988758 14.053863 
14.346239 4.705085 1.893755 2.307953 5.079563 5.639597 3.487822 4.698838 13.855152 4.575341 1.695952 0.893230 1.304472 3.967251 13.861490 5.715795 6.495996 14.247088 5.918355 5.421296 13.876533 4.516562 2.790946 4.634473 8.496768 7.248144 5.247932 5.426373 3.345742 3.428200 4.425240 1.962081 0.875444 0.843406 1.788561 3.771777 1.876200 1.210540 1.995760 4.339549 
4.673591 2.300705 1.692289 4.021686 14.095740 14.192019 5.447439 3.766567 5.925276 5.593642 2.932369 1.330151 1.007855 1.958936 4.410256 4.107396 6.382395 6.708717 3.832008 3.431958 5.236664 2.849256 2.293077 4.816916 14.076864 7.474055 6.341002 4.559322 3.670553 4.783121 2.803909 1.252525 0.763856 1.293426 4.040549 13.853803 4.042557 1.429159 1.071429 1.480406 
1.752105 1.213231 1.164344 2.121748 4.944572 6.220594 6.028278 4.127509 6.144367 14.233892 7.006098 2.641309 1.082168 1.036596 2.109189 4.678744 14.073636 8.172569 4.091479 3.581017 5.316896 2.866773 1.855259 2.880008 6.316617 8.872069 14.254261 8.287964 6.755882 13.979497 4.330766 1.438919 0.803238 1.314919 3.398103 7.301872 3.211948 1.265186 0.757986 0.751324 
1.139755 1.183112 1.470900 1.474679 2.563071 5.557550 14.202621 6.167483 6.417515 14.506237 14.412915 4.609718 1.428869 0.740129 1.228194 3.112767 7.807832 14.094739 5.697794 5.931987 14.164664 4.987473 2.190370 2.221187 5.077124 14.106303 10.016062 14.178760 7.237606 8.107530 3.561195 1.483294 0.996992 1.791647 4.915184 13.920965 4.102369 1.353395 0.700425 0.600253 
1.361948 2.179085 4.008848 2.228933 2.095126 4.840446 14.140910 5.925790 4.990432 7.937085 14.170724 4.438794 1.331342 0.616532 1.002282 2.697007 6.219140 5.954861 3.737962 5.368297 14.134749 5.229826 2.643147 1.776038 2.463259 4.540908 4.229463 5.428163 6.132363 13.985836 4.722193 2.300434 1.573074 2.511233 5.457578 5.298340 2.258655 0.968286 0.626930 0.586175 
1.959794 4.450071 13.889348 4.346931 1.968986 2.558303 4.841499 4.281761 5.615849 4.586037 4.645763 2.021102 0.752749 0.494537 1.125793 3.904109 13.844542 4.909826 2.311960 2.579394 4.651898 3.807242 4.649952 2.425025 1.625213 1.705835 1.733878 2.426022 3.536045 5.052259 3.751432 4.568627 2.895736 4.474245 13.832603 4.466887 1.584805 0.771477 0.650259 0.733284 
2.056646 3.758903 7.497868 3.571203 1.918839 2.262733 3.318473 6.027942 14.188774 5.362558 2.529454 1.059229 0.444034 0.328319 0.649789 1.756391 3.880644 2.104556 1.142913 1.235792 2.327508 4.743605 13.884385 4.707348 2.351003 1.377707 1.295594 2.395416 4.791743 3.783819 4.945126 13.832748 4.359059 2.712484 3.914209 1.906605 0.910093 0.692060 0.936028 1.465932 
2.965753 5.005074 13.948206 4.753015 3.034251 4.772911 4.689788 8.176179 14.301863 5.379136 2.535301 1.073919 0.464597 0.288787 0.388927 0.795229 1.382117 1.052668 0.706622 0.806079 1.581712 3.256966 5.499829 4.524049 4.701550 2.335248 1.801684 4.132607 13.827264 4.626876 3.004030 4.247790 2.086418 1.226646 1.215020 0.785945 0.604975 0.866111 1.938481 4.336035 
5.418771 3.975111 4.718548 2.984373 4.565341 13.952211 7.822034 14.134333 7.818305 4.569544 4.617605 2.053182 0.894361 0.466561 0.468124 0.869399 1.572143 1.560393 1.020349 1.066717 2.260103 5.014245 5.268917 7.937250 14.005577 4.418982 1.869390 2.141441 4.023332 2.255938 1.771682 2.154176 1.234613 0.674064 0.515159 0.433581 0.553928 1.263923 3.996416 14.052337 
14.388080 5.173038 2.498234 1.683569 2.650431 5.296162 4.249763 5.376433 4.693027 5.468005 13.861659 4.352805 2.012050 1.003005 0.929221 1.969595 4.490343 4.592191 2.284594 1.815176 4.192546 13.934768 7.945393 14.129278 7.592122 3.614861 1.616996 1.146724 1.483422 1.517896 2.296301 4.091330 1.905809 0.760083 0.398138 0.349104 0.543883 1.229105 2.887386 5.244648 
14.338070 4.701619 1.787949 1.384392 2.629200 5.175824 3.494885 3.713483 5.302771 3.943349 4.888327 3.569494 4.355711 2.114614 1.675101 4.050961 14.064946 14.105706 4.432429 2.024399 2.490715 4.724875 3.987618 5.218042 4.514521 4.938910 2.288061 1.193020 1.336288 2.337690 4.746921 13.883229 4.036232 1.191621 0.460246 0.389257 0.755227 1.966345 4.494716 3.636558 
4.526802 2.147659 1.201959 1.790329 4.818557 13.937567 5.277149 5.181853 13.845986 4.534444 2.909087 4.475556 13.784589 3.933360 1.659351 2.195857 4.742599 5.222999 3.239578 1.961592 1.976031 2.672273 2.386787 2.969585 5.061706 13.886374 4.389934 1.974958 2.446264 4.820580 5.049527 7.666110 3.318173 1.152471 0.484868 0.488983 1.200110 3.955363 13.836750 5.287324 
1.480954 0.993851 1.056039 2.355154 5.596060 6.308552 3.297872 2.623324 3.913509 1.943512 1.301010 1.893688 3.680349 1.733755 0.879285 1.021442 1.994677 3.283475 4.905831 3.392753 3.563470 4.804440 3.210655 2.916739 3.514658 5.587831 3.546886 2.654044 4.862288 14.045249 8.137429 14.024626 4.330073 1.357469 0.570106 0.586308 1.224597 2.819553 4.786106 2.962203 
0.747788 0.729543 1.311679 4.084473 14.005924 7.825830 3.233468 1.543905 1.247542 0.710506 0.501306 0.642277 0.971763 0.603254 0.407016 0.612264 1.624777 4.785200 14.168901 7.226333 8.238396 14.137753 6.700788 5.806087 4.750755 6.283782 5.680308 3.869803 4.978866 8.131318 5.351977 5.285150 2.963962 1.315078 0.762495 1.007951 2.120515 4.576378 3.795169 2.432544 
0.780181 0.718060 1.051317 2.644153 7.128996 14.076801 4.487620 1.560021 0.695372 0.351866 0.234131 0.239274 0.286866 0.220831 0.212828 0.436546 1.380255 4.591053 14.239788 9.205737 14.278231 9.623010 9.500452 14.233912 8.671051 14.522724 14.312477 7.009696 8.457000 14.141108 5.501892 3.962422 4.632903 2.236793 1.456346 2.182079 4.537916 13.995644 7.503490 4.029716 
1.557554 1.048937 0.938508 1.670789 4.014101 7.579909 3.777521 1.953020 0.843749 0.360584 0.194969 0.148122 0.136550 0.120225 0.142107 0.297256 0.850045 2.448084 5.886992 7.498118 7.265265 7.498227 14.272506 8.802794 7.468729 14.329181 8.738363 7.547841 14.144587 7.383818 3.871873 4.968858 13.868010 4.517594 2.914248 4.689043 4.482152 8.148619 14.347017 7.141237 
4.540261 2.249978 1.304722 1.636243 4.421128 13.985247 5.763209 4.624194 1.846773 0.641563 0.263783 0.158068 0.125892 0.116652 0.152586 0.302762 0.704618 1.701824 4.778023 13.950395 6.131375 5.403463 8.371962 5.875923 4.435090 5.660075 5.435073 6.809956 6.122668 3.417162 2.114421 2.796124 5.102242 3.273762 4.570388 13.858011 5.550931 6.381728 14.354668 9.567430 
14.144101 4.970706 2.377993 1.607630 2.645363 5.688691 6.208941 13.932921 3.980271 1.141371 0.395723 0.215493 0.177041 0.177765 0.281894 0.617883 1.192102 1.328634 2.268020 4.396097 3.569924 5.402201 14.142703 8.045876 4.218972 3.968460 6.513153 14.250838 5.736402 2.375113 1.571721 2.562936 4.979733 2.814102 2.497352 4.137459 2.706349 3.447551 7.347946 14.323399 
6.675583 6.243178 5.013241 2.589346 2.839573 5.575323 5.506604 7.777632 3.435123 1.289312 0.539126 0.354851 0.362908 0.367612 0.667076 1.749858 3.843341 2.191927 1.558481 2.043993 2.591274 3.686558 7.681603 14.143359 5.570652 4.529659 8.367656 14.499972 5.573265 2.150310 1.699581 4.101463 13.809284 4.093787 1.760279 1.631031 1.363151 1.947583 3.736229 5.413566 
6.042784 14.206205 14.117807 4.820942 4.864607 14.026687 8.917775 14.308777 5.141056 2.231207 1.042633 0.828993 1.081031 0.875987 1.405516 4.302611 14.045095 4.721030 2.117578 2.516495 4.578125 3.580309 4.887867 7.995265 4.685689 5.399850 14.237592 14.391238 5.104003 1.948776 1.252357 2.051362 4.046264 2.071582 1.348305 1.568133 1.427888 2.321031 4.730308 3.579715 
3.316563 5.539884 4.877944 2.414320 2.628694 5.943953 8.963428 14.333706 6.134152 4.835888 2.388093 2.209115 3.815819 2.086432 1.856971 4.484454 14.058434 4.799009 2.553887 4.581076 13.949372 5.568033 5.615421 13.961868 4.881399 3.263789 5.166158 5.490273 3.462726 2.111161 1.280989 1.412945 2.125060 1.624434 2.117457 4.065501 2.667930 4.263090 13.810212 4.917086 
3.201139 5.097856 2.764452 1.282526 1.557890 4.509403 14.001052 7.578074 6.040559 13.862314 4.791647 4.820274 13.851669 4.642611 2.028388 2.195929 3.973916 2.279659 1.952815 3.631140 7.555439 4.148167 3.208979 4.356289 2.281695 1.684985 2.577339 4.044436 5.408674 4.844782 2.523291 2.442274 4.232049 2.730524 4.274341 13.782521 4.132642 2.503708 3.864730 2.188440 
5.852022 13.875804 3.802865 1.105547 0.832416 1.898657 3.991541 2.827048 2.547800 3.933022 2.304288 2.625276 5.305931 5.310796 2.318296 1.269334 1.391600 1.419564 2.314438 4.722405 13.944010 4.983358 2.835059 2.111519 1.278983 1.330387 2.958567 7.349062 14.283916 14.127634 4.910028 4.793744 13.800128 4.186917 2.555417 3.798713 1.793021 1.074200 1.172925 0.865630 
6.280920 5.148608 1.900220 0.690881 0.715458 1.399319 1.612736 1.259422 1.083032 1.268726 1.041337 1.612510 4.393819 13.798108 3.773412 1.247682 1.025683 1.976250 4.365875 3.666272 4.970180 3.804916 4.772540 2.956994 1.573177 1.615491 4.222617 13.983012 7.657280 5.364876 2.574051 2.270623 3.801796 1.898902 1.233824 1.217777 0.745401 0.517797 0.505838 0.464325 
14.064895 4.171717 1.249497 0.743885 1.646584 3.822693 2.373273 1.675426 1.034093 0.804268 0.629756 0.811612 1.740902 3.576599 1.622257 0.790851 1.163961 3.802931 13.822257 4.809119 3.301283 4.916891 13.994601 7.047418 2.959762 1.723900 2.347920 4.526491 3.377257 2.666039 1.415828 1.002797 1.241715 1.111233 1.273318 0.909327 0.620376 0.436988 0.391810 0.398792 
3.817417 1.543606 0.662925 1.127510 4.111392 14.077503 5.885647 4.644794 2.262958 1.486059 0.791691 0.539241 0.652400 0.952287 0.580837 0.424942 0.776743 2.153218 4.883285 3.065406 2.655699 3.367541 7.214973 14.038186 5.241450 2.707929 2.116179 2.814823 3.110621 4.353508 2.024290 0.961556 1.002804 1.908102 3.762738 2.039229 1.375965 0.750731 0.530625 0.557115 
0.868934 0.433566 0.362933 1.159404 4.531749 14.447915 8.424461 13.966117 5.165000 4.323532 1.777815 0.759935 0.419628 0.347830 0.265583 0.319999 0.760562 2.172698 5.026914 3.917532 4.712916 3.013928 3.570410 5.887563 6.302304 5.463662 3.942450 5.408763 6.189519 14.116466 4.479861 1.723718 1.753923 4.508944 13.859044 5.127364 4.280392 1.855681 1.109569 1.345856 
0.169478 0.112074 0.205739 0.899555 3.840587 14.018651 5.737123 5.081758 5.149448 13.804484 3.938058 1.657421 0.677620 0.319088 0.247728 0.418528 1.163350 3.842625 13.881668 7.406469 13.902152 4.354784 2.712838 5.088938 14.177647 14.224535 7.561816 14.031066 7.900282 14.173850 4.899557 2.605398 2.750816 5.429142 5.942613 5.554958 13.822689 4.086849 2.533026 4.332938 
0.029356 0.027336 0.078726 0.349018 1.303801 3.348466 1.905835 1.559582 1.962626 3.937541 2.955589 3.885715 1.586441 0.589285 0.405037 0.695138 1.440803 2.207782 4.187909 3.251797 4.084607 2.009404 1.492369 2.702439 5.543382 5.295472 3.575198 4.390935 3.365154 4.519124 3.530777 5.031239 5.395073 13.880628 4.751330 2.757758 3.851092 2.371261 4.086910 14.038131 
0.004827 0.006293 0.022466 0.096412 0.327381 0.714476 0.481151 0.411231 0.652335 1.603304 3.936863 13.781026 3.627366 1.082418 0.801465 1.741430 3.862915 2.316184 1.712290 1.231729 1.234368 0.862077 1.078114 2.486647 5.144682 3.143144 1.651284 1.362040 1.200891 1.943359 4.241220 13.869538 5.213243 4.356087 1.878170 0.971142 1.015887 0.880764 1.700327 4.072550 
0.001023 0.001683 0.006252 0.025479 0.080632 0.160359 0.120434 0.115765 0.239815 0.712431 1.983325 4.543927 2.029141 0.911407 1.291235 4.149402 14.030326 4.475888 1.556507 0.706180 0.542596 0.592429 1.384758 4.505340 14.107361 4.653087 1.475306 0.631681 0.494491 0.904533 2.183202 4.709856 2.520101 1.561879 0.695138 0.331173 0.288689 0.303701 0.610122 1.251612 
