0.000765 0.005824 0.026663 0.553383 0.029144 0.008389 0.003557 0.001569 0.000387 0.000060 0.000007 0.000008 0.000070 0.000708 0.005813 0.026717 0.543770 0.054084 0.035148 0.043791 0.663685 0.006438 0.003527 0.000726 0.000099 0.000067 0.000368 0.001431 0.002707 0.002031 0.001615 0.003913 0.007501 0.625089 0.006965 0.003366 0.001223 0.004614 0.026392 0.154676 
0.000605 0.002664 0.004114 1.668828 0.012756 0.011313 0.005438 0.004093 0.001302 0.000230 0.000034 0.000038 0.000144 0.000604 0.002641 0.004102 1.649827 0.061863 0.060499 1.448753 0.273849 0.014875 0.005065 0.000829 0.000117 0.000236 0.001272 0.003967 0.005331 0.006148 0.004004 0.007092 0.026916 0.170161 0.025909 0.004693 0.001307 0.002934 0.006167 0.508466 
0.000373 0.001776 0.005982 0.008945 0.015477 0.017063 2.745765 0.004354 0.002464 0.000533 0.000124 0.000256 0.000628 0.000838 0.001637 0.004599 0.007126 0.010106 0.261719 0.125418 1.394674 0.004630 0.002740 0.000581 0.000149 0.000560 0.002547 0.005167 0.184626 0.009049 0.005128 0.010287 0.028756 0.169975 0.026955 0.006988 0.002400 0.002375 0.005806 0.012743 
0.000833 0.001505 0.004729 0.007514 0.404055 0.581019 0.066860 0.015488 0.003612 0.000703 0.000433 0.001427 0.002897 0.002972 0.001976 0.002449 0.005684 0.007720 0.910566 0.009434 0.007183 0.004482 0.001395 0.000307 0.000146 0.000643 0.002727 0.004298 0.826068 0.363919 0.555652 0.557438 1.958755 0.562167 0.561514 0.009197 0.008190 0.006768 0.004934 0.009819 
0.005662 0.003810 0.010066 0.018167 0.387554 0.350576 0.070774 0.017092 0.005874 0.001719 0.001611 0.004616 0.006046 0.006114 0.005254 0.002918 0.004038 0.005996 0.421318 0.007271 0.005306 0.001933 0.000629 0.000541 0.000361 0.000686 0.002637 0.005330 0.189721 0.087104 0.503614 0.011784 0.008317 0.010740 0.009432 0.010599 0.029058 0.027593 0.006794 0.030170 
0.023709 0.005590 0.032192 0.035378 1.015923 0.436841 0.437136 2.039243 0.004392 0.002789 0.003024 0.006160 0.511922 0.518852 0.006972 0.005794 0.004352 0.005805 0.419734 0.004377 0.002902 0.001091 0.001407 0.002265 0.001722 0.001159 0.002029 0.005562 0.016015 0.018177 1.067624 0.008175 0.006480 0.006982 0.008378 1.618377 0.597540 0.597980 2.711159 0.649591 
0.244434 2.287237 0.216579 0.215167 0.310319 0.403962 0.038994 0.009282 0.005258 0.001826 0.001701 0.005214 0.011730 0.015602 1.683993 0.008306 0.006852 0.008667 0.014306 0.005641 0.002166 0.001790 0.004173 0.004157 0.005772 0.003874 0.003600 0.004933 0.014131 0.035783 0.428361 0.028503 0.006640 0.002719 0.004748 0.004601 0.027215 0.029059 0.019504 0.107325 
0.229206 0.015152 0.032539 0.034771 0.036732 2.545703 0.009474 0.007671 0.004423 0.001799 0.000813 0.002141 0.008723 0.029671 0.535190 0.041393 0.022248 0.011756 0.012987 0.007907 0.003616 0.003871 0.005760 2.771672 0.007560 0.005633 0.005827 0.006964 0.036166 0.058061 0.428610 0.027731 0.005859 0.001152 0.001661 0.003183 0.006402 0.008243 0.017650 0.106609 
0.489770 0.013055 0.009478 0.012124 0.037069 0.259442 0.036978 0.015595 0.006306 0.004439 0.001610 0.001223 0.006407 0.027218 0.535000 0.101253 0.100204 0.484620 0.035532 0.032349 0.005262 0.006645 0.008974 0.015628 0.232257 0.682845 0.581580 0.642928 0.321240 0.321939 1.553217 0.004130 0.002667 0.000912 0.001549 0.002726 0.002454 0.003595 0.006759 0.514922 
0.383987 0.009332 0.005822 0.010770 0.039809 0.258162 0.058013 0.059697 2.759331 0.005561 0.003680 0.001490 0.002834 0.004239 1.511236 0.218837 0.217698 0.594285 0.266944 0.267927 1.996226 0.010234 0.008602 0.014029 0.231491 0.210378 0.205183 0.049823 0.049788 0.070969 0.015619 0.005541 0.001700 0.001536 0.003812 0.003693 0.004081 0.002716 0.004864 0.006112 
0.006801 0.005744 0.004367 0.007496 0.514346 0.516919 0.027687 0.024884 0.042193 0.008726 0.007165 0.002745 0.001882 0.004500 0.006535 0.036304 0.219245 0.079648 0.071107 0.089176 0.288732 0.033255 0.008889 0.010860 1.246411 0.208005 0.206341 0.047646 0.032626 0.072256 0.014180 0.003452 0.001189 0.002728 0.003706 0.759362 0.003982 0.003006 0.001978 0.002969 
0.003177 0.001978 0.002303 0.005646 0.009736 0.013004 0.030303 0.037279 0.040406 0.851033 0.009055 0.005664 0.002026 0.002139 0.005125 0.006917 2.364062 0.077521 0.072177 0.090422 0.287780 0.032355 0.007271 0.006960 0.008203 0.105124 2.496251 0.053146 0.054084 1.528995 0.004776 0.003091 0.001497 0.005378 0.013769 0.841955 0.013567 0.005171 0.001054 0.000691 
0.001015 0.001574 0.002613 0.003412 0.006621 0.009770 0.532747 0.154155 0.153337 0.320906 0.256565 0.006346 0.003085 0.001226 0.002998 0.009327 0.014717 2.303531 0.297507 0.296456 0.666783 0.008256 0.004888 0.004398 0.006029 2.128277 0.335426 1.897683 0.171960 0.168852 0.011923 0.005620 0.001962 0.004020 0.004995 0.761815 0.003651 0.002671 0.000594 0.000163 
0.001626 0.003927 0.003734 0.004906 0.005105 0.008229 0.511440 0.048388 0.046208 0.042750 0.898538 0.006122 0.003005 0.001018 0.002585 0.009411 0.016613 0.014561 0.035436 0.038623 0.608369 0.008818 0.005987 0.003521 0.004745 0.004829 0.031123 0.007610 0.009479 1.507064 0.007518 0.005869 0.003896 0.006874 0.006883 0.006173 0.005368 0.001656 0.000310 0.000120 
0.003423 0.004553 0.958401 0.005960 0.004838 0.007240 0.015192 0.020682 0.048225 0.018952 0.010003 0.005384 0.001597 0.000750 0.002367 0.004263 2.763024 0.012893 0.011082 0.016008 0.025877 0.007842 0.006128 0.005260 0.003255 0.003177 0.005872 0.005728 0.010971 0.014932 0.011781 0.007756 0.008452 0.010335 2.780836 0.005201 0.003312 0.000853 0.000362 0.000613 
0.007090 0.017544 0.769455 0.018006 0.007534 0.005876 0.012131 0.015383 0.546929 0.010192 0.006888 0.002396 0.000537 0.000300 0.001294 0.004023 0.004737 0.005624 0.007276 0.010715 0.022633 0.020016 0.160514 0.005230 0.005082 0.002635 0.002558 0.006301 0.012850 0.013307 0.015181 2.787724 0.009679 0.007796 0.004307 0.004118 0.001484 0.000617 0.001449 0.002891 
0.007421 0.008546 0.961328 0.009447 0.008322 0.006706 0.016331 0.016870 0.517311 0.009707 0.006571 0.002348 0.000562 0.000157 0.000395 0.001514 0.002843 0.003750 0.005312 0.008432 0.018780 0.019688 0.006246 0.005373 0.005409 0.005038 0.003854 0.005739 2.785309 0.011216 0.009335 0.007247 0.005768 0.002932 0.002415 0.001331 0.000582 0.001435 0.004565 0.006033 
0.011107 0.010679 0.007844 0.008603 0.009454 0.547033 0.572840 0.614075 0.016887 0.013524 0.008456 0.005235 0.001949 0.000535 0.000465 0.001492 0.002179 0.002602 0.003419 0.005833 0.016870 0.019699 0.006217 0.006033 0.382793 0.004169 0.003836 0.004700 0.004689 0.005717 0.004420 0.005360 0.002855 0.000936 0.000577 0.000305 0.000603 0.002726 0.005926 0.514388 
0.410823 0.010411 0.006727 0.008099 0.028491 0.390101 0.126094 0.102398 0.024278 0.026085 2.784953 0.006932 0.005044 0.002089 0.001689 0.003833 0.003455 0.002971 0.003201 0.004081 0.013505 0.117931 0.022617 0.069792 0.004793 0.004282 0.003159 0.001993 0.002803 0.003264 0.005114 0.006382 0.004243 0.001381 0.000307 0.000138 0.000639 0.003529 0.016613 0.100611 
0.407971 0.008209 0.004529 0.006833 0.027315 0.390608 0.125680 0.102292 0.025704 0.014644 0.011007 0.010508 0.006895 0.005035 0.003651 0.004472 0.090818 0.202325 0.019941 0.012425 0.013457 0.083143 0.025204 0.027890 0.004761 0.004432 0.004805 0.002129 0.002540 0.004810 0.005849 0.607094 0.003490 0.002450 0.000570 0.000316 0.001474 0.005674 0.018043 0.100837 
0.006896 0.005242 0.002446 0.004026 0.005313 1.296988 0.516964 0.517249 1.701570 0.010573 0.009122 0.010963 2.723175 0.007117 0.005302 0.005019 0.008022 0.005607 0.010995 0.011498 0.011534 0.071122 0.070901 0.071643 0.074562 0.075866 0.004419 0.004324 0.005406 0.005727 0.011181 0.489734 0.007561 0.003910 0.000788 0.000603 0.002378 0.003816 1.666386 0.549165 
0.003153 0.001785 0.002017 0.005681 0.007211 0.017503 0.033915 0.028482 0.004468 0.005270 0.003503 0.005289 0.004056 0.004083 0.002453 0.001975 0.001979 0.002579 0.081004 0.112494 0.124265 0.113929 0.043957 0.042896 0.041658 0.038176 0.022251 0.010329 0.011201 0.481780 0.493190 0.482844 0.003579 0.002652 0.000700 0.000740 0.002928 0.008118 0.014114 0.032117 
0.000775 0.000768 0.002356 0.004251 2.770295 0.016235 0.013374 0.007962 0.002993 0.001519 0.000783 0.001451 0.002205 0.001293 0.000510 0.000664 0.001975 0.002848 0.160090 0.152421 0.124978 0.163687 0.044391 0.043102 0.042172 0.038951 0.025327 0.020575 0.024035 0.489528 0.018718 0.013317 0.007974 0.003091 0.001152 0.002096 0.005670 0.009917 0.012695 0.012476 
0.000714 0.000560 0.001820 0.006732 0.010292 0.586752 0.004676 0.003799 0.001305 0.000368 0.000129 0.000243 0.000468 0.000231 0.000137 0.000584 0.002123 0.003293 0.089162 0.107990 0.113046 0.067057 0.484485 0.369175 0.391926 0.457734 0.556634 0.029920 0.027368 0.613223 0.013451 0.012422 0.009406 0.006957 0.004239 0.005319 0.007141 2.477873 0.031439 0.031580 
0.002913 0.001627 0.001467 0.005460 0.009651 0.596204 0.010932 0.006761 0.002021 0.000423 0.000069 0.000034 0.000062 0.000030 0.000046 0.000320 0.001710 0.004823 0.004808 0.039249 0.014057 0.014531 0.524056 0.025733 0.026213 0.540050 0.028563 0.030463 2.730184 0.011352 0.010435 0.011875 1.669231 0.018511 0.017081 0.007152 0.037587 0.183034 0.531152 0.151320 
0.006037 0.005313 0.002712 0.003934 0.004975 0.749012 0.009538 0.008281 0.004223 0.001284 0.000231 0.000034 0.000015 0.000014 0.000066 0.000348 0.001300 0.003396 0.003556 0.139749 0.013179 0.013879 0.560661 0.023293 0.018944 0.014163 0.021792 0.032379 0.008816 0.007962 0.008853 0.029398 0.550963 0.100804 0.102169 2.442855 0.200302 0.198547 0.527184 0.157713 
0.509133 0.009922 0.006865 0.010686 0.029403 0.175535 0.173503 0.490062 0.003979 0.002434 0.000585 0.000132 0.000079 0.000082 0.000356 0.001396 0.002762 0.002814 0.004388 0.004378 0.010567 0.011730 0.637775 0.019493 0.014401 0.011637 0.013641 0.170550 0.006913 0.004835 0.007011 0.027653 0.551013 0.038634 0.019171 0.005595 0.028764 0.031877 0.029226 0.525152 
0.185780 0.014012 0.010477 0.034600 0.053437 0.175805 0.179491 0.498769 0.006897 0.003901 0.001375 0.000785 0.000562 0.000478 0.001475 0.004595 0.005899 0.005157 0.003133 0.004226 0.007325 0.017243 0.030468 0.612002 0.033126 0.032252 0.027539 1.546929 0.006097 0.003873 0.003507 0.004954 1.667713 0.006545 0.005099 0.003768 0.005934 0.008612 0.020726 0.101332 
0.189175 0.598041 0.676445 0.233190 0.233341 0.786415 0.449477 0.556121 0.008382 0.006146 0.006554 0.005917 0.002691 0.001930 0.003294 0.006432 0.515095 0.007947 0.004840 0.005792 0.008177 0.035615 0.040885 0.561723 0.201568 0.203034 1.394676 0.097407 0.005733 0.003618 0.002574 0.005166 0.007351 0.005249 0.003119 0.003296 0.003669 0.007743 0.022134 0.101496 
0.096836 0.267965 0.037898 0.034870 0.032337 0.015478 0.358483 0.315116 0.010521 0.007589 0.027359 0.026726 0.004140 0.004844 0.004552 0.007659 0.515550 0.009715 0.006632 0.007465 0.550147 0.331541 0.331526 0.551742 0.028584 0.027737 0.009123 0.012027 0.008794 0.005143 0.005965 0.006792 0.005927 0.004375 0.005648 0.005184 0.007822 0.009252 1.668818 0.548182 
0.102873 0.268820 0.033474 0.010501 0.007901 0.009639 0.985130 0.031518 0.032944 1.696654 0.555515 0.555495 1.659501 0.006387 0.004960 0.005602 0.006345 0.006149 0.006845 0.011141 0.585651 0.035585 0.031599 0.005783 0.006841 0.005170 0.005915 0.010211 0.011516 0.009014 0.031812 0.032026 0.007678 0.008505 0.010386 2.788774 0.009532 0.007648 0.004265 0.026626 
0.264842 1.751206 0.004978 0.003403 0.002542 0.005030 0.006027 0.013318 0.013483 0.004453 0.027162 0.029183 0.011677 0.008277 0.006165 0.003099 0.003213 0.003400 0.005835 0.006724 0.603283 0.012600 0.011722 0.004905 0.002346 0.002330 0.006172 0.011793 0.419783 0.809556 0.295788 0.296788 2.317980 0.009602 0.007870 0.004606 0.005117 0.002846 0.002811 0.005835 
0.247652 0.008665 0.006027 0.002114 0.001897 0.003742 0.004238 0.003805 0.003410 0.003002 0.006380 0.008373 0.010246 2.781301 0.004640 0.002752 0.002341 0.004835 0.007385 0.010400 0.011066 0.011646 0.013590 0.006659 0.002917 0.002918 0.004808 2.776718 0.013751 0.012029 0.032666 0.031185 0.004761 0.005344 0.003311 0.002716 0.001555 0.000625 0.000586 0.000714 
0.490029 0.006930 0.003895 0.002136 0.004306 0.006617 0.006899 0.003704 0.002177 0.001393 0.001204 0.002035 0.004592 0.004099 0.004036 0.001828 0.002925 0.004493 1.850993 0.011759 0.010202 0.012081 2.785085 0.008136 0.005844 0.003537 0.005610 0.009183 0.009494 0.008180 0.007152 0.005683 0.003007 0.002760 0.002892 0.002165 0.001044 0.000367 0.000162 0.000150 
0.005934 0.004788 0.002091 0.002884 0.005775 0.210619 0.009593 0.004829 0.005405 0.003381 0.001613 0.000807 0.001399 0.002208 0.001329 0.001024 0.005779 0.026772 0.421938 0.031599 0.010891 0.008642 0.010713 2.781926 0.007949 0.006062 0.005453 0.007301 0.009709 0.011511 0.006212 0.002491 0.002293 0.004565 0.004782 0.005726 0.003376 0.001600 0.000634 0.000663 
0.002882 0.001521 0.000986 0.002708 0.003812 0.501679 0.588686 0.502139 0.006401 0.005270 0.004657 0.001923 0.000694 0.000551 0.000300 0.000769 0.005764 0.026760 0.421150 0.035408 0.011763 0.007792 0.009020 0.011548 0.010485 0.007813 0.007622 0.008847 0.012904 0.631247 0.007976 0.004569 0.004630 0.006517 2.772324 0.007166 0.005268 0.005320 0.002997 0.003124 
0.000606 0.000323 0.000610 0.002581 0.005484 0.209276 0.009416 0.005494 0.007380 2.782304 0.006854 0.004964 0.001871 0.000479 0.000204 0.000757 0.002973 0.003829 0.537667 0.573972 0.604254 0.007883 0.007017 0.009665 0.255043 0.654241 0.654355 0.703259 0.360547 0.359468 0.010297 0.007553 0.008732 0.008412 0.014457 0.016345 2.771829 0.010256 0.008372 0.006289 
0.000080 0.000057 0.000234 0.001270 0.003961 0.005181 0.006365 0.004366 0.006234 0.007431 0.009238 0.006398 0.004438 0.001421 0.000612 0.001639 0.003890 0.005218 0.004955 0.009018 0.003510 0.004787 0.005909 0.026294 0.151793 0.029807 0.009556 0.005037 0.009605 0.008996 0.010253 0.008985 0.010875 2.777615 0.012565 0.010678 0.004598 0.008046 0.011143 0.517964 
0.000008 0.000008 0.000051 0.000318 0.001218 0.002227 0.001744 0.001195 0.002321 0.005544 0.006993 1.667544 0.004339 0.002889 0.001970 0.004838 0.007011 0.006065 0.004132 0.004735 0.002617 0.001883 0.004756 0.025778 0.153091 0.028058 0.007381 0.003469 0.004565 0.006212 0.007661 1.667822 0.012310 0.010874 0.006426 0.003519 0.002702 0.002947 0.005757 0.006752 
0.000001 0.000001 0.000008 0.000055 0.000237 0.000510 0.000314 0.000251 0.001035 0.006493 0.027360 0.552911 0.027219 0.006481 0.003679 0.006789 0.515863 0.006712 0.003576 0.001465 0.000777 0.000917 0.003306 0.006715 0.604414 0.007349 0.003944 0.001415 0.001608 0.006632 0.027488 0.552149 0.029856 0.009000 0.002464 0.000814 0.000664 0.000694 0.001841 0.003616 
