12.746749 14.508552 17.765955 21.411699 20.622133 19.118795 17.131554 14.037013 11.021341 8.778327 7.578558 7.440327 8.335364 10.279761 13.357190 17.619198 22.419903 23.614595 24.928474 26.486809 27.857573 20.233847 14.913635 11.590010 10.059486 10.146461 11.589200 13.938947 16.341644 17.577223 18.589045 20.048265 22.729597 27.731779 21.827532 18.498194 17.065022 17.512028 19.721508 22.875631 
13.163964 15.094975 19.299311 27.495306 23.066454 21.376337 20.043270 15.796070 12.101795 9.577894 8.300776 8.190434 9.114987 10.998625 14.025978 18.877747 27.545401 25.032257 26.152239 27.985533 25.422546 19.513115 14.703497 11.646278 10.351619 10.711405 12.606200 15.801365 19.427944 19.761957 20.110558 20.788467 22.080343 23.076996 21.051296 18.680134 17.413729 17.913065 20.742743 27.671442 
13.844758 15.483930 18.669250 22.880634 24.314892 24.933077 27.533194 18.779768 13.863671 10.979754 9.688511 9.735147 10.782125 12.426758 14.725325 18.007723 22.183155 24.268715 27.991367 26.629948 27.669931 19.367920 14.547182 11.853798 10.909714 11.663297 14.237479 19.075296 27.589333 23.742659 23.210190 22.775801 23.521172 23.091385 22.477400 19.859510 18.182541 18.101290 19.577890 21.867258 
15.080964 16.409113 18.925356 22.646311 27.870495 27.925198 24.320019 19.616020 15.405231 12.640723 11.584929 12.128054 13.704014 15.096273 16.329105 18.064861 20.541553 23.362288 27.860950 24.165302 21.686146 17.427347 14.128617 12.235889 11.730288 12.718595 15.462487 20.363745 27.903704 25.956488 27.868517 25.240229 27.780622 24.936937 27.666550 22.064056 19.472773 18.847546 19.563282 20.148071 
17.139990 18.258894 19.915007 22.562973 25.586834 25.358517 23.658865 21.633253 17.320749 14.495610 13.805271 15.354919 18.659414 19.775751 19.297007 19.278053 20.368448 22.383869 24.595686 21.983198 19.150679 16.347979 14.299988 13.231445 13.057124 13.996912 16.388775 20.680912 27.780590 25.644136 25.985239 24.008232 23.456060 22.689236 23.487101 23.045696 20.760340 20.355297 21.659130 20.972523 
20.189617 21.539499 21.816381 23.757183 27.938814 25.682535 24.818216 27.547810 19.572969 16.130550 15.713485 18.672462 27.498798 27.725349 23.616816 21.262856 21.102818 22.910620 27.636204 21.682777 18.475939 16.480585 15.532228 15.392374 15.293648 15.826861 17.308832 19.862101 22.940821 24.286779 27.754044 22.949228 21.000212 20.549555 22.184118 27.522671 22.046608 22.079893 27.554863 22.982306 
23.729015 27.684072 23.813478 24.327538 27.955397 26.000362 23.862286 22.576178 19.079453 16.689369 16.186396 17.931576 21.758818 24.236031 27.693535 22.860142 21.691820 22.171381 22.655735 20.407320 18.555006 17.607206 17.995823 19.510511 18.889946 18.673254 19.112707 20.323637 21.474613 22.311590 22.965891 20.694077 18.881603 18.223055 18.912163 20.395014 19.536005 20.077456 22.124031 22.064552 
24.919250 24.529699 23.049257 23.346012 25.322567 27.840071 23.640928 21.471376 19.387398 17.359364 16.439655 17.073620 19.048845 21.265951 23.232718 22.459667 22.436460 23.229229 22.125572 20.651047 19.744432 19.468325 21.301525 27.576288 23.903862 22.719801 22.037596 22.649755 22.121752 22.279736 22.754244 19.889565 17.640471 16.664591 16.814014 17.429592 17.585705 18.442755 20.471382 22.828846 
27.987852 24.018290 22.255274 22.376537 23.639250 24.384415 23.029100 22.073864 21.578638 18.987402 17.255650 16.937103 18.062441 20.336132 23.145845 23.081217 24.163277 27.832870 23.770168 22.242546 22.265320 21.182880 21.953619 24.936218 27.933008 27.908779 25.324711 27.767225 23.838875 23.692057 27.558424 20.436775 17.246201 16.135593 16.367386 17.026672 16.960638 17.598955 20.298187 27.587162 
27.865847 22.943464 21.380268 22.068958 24.124922 24.646004 23.720995 23.994387 27.641190 21.725325 18.754019 17.473072 17.985579 20.763865 27.582140 24.205423 24.907888 27.926006 24.516409 24.056240 27.672325 22.903603 22.192106 23.768324 26.020260 25.901817 25.043718 24.857664 23.396843 22.717457 22.111078 18.962812 16.893019 16.481333 17.609032 19.461229 17.650654 16.656946 17.317375 19.348585 
21.521568 20.247995 20.208540 22.230770 27.792170 27.913301 24.861328 24.155666 24.741322 23.302324 20.529186 18.330677 17.696672 18.965792 21.744522 22.835938 24.824846 25.250414 23.876694 23.423441 23.951542 22.342339 21.945406 23.573975 27.864458 26.059414 25.580202 24.718613 23.827942 23.411650 21.001270 18.417662 17.034719 17.427456 20.236616 27.376022 19.486074 16.021540 14.818187 14.842695 
18.276070 18.283253 19.000101 20.662453 23.324955 24.745167 25.179176 24.668961 25.356049 27.865192 23.570955 19.626575 17.594532 17.621914 19.355291 22.217340 27.786684 25.846766 23.963051 23.523766 24.011871 22.372169 21.590572 22.399433 24.599340 26.282106 27.977182 26.172516 25.431852 27.751337 21.904943 18.790676 17.516542 18.071840 20.350582 23.081820 18.651823 15.017699 13.019141 12.280093 
17.153959 17.790312 18.963444 20.058016 21.784271 24.105816 27.931459 25.535391 25.633743 28.051474 27.865110 20.917707 17.479923 16.612179 17.802818 20.551777 24.496267 27.806084 24.251579 24.364355 27.844585 23.364613 21.604820 21.649118 23.470743 27.828001 26.356565 27.908787 25.450867 25.344660 21.874149 19.351616 18.284805 19.040133 21.818993 27.441580 18.808138 14.267145 11.885911 10.904514 
17.668215 18.968922 21.122969 20.884239 21.521740 23.613211 27.889797 25.377178 25.043615 25.760458 27.753246 20.495934 16.801929 15.661503 16.660093 19.505133 23.334349 23.502066 22.455906 23.418560 27.775005 23.374647 21.740965 21.081345 21.513968 22.805031 23.045523 23.899750 24.580940 27.750975 22.698111 20.420557 19.280937 19.946226 22.111134 20.971109 16.562021 13.212739 11.273540 10.468999 
19.062143 21.414070 27.583675 22.794323 21.743870 22.602571 24.261189 24.518652 24.892618 23.601694 22.053963 18.322887 15.618684 14.664527 15.737177 19.320641 27.420708 22.031967 20.361887 20.731077 22.324966 22.313461 22.827749 21.381063 20.659824 20.625448 20.884686 21.715103 22.766151 23.454287 22.404505 22.269239 20.431982 21.192360 27.353804 19.386831 15.075882 12.599990 11.447467 11.148868 
20.216272 21.871790 24.588345 22.734253 21.962975 22.596064 23.673233 25.144476 27.893057 23.332655 20.202023 17.092140 14.767301 13.793673 14.369960 16.449764 19.240862 18.556688 18.127947 18.696669 20.246689 22.529303 27.639977 22.915392 21.151785 20.175957 20.114069 21.205172 23.093458 22.543694 22.965990 27.505116 20.788187 18.764908 18.759657 15.834185 13.577258 12.551586 12.681886 13.374374 
21.676167 23.075157 27.697342 23.394999 22.678024 23.949251 24.400537 25.985775 27.926538 23.249554 20.145826 17.065557 14.719925 13.531987 13.644850 14.862700 16.381937 16.791321 16.983227 17.754644 19.400288 21.676003 23.710337 23.268120 22.817375 20.909105 20.269190 21.858295 27.554684 22.431038 21.057680 20.999002 18.202522 16.129585 14.884534 13.460852 12.752203 13.259883 15.201214 18.119295 
23.563337 22.741928 23.041319 22.175827 23.207668 27.768206 25.628170 27.896383 25.406317 23.203556 21.875565 18.273676 15.633382 14.124866 13.970148 15.065720 16.694834 17.349682 17.375463 18.056156 19.969118 22.872276 23.895561 25.316347 27.734545 22.335363 20.261835 20.253679 21.466967 20.319025 19.639561 19.019859 16.809271 14.633326 13.133809 12.354827 12.655213 14.457234 18.531178 27.479351 
27.921385 23.056906 21.248775 20.864185 21.950731 23.921293 23.888090 24.402061 24.026691 23.915695 27.539663 20.467060 17.426237 15.455058 15.151211 16.814934 19.950005 20.586321 19.216135 19.231520 21.513163 27.661165 25.304863 27.849073 25.003481 22.247505 20.235540 19.465630 19.609482 19.700010 20.112865 20.545244 17.349548 14.492810 12.741876 12.226151 13.055861 15.293005 18.674517 21.970707 
27.807732 21.968718 19.938389 20.040735 21.614496 23.708845 23.245787 23.339426 23.944536 22.401011 22.036957 20.317747 20.096094 17.117926 16.363897 19.048239 27.513151 27.635118 21.635082 20.169506 21.004087 23.082802 23.286711 24.048918 23.680956 23.231844 21.056013 19.879948 19.906519 20.759899 22.496311 27.497023 19.506731 15.309143 13.209241 12.828825 14.085398 16.915068 20.690105 21.364464 
20.486778 18.871784 18.457497 19.706039 22.590948 27.695623 23.692501 23.411272 27.556240 21.355680 19.529308 20.354959 27.204571 18.363768 16.027363 17.256922 20.696581 22.067751 21.297527 20.767200 21.170866 22.108593 22.451597 23.024824 24.120155 27.713861 22.840248 21.179739 21.420748 22.899185 23.344347 24.188517 19.698181 16.041193 14.084944 13.914777 15.583241 19.460974 27.470015 23.077917 
16.605898 16.542973 17.400837 19.696939 23.080872 24.036118 22.038229 20.657038 20.200941 17.590343 16.081564 16.029039 17.134918 14.816522 13.964948 15.069429 17.610687 20.277918 22.500614 22.330784 22.714668 23.561882 23.197508 23.264904 23.708080 24.519749 23.195780 22.532202 23.639193 27.796566 25.440933 27.696804 20.878971 17.105896 15.303085 15.287519 16.881098 19.701323 22.501436 22.009203 
14.905033 15.412683 17.017475 20.546547 27.650242 24.841368 21.444349 18.786139 16.716532 14.546148 13.009739 12.330750 12.184913 11.607388 11.794410 13.296105 16.213793 20.640017 27.748480 25.085440 25.556263 27.891880 25.301317 24.900167 24.610546 25.085295 24.645290 23.917614 24.460135 25.775389 24.379837 23.575159 20.813307 18.178345 16.839521 17.146343 18.923223 21.774027 22.473478 22.174568 
14.919712 15.394737 16.824043 19.641157 23.891636 27.721716 21.827986 18.153635 15.248765 12.792965 11.005655 9.958281 9.523464 9.484382 10.203458 11.995492 15.131795 19.987272 27.766998 26.185852 27.975407 26.839870 26.707357 27.985233 26.395075 28.061773 27.993534 25.681761 26.145086 27.893885 24.252567 23.053329 22.432632 19.920481 18.842934 19.567034 21.864046 27.699772 25.114801 23.797831 
16.682760 16.630932 17.362076 19.251116 22.088348 24.426817 21.657410 18.608414 15.264687 12.343679 10.188388 8.873787 8.312967 8.448663 9.390581 11.256273 14.167775 18.094927 22.758707 25.238832 25.743858 26.099201 28.018139 26.688137 26.256523 28.035381 26.610476 26.149265 27.920300 25.157579 23.301559 23.614765 27.626013 22.173737 21.009556 22.366276 22.965866 25.448765 27.973257 25.711445 
20.610170 19.203127 18.849970 19.876104 22.536077 27.715853 23.423855 21.177046 16.756979 13.061304 10.455766 8.905530 8.261059 8.456164 9.505061 11.399277 14.050897 17.278013 21.457468 27.701933 25.084316 25.171122 26.404510 25.819017 25.315310 25.605774 25.590437 25.770496 24.851458 23.009016 21.883839 22.125324 23.254349 21.901125 22.462782 27.608934 23.833241 24.614773 27.976067 26.776508 
27.759388 22.688812 20.988317 20.828920 22.162504 24.383936 24.648228 27.583258 19.355923 14.589617 11.595428 9.893362 9.231402 9.471319 10.636372 12.715678 15.273626 17.333420 19.762224 22.496872 23.210659 24.586500 27.938463 26.352598 25.072252 24.968531 25.847084 27.963200 24.240139 21.930855 21.006281 21.573767 23.040800 21.516422 21.092257 22.178921 21.775890 22.695766 24.989782 27.955011 
25.334194 24.466221 23.451876 22.185528 22.705563 24.527174 24.689919 24.730583 20.180944 16.196390 13.352961 11.717422 11.150343 11.409020 12.780994 15.454929 18.861151 18.963732 19.574966 21.000071 22.347391 23.621082 25.629768 27.940214 25.231222 24.914011 26.339674 28.023771 23.853971 21.359049 20.595955 22.074903 27.549789 21.902561 20.137587 20.047712 20.201960 21.175390 22.830032 23.862360 
25.251753 27.914612 27.821354 23.545628 23.691702 27.830784 26.343201 27.887674 22.112862 18.485901 15.758551 14.384299 14.146714 14.144057 15.485930 19.303648 27.522272 21.899450 20.528374 21.454973 23.363703 23.570507 24.496361 25.822113 24.502777 24.706610 27.937183 27.951994 23.446587 21.015163 19.990950 20.396557 21.653559 20.217937 19.491289 19.667923 19.769527 20.866684 22.985535 22.419544 
23.981153 24.550417 23.747419 22.118275 22.316710 24.443378 26.280172 27.922228 23.460625 21.622772 18.650579 17.767191 18.751595 17.387085 17.537134 20.437035 27.613817 22.280186 21.084677 22.733185 27.738274 24.492189 24.566956 27.789286 23.898008 23.076973 23.934208 24.072376 22.699739 21.226721 20.069504 19.894579 20.311962 19.786093 20.046585 21.402443 20.301001 21.415115 27.474697 22.094967 
23.778038 24.132547 22.142281 20.659451 20.809591 22.917192 27.741758 24.744570 23.683571 27.513842 21.204967 21.066599 27.386497 20.907187 18.641655 18.958057 20.798061 20.215309 20.614880 22.377983 25.020792 23.716419 23.084078 23.202112 21.915062 21.575228 22.311094 23.349983 23.848173 23.082842 21.225399 20.887794 21.875778 20.615286 21.466597 27.401268 20.506300 18.809208 19.410648 18.048840 
24.857384 27.683132 21.815847 19.519531 19.282478 20.372139 21.799046 21.124580 20.562382 20.832506 19.233976 19.541439 21.909840 21.865206 18.967651 17.779428 18.212204 19.055389 20.688124 22.933214 27.739321 23.953547 22.653898 21.796398 20.946644 20.961788 22.287659 24.940355 27.906551 27.789276 22.794901 22.500761 27.496252 21.253077 19.599972 19.819843 17.319643 15.758543 15.140440 14.518042 
24.589823 22.772833 19.722727 18.283535 18.460756 19.447006 19.745359 19.201263 18.419596 17.838549 17.198603 17.762472 20.486019 27.311150 19.389435 16.939163 17.179295 19.067928 22.030006 22.586082 23.738970 23.352938 23.603069 22.342157 21.183218 21.109690 22.842710 27.760838 25.212841 23.705317 21.405485 20.591093 21.067827 19.106153 17.780279 16.782152 15.160978 13.771719 12.885678 12.380827 
27.617933 20.712061 17.870136 17.438959 18.883959 21.169342 20.486334 19.475792 18.081633 16.892094 15.946651 15.789866 16.688908 18.135382 16.155674 15.371186 16.514708 19.957874 27.521105 23.401081 22.925611 23.857958 27.779951 24.666187 22.346893 21.507027 22.019678 23.445259 22.962620 22.068684 20.447920 19.351429 18.938179 18.288118 17.678694 16.386805 14.840966 13.366242 12.332624 11.831130 
18.289751 16.269430 15.472497 16.679399 20.386837 27.662682 23.413015 22.096992 19.542866 17.799690 15.983634 14.788514 14.315786 14.221011 13.697081 13.948096 15.545603 18.555561 22.225716 22.217350 22.436316 23.021091 25.011860 27.800930 23.923119 22.511856 22.229736 22.762350 22.900593 22.992311 20.942593 19.518208 19.117821 19.524382 20.303259 18.288172 16.524281 14.613979 13.362786 12.889347 
12.610477 12.322138 12.916125 15.231603 19.992821 27.861967 25.029253 27.622061 22.096664 20.746780 17.435518 15.140196 13.626734 12.795849 12.544104 13.270604 15.220010 18.421526 22.264143 22.572947 23.364649 22.490971 22.942654 24.304962 24.683910 24.237320 23.523188 24.276621 24.672325 27.810734 22.775881 20.718447 20.560810 22.350491 27.539364 21.876751 20.325005 17.211912 15.695354 15.548118 
8.870266 9.206870 10.408860 13.088899 18.131456 27.470936 22.594479 22.104618 22.126589 27.398117 19.840855 16.713449 14.333185 12.883711 12.558284 13.478333 15.682142 19.537399 27.493114 24.133043 27.606016 22.417973 21.695244 23.398220 27.844957 27.878304 25.064306 27.784065 25.257807 27.840160 23.397955 21.975702 21.998659 23.526487 23.753117 23.013380 27.427467 20.142733 18.598198 19.993771 
6.347411 6.854880 8.084153 10.277847 13.548985 17.239031 17.296631 17.618830 18.502111 20.363346 19.548061 19.479820 16.112373 13.925190 13.427942 14.482791 16.483391 18.380367 20.654078 20.348246 20.816889 19.653248 19.827065 21.402922 23.573572 23.605604 22.556057 22.686592 22.214806 22.894762 22.651064 23.589418 23.731415 27.639532 22.513851 20.612885 20.675230 19.093967 20.373205 27.539089 
4.758716 5.260295 6.333411 8.025580 10.204602 12.338550 13.418730 14.396435 15.712054 17.669250 20.304827 27.288128 18.643597 15.284257 14.821702 16.546068 19.356749 18.706009 18.201475 17.600870 17.476980 17.514233 18.519257 20.666080 23.089123 22.057512 20.663921 19.978565 19.829462 20.647257 22.502079 27.643444 23.317917 22.196800 19.708241 18.058430 17.377598 17.024488 18.028364 20.368782 
3.983187 4.452400 5.404865 6.818903 8.535960 10.200456 11.496187 12.715229 14.188765 16.111601 18.396881 20.583466 17.703245 15.690596 16.008738 19.436205 27.505106 20.743753 17.805273 16.459906 16.090216 16.525951 18.180584 21.588043 27.723866 22.675629 20.028957 18.810352 18.583347 19.325607 20.860117 22.700876 21.350418 19.869371 18.025438 16.595068 15.825010 15.671650 16.312519 17.344786 
