10.043756 11.906802 15.387441 19.302227 18.432068 16.873249 14.860476 11.740645 8.755766 6.582106 5.424726 5.292824 6.152769 8.029839 11.088631 15.448052 20.432232 21.622427 23.044451 24.776566 26.370789 18.290245 12.747161 9.338430 7.770668 7.832439 9.245636 11.559211 13.928827 15.068362 16.041555 17.583567 20.544132 26.209194 19.547169 15.847465 14.266315 14.761549 17.210949 20.715557 
10.443053 12.499948 17.031380 25.966026 21.075951 19.293755 17.975616 13.584342 9.849781 7.356956 6.116380 6.010208 6.896744 8.712698 11.738334 16.754353 26.025858 23.184071 24.400614 26.499769 23.744417 17.489595 12.488585 9.350658 8.031732 8.384130 10.295330 13.537477 17.243986 17.422424 17.715631 18.395054 19.811666 20.918615 18.666744 16.049284 14.642870 15.196699 18.359268 26.143299 
11.098796 12.847269 16.275347 20.849504 22.427229 23.127768 26.021379 16.724108 11.623745 8.712815 7.434665 7.491015 8.518791 10.111733 12.377611 15.726024 20.113564 22.331848 26.504152 24.981409 26.165176 17.287621 12.250828 9.472095 8.525528 9.299675 11.948855 17.002253 26.077242 21.747982 21.127033 20.588362 21.422354 20.924192 20.274956 17.344538 15.486362 15.396115 17.024197 19.590773 
12.342808 13.776712 16.495689 20.550573 26.371294 26.435776 22.513058 17.543545 13.148687 10.307511 9.266530 9.837806 11.448515 12.804158 13.957846 15.683717 18.253208 21.324839 26.359732 22.254078 19.616497 15.108118 11.700150 9.764614 9.264318 10.298715 13.144094 18.317060 26.416496 24.184380 26.363197 23.375532 26.263054 23.019913 26.136698 19.825232 16.912750 16.241615 17.005764 17.661646 
14.521195 15.719052 17.511795 20.400030 23.780375 23.543205 21.723661 19.631470 15.069509 12.103118 11.416743 13.084476 16.583569 17.700275 17.052732 16.890255 17.984669 20.186552 22.675285 19.804508 16.783543 13.845750 11.761782 10.701104 10.539128 11.523191 14.012000 18.563063 26.274920 23.826696 24.194317 21.982271 21.369429 20.498220 21.421297 20.912226 18.370865 17.926111 19.364668 18.586386 
17.797956 19.298138 19.558439 21.714106 26.443253 23.875940 22.946644 26.023127 17.364170 13.680864 13.255674 16.452120 25.980421 26.219601 21.642216 18.958658 18.722086 20.728979 26.103462 19.469604 15.983798 13.890659 12.959057 12.894147 12.805805 13.348302 14.886545 17.552746 20.848763 22.295433 26.233093 20.797056 18.625399 18.149853 19.988066 25.980680 19.851473 19.883884 26.015182 20.850695 
21.705717 26.155880 21.727127 22.306732 26.457617 24.214138 21.834110 20.435173 16.678747 14.119367 13.597067 15.484805 19.585897 22.285311 26.168818 20.674410 19.325792 19.862476 20.437202 17.970337 15.981830 15.016033 15.522834 17.264597 16.596886 16.325642 16.734667 17.969805 19.170979 20.081633 20.809071 18.298059 16.300711 15.608075 16.379766 18.045036 17.121628 17.701181 19.949699 19.859985 
22.978819 22.517063 20.817436 21.142323 23.395288 26.325153 21.548498 19.150745 16.925917 14.748079 13.762648 14.441080 16.577230 18.968523 21.108620 20.207058 20.154482 21.044807 19.804564 18.184408 17.213408 16.944681 19.020855 26.046928 21.991182 20.688877 19.864264 20.498983 19.857218 20.020117 20.573238 17.412886 14.946035 13.899727 14.095155 14.825472 15.014874 15.963316 18.175022 20.738697 
26.495152 21.921841 19.888924 20.012833 21.448236 22.324543 20.810696 19.774446 19.304575 16.479502 14.591286 14.238550 15.465219 17.940283 21.019672 20.896399 22.123020 26.318445 21.651209 19.930967 20.000925 18.779898 19.631878 22.983969 26.436821 26.412380 23.491266 26.247126 21.751040 21.587053 26.015139 18.049543 14.527138 13.341612 13.630305 14.420376 14.388662 15.125594 18.088619 26.069458 
26.357759 20.721720 18.920422 19.683836 22.020836 22.621901 21.559475 21.901539 26.107203 19.504269 16.205038 14.814442 15.375764 18.433475 26.045740 22.196329 22.957479 26.423086 22.487638 21.960775 26.133936 20.663607 19.826546 21.614405 24.210558 24.079508 23.091530 22.870075 21.214447 20.493015 19.865026 16.391907 14.137774 13.724416 15.024467 17.095884 15.226777 14.217284 14.981667 17.214806 
19.146461 17.684380 17.627720 19.898720 26.270029 26.407106 22.864391 22.069004 22.757818 21.218956 18.153746 15.756372 15.075894 16.474554 19.542343 20.684437 22.865747 23.321432 21.728226 21.217579 21.811428 19.963728 19.511902 21.378866 26.349810 24.244402 23.703293 22.711174 21.705021 21.271643 18.610914 15.797528 14.288838 14.769553 17.886311 25.834255 17.301031 13.652061 12.434940 12.507771 
15.525414 15.519089 16.283173 18.125420 21.135155 22.742332 23.223610 22.637535 23.436003 26.360212 21.564537 17.219437 14.995131 15.037152 16.943785 20.052500 26.272470 24.019651 21.842295 21.329691 21.877048 19.984980 19.085192 20.014254 22.559505 24.487295 26.479055 24.371038 23.533886 26.228287 19.641991 16.199036 14.827798 15.485741 18.031424 21.118685 16.479992 12.684945 10.638392 9.897658 
14.299927 14.984553 16.258657 17.452316 19.374245 22.004589 26.426975 23.625444 23.748671 26.568186 26.367182 18.693787 14.918309 13.984587 15.271335 18.273487 22.605536 26.294010 22.228531 22.341579 26.328444 21.132103 19.100601 19.153835 21.258410 26.307106 24.581221 26.401423 23.569727 23.483459 19.600412 16.810362 15.684069 16.566372 19.651299 25.916952 16.722536 11.982341 9.542754 8.554210 
14.868975 16.319210 18.698008 18.358162 19.048361 21.423365 26.378092 23.441790 23.071260 23.951101 26.242653 18.263752 14.232402 12.999308 14.088024 17.159004 21.326946 21.476353 20.247318 21.301394 26.253946 21.170280 19.273052 18.508888 19.012089 20.503763 20.782949 21.771408 22.567530 26.227518 20.520353 18.025545 16.811991 17.583464 20.053930 18.963102 14.383670 10.923706 8.961778 8.153756 
16.439444 19.048986 26.036263 20.507898 19.268270 20.234282 22.146580 22.462046 22.925041 21.571583 19.904305 15.890051 12.984272 11.978604 13.144943 17.027567 25.879961 19.846945 17.950115 18.320465 20.071495 19.990984 20.543385 18.869366 18.048178 18.015379 18.314157 19.286997 20.510519 21.323679 20.194708 20.083773 18.113779 19.010283 25.822409 17.323963 12.826322 10.301792 9.150536 8.860622 
17.678337 19.532511 22.589907 20.424284 19.510746 20.217562 21.467617 23.167723 26.389072 21.313534 17.886978 14.558433 12.102955 11.081856 11.720621 13.930923 16.902372 16.061352 15.512281 16.085398 17.757027 20.293324 26.096987 20.646105 18.616692 17.510595 17.447029 18.703726 20.893404 20.316561 20.810902 25.966698 18.602346 16.475445 16.581932 13.555384 11.239664 10.233233 10.399689 11.161977 
19.304077 20.889837 26.163296 21.186871 20.337410 21.783852 22.303249 24.159988 26.430443 21.230810 17.838818 14.550784 12.081254 10.837337 10.973074 12.244045 13.812980 14.155445 14.260921 15.045807 16.826103 19.322451 21.588837 21.053925 20.537989 18.346003 17.629368 19.457920 26.003710 20.222885 18.717432 18.782820 15.825075 13.678200 12.445753 11.025593 10.343180 10.916591 12.980700 16.090902 
21.435961 20.522198 20.844013 19.816162 20.984470 26.239500 23.743330 26.390451 23.584913 21.167585 19.738903 15.894273 13.092518 11.504710 11.349186 12.496456 14.162936 14.778273 14.700752 15.382057 17.458174 20.682642 21.797913 23.403629 26.201717 19.982161 17.628185 17.640074 19.068054 17.825203 17.157238 16.603508 14.319152 12.090464 10.589712 9.835670 10.189249 12.108325 16.419188 25.969360 
26.421310 20.887354 18.843302 18.368378 19.570139 21.814623 21.776590 22.396793 22.013884 21.928686 26.012253 18.290287 15.058290 12.974295 12.656466 14.414674 17.725489 18.330986 16.709961 16.662039 19.170424 26.123940 23.379726 26.331581 23.022110 19.868759 17.595860 16.735510 16.945478 17.108854 17.664976 18.279312 14.918467 11.939241 10.145836 9.645707 10.547324 12.921546 16.491575 19.964291 
26.300537 19.734674 17.413059 17.483316 19.232323 21.589794 21.066959 21.210247 21.943825 20.322956 20.005306 18.156391 17.939711 14.791053 14.012600 16.865883 25.994370 26.113049 19.359064 17.661425 18.549026 20.846628 21.041862 21.904228 21.485605 21.000156 18.511801 17.189718 17.253632 18.271708 20.285263 25.960695 17.267078 12.780293 10.584482 10.208836 11.554875 14.567611 18.596739 19.241087 
18.173986 16.345007 15.855109 17.182728 20.395266 26.167929 21.650198 21.359789 26.029676 19.291199 17.356415 18.292442 25.674583 16.240419 13.733844 15.010766 18.629629 19.992378 18.997797 18.319923 18.700546 19.708759 20.062494 20.705364 21.975969 26.174990 20.540865 18.647488 18.950991 20.685837 21.219097 22.251390 17.425146 13.504616 11.439824 11.277097 13.060882 17.231716 25.938126 21.049774 
13.943357 13.838461 14.747444 17.245308 20.969557 22.041925 19.849771 18.421545 18.023767 15.305626 13.781650 13.809478 15.052309 12.597556 11.658295 12.751346 15.369257 18.088772 20.367430 20.080608 20.444061 21.369585 20.914877 20.972519 21.487425 22.439064 20.921967 20.168989 21.459513 26.276482 23.598059 26.176741 18.668001 14.566076 12.643179 12.637249 14.348959 17.371744 20.362089 19.788355 
12.108241 12.635094 14.356310 18.207592 26.123665 22.980444 19.251074 16.430578 14.333298 12.144116 10.646228 10.037892 9.965051 9.358741 9.495385 10.979070 13.960865 18.593216 26.240345 23.167627 23.695768 26.380920 23.332451 22.873024 22.533991 23.084892 22.596064 21.752390 22.408514 23.948172 22.367569 21.511244 18.503685 15.648778 14.229677 14.574842 16.515162 19.596680 20.287783 19.926826 
12.118997 12.610177 14.141591 17.215706 21.903427 26.206758 19.718334 15.809243 12.823542 10.365812 8.634934 7.669558 7.279208 7.233321 7.914639 9.693377 12.870622 17.938105 26.267048 24.429972 26.480328 25.144814 24.967987 26.485300 24.600218 26.576155 26.497101 23.800116 24.339211 26.385576 22.218157 20.870306 20.252617 17.518372 16.337149 17.160954 19.677761 26.178808 23.225056 21.711145 
14.018097 13.932357 14.697854 16.743475 19.885723 22.517368 19.528830 16.340155 12.881140 9.949457 7.843183 6.594562 6.078284 6.208631 7.106097 8.947449 11.847814 15.894324 20.777439 23.414808 23.920723 24.289511 26.524303 24.938463 24.440388 26.543772 24.848648 24.325930 26.412790 23.202147 21.092546 21.460287 26.087873 19.962816 18.649488 20.186245 20.832302 23.616053 26.480362 23.874828 
18.303282 16.720072 16.284422 17.389521 20.347462 26.195841 21.446377 19.127209 14.505936 10.723824 8.141273 6.629124 6.019812 6.209740 7.218536 9.079652 11.699542 14.967357 19.350765 26.181532 23.141153 23.210072 24.614504 23.924929 23.318722 23.665051 23.649403 23.888626 22.838318 20.726896 19.450438 19.740822 21.062948 19.565456 20.233980 26.069504 21.769497 22.631632 26.481747 25.086485 
26.243364 20.517818 18.603266 18.404606 19.889133 22.390749 22.739761 26.068920 17.284235 12.323428 9.292478 7.604544 6.959552 7.196569 8.346905 10.389669 12.925564 14.951899 17.404928 20.305870 21.019369 22.565430 26.433151 24.547861 23.047659 22.923779 23.954720 26.461657 22.136093 19.486290 18.437160 19.105976 20.817255 19.115486 18.643568 19.869856 19.405973 20.465311 23.056568 26.459213 
23.429773 22.470583 21.331549 19.877235 20.471411 22.538219 22.775095 22.926037 18.114912 13.960211 11.038735 9.414983 8.860512 9.119018 10.490689 13.209241 16.689159 16.594122 17.135477 18.595230 20.029253 21.433281 23.734278 26.432966 23.229694 22.861563 24.532831 26.533070 21.692450 18.834789 17.978340 19.685200 25.994772 19.553307 17.566124 17.471064 17.641348 18.758530 20.627073 21.829668 
23.301704 26.409616 26.304798 21.389757 21.560118 26.315601 24.595089 26.395321 20.132286 16.317451 13.483022 12.088161 11.879863 11.859622 13.227233 17.226273 26.004280 19.706417 18.109821 19.069883 21.177067 21.369148 22.407970 23.936413 22.380821 22.624035 26.429964 26.450573 21.237850 18.448944 17.303173 17.795197 19.265366 17.654888 16.871368 17.081404 17.203861 18.463644 20.828064 20.234509 
21.833406 22.513620 21.607973 19.758432 19.995598 22.432007 24.510817 26.427753 21.528322 19.613625 16.461664 15.567358 16.655798 15.173145 15.273443 18.330940 26.093046 20.084286 18.694773 20.517757 26.208174 22.418171 22.487917 26.257683 21.687805 20.730650 21.744926 21.924549 20.363449 18.698257 17.408169 17.242889 17.743660 17.204494 17.509537 19.056299 17.901653 19.190302 25.937462 20.006392 
21.611956 22.046694 19.810457 18.145638 18.322668 20.721245 26.218950 22.836115 21.684444 25.985996 19.119606 19.001661 25.860838 18.843307 16.355999 16.619610 18.547113 17.810278 18.181406 20.111494 23.063929 21.518053 20.762844 20.890408 19.387556 18.986996 19.860905 21.093208 21.683672 20.839886 18.736471 18.378098 19.534044 18.182344 19.164051 25.850834 18.272125 16.453926 17.189264 15.724925 
22.881960 26.154497 19.538158 16.945168 16.677500 17.894571 19.520725 18.781528 18.198780 18.579885 16.875355 17.276447 19.864935 19.829693 16.651146 15.313117 15.710685 16.550209 18.290909 20.747370 26.208857 21.786806 20.261284 19.255854 18.261505 18.280827 19.827074 22.931698 26.397646 26.266541 20.543089 20.225327 25.942650 18.948933 17.180714 17.518303 14.864451 13.241731 12.650580 12.008718 
22.655731 20.737036 17.335161 15.697496 15.852856 16.898296 17.239536 16.657513 15.856820 15.284286 14.649795 15.330604 18.307943 25.772106 17.136755 14.427784 14.624667 16.628658 19.809923 20.354359 21.603254 21.119150 21.370178 19.882864 18.532246 18.456190 20.480495 26.227436 23.265242 21.556490 18.973505 18.080585 18.690189 16.569492 15.213460 14.223837 12.571487 11.166465 10.301375 9.800882 
26.112762 18.633554 15.499417 14.947732 16.446665 18.876146 18.097357 16.999607 15.516430 14.286852 13.324553 13.220325 14.255410 15.839338 13.688189 12.800161 13.967788 17.663101 25.980959 21.262636 20.692625 21.724760 26.251104 22.597609 19.896463 18.930580 19.536451 21.210260 20.676167 19.683285 17.876364 16.687765 16.302864 15.670590 15.108146 13.808739 12.246198 10.762872 9.746645 9.250755 
16.330982 14.111263 13.173573 14.350618 18.244133 26.145329 21.394770 19.920439 17.158985 15.311041 13.407358 12.191271 11.750916 11.685505 11.111927 11.327836 12.986070 16.170897 20.081181 19.981318 20.158051 20.797899 23.060532 26.276119 21.745502 20.113489 19.793671 20.415867 20.601795 20.744520 18.437885 16.866823 16.480682 16.998051 17.972427 15.886220 14.065261 12.089439 10.828632 10.360220 
10.599892 10.232965 10.751205 13.066360 18.005260 26.375669 23.231512 26.102570 20.017025 18.557922 15.033392 12.611529 11.054248 10.205084 9.925002 10.650112 12.680407 16.056629 20.144815 20.387096 21.224821 20.219688 20.728529 22.264984 22.663895 22.121853 21.305954 22.174059 22.647001 26.291220 20.532249 18.208603 18.063255 20.131227 26.003529 19.793192 18.153734 14.863882 13.268519 13.141373 
6.983646 7.276760 8.402107 11.055854 16.207045 25.970522 20.688274 20.118961 20.114473 25.865440 17.648308 14.330246 11.822279 10.312026 9.963534 10.901985 13.199456 17.309200 25.959778 22.158096 26.068943 20.187115 19.333406 21.252632 26.331835 26.366684 23.097116 26.258135 23.328043 26.325062 21.220461 19.612989 19.664759 21.437222 21.742357 20.978136 25.891937 17.963463 16.324030 17.867058 
4.659376 5.110385 6.243504 8.349040 11.570993 15.271668 15.161231 15.408676 16.272776 18.226810 17.342482 17.300671 13.736436 11.413420 10.886268 11.964845 14.061094 16.029373 18.433367 17.998901 18.472923 17.122675 17.282011 19.027796 21.456831 21.459036 20.251078 20.409662 19.857710 20.655769 20.376101 21.445240 21.629467 26.105961 20.356949 18.289455 18.425436 16.734293 18.170555 26.018126 
3.244090 3.676182 4.629062 6.180068 8.221456 10.230736 11.167109 12.033075 13.324581 15.346898 18.153299 25.752604 16.445667 12.851483 12.359636 14.169385 17.142401 16.352455 15.732446 15.014032 14.813425 14.793977 15.881875 18.243517 20.909019 19.695263 18.097143 17.330814 17.165339 18.086582 20.209810 26.104046 21.189262 19.982771 17.252161 15.475104 14.777619 14.444681 15.569601 18.133566 
2.570389 2.963689 3.783283 5.029201 6.565846 8.063712 9.185635 10.287848 11.725631 13.698350 16.108448 18.470713 15.398036 13.267288 13.611401 17.268991 25.983458 18.544634 15.279628 13.749344 13.290835 13.724218 15.522240 19.282303 26.197664 20.407457 17.387457 16.002693 15.756995 16.594351 18.346300 20.486326 18.974606 17.369783 15.381841 13.840413 13.054447 12.935980 13.677210 14.806895 
