0.000214 0.003321 0.038044 0.911027 0.039248 0.004665 0.002584 0.000864 0.000130 0.000012 0.000001 0.000001 0.000012 0.000205 0.003315 0.038017 0.902747 0.057459 0.026614 0.042267 1.918936 0.007689 0.002869 0.000352 0.000027 0.000013 0.000125 0.000812 0.002284 0.001100 0.000754 0.002945 0.008571 1.589761 0.008363 0.002731 0.000488 0.002218 0.024251 0.239128 
0.000297 0.002181 0.004805 7.847163 0.012696 0.010074 0.005595 0.003990 0.000778 0.000080 0.000006 0.000007 0.000045 0.000299 0.002172 0.004802 7.748870 0.091763 0.089168 4.509522 0.791257 0.019699 0.003896 0.000339 0.000025 0.000080 0.000758 0.003876 0.006932 0.006017 0.002880 0.004124 0.018986 0.201845 0.018560 0.002199 0.000519 0.002435 0.007912 1.459349 
0.000111 0.001010 0.005776 0.010764 0.017457 0.020117 10.581281 0.005156 0.002143 0.000279 0.000033 0.000087 0.000328 0.000404 0.000893 0.004281 0.007538 0.012726 0.658339 0.314554 4.405961 0.005209 0.002274 0.000291 0.000045 0.000296 0.002262 0.006904 0.426192 0.012823 0.004766 0.009444 0.022080 0.201726 0.020021 0.004877 0.001080 0.001115 0.005007 0.011529 
0.000239 0.000705 0.003393 0.008146 1.097265 1.680386 0.069998 0.011011 0.001891 0.000229 0.000140 0.000844 0.002615 0.002632 0.001068 0.001298 0.004919 0.008412 2.524265 0.011257 0.007402 0.004153 0.000798 0.000103 0.000038 0.000333 0.002390 0.004683 2.314027 1.411080 1.604842 1.606692 6.783206 1.518925 1.517073 0.006690 0.005256 0.003737 0.003267 0.006267 
0.003282 0.002559 0.006234 0.020165 1.087714 0.449150 0.071548 0.013862 0.004804 0.000913 0.000904 0.004560 0.008049 0.008056 0.005006 0.001595 0.002819 0.006218 1.174781 0.007878 0.004477 0.001048 0.000216 0.000281 0.000122 0.000330 0.002278 0.006899 0.423767 0.212098 1.457656 0.013346 0.008094 0.011302 0.009558 0.009290 0.040071 0.038647 0.006272 0.040484 
0.035564 0.005354 0.029826 0.035345 3.761103 0.570457 0.571733 9.337127 0.005226 0.002375 0.002634 0.008054 1.458657 1.477138 0.007863 0.005082 0.003050 0.005725 1.185860 0.004985 0.002298 0.000473 0.000808 0.002082 0.001018 0.000515 0.001060 0.004445 0.012087 0.014894 2.355115 0.007235 0.005000 0.005479 0.008074 7.755001 0.952718 0.953173 10.565190 1.003331 
0.621949 8.843429 0.283170 0.280695 0.644544 0.544691 0.055133 0.008543 0.004606 0.000961 0.000922 0.004730 0.011091 0.016394 7.861245 0.006825 0.004195 0.007185 0.012131 0.004360 0.001145 0.000944 0.004024 0.005096 0.005708 0.003095 0.002555 0.003132 0.008159 0.040106 0.615030 0.035885 0.003563 0.001263 0.004253 0.005075 0.038418 0.039237 0.014006 0.080655 
0.582734 0.015282 0.029775 0.029681 0.032795 10.296082 0.008646 0.005681 0.003260 0.000941 0.000266 0.001031 0.005778 0.040438 0.897382 0.045119 0.013516 0.012516 0.009551 0.004131 0.002615 0.002952 0.005964 10.605906 0.009377 0.006327 0.005973 0.006190 0.035911 0.067319 0.616429 0.035630 0.003199 0.000345 0.000884 0.002466 0.003508 0.004401 0.011011 0.082281 
1.371972 0.012246 0.005640 0.005861 0.033360 0.345064 0.031604 0.009225 0.006269 0.004127 0.000868 0.000378 0.003624 0.038262 0.897270 0.096615 0.097732 1.388288 0.036617 0.031268 0.005480 0.005355 0.007628 0.019455 0.627897 2.036236 1.374914 1.450928 0.429809 0.431724 7.659323 0.004861 0.002173 0.000404 0.000869 0.002309 0.001252 0.002665 0.008092 1.467755 
1.090905 0.010357 0.003994 0.007363 0.038602 0.342668 0.040436 0.043341 10.607743 0.005934 0.002924 0.000717 0.002226 0.004800 7.332989 0.328552 0.326411 1.577767 0.352070 0.354281 9.096881 0.009226 0.006367 0.016714 0.627763 0.332887 0.325824 0.040540 0.040257 0.050686 0.012094 0.004634 0.000903 0.000857 0.003835 0.003878 0.003924 0.001604 0.004635 0.008065 
0.009235 0.005294 0.003339 0.008751 1.467956 1.459636 0.020541 0.015319 0.036087 0.011059 0.006844 0.001567 0.000978 0.004228 0.007134 0.048152 0.328971 0.062154 0.046184 0.065601 0.378386 0.030917 0.005122 0.008477 4.541417 0.330356 0.327747 0.037399 0.018490 0.052860 0.009418 0.001781 0.000494 0.002220 0.003798 2.957379 0.003908 0.002331 0.001127 0.002637 
0.002820 0.001048 0.001243 0.005018 0.011044 0.016511 0.025736 0.028031 0.033122 2.992074 0.010704 0.005374 0.001093 0.001179 0.004558 0.007508 9.834318 0.057276 0.046644 0.066010 0.376303 0.030280 0.003590 0.005866 0.009172 0.167632 8.204233 0.045989 0.047830 5.091921 0.004739 0.002337 0.000616 0.004014 0.020462 1.950184 0.020391 0.003942 0.000391 0.000340 
0.000465 0.000868 0.002178 0.001976 0.005622 0.011032 1.495645 0.190074 0.187932 0.660654 0.593801 0.008227 0.002701 0.000530 0.001622 0.008321 0.017199 9.802550 0.381930 0.379754 1.930178 0.009318 0.003487 0.003205 0.005670 7.558484 1.030966 7.112805 0.665593 0.660153 0.020003 0.004192 0.000799 0.002962 0.004538 2.962119 0.003791 0.002213 0.000291 0.000048 
0.000885 0.003898 0.004228 0.004358 0.003816 0.009221 1.445095 0.037073 0.032065 0.034048 3.108884 0.007759 0.002655 0.000453 0.001389 0.008717 0.020223 0.011452 0.033845 0.038718 1.219820 0.010185 0.005200 0.001999 0.004209 0.004841 0.038915 0.006793 0.009476 5.080607 0.007193 0.004805 0.002173 0.006110 0.007554 0.007340 0.005367 0.000970 0.000100 0.000032 
0.002569 0.004627 4.485051 0.005358 0.003303 0.005761 0.014612 0.014148 0.036648 0.013864 0.010887 0.004949 0.000900 0.000358 0.002106 0.005121 10.586842 0.008520 0.005515 0.007389 0.010107 0.009404 0.008170 0.004711 0.001894 0.002365 0.003407 0.003880 0.009245 0.013226 0.010021 0.007815 0.007324 0.010333 10.626321 0.005765 0.002754 0.000399 0.000117 0.000324 
0.004729 0.026628 1.474854 0.026977 0.005070 0.003715 0.009273 0.014704 1.487789 0.011265 0.005796 0.001292 0.000170 0.000094 0.000776 0.003979 0.005419 0.004229 0.001105 0.001441 0.005166 0.008136 10.431674 0.007607 0.004634 0.001450 0.001200 0.005125 0.012252 0.010853 0.013858 10.641546 0.010013 0.007005 0.005144 0.004026 0.000842 0.000212 0.000849 0.002614 
0.005884 0.007939 4.487590 0.009037 0.006981 0.004772 0.015642 0.016640 1.466969 0.010888 0.005497 0.001254 0.000182 0.000031 0.000131 0.000857 0.002406 0.001144 0.000514 0.000639 0.002093 0.013987 0.097580 0.017906 0.007626 0.004611 0.002958 0.005967 10.638169 0.010733 0.007725 0.007551 0.004893 0.001675 0.002131 0.000787 0.000204 0.000835 0.004542 0.008042 
0.012423 0.009887 0.007537 0.007226 0.008299 1.425172 1.635688 1.513533 0.013505 0.011079 0.008505 0.004607 0.001109 0.000176 0.000147 0.000885 0.002715 0.002838 0.002559 0.001741 0.002184 0.035821 0.094828 0.066748 10.508597 0.005987 0.002997 0.004308 0.005264 0.004761 0.002514 0.004542 0.001639 0.000327 0.000289 0.000103 0.000303 0.002410 0.007852 1.467602 
1.158378 0.012033 0.005489 0.004491 0.036706 0.648104 0.115804 0.078259 0.015147 0.018132 10.638679 0.007551 0.004541 0.001166 0.000926 0.004209 0.006736 0.007188 0.004107 0.003151 0.002671 0.825859 0.817350 5.362873 0.037303 0.009522 0.001960 0.001010 0.002254 0.001889 0.004340 0.005942 0.003931 0.000790 0.000103 0.000028 0.000211 0.001817 0.010789 0.079895 
1.155864 0.009909 0.003356 0.003722 0.036153 0.649412 0.113040 0.077816 0.017768 0.011153 0.010667 0.009454 0.007551 0.004579 0.002995 0.006980 0.520585 3.609687 0.008128 0.005623 0.002747 0.723961 0.624538 0.372960 0.051209 0.012238 0.004803 0.001063 0.001410 0.004236 0.005647 1.549904 0.003481 0.002071 0.000285 0.000104 0.000825 0.004682 0.013401 0.077965 
0.009399 0.005019 0.001305 0.002947 0.005353 6.378005 0.878131 0.878432 7.896540 0.010283 0.007658 0.010665 10.639968 0.005947 0.002938 0.004728 0.009242 0.012859 0.013073 0.013089 0.044632 0.372286 0.372579 0.375369 0.377491 8.376575 0.005826 0.003106 0.004391 0.005519 0.013101 1.303072 0.008118 0.002966 0.000307 0.000295 0.002116 0.004731 7.838433 0.910288 
0.002824 0.000980 0.001098 0.005515 0.008374 0.017097 0.043939 0.038765 0.004925 0.004600 0.001982 0.004622 0.005074 0.004018 0.000923 0.001236 0.005209 0.011565 0.600711 0.849308 0.696898 0.243927 0.058096 0.061340 0.108652 0.300017 0.029478 0.006052 0.007304 1.299463 1.047136 1.299449 0.003422 0.002129 0.000310 0.000251 0.001676 0.007115 0.011946 0.039940 
0.000382 0.000363 0.002101 0.005116 10.603773 0.014692 0.010316 0.004510 0.002286 0.000834 0.000270 0.000823 0.002063 0.000777 0.000157 0.000448 0.003084 0.007573 1.926908 1.112281 0.701630 0.434108 0.056217 0.063961 0.114196 0.297889 0.034182 0.015952 0.020980 1.304337 0.019165 0.011607 0.006931 0.001706 0.000383 0.001146 0.004859 0.010066 0.009331 0.006289 
0.000354 0.000185 0.000989 0.006058 0.011130 1.473573 0.003681 0.002614 0.000635 0.000115 0.000025 0.000082 0.000267 0.000081 0.000036 0.000328 0.002600 0.007828 0.915214 0.703116 0.723420 0.123338 0.078505 2.494752 1.346079 1.349243 1.862816 0.030658 0.025936 1.558755 0.011729 0.010331 0.009545 0.005313 0.002142 0.004617 0.007581 10.021261 0.028252 0.026440 
0.002616 0.000894 0.000536 0.003892 0.009694 1.536934 0.011124 0.005338 0.001038 0.000136 0.000013 0.000006 0.000021 0.000006 0.000008 0.000105 0.001065 0.006289 0.013628 0.702933 0.163929 0.164272 2.323963 0.036849 0.037062 1.842424 0.031710 0.034737 10.530848 0.010583 0.008359 0.010980 7.842248 0.013355 0.010743 0.007577 0.047299 0.298592 1.477778 0.236040 
0.008032 0.004909 0.001465 0.002528 0.003781 1.821535 0.009507 0.008044 0.003836 0.000751 0.000079 0.000006 0.000003 0.000002 0.000013 0.000114 0.000673 0.002871 0.005524 7.569197 0.196120 0.194458 2.547755 0.030680 0.015976 0.012141 0.019606 0.038041 0.009594 0.006710 0.004922 0.039265 0.910344 0.076938 0.079594 9.907457 0.318522 0.315898 1.474435 0.244102 
1.459944 0.010875 0.005479 0.005538 0.032875 0.338455 0.336542 1.388242 0.004804 0.002079 0.000285 0.000032 0.000023 0.000017 0.000124 0.000826 0.002430 0.001659 0.004196 0.005753 0.015895 0.017012 2.128351 0.019513 0.009561 0.007429 0.010587 0.309633 0.006570 0.003367 0.003818 0.038356 0.910347 0.043275 0.011218 0.005704 0.028709 0.030254 0.026646 1.470360 
0.252762 0.017028 0.011071 0.029656 0.055752 0.338723 0.344065 1.448368 0.008113 0.002931 0.000496 0.000223 0.000281 0.000165 0.000854 0.004547 0.007850 0.004739 0.001761 0.003099 0.004447 0.011465 0.033282 1.515127 0.022803 0.021716 0.021315 5.804518 0.006628 0.002989 0.002568 0.005192 7.840587 0.005891 0.003267 0.002750 0.002794 0.004113 0.012764 0.080074 
0.253751 1.549946 1.670975 0.297346 0.297829 2.111489 1.180896 1.561677 0.009048 0.005062 0.003682 0.003349 0.002191 0.001107 0.002748 0.008175 1.467925 0.009016 0.003606 0.004716 0.005523 0.039851 0.047030 1.612101 0.246037 0.248611 4.967046 0.176017 0.006081 0.002781 0.001272 0.004409 0.007415 0.004474 0.001711 0.002525 0.001876 0.005563 0.015370 0.078136 
0.064994 0.350482 0.037285 0.029489 0.028898 0.014872 0.978320 0.859278 0.013228 0.007684 0.038406 0.038078 0.004815 0.004390 0.003527 0.008932 1.468135 0.010733 0.005337 0.006400 1.428109 0.518472 0.518470 1.432606 0.020345 0.019271 0.008912 0.011680 0.007677 0.003681 0.002772 0.003396 0.004803 0.002500 0.004739 0.005535 0.007001 0.009613 7.839989 0.910170 
0.081732 0.352458 0.031402 0.005130 0.004536 0.007502 2.999063 0.052485 0.055112 7.938478 0.913364 0.913342 7.820475 0.006286 0.003674 0.005009 0.008002 0.005199 0.004653 0.011021 1.640917 0.044259 0.038142 0.004433 0.004861 0.002348 0.004165 0.008688 0.012594 0.009581 0.030064 0.030293 0.007738 0.007345 0.010353 10.642774 0.009961 0.006952 0.004859 0.038045 
0.599948 7.777479 0.005061 0.002381 0.001250 0.004272 0.006093 0.012924 0.013382 0.004899 0.038305 0.040025 0.011059 0.009303 0.005701 0.001808 0.002586 0.001943 0.004738 0.005823 1.499447 0.009081 0.008000 0.003335 0.001105 0.001134 0.005326 0.011599 1.215655 1.963584 0.377547 0.379724 9.813410 0.009954 0.007028 0.005243 0.004564 0.001648 0.002233 0.003323 
0.570806 0.011311 0.005833 0.001122 0.000962 0.002877 0.003105 0.002031 0.001797 0.002276 0.003606 0.005438 0.008441 10.627126 0.005260 0.002248 0.001347 0.004342 0.007465 0.009201 0.009060 0.009574 0.011001 0.005448 0.001617 0.002291 0.005304 10.616457 0.015050 0.012207 0.030461 0.029903 0.005223 0.004642 0.001916 0.002232 0.000853 0.000211 0.000286 0.000205 
1.417717 0.008472 0.003143 0.001170 0.004020 0.008218 0.006399 0.002762 0.001134 0.000675 0.000373 0.000977 0.004145 0.005075 0.003979 0.001053 0.002273 0.005011 8.330577 0.010721 0.007986 0.010995 10.631701 0.008288 0.005110 0.002025 0.004669 0.008596 0.007747 0.006325 0.003520 0.002681 0.002287 0.001602 0.002295 0.001246 0.000471 0.000108 0.000039 0.000036 
0.007941 0.004636 0.001179 0.002391 0.007746 0.511952 0.011758 0.004505 0.005228 0.002767 0.000873 0.000273 0.000798 0.002063 0.000782 0.000320 0.003245 0.036052 0.668559 0.039544 0.006742 0.006481 0.010037 10.627725 0.008035 0.005024 0.003663 0.005586 0.008043 0.012220 0.005218 0.001158 0.001212 0.004163 0.005308 0.005549 0.002767 0.000879 0.000215 0.000334 
0.002608 0.000875 0.000455 0.002344 0.004060 1.426713 1.647642 1.427049 0.007531 0.005778 0.004317 0.001100 0.000243 0.000284 0.000091 0.000217 0.003243 0.035967 0.666898 0.045541 0.007821 0.005768 0.007576 0.013518 0.013082 0.008143 0.007407 0.008265 0.014661 1.980608 0.009371 0.003430 0.003379 0.006390 10.608631 0.008800 0.005781 0.004664 0.001722 0.002687 
0.000323 0.000109 0.000307 0.002294 0.007654 0.511188 0.011692 0.005058 0.008069 10.628384 0.007529 0.004517 0.001087 0.000164 0.000049 0.000353 0.002321 0.003402 1.414526 1.625478 1.501364 0.006556 0.005482 0.010509 0.710374 1.851842 1.824692 1.994447 0.931981 0.930215 0.010857 0.006030 0.007794 0.009408 0.015845 0.018863 10.606941 0.010595 0.007586 0.008122 
0.000025 0.000011 0.000080 0.000759 0.003921 0.007439 0.006128 0.003315 0.005731 0.007676 0.008798 0.007132 0.004218 0.000808 0.000210 0.000910 0.003159 0.004579 0.004086 0.009820 0.003222 0.004131 0.002919 0.021901 0.196118 0.027226 0.008218 0.005171 0.011610 0.009941 0.009398 0.008645 0.011662 10.615585 0.012828 0.009817 0.005238 0.007273 0.012652 1.470046 
0.000001 0.000001 0.000011 0.000114 0.000737 0.002040 0.001000 0.000524 0.001291 0.004665 0.007290 7.841392 0.004883 0.002258 0.001121 0.004626 0.008565 0.005401 0.003028 0.003469 0.002134 0.000938 0.002216 0.021917 0.198157 0.024119 0.004471 0.002480 0.003418 0.005075 0.007701 7.836189 0.011374 0.008752 0.005110 0.001989 0.002223 0.001697 0.005150 0.008393 
0.000000 0.000000 0.000001 0.000011 0.000081 0.000274 0.000100 0.000056 0.000309 0.003656 0.038377 0.910195 0.038231 0.003652 0.002833 0.008250 1.468383 0.008361 0.002937 0.000639 0.000351 0.000416 0.002703 0.008172 1.568455 0.008447 0.002979 0.000665 0.000565 0.003693 0.038404 0.909475 0.040305 0.005749 0.001119 0.000254 0.000312 0.000226 0.000976 0.002975 
