0.000445 0.004699 0.025875 1.154642 0.027613 0.006475 0.002816 0.001095 0.000212 0.000025 0.000002 0.000002 0.000030 0.000420 0.004697 0.026008 1.140337 0.053113 0.032846 0.044818 1.870149 0.006677 0.003031 0.000484 0.000049 0.000028 0.000204 0.001031 0.002412 0.001429 0.001038 0.003206 0.007584 1.586427 0.007274 0.002892 0.000760 0.003518 0.028898 0.245736 
0.000397 0.002236 0.003760 6.150978 0.011606 0.010083 0.005044 0.003751 0.000948 0.000129 0.000014 0.000016 0.000077 0.000399 0.002222 0.003760 6.120637 0.085321 0.083810 4.434418 0.772939 0.014729 0.004251 0.000531 0.000055 0.000131 0.000942 0.003870 0.006970 0.005932 0.003139 0.005323 0.027217 0.256204 0.026520 0.003426 0.000800 0.002564 0.006843 1.422854 
0.000196 0.001269 0.005504 0.009019 0.015291 0.017337 12.905136 0.004343 0.002114 0.000358 0.000060 0.000144 0.000435 0.000556 0.001137 0.004077 0.006422 0.010841 0.622368 0.298651 4.323602 0.004480 0.002326 0.000387 0.000077 0.000386 0.002335 0.006887 0.447821 0.011311 0.004811 0.009378 0.029452 0.256025 0.027844 0.005735 0.001569 0.001607 0.005214 0.012169 
0.000479 0.000977 0.003807 0.007500 0.992962 1.742684 0.081811 0.013829 0.002551 0.000385 0.000237 0.001065 0.002661 0.002694 0.001384 0.001673 0.004889 0.007713 2.602934 0.009734 0.006634 0.003989 0.000992 0.000168 0.000070 0.000432 0.002377 0.004170 2.063144 1.411830 1.553079 1.554751 7.469278 1.460157 1.460171 0.007980 0.006674 0.005287 0.003810 0.008043 
0.004590 0.002923 0.007881 0.016061 0.979109 0.603351 0.083835 0.015709 0.004975 0.001181 0.001165 0.004466 0.006891 0.006916 0.004854 0.002029 0.003085 0.006283 1.257281 0.007687 0.004485 0.001330 0.000349 0.000362 0.000199 0.000448 0.002372 0.006942 0.448567 0.225492 1.447381 0.011751 0.007501 0.009988 0.008401 0.009431 0.027645 0.026239 0.005909 0.028511 
0.024893 0.004914 0.033419 0.037230 4.440184 0.785045 0.785843 9.247612 0.004256 0.002377 0.002707 0.006930 1.423102 1.444871 0.006610 0.004989 0.003395 0.005966 1.262231 0.004994 0.002412 0.000671 0.001001 0.002005 0.001250 0.000724 0.001384 0.004847 0.015395 0.017825 2.444810 0.007264 0.005270 0.005617 0.007067 5.776931 1.287002 1.287693 11.937864 1.464001 
0.470779 9.424323 0.291090 0.289248 0.471215 0.759217 0.042819 0.008009 0.004539 0.001245 0.001205 0.004827 0.011474 0.014558 6.251657 0.006677 0.005134 0.007542 0.013675 0.004728 0.001476 0.001218 0.003800 0.004239 0.005390 0.003227 0.002745 0.003734 0.011465 0.036690 0.716999 0.030578 0.005191 0.001784 0.004105 0.004046 0.025965 0.027317 0.018206 0.143387 
0.437926 0.014403 0.033602 0.034929 0.037084 11.148865 0.008160 0.006126 0.003504 0.001218 0.000447 0.001475 0.007313 0.028660 1.121731 0.040091 0.019748 0.011692 0.011195 0.006024 0.002833 0.003116 0.005349 12.975649 0.008206 0.005937 0.005933 0.006608 0.038382 0.063649 0.717889 0.030047 0.004690 0.000652 0.001135 0.002590 0.005017 0.006377 0.016108 0.143312 
1.286021 0.012231 0.007456 0.009149 0.038787 0.403896 0.038391 0.012580 0.005734 0.003954 0.001109 0.000706 0.005109 0.026407 1.121581 0.129268 0.129306 1.327630 0.039554 0.035358 0.004800 0.005547 0.007913 0.017534 0.624080 2.059849 1.490535 1.569466 0.488373 0.489607 6.987560 0.003988 0.002234 0.000568 0.001082 0.002267 0.001697 0.002970 0.007204 1.432898 
1.055412 0.009665 0.004668 0.009059 0.042808 0.402194 0.058853 0.061010 12.953765 0.005280 0.003050 0.000972 0.002320 0.003822 5.673794 0.333578 0.332260 1.584095 0.418441 0.419984 9.472225 0.009061 0.007097 0.015438 0.622955 0.307498 0.300990 0.048557 0.048248 0.072522 0.013531 0.004707 0.001164 0.001071 0.003470 0.003206 0.003622 0.001991 0.004596 0.006922 
0.007966 0.005387 0.003670 0.007900 1.438905 1.415825 0.023981 0.019960 0.041100 0.009058 0.006643 0.001988 0.001278 0.004012 0.005965 0.042918 0.334266 0.081632 0.069330 0.092786 0.465319 0.036126 0.006963 0.009406 4.724946 0.304325 0.302191 0.045486 0.025974 0.074315 0.011784 0.002382 0.000719 0.002232 0.003175 1.917745 0.003347 0.002405 0.001433 0.002698 
0.002916 0.001397 0.001622 0.005129 0.010094 0.014313 0.027934 0.035105 0.038897 3.330569 0.009221 0.005288 0.001427 0.001494 0.004459 0.006586 11.273777 0.078203 0.070718 0.094330 0.463878 0.035390 0.005478 0.005933 0.007541 0.151083 7.173920 0.051302 0.052720 5.548461 0.004450 0.002466 0.000927 0.004269 0.011808 1.856774 0.011694 0.004154 0.000637 0.000464 
0.000659 0.001096 0.002158 0.002483 0.005864 0.010074 1.466687 0.209331 0.207429 0.568576 0.489408 0.006903 0.002765 0.000767 0.002085 0.008233 0.014694 10.916540 0.473345 0.471756 2.066505 0.008448 0.003920 0.003436 0.005010 6.333579 0.050099 10.093620 0.271629 0.268318 0.010013 0.004474 0.001205 0.003153 0.004094 1.920935 0.003155 0.002212 0.000387 0.000084 
0.001123 0.003575 0.003319 0.004220 0.004197 0.008408 1.407065 0.046696 0.043012 0.043381 3.516190 0.006446 0.002689 0.000645 0.001796 0.008482 0.016930 0.011596 0.038030 0.041683 1.087801 0.009064 0.005315 0.002508 0.004044 0.004094 0.015509 0.006945 0.009015 5.515859 0.006878 0.004908 0.002742 0.005958 0.006327 0.005969 0.004920 0.001190 0.000167 0.000059 
0.002718 0.003883 2.937899 0.004868 0.003705 0.006154 0.013970 0.017141 0.046485 0.016304 0.009803 0.004931 0.001153 0.000485 0.002054 0.004289 12.952477 0.009523 0.007295 0.009008 0.011273 0.009260 0.007059 0.004707 0.002343 0.002517 0.004635 0.004425 0.009311 0.013113 0.010072 0.007141 0.007308 0.009540 13.002713 0.005028 0.002795 0.000546 0.000198 0.000428 
0.005549 0.016168 1.624735 0.016484 0.005857 0.004327 0.009792 0.014054 1.468054 0.010334 0.006049 0.001691 0.000291 0.000158 0.000944 0.003724 0.004661 0.004204 0.001723 0.003376 0.007821 0.009548 9.498900 0.006327 0.004581 0.001844 0.001701 0.005249 0.011542 0.011150 0.013379 13.021109 0.009108 0.006876 0.004320 0.003781 0.001051 0.000348 0.001074 0.002658 
0.006271 0.007434 2.941265 0.008105 0.006941 0.005285 0.013712 0.015589 1.427382 0.009888 0.005695 0.001628 0.000304 0.000066 0.000215 0.001074 0.002427 0.001506 0.001104 0.002482 0.004990 0.012280 0.096353 0.014295 0.006490 0.004537 0.003118 0.005349 13.016213 0.010098 0.007867 0.006747 0.004917 0.002090 0.002087 0.000963 0.000330 0.001058 0.004435 0.006882 
0.011383 0.009799 0.006948 0.007245 0.008214 1.349476 1.310675 1.475602 0.014790 0.011529 0.007927 0.004563 0.001386 0.000291 0.000250 0.001130 0.002775 0.002868 0.002199 0.002057 0.005596 0.022828 0.094730 0.069846 10.638199 0.005075 0.003167 0.004161 0.004523 0.004808 0.003128 0.004515 0.002024 0.000525 0.000378 0.000168 0.000406 0.002462 0.006711 1.432708 
1.131781 0.010900 0.005788 0.006270 0.029188 0.674259 0.152794 0.126769 0.020414 0.022624 13.015741 0.006677 0.004444 0.001473 0.001199 0.004071 0.005461 0.006913 0.004303 0.003366 0.005956 0.887654 0.853926 2.002434 0.016470 0.009073 0.002544 0.001333 0.002290 0.002319 0.004279 0.005848 0.003721 0.000967 0.000167 0.000059 0.000356 0.002528 0.015291 0.131847 
1.129130 0.008891 0.003774 0.005333 0.028297 0.675011 0.152161 0.126515 0.021976 0.011976 0.009975 0.009280 0.006677 0.004498 0.003162 0.005810 0.355095 6.096695 0.009304 0.006311 0.006019 0.773031 0.654471 0.389826 0.017760 0.010016 0.004825 0.001420 0.001758 0.004100 0.005441 1.574403 0.003372 0.002030 0.000370 0.000171 0.001039 0.004848 0.016812 0.131148 
0.008058 0.005029 0.001722 0.003191 0.004588 4.670750 1.069088 1.069394 6.415357 0.009310 0.007743 0.009974 13.020689 0.005338 0.003106 0.004469 0.006489 0.009779 0.010022 0.010067 0.019307 0.419291 0.417316 0.408386 0.408567 3.838315 0.004356 0.003400 0.004432 0.005263 0.010923 1.224783 0.006954 0.002966 0.000457 0.000390 0.002046 0.003569 6.154249 1.146195 
0.002916 0.001287 0.001405 0.005179 0.006824 0.015585 0.032656 0.027498 0.003986 0.004525 0.002484 0.004580 0.004207 0.003788 0.001195 0.001498 0.003605 0.007194 0.373746 0.722500 0.861157 0.535352 0.266344 0.290289 0.283583 0.270248 0.033815 0.008018 0.009148 1.237025 1.027707 1.237479 0.003304 0.002132 0.000425 0.000408 0.002089 0.007044 0.012118 0.030025 
0.000525 0.000496 0.002046 0.004281 12.975344 0.014194 0.011368 0.006206 0.002412 0.001055 0.000437 0.001028 0.001974 0.000945 0.000259 0.000625 0.003109 0.006263 1.701172 1.117169 0.861809 0.808573 0.247769 0.291609 0.285523 0.269875 0.037455 0.017307 0.021176 1.225015 0.017202 0.011562 0.006806 0.002147 0.000633 0.001455 0.004863 0.009185 0.010600 0.009492 
0.000481 0.000308 0.001258 0.005792 0.009684 1.438669 0.003869 0.002874 0.000847 0.000194 0.000054 0.000134 0.000331 0.000130 0.000067 0.000439 0.002668 0.006642 0.790590 0.857443 0.860674 0.458780 0.322067 2.967721 1.267681 1.285198 1.797069 0.027900 0.024397 1.582321 0.011735 0.010404 0.008326 0.005672 0.002949 0.004580 0.006727 11.634404 0.033580 0.032645 
0.002666 0.001161 0.000843 0.004012 0.008176 1.419208 0.009500 0.005345 0.001358 0.000227 0.000028 0.000014 0.000034 0.000013 0.000018 0.000178 0.001364 0.006132 0.010449 0.849607 0.197408 0.196927 2.980836 0.027864 0.028699 1.779836 0.029007 0.031245 12.873881 0.010402 0.008637 0.010160 6.155207 0.016796 0.015275 0.006730 0.043997 0.296356 1.446870 0.240568 
0.006880 0.004938 0.001906 0.002875 0.003998 1.740062 0.009019 0.007738 0.003782 0.000923 0.000127 0.000014 0.000006 0.000004 0.000028 0.000191 0.000894 0.002987 0.004229 4.657833 0.150460 0.149696 1.530309 0.021395 0.016584 0.012740 0.019851 0.033378 0.008302 0.006799 0.006782 0.027824 1.150034 0.130406 0.132321 11.498896 0.312105 0.310004 1.439728 0.248192 
1.422835 0.010083 0.005894 0.008359 0.031734 0.276131 0.274018 1.372563 0.004510 0.002105 0.000380 0.000063 0.000040 0.000036 0.000203 0.001041 0.002485 0.002071 0.004030 0.004595 0.023205 0.023993 1.548662 0.016396 0.011309 0.009180 0.011403 0.234661 0.006064 0.003768 0.005427 0.026523 1.150076 0.037389 0.016983 0.005120 0.031634 0.034108 0.030269 1.438057 
0.270813 0.014807 0.010272 0.036286 0.059485 0.276489 0.280735 1.365955 0.007090 0.003126 0.000835 0.000456 0.000372 0.000269 0.001085 0.004449 0.006706 0.004761 0.002239 0.003351 0.005804 0.014126 0.030444 1.482134 0.034026 0.033012 0.026829 6.887779 0.005831 0.003167 0.002770 0.004295 6.153155 0.005408 0.003883 0.002972 0.004409 0.006348 0.018338 0.132214 
0.272658 1.488473 1.701645 0.353574 0.353982 2.194968 1.145940 1.537425 0.008502 0.005229 0.005183 0.004747 0.002251 0.001385 0.002879 0.007103 1.433928 0.008159 0.003948 0.004751 0.006782 0.035891 0.040680 1.288644 0.325400 0.327674 6.204218 0.126948 0.005221 0.002939 0.001732 0.004385 0.006435 0.004426 0.002171 0.002636 0.002498 0.006174 0.019853 0.131500 
0.098405 0.410124 0.040932 0.036326 0.034474 0.016018 0.965446 0.849243 0.011427 0.006748 0.026316 0.025880 0.003774 0.004241 0.003814 0.008023 1.434318 0.009750 0.005550 0.006524 1.368768 0.510050 0.510050 1.383544 0.030430 0.029432 0.007967 0.010920 0.007772 0.004146 0.004492 0.005166 0.004916 0.003117 0.004773 0.004869 0.006860 0.008381 6.158064 1.145597 
0.107437 0.411498 0.035955 0.008089 0.006158 0.008497 2.984652 0.043938 0.045457 6.214648 1.157938 1.157924 6.120990 0.005488 0.003971 0.005088 0.006955 0.005397 0.005007 0.008990 1.336814 0.036358 0.032546 0.004723 0.005666 0.003769 0.004647 0.008901 0.011437 0.008777 0.035016 0.035143 0.006996 0.007336 0.009567 13.023306 0.008987 0.006755 0.003846 0.025852 
0.471460 7.585366 0.004473 0.002627 0.001697 0.004334 0.005760 0.013493 0.013744 0.003936 0.026196 0.028016 0.010628 0.007722 0.005473 0.002258 0.002737 0.002443 0.004778 0.005785 1.458371 0.010530 0.009527 0.003711 0.001512 0.001538 0.005338 0.011031 1.065744 2.156049 0.472118 0.473693 10.958698 0.008987 0.006913 0.004485 0.004482 0.002045 0.002318 0.004704 
0.444035 0.009434 0.005588 0.001457 0.001289 0.003184 0.003398 0.002756 0.002472 0.002415 0.005073 0.006880 0.009110 13.003730 0.004511 0.002278 0.001679 0.004216 0.006601 0.008955 0.009308 0.009728 0.011755 0.005581 0.002036 0.002354 0.004587 12.989613 0.013662 0.011525 0.035653 0.034542 0.004494 0.004606 0.002375 0.002253 0.001080 0.000345 0.000382 0.000422 
1.378150 0.007511 0.003342 0.001518 0.004158 0.008634 0.006358 0.002953 0.001477 0.000907 0.000694 0.001374 0.004071 0.004207 0.003725 0.001306 0.002390 0.004218 8.019179 0.010137 0.008311 0.010542 13.010767 0.007545 0.005044 0.002514 0.004699 0.008159 0.008095 0.006904 0.005426 0.004323 0.002413 0.001979 0.002353 0.001546 0.000657 0.000188 0.000075 0.000072 
0.006826 0.004567 0.001512 0.002572 0.008032 0.572223 0.010216 0.004519 0.004914 0.002823 0.001113 0.000448 0.000993 0.001974 0.000961 0.000598 0.004651 0.027979 0.733691 0.031668 0.008503 0.006927 0.009584 13.004039 0.007334 0.005101 0.004105 0.005927 0.008415 0.011437 0.005507 0.001659 0.001565 0.004018 0.004586 0.005238 0.002829 0.001115 0.000353 0.000449 
0.002651 0.001114 0.000630 0.002338 0.003885 1.381009 1.376921 1.380965 0.006624 0.005056 0.004158 0.001368 0.000391 0.000367 0.000158 0.000442 0.004643 0.027988 0.732460 0.035343 0.009508 0.006140 0.007777 0.012677 0.011873 0.007735 0.007181 0.008147 0.013057 2.136305 0.008329 0.003765 0.003665 0.005897 12.980118 0.007299 0.005063 0.004638 0.002176 0.002781 
0.000426 0.000180 0.000411 0.002407 0.007875 0.571230 0.010065 0.005098 0.007330 13.005816 0.006618 0.004385 0.001343 0.000266 0.000095 0.000483 0.002415 0.003389 1.336358 1.311950 1.466391 0.006836 0.005836 0.010446 0.724546 1.844890 1.822434 1.915183 0.834379 0.833072 0.010139 0.006343 0.007645 0.008132 0.014044 0.016278 12.978125 0.009869 0.007637 0.007011 
0.000043 0.000024 0.000131 0.000949 0.003981 0.007629 0.005996 0.003531 0.005529 0.006957 0.008377 0.005905 0.003988 0.001006 0.000344 0.001176 0.003334 0.004466 0.004200 0.007436 0.003123 0.004017 0.004308 0.027178 0.220351 0.031625 0.008791 0.004954 0.009595 0.009132 0.009275 0.007865 0.010100 12.990772 0.011809 0.009576 0.004479 0.007244 0.011438 1.435956 
0.000003 0.000003 0.000022 0.000183 0.000918 0.002127 0.001265 0.000742 0.001628 0.004724 0.006249 6.150505 0.003888 0.002363 0.001429 0.004584 0.007546 0.005491 0.003243 0.003482 0.002110 0.001250 0.003473 0.026900 0.221967 0.028995 0.005713 0.002725 0.003699 0.005314 0.006840 6.152595 0.011050 0.009527 0.005340 0.002504 0.002244 0.002141 0.005251 0.007364 
0.000000 0.000000 0.000003 0.000024 0.000132 0.000357 0.000169 0.000115 0.000594 0.005146 0.026346 1.153977 0.026296 0.005156 0.003116 0.007328 1.434493 0.007314 0.003092 0.000918 0.000482 0.000586 0.002854 0.007107 1.548380 0.007495 0.003244 0.000915 0.000967 0.005226 0.026435 1.152950 0.028505 0.007297 0.001610 0.000434 0.000420 0.000380 0.001290 0.003147 
