0.002507 0.003238 0.003617 0.138903 0.006895 0.006520 0.004663 0.002785 0.001509 0.000721 0.000378 0.000421 0.000870 0.001758 0.002752 0.002758 0.010896 0.047873 0.047888 0.048166 0.127546 0.002432 0.002273 0.001477 0.000867 0.000830 0.001324 0.002064 0.002812 0.003577 0.004611 0.006083 0.006393 0.192505 0.006249 0.005940 0.005220 0.005574 0.006388 0.016510 
0.002180 0.002737 0.002772 0.177281 0.006674 0.006640 0.004823 0.002914 0.001848 0.001007 0.000582 0.000581 0.000907 0.001503 0.002632 0.002642 0.051520 0.048228 0.048241 0.159107 0.056445 0.002547 0.002183 0.001393 0.000887 0.000911 0.001478 0.002201 0.003196 0.004198 0.005531 0.007845 0.010244 0.086746 0.009988 0.007608 0.005810 0.005359 0.005611 0.130076 
0.002351 0.003095 0.004150 0.005663 0.006902 0.007052 1.780748 0.002692 0.002532 0.001605 0.001039 0.000986 0.001054 0.001267 0.002251 0.002351 0.002099 0.066880 0.087288 0.073534 0.076019 0.002131 0.002066 0.001302 0.000904 0.001001 0.001554 0.002102 0.047272 0.004691 0.005632 0.008038 0.010361 0.086688 0.010099 0.008058 0.006438 0.005874 0.006516 0.008461 
0.003248 0.004088 0.005390 0.005629 0.084584 0.156307 0.006501 0.005249 0.004014 0.002510 0.001662 0.001503 0.001483 0.001459 0.001791 0.001986 0.002067 0.045357 0.110976 0.053951 0.001981 0.001967 0.001876 0.001187 0.000932 0.001069 0.001565 0.001719 0.079716 0.045849 0.115557 0.115635 0.748088 0.132350 0.133023 0.006862 0.006760 0.006538 0.006989 0.008219 
0.004540 0.005472 0.007428 0.007825 0.082331 0.033999 0.006399 0.005313 0.004158 0.002936 0.001935 0.001683 0.001587 0.001566 0.001604 0.001696 0.001814 0.021158 0.106014 0.027981 0.001923 0.001860 0.001738 0.001157 0.000939 0.001168 0.001575 0.001716 0.163930 0.055471 0.066828 0.006221 0.006108 0.005706 0.005579 0.006887 0.007138 0.006917 0.007053 0.008327 
0.005229 0.005610 0.009060 0.009199 0.377612 0.044042 0.044091 0.460294 0.003147 0.003080 0.002141 0.002050 0.044022 0.071130 0.001625 0.001665 0.001735 0.006286 0.111646 0.010512 0.001860 0.001768 0.001619 0.001093 0.000992 0.001189 0.001559 0.001656 0.002674 0.006146 0.042884 0.006012 0.005992 0.005452 0.005476 0.123844 0.209061 0.209097 0.578502 0.057207 
0.035844 1.209080 0.048605 0.048475 0.041652 0.043400 0.013633 0.013375 0.012206 0.009699 0.005264 0.003864 0.022217 0.026892 0.031344 0.001715 0.001735 0.003222 0.100526 0.004886 0.001783 0.001637 0.001445 0.001097 0.001025 0.001258 0.001672 0.002494 0.005526 0.005532 0.005550 0.005680 0.005672 0.004708 0.004217 0.004044 0.006297 0.008303 0.008880 0.016936 
0.033977 0.014632 0.015727 0.017017 0.017103 1.012759 0.013428 0.013312 0.013037 0.012462 0.010138 0.007845 0.012771 0.018264 0.016425 0.007505 0.002635 0.002841 0.085983 0.002565 0.001711 0.001621 0.001588 0.010592 0.001234 0.001271 0.001932 0.003485 0.005515 0.005507 0.005475 0.004821 0.004811 0.003783 0.003419 0.004018 0.005916 0.007923 0.008815 0.017012 
0.119611 0.014489 0.014227 0.015499 0.015783 0.031715 0.014489 0.014297 0.013052 0.012614 0.011233 0.009684 0.010933 0.013229 0.015520 0.010008 0.004898 0.014115 0.072554 0.002066 0.001706 0.001621 0.001612 0.017646 0.032942 0.032372 0.029138 0.048344 0.005611 0.005609 0.034904 0.004368 0.004358 0.003072 0.002851 0.003429 0.004505 0.005629 0.005878 0.129636 
0.099529 0.010972 0.010687 0.012235 0.015345 0.031581 0.014681 0.014680 0.056237 0.011337 0.011215 0.010342 0.010675 0.011072 0.024209 0.008849 0.005109 0.021691 0.050558 0.011969 0.011023 0.001623 0.001621 0.017242 0.021429 0.011093 0.011828 0.003601 0.003577 0.003584 0.003597 0.003865 0.003682 0.002937 0.002870 0.003478 0.003523 0.003825 0.003638 0.002422 
0.003208 0.005693 0.006375 0.006518 0.074881 0.222245 0.015121 0.014899 0.013316 0.011988 0.011436 0.010783 0.010702 0.010851 0.010826 0.010794 0.006635 0.012928 0.033143 0.013045 0.001804 0.001623 0.001623 0.006447 0.026255 0.010496 0.010363 0.003575 0.003573 0.003576 0.003542 0.003559 0.003325 0.002949 0.002991 0.113000 0.002955 0.002906 0.002614 0.002165 
0.002880 0.003649 0.004283 0.004936 0.005219 0.005361 0.009534 0.013129 0.013186 0.037525 0.011399 0.010986 0.010796 0.010812 0.010802 0.010798 0.027206 0.016805 0.026530 0.012881 0.001687 0.001625 0.001627 0.008855 0.015242 0.011633 0.021703 0.003580 0.003585 0.023765 0.003456 0.003443 0.003169 0.002960 0.003008 0.031767 0.002411 0.002355 0.001927 0.001571 
0.002544 0.002907 0.003497 0.004395 0.005079 0.005166 0.062033 0.023716 0.018373 0.047030 0.046978 0.022284 0.014944 0.012636 0.011783 0.011089 0.011385 0.025281 0.020519 0.014244 0.019322 0.001632 0.001631 0.009598 0.014345 0.025994 0.012865 0.016958 0.009621 0.010629 0.003376 0.003303 0.003078 0.002965 0.003001 0.067847 0.001891 0.001860 0.001405 0.001070 
0.002886 0.003097 0.003541 0.004546 0.005160 0.005241 0.054561 0.046222 0.036389 0.035154 0.055622 0.044289 0.027631 0.018472 0.015685 0.012823 0.011761 0.014234 0.017258 0.015079 0.033524 0.001643 0.001636 0.009324 0.008584 0.005225 0.005832 0.005640 0.008940 0.022055 0.003170 0.003146 0.003018 0.002958 0.002941 0.001774 0.001776 0.001625 0.001205 0.000932 
0.003999 0.004042 0.128567 0.005809 0.005773 0.005708 0.005968 0.006280 0.007258 0.008426 0.020731 0.025177 0.026561 0.025724 0.021759 0.021344 0.027571 0.016105 0.015072 0.013165 0.011733 0.001650 0.001649 0.005089 0.004745 0.004225 0.004233 0.004076 0.003967 0.003181 0.003160 0.003144 0.003015 0.003013 0.039839 0.001742 0.001738 0.001486 0.001307 0.001194 
0.005558 0.005770 0.108681 0.006931 0.006746 0.006698 0.006661 0.006715 0.051697 0.036975 0.033650 0.032266 0.031434 0.030678 0.028797 0.026232 0.029553 0.030950 0.031537 0.031753 0.009547 0.005541 0.026235 0.004374 0.004368 0.004185 0.004145 0.004036 0.003967 0.003379 0.003304 0.015517 0.002168 0.002101 0.001721 0.001706 0.001679 0.001614 0.001635 0.001670 
0.006472 0.006521 0.161229 0.006985 0.006931 0.006780 0.006795 0.006777 0.047721 0.043164 0.041326 0.039737 0.038233 0.036917 0.035654 0.032822 0.032360 0.032245 0.032275 0.032386 0.009563 0.007427 0.009571 0.004375 0.004375 0.004173 0.004122 0.004081 0.013349 0.002934 0.002916 0.002716 0.001888 0.001739 0.001719 0.001713 0.001707 0.001698 0.001715 0.001839 
0.006752 0.006644 0.006238 0.007017 0.007033 0.059089 0.037864 0.050867 0.048838 0.046980 0.041874 0.040682 0.039613 0.038622 0.037722 0.036070 0.034904 0.034284 0.033941 0.033760 0.028317 0.008130 0.009604 0.009610 0.030471 0.006622 0.006551 0.006422 0.005953 0.003296 0.003397 0.002967 0.002964 0.003206 0.003201 0.003407 0.003642 0.003623 0.003832 0.118917 
0.111018 0.006690 0.006154 0.006551 0.006758 0.006135 0.014122 0.013755 0.025597 0.025597 0.042321 0.040196 0.039835 0.039301 0.038755 0.037893 0.036885 0.035824 0.035268 0.034924 0.034436 0.125044 0.048953 0.049198 0.008970 0.006958 0.007071 0.007101 0.007171 0.007347 0.008148 0.008976 0.011363 0.011438 0.012838 0.013031 0.014098 0.014478 0.015332 0.017257 
0.103079 0.003510 0.003368 0.003138 0.002996 0.005606 0.011868 0.012965 0.023124 0.024427 0.024460 0.031518 0.039352 0.039341 0.038973 0.038340 0.053450 0.065141 0.048325 0.041814 0.037667 0.025565 0.020259 0.016012 0.012869 0.014260 0.017121 0.016981 0.018930 0.020751 0.024228 0.031074 0.011899 0.012212 0.013022 0.013350 0.014119 0.014500 0.015354 0.017180 
0.002594 0.002666 0.002799 0.002676 0.002682 0.017471 0.011933 0.012290 0.032400 0.024451 0.024474 0.025460 0.040629 0.039465 0.039175 0.038620 0.050444 0.058845 0.053732 0.050745 0.042748 0.043388 0.043618 0.043890 0.044097 0.045227 0.018278 0.017490 0.017542 0.017539 0.016967 0.014195 0.011804 0.011928 0.012039 0.012057 0.012065 0.012058 0.090824 0.041154 
0.002317 0.002575 0.002721 0.002601 0.002674 0.005305 0.007199 0.008195 0.013912 0.016038 0.019625 0.022991 0.031476 0.033227 0.033384 0.032316 0.030614 0.028639 0.054926 0.055736 0.061624 0.041614 0.041089 0.041644 0.043269 0.047007 0.054562 0.058411 0.060048 0.063586 0.039024 0.044166 0.016996 0.016990 0.016996 0.017001 0.017009 0.017019 0.017031 0.017051 
0.001841 0.002053 0.002373 0.002375 0.016224 0.013105 0.013510 0.014935 0.017565 0.022104 0.027214 0.031483 0.033445 0.034108 0.033516 0.031556 0.029082 0.026658 0.081240 0.056473 0.063630 0.149503 0.038782 0.036522 0.030111 0.025565 0.024465 0.023598 0.023350 0.023283 0.017188 0.017002 0.016991 0.016993 0.016998 0.017004 0.017011 0.017022 0.017018 0.016981 
0.001815 0.002085 0.002234 0.002406 0.005077 0.017289 0.012307 0.014998 0.019720 0.025890 0.031433 0.034919 0.035985 0.035026 0.032844 0.029226 0.026466 0.024060 0.049276 0.037238 0.071795 0.042003 0.067845 0.073155 0.057002 0.075313 0.049507 0.025818 0.026084 0.036367 0.017097 0.016997 0.016992 0.016989 0.016993 0.016992 0.016960 0.049781 0.017805 0.017830 
0.002254 0.002851 0.003180 0.005275 0.005522 0.007733 0.010971 0.016227 0.022731 0.030381 0.036138 0.038263 0.037036 0.034196 0.030699 0.025715 0.023796 0.021890 0.019138 0.025371 0.020575 0.030153 0.056701 0.028520 0.031499 0.041898 0.022019 0.021066 0.031679 0.012760 0.013289 0.016071 0.027927 0.016187 0.016824 0.016753 0.015873 0.015870 0.125501 0.027082 
0.002510 0.004609 0.005655 0.008401 0.008434 0.051303 0.013415 0.022216 0.031467 0.039870 0.043229 0.040786 0.035771 0.031135 0.026478 0.020388 0.021860 0.020684 0.017278 0.032122 0.018238 0.028501 0.035168 0.024605 0.022980 0.023550 0.022374 0.019466 0.008985 0.008847 0.010187 0.011407 0.011565 0.011558 0.011583 0.031386 0.015841 0.015849 0.125041 0.027523 
0.127951 0.008242 0.008009 0.009139 0.009180 0.010925 0.011063 0.044621 0.045676 0.049630 0.047171 0.038320 0.030850 0.026018 0.020824 0.014380 0.023204 0.020095 0.013831 0.011466 0.013060 0.028322 0.052906 0.027305 0.021783 0.026111 0.026467 0.028168 0.008770 0.008524 0.009271 0.011335 0.011565 0.011561 0.011682 0.012425 0.013433 0.013792 0.014345 0.137680 
0.138406 0.008829 0.008331 0.010570 0.010837 0.011067 0.011139 0.025706 0.046678 0.053784 0.044470 0.030031 0.023404 0.019818 0.014234 0.008642 0.029498 0.018385 0.012291 0.010633 0.015746 0.036278 0.025186 0.036278 0.016891 0.019342 0.025339 0.025076 0.009146 0.008186 0.006727 0.006963 0.036531 0.011500 0.011498 0.012375 0.012564 0.013532 0.014435 0.020555 
0.146957 0.222075 0.234350 0.112028 0.111184 0.158242 0.041994 0.173718 0.067400 0.064903 0.033631 0.018079 0.015802 0.013767 0.007769 0.004605 0.041882 0.015533 0.009867 0.008524 0.025486 0.037639 0.019103 0.020022 0.015682 0.018228 0.034787 0.025293 0.013524 0.008893 0.006587 0.007534 0.008944 0.010190 0.010128 0.010189 0.010281 0.011906 0.014484 0.020409 
0.133955 0.029497 0.011951 0.012900 0.012451 0.011437 0.035485 0.056227 0.033809 0.057569 0.010869 0.007150 0.011532 0.008420 0.003379 0.002719 0.023442 0.009657 0.006089 0.006663 0.046584 0.039163 0.014845 0.024419 0.015003 0.019309 0.023489 0.022759 0.019703 0.011560 0.005825 0.006610 0.008731 0.008729 0.010066 0.010092 0.005910 0.005967 0.279807 0.030034 
0.133934 0.029533 0.011552 0.011166 0.010725 0.010772 0.101359 0.005879 0.005868 0.036768 0.003816 0.003713 0.017078 0.002581 0.002533 0.002534 0.002615 0.002657 0.002671 0.008245 0.042132 0.036533 0.007463 0.007906 0.009246 0.016121 0.023769 0.028133 0.027437 0.016960 0.005323 0.005306 0.008582 0.003372 0.003380 0.101412 0.003809 0.003799 0.002695 0.002925 
0.145709 0.487218 0.007464 0.007391 0.007151 0.006867 0.005085 0.005401 0.005329 0.004595 0.004139 0.003298 0.003191 0.002701 0.002535 0.002537 0.002640 0.002688 0.002696 0.013666 0.049011 0.033587 0.006913 0.006800 0.006867 0.007870 0.014353 0.030464 0.040287 0.034783 0.005296 0.005267 0.053079 0.003341 0.003301 0.002803 0.003135 0.002989 0.002640 0.002799 
0.129436 0.003946 0.004691 0.004766 0.004898 0.005290 0.005022 0.005057 0.004700 0.004568 0.003975 0.003138 0.003132 0.019310 0.002537 0.002540 0.002696 0.002742 0.002722 0.022261 0.027296 0.024873 0.006868 0.006615 0.006551 0.005742 0.005736 0.020718 0.005567 0.005558 0.005251 0.004793 0.004250 0.003927 0.003320 0.002793 0.002457 0.002108 0.001887 0.001946 
0.122371 0.003847 0.003604 0.003652 0.004167 0.005724 0.005004 0.004627 0.003999 0.003527 0.002971 0.002733 0.002615 0.002509 0.002510 0.002545 0.002781 0.002827 0.026888 0.021142 0.027503 0.021011 0.014008 0.006839 0.007031 0.005721 0.005687 0.005658 0.005583 0.005517 0.005293 0.004919 0.004246 0.003889 0.003304 0.002709 0.002219 0.001813 0.001526 0.001427 
0.001938 0.002630 0.002763 0.002967 0.003441 0.068035 0.005207 0.004742 0.003671 0.003154 0.002827 0.002652 0.002545 0.002504 0.002515 0.002599 0.002952 0.003104 0.017181 0.010954 0.028306 0.003996 0.004070 0.026483 0.008254 0.005735 0.005686 0.005659 0.005611 0.005570 0.005436 0.005342 0.004642 0.004110 0.003467 0.002849 0.002471 0.002287 0.002000 0.001742 
0.001686 0.001862 0.002019 0.002300 0.002417 0.123678 0.111723 0.124498 0.003433 0.003317 0.002767 0.002506 0.002400 0.002392 0.002551 0.002715 0.003152 0.003228 0.018102 0.009391 0.031034 0.003936 0.004137 0.004261 0.025945 0.027867 0.005936 0.005870 0.024087 0.050795 0.005490 0.005433 0.005064 0.005227 1.827060 0.002797 0.002634 0.003125 0.002988 0.002494 
0.001044 0.001138 0.001405 0.001886 0.002347 0.064640 0.003253 0.003398 0.003561 1.827356 0.002691 0.002528 0.002342 0.002427 0.002687 0.002868 0.003362 0.003323 0.036546 0.006264 0.032374 0.003636 0.004064 0.004256 0.085737 0.028059 0.007188 0.053167 0.028338 0.064379 0.005980 0.005760 0.005556 0.005390 0.004852 0.005015 1.823522 0.003963 0.003800 0.002749 
0.000496 0.000596 0.000901 0.001437 0.001944 0.002225 0.002889 0.003281 0.003750 0.004374 0.003707 0.002562 0.002577 0.002621 0.002948 0.003096 0.003637 0.003177 0.003160 0.002889 0.002866 0.003073 0.004172 0.004341 0.007163 0.006388 0.006355 0.005535 0.005075 0.005516 0.005831 0.005795 0.005958 1.828116 0.004689 0.004526 0.003361 0.003952 0.004202 0.129768 
0.000195 0.000274 0.000507 0.000932 0.001408 0.001759 0.002183 0.002618 0.003374 0.004211 0.004245 0.174072 0.003314 0.003281 0.003312 0.003408 0.003832 0.003177 0.003148 0.002874 0.002845 0.003165 0.004371 0.004445 0.007243 0.006368 0.006352 0.005491 0.004944 0.005294 0.005328 0.177662 0.006907 0.006873 0.005332 0.004129 0.003198 0.003362 0.003607 0.003454 
0.000080 0.000133 0.000288 0.000583 0.000951 0.001257 0.001563 0.002065 0.003088 0.004291 0.004672 0.140101 0.004748 0.004370 0.004014 0.004152 0.118442 0.003218 0.003078 0.002655 0.002589 0.003259 0.004557 0.004627 0.096320 0.005951 0.005887 0.004779 0.004584 0.005276 0.005653 0.139618 0.007086 0.006710 0.005075 0.003517 0.002636 0.002680 0.003044 0.003203 
