19.641397 20.948586 23.373207 26.003517 25.408922 24.180189 22.424776 19.745224 17.098171 15.057207 13.944998 13.818697 14.662000 16.448298 19.149019 22.742918 26.585257 27.694004 28.684914 29.738255 30.563322 24.704054 20.486292 17.751076 16.520338 16.637901 17.902756 19.966070 22.085485 23.306221 24.249901 25.407854 27.253338 30.514557 26.676437 24.488573 23.516275 23.798702 25.269321 27.363379 
20.013559 21.441998 24.502977 30.321669 27.191690 25.884703 24.657089 21.156637 18.025587 15.803487 14.644627 14.544929 15.405330 17.116865 19.751341 23.720957 30.340218 28.702406 29.485743 30.672190 28.755775 24.207550 20.378605 17.874586 16.818241 17.136885 18.743034 21.402086 24.397713 24.916428 25.357351 25.934872 26.859909 27.526100 26.195850 24.621675 23.750839 24.072952 25.955585 30.474493 
20.603710 21.826054 24.150604 27.169455 28.156351 28.532578 30.318172 23.539549 19.538425 17.096020 15.969662 15.997269 16.921818 18.435902 20.474998 23.239027 26.542433 28.148361 30.678831 29.784241 30.431244 24.177814 20.374023 18.171249 17.387350 17.995008 20.081442 23.906548 30.370901 27.782625 27.505363 27.290833 27.810432 27.550274 27.136862 25.385113 24.274715 24.215357 25.185650 26.704241 
21.615269 22.599123 24.434649 27.063387 30.595551 30.626167 28.015936 24.334379 20.964666 18.679010 17.750544 18.167345 19.453640 20.723183 21.918091 23.469481 25.465324 27.535395 30.588964 28.063986 26.193056 22.885439 20.252665 18.659454 18.211163 18.999617 21.176193 24.962158 30.602098 29.326237 30.601387 28.932669 30.549667 28.746956 30.474176 26.834223 25.119396 24.724140 25.190453 25.600151 
23.194675 24.007717 25.234005 27.075491 29.098591 28.923222 27.654129 25.990810 22.645985 20.397604 19.800255 20.961723 23.497408 24.464321 24.340498 24.555466 25.472952 26.942289 28.425226 26.583420 24.464449 22.256483 20.583099 19.633617 19.444864 20.201155 22.089630 25.340843 30.525692 29.165031 29.397787 28.142220 27.768864 27.269011 27.766802 27.479378 25.966484 25.704229 26.564554 26.138256 
25.410995 26.338114 26.610720 27.927561 30.647715 29.172750 28.577990 30.356625 24.553097 21.948875 21.584135 23.786367 30.301317 30.475054 27.604477 26.115690 26.100544 27.356169 30.446177 26.416775 24.095711 22.530699 21.680027 21.434622 21.315742 21.761930 22.979332 24.959223 27.272608 28.268742 30.529606 27.425093 26.125425 25.813818 26.855167 30.369347 26.739305 26.765171 30.392962 27.426151 
27.879244 30.482557 28.026081 28.387205 30.664806 29.394009 27.990248 27.033934 24.444860 22.638388 22.240551 23.547426 26.369514 28.145409 30.479256 27.334553 26.605873 26.952991 27.251936 25.682501 24.305256 23.537413 23.661959 24.600756 24.114058 24.011320 24.440948 25.422138 26.355684 27.009466 27.434059 25.921415 24.666470 24.183836 24.586588 25.551527 24.964703 25.350842 26.737156 26.763428 
28.750734 28.550375 27.634258 27.829578 29.064054 30.591885 27.876913 26.366184 24.823675 23.324175 22.635803 23.127417 24.579136 26.179745 27.583094 27.155134 27.168749 27.658993 26.946009 25.932814 25.238201 24.985178 26.165384 30.388313 27.801476 27.009314 26.622837 27.109102 26.870888 27.017912 27.292469 25.337633 23.769297 23.051865 23.090513 23.465771 23.540823 24.113670 25.532356 27.220108 
30.686064 28.230442 27.150057 27.252222 28.025824 28.480120 27.564270 26.870659 26.387318 24.548656 23.340519 23.126577 23.969997 25.582502 27.529299 27.553261 28.274485 30.586380 28.030502 27.040777 26.993820 26.279009 26.797743 28.760546 30.642254 30.624897 28.954653 30.539427 28.046675 27.950779 30.400639 25.674511 23.455332 22.653582 22.736929 23.113781 22.972139 23.364218 25.235481 30.381529 
30.607370 27.544376 26.585730 27.030491 28.326025 28.659203 28.048958 28.184635 30.452997 26.477921 24.429445 23.553953 23.924778 25.828558 30.410065 28.273382 28.756374 30.649206 28.563734 28.252201 30.487919 27.516079 27.079176 28.077879 29.476734 29.418215 28.880283 28.773151 27.820993 27.348650 26.863419 24.690294 23.214413 22.871042 23.579016 24.744720 23.331999 22.469231 22.837906 24.236830 
26.549831 25.775482 25.794024 27.091198 30.566027 30.644344 28.794418 28.343615 28.657640 27.601154 25.680191 24.153448 23.707474 24.573660 26.493347 27.310253 28.691353 29.011515 28.185648 27.901287 28.228458 27.238014 26.998087 27.995991 30.614679 29.526512 29.237455 28.712353 28.120394 27.778843 26.126637 24.343763 23.313206 23.526468 25.403744 30.238180 24.475239 21.776756 20.746138 20.676203 
24.442915 24.487911 25.007092 26.104088 27.805828 28.723303 29.003971 28.701881 29.094994 30.600735 27.716461 25.005787 23.588045 23.598967 24.804657 26.803017 30.548435 29.377378 28.232821 27.957855 28.273563 27.280952 26.808905 27.309353 28.656040 29.653856 30.682974 29.581099 29.126917 30.531971 26.698872 24.579090 23.653255 23.979805 25.455662 27.170946 23.736872 20.825949 19.183855 18.520973 
23.721123 24.156122 24.975233 25.718607 26.851044 28.313850 30.656200 29.227379 29.273764 30.726048 30.591116 25.832428 23.423618 22.805752 23.657558 25.606392 28.346476 30.564405 28.353508 28.442802 30.601078 27.887308 26.822977 26.855644 27.961966 30.592588 29.690758 30.640291 29.132702 29.009527 26.696714 24.954481 24.176847 24.616533 26.445095 30.265230 23.713995 20.096886 18.133316 17.289583 
24.053646 24.929434 26.358829 26.276823 26.713551 28.021969 30.631367 29.129631 28.896450 29.273685 30.514627 25.487572 22.852226 22.032248 22.747419 24.797707 27.533447 27.728403 27.126917 27.769882 30.550341 27.860674 26.885935 26.499050 26.761169 27.540819 27.686890 28.191513 28.612213 30.534243 27.244268 25.681633 24.815693 25.194963 26.571388 25.460093 21.946678 19.203985 17.562479 16.860933 
24.990358 26.497971 30.432112 27.506144 26.880508 27.445879 28.458490 28.621643 28.771090 27.805670 26.627047 23.930954 21.939955 21.213440 21.986284 24.555716 30.279913 26.701658 25.676241 25.975374 27.058050 27.135515 27.531805 26.669359 26.219191 26.187325 26.345333 26.839428 27.480917 27.832085 27.086695 26.889439 25.525650 25.952351 30.204645 24.177845 20.748867 18.702442 17.678968 17.376814 
25.752485 26.815699 28.577160 27.490402 27.032166 27.457561 28.113735 28.997559 30.623154 27.550817 25.314386 23.006624 21.254063 20.495075 20.919476 22.452871 24.545691 24.242069 24.087612 24.574875 25.673161 27.223427 30.470961 27.603506 26.518242 25.894131 25.843985 26.514406 27.658836 27.246645 27.439026 30.347586 25.620987 24.052851 23.856760 21.486992 19.617851 18.696423 18.715487 19.202753 
26.701824 27.602552 30.505890 27.880491 27.473778 28.257727 28.559959 29.494850 30.640253 27.473928 25.253126 22.951685 21.163515 20.239527 20.325481 21.282637 22.498430 22.967400 23.243246 23.896870 25.086023 26.647467 28.010733 27.795446 27.532566 26.347464 25.933569 26.891161 30.412609 27.104944 26.094799 25.874191 23.730038 22.053513 20.940723 19.704290 19.030022 19.352507 20.774654 23.009617 
27.911385 27.406792 27.591269 27.071100 27.743723 30.553482 29.254904 30.628782 28.998816 27.465305 26.452505 23.781786 21.779396 20.620085 20.506414 21.392944 22.687799 23.339844 23.510588 24.104828 25.460003 27.425766 28.140148 29.054165 30.533606 27.205929 25.914782 25.871557 26.563370 25.738478 25.137741 24.494352 22.707022 20.935349 19.640400 18.915352 19.053230 20.399107 23.502068 30.274227 
30.641914 27.543509 26.401958 26.191677 26.896091 28.147991 28.131691 28.421238 28.117319 27.955772 30.355236 25.279242 23.043049 21.528622 21.297646 22.585157 25.001783 25.597307 24.794456 24.910866 26.477932 30.477266 29.050819 30.605352 28.882595 27.161707 25.899635 25.376886 25.405384 25.355673 25.495737 25.560717 23.096319 20.832045 19.394211 18.909389 19.480892 21.181190 23.788885 26.343090 
30.557270 26.744345 25.454103 25.573885 26.622019 27.984375 27.656042 27.670530 28.010448 26.807274 26.417891 25.107868 24.919836 22.635540 22.060007 24.096077 30.320366 30.430767 26.466087 25.599308 26.230526 27.644560 27.834539 28.320114 28.092728 27.799562 26.436651 25.663479 25.629160 26.114140 27.149597 30.337036 24.626108 21.481920 19.841507 19.493134 20.410677 22.539989 25.361320 25.987396 
25.608913 24.574001 24.375288 25.251984 27.201727 30.490774 27.856562 27.609436 30.364899 25.865423 24.423994 24.973959 30.065584 23.367033 21.630056 22.619576 25.296169 26.498238 26.196175 26.008524 26.376764 27.052975 27.342001 27.730541 28.381567 30.525684 27.560709 26.517603 26.628729 27.498806 27.704866 28.105518 24.851433 22.121300 20.626728 20.457407 21.677248 24.544859 30.303881 27.330841 
22.900064 22.902702 23.554350 25.169655 27.463840 28.050314 26.632654 25.527994 24.977079 22.891918 21.618366 21.443377 22.173492 20.396393 19.808399 20.792185 22.891588 25.091663 26.951471 27.037970 27.384031 27.971094 27.826115 27.897730 28.156906 28.642553 27.824047 27.394224 28.041092 30.568840 29.085020 30.481659 25.751368 23.018002 21.683784 21.642467 22.788475 24.881346 26.978632 26.718445 
21.679903 22.072811 23.233461 25.686960 30.451828 28.561256 26.116320 24.054611 22.299681 20.429878 19.051159 18.346739 18.126934 17.658821 17.906393 19.247469 21.687326 25.196623 30.501436 28.839300 29.170626 30.631855 29.113213 28.891489 28.724836 28.990108 28.718216 28.251204 28.589170 29.343752 28.438478 27.820183 25.834469 23.929586 22.938709 23.131088 24.383440 26.414780 27.030668 26.911695 
21.691380 22.059782 23.099068 25.073120 27.946136 30.490910 26.314316 23.474728 21.074183 18.954910 17.302790 16.284607 15.823629 15.792770 16.475477 18.096752 20.752581 24.625338 30.502058 29.511206 30.678070 30.028650 29.960730 30.694050 29.755783 30.737591 30.697115 29.322929 29.587187 30.631786 28.367874 27.538120 27.015318 25.261608 24.472969 24.957127 26.535786 30.484079 28.836742 28.017540 
22.953056 22.958109 23.520132 24.846575 26.778172 28.275517 26.201319 23.784958 21.016191 18.505358 16.556335 15.313154 14.763365 14.882336 15.753913 17.453545 19.970448 23.237337 26.875874 28.819201 29.270124 29.548777 30.711996 29.961107 29.698895 30.724165 29.906849 29.614189 30.651690 28.983871 27.816729 27.968643 30.449940 26.876469 26.068783 26.958153 27.392397 29.065807 30.674545 29.268517 
25.697218 24.789623 24.612576 25.348515 27.137493 30.494667 27.452915 25.666025 22.119448 19.037954 16.752674 15.331392 14.724559 14.904817 15.873836 17.603727 19.934294 22.664635 25.968616 30.479807 28.882633 28.983994 29.758606 29.445417 29.162996 29.332561 29.309340 29.394354 28.826008 27.691803 26.965782 27.080215 27.733553 26.802349 27.144545 30.437361 28.029665 28.566038 30.679115 29.969215 
30.528578 27.216520 26.125507 26.062399 26.950115 28.369659 28.462648 30.368368 24.099010 20.269089 17.732025 16.216087 15.600773 15.824111 16.889383 18.750153 20.992828 22.857878 24.896177 27.021847 27.655861 28.608471 30.662024 29.752317 29.037518 28.979626 29.465878 30.678637 28.429825 27.011806 26.428240 26.748182 27.618349 26.596832 26.312033 26.996403 26.727808 27.353495 28.808775 30.664112 
29.047853 28.446260 27.783598 27.001848 27.349726 28.489763 28.522327 28.363438 24.826609 21.636145 19.261587 17.848154 17.318949 17.557766 18.755692 21.008451 23.836868 24.213631 24.915915 26.076506 27.117569 27.996017 29.273367 30.666777 29.117435 28.944870 29.741913 30.713203 28.181688 26.654016 26.163080 27.033703 30.411293 26.819798 25.686588 25.612919 25.703688 26.332083 27.397644 28.026676 
29.027473 30.641468 30.578402 27.878361 27.976540 30.584616 29.635881 30.596102 26.338581 23.527195 21.323259 20.129219 19.881292 19.913761 21.060694 24.073494 30.320219 26.503653 25.698830 26.421585 27.762043 27.991589 28.623251 29.423635 28.680349 28.802780 30.664949 30.669430 27.941811 26.435883 25.759914 25.978388 26.699476 25.744627 25.246429 25.325340 25.338406 26.045626 27.442804 27.019728 
28.251408 28.582653 28.016468 26.971497 27.104683 28.448654 29.600281 30.628384 27.431799 25.993803 23.712139 22.948387 23.624844 22.637823 22.837667 25.092375 30.406057 26.867661 26.129807 27.285786 30.529005 28.603302 28.667311 30.576668 28.294947 27.819799 28.289669 28.347582 27.501867 26.564600 25.794201 25.634007 25.838348 25.436361 25.561726 26.392654 25.574436 26.245529 30.320581 26.609364 
28.085667 28.283978 26.945904 25.959162 26.056660 27.419785 30.518890 28.525747 27.735523 30.331388 25.762814 25.623360 30.219673 25.479458 23.883715 24.224215 25.699501 25.459810 25.837786 27.083754 28.851797 28.124563 27.793438 27.873377 27.113544 26.911793 27.336603 27.938915 28.194033 27.703127 26.508270 26.251080 26.802683 25.920704 26.400547 30.278687 25.497087 24.204685 24.534525 23.535486 
28.700947 30.475502 26.561708 25.039404 24.920109 25.675869 26.586084 26.086117 25.630901 25.732567 24.500147 24.686659 26.378149 26.309076 24.219549 23.450422 23.880505 24.611006 25.854057 27.420570 30.531094 28.264135 27.527685 27.027737 26.540485 26.553305 27.315292 28.896568 30.642225 30.565428 27.460989 27.235111 30.364290 26.218979 25.010065 24.996738 23.109318 21.860407 21.312262 20.800455 
28.400385 26.986792 24.878168 23.956675 24.188251 24.954666 25.184038 24.762383 24.147291 23.640438 23.074736 23.422314 25.329140 30.180544 24.524033 22.810318 23.094955 24.544065 26.724478 27.233236 28.042759 27.877279 28.074680 27.345102 26.673288 26.637951 27.650988 30.557045 29.010422 28.040257 26.567749 25.988972 26.182829 24.751747 23.707586 22.801003 21.485565 20.307718 19.546192 19.114450 
30.372160 25.208546 23.186798 23.017813 24.254206 26.028076 25.634623 24.923847 23.880709 22.941034 22.142939 21.933025 22.516659 23.505934 22.086702 21.593361 22.509851 25.066845 30.361208 27.764582 27.531973 28.146471 30.564360 28.728096 27.345579 26.850054 27.148333 27.981874 27.660288 27.030481 25.957470 25.178827 24.802982 24.230297 23.615080 22.501434 21.215321 19.970572 19.097002 18.643383 
22.755463 21.320524 20.883492 22.006962 24.987097 30.437992 27.578836 26.683165 24.844383 23.533276 22.112537 21.140293 20.699051 20.579321 20.194071 20.456764 21.738462 24.035877 26.770746 26.944927 27.193272 27.603136 28.855268 30.576742 28.266428 27.444332 27.269247 27.578863 27.637821 27.628166 26.285536 25.298811 24.951498 25.084299 25.439344 23.864796 22.431665 20.909248 19.874069 19.461487 
17.746090 17.666582 18.358500 20.419546 24.373856 30.559605 28.571970 30.409712 26.556791 25.569859 23.118032 21.333057 20.117819 19.456430 19.288477 19.890022 21.442972 23.894547 26.777283 27.136927 27.744528 27.237169 27.537226 28.410961 28.715298 28.452616 28.023281 28.467993 28.703081 30.579418 27.435043 26.103796 25.952606 27.041147 30.373764 26.422514 25.208324 22.884682 21.674416 21.513969 
14.163853 14.584880 15.804642 18.249495 22.565836 30.233694 26.594620 26.296362 26.423979 30.239717 24.792597 22.447021 20.615341 19.486359 19.259527 20.006802 21.740829 24.656885 30.328997 28.100389 30.429688 27.119139 26.665379 27.779856 30.597267 30.622187 28.922628 30.565237 29.029175 30.596346 27.825827 26.905334 26.892275 27.814472 27.887110 27.319242 30.278814 25.092196 23.916636 24.866463 
11.542294 12.115061 13.406187 15.554604 18.575306 21.923195 22.291674 22.782616 23.619841 25.059385 24.545361 24.469107 21.916843 20.260406 19.902555 20.764511 22.349586 23.856665 25.608263 25.501886 25.883179 25.195120 25.384565 26.463396 27.897951 27.955692 27.340204 27.417398 27.113697 27.548107 27.387182 27.933140 27.989418 30.454153 27.044945 25.705561 25.667114 24.467409 25.328695 30.350863 
9.800590 10.382447 11.577835 13.370612 15.601968 17.792078 19.052532 20.132622 21.393778 22.997978 25.036293 30.150139 23.798574 21.280828 20.956129 22.290251 24.474453 24.146177 23.920130 23.594229 23.585390 23.699768 24.478487 25.962709 27.584391 26.978662 26.141245 25.699717 25.603689 26.116657 27.273769 30.467827 27.686510 26.897823 25.155556 23.967167 23.395367 23.070387 23.754152 25.395185 
8.929018 9.488909 10.606248 12.204304 14.093333 15.941020 17.413490 18.738438 20.159847 21.815662 23.623169 25.240761 23.101284 21.598351 21.840534 24.422106 30.321531 25.651613 23.664639 22.798813 22.627058 23.012482 24.200539 26.502144 30.515072 27.390427 25.722740 24.969154 24.817759 25.282549 26.245932 27.357710 26.409039 25.359859 24.036440 22.946611 22.326408 22.147032 22.556858 23.259031 
