16.518110 18.072687 20.943287 24.100521 23.423803 22.029430 20.126966 17.169704 14.260406 12.068686 10.868734 10.730502 11.625541 13.553743 16.532503 20.524796 24.897654 26.082500 27.244913 28.525333 29.535967 22.805956 17.955437 14.880465 13.464441 13.568867 14.963676 17.220461 19.560223 20.836155 21.840126 23.166334 25.416622 29.453032 24.698404 21.927673 20.731304 21.096323 22.933458 25.539522 
16.923382 18.623472 22.280100 29.237734 25.540857 24.029255 22.708775 18.777754 15.290148 12.856206 11.592890 11.481056 12.409175 14.265566 17.175665 21.644463 29.271357 27.301651 28.243156 29.658667 27.477144 22.216290 17.814619 14.988509 13.775074 14.120797 15.914233 18.894665 22.273363 22.741550 23.164553 23.808788 24.919954 25.731476 24.067598 22.089188 21.026981 21.427557 23.778328 29.402744 
17.574923 19.024796 21.807770 25.448326 26.654896 27.135679 29.251867 21.493040 16.960859 14.241020 12.994551 13.034717 14.052137 15.685309 17.918116 20.998384 24.772541 26.628283 29.663305 28.602497 29.377642 22.119696 17.753868 15.250187 14.368231 15.057063 17.443045 21.826824 29.305029 26.185453 25.791698 25.474504 26.108093 25.759329 25.243734 23.065573 21.662785 21.591875 22.824194 24.733194 
18.729055 19.898937 22.092785 25.275518 29.561621 29.603720 26.560871 22.342781 18.474524 15.913209 14.903318 15.380187 16.848703 18.210445 19.466372 21.158180 23.425661 25.881655 29.553768 26.527437 24.329958 20.498268 17.486538 15.720424 15.233160 16.128567 18.629276 23.023167 29.577690 28.070421 29.567165 27.513552 29.497705 27.264410 29.403223 24.889946 22.737421 22.229586 22.817772 23.314358 
20.573023 21.549561 23.000853 25.249882 27.761202 27.574692 26.074018 24.191414 20.334036 17.756445 17.093847 18.455395 21.411196 22.477875 22.207428 22.334343 23.355030 25.102554 26.928869 24.704321 22.212084 19.666971 17.765432 16.748753 16.554653 17.400141 19.574417 23.390734 29.481550 27.845995 28.120129 26.530478 26.051405 25.417107 26.067469 25.693750 23.808640 23.472145 24.549223 24.001850 
23.234123 24.376146 24.660463 26.288311 29.623222 27.863979 27.132364 29.281527 22.436678 19.396654 18.997627 21.587484 29.224548 29.426914 26.021545 24.132605 24.048155 25.568489 29.373655 24.484585 21.701874 19.886290 18.964031 18.759188 18.642132 19.143921 20.514368 22.812979 25.536160 26.704285 29.473917 25.613827 24.002159 23.620773 24.948662 29.277470 24.821363 24.851559 29.305780 25.631702 
26.249079 29.417334 26.378223 26.799608 29.640106 28.125393 26.381153 25.229612 22.176924 20.044930 19.587318 21.133150 24.472521 26.610197 29.418385 25.534225 24.605789 25.024965 25.390753 23.499994 21.867834 20.982744 21.224545 22.431713 21.891838 21.730587 22.174900 23.286198 24.353996 25.113779 25.628143 23.755455 22.215948 21.625395 22.169012 23.375095 22.676891 23.140301 24.844709 24.856438 
27.276941 26.981964 25.811701 26.051023 27.628504 29.549734 26.215088 24.364065 22.531013 20.746878 19.937374 20.506979 22.238825 24.162848 25.849867 25.264256 25.264709 25.889341 24.998304 23.754416 22.933817 22.662970 24.170666 29.312958 26.262939 25.282171 24.743124 25.293167 24.944298 25.101673 25.449938 23.057241 21.128996 20.276228 20.362835 20.853939 20.963173 21.683455 23.413187 25.445599 
29.664738 26.580978 25.166082 25.276510 26.295547 26.886589 25.760412 24.923153 24.422098 22.193645 20.711439 20.445208 21.434824 23.396551 25.773373 25.766890 26.665764 29.540888 26.359638 25.099689 25.075041 24.189541 24.834520 27.282887 29.616961 29.596321 27.559465 29.485706 26.397066 26.274437 29.312561 23.479568 20.770718 19.792530 19.955519 20.467640 20.349615 20.865259 23.148737 29.309847 
29.564093 25.690191 24.462784 25.016558 26.685551 27.096703 26.350224 26.547390 29.380527 24.534012 22.016603 20.930490 21.374651 23.707888 29.328218 26.678179 27.267910 29.617918 26.978800 26.613134 29.415182 25.663305 25.102417 26.393257 28.184885 28.109499 27.411781 27.249865 26.060434 25.494137 24.935795 22.264063 20.479359 20.089893 21.001925 22.493248 20.865763 19.927261 20.410429 22.135109 
24.476023 23.472687 23.467947 25.121609 29.510811 29.609381 27.268595 26.713339 27.129606 25.888672 23.533295 21.667942 21.116386 22.186455 24.544743 25.506563 27.187284 27.577024 26.491589 26.135044 26.553663 25.258781 24.953518 26.247332 29.574192 28.239769 27.864017 27.168289 26.430128 26.039152 24.010603 21.811373 20.595407 20.888456 23.215185 29.134071 22.340542 19.234535 18.083336 18.068096 
21.807760 21.843798 22.458811 23.842564 26.011286 27.173939 27.533689 27.143778 27.671370 29.562519 26.055365 22.739096 20.998497 21.015627 22.498325 24.919804 29.498863 28.041994 26.559914 26.209576 26.607281 25.300068 24.694818 25.329239 27.085016 28.407663 29.663040 28.305727 27.732851 29.475363 24.750465 22.127274 21.005154 21.440426 23.309454 25.510313 21.543398 18.236530 16.352766 15.644970 
20.879942 21.434607 22.420614 23.362539 24.791431 26.671135 29.625050 27.832903 27.904709 29.715958 29.554018 23.789066 20.848471 20.101648 21.125671 23.486561 26.834209 29.517990 26.749300 26.849583 29.554665 26.088066 24.710831 24.748611 26.177902 29.544601 28.445444 29.607872 27.739616 27.602465 24.736065 22.591105 21.657772 22.244192 24.539179 29.179268 21.586281 17.467804 15.245119 14.300619 
21.316072 22.396982 24.176781 24.042271 24.604328 26.273972 29.592247 27.699976 27.417797 27.942585 29.461950 23.394497 20.208103 19.220205 20.081974 22.558268 25.862741 26.059229 25.242409 26.037016 29.493973 26.075996 24.801264 24.266159 24.628839 25.639380 25.835377 26.504995 27.034798 29.475267 25.392214 23.491060 22.471142 22.986198 24.738840 23.581371 19.566317 16.457745 14.637928 13.854484 
22.474358 24.389112 29.341248 25.607975 24.799650 25.491980 26.826004 27.032976 27.265114 26.153414 24.744997 21.518627 19.146622 18.292990 19.220503 22.317347 29.179857 24.792274 23.459303 23.805758 25.140810 25.193924 25.640322 24.509941 23.922405 23.886021 24.083637 24.756205 25.589197 26.087786 25.194998 25.001476 23.394453 23.985973 29.105328 22.123409 18.197535 15.891050 14.790915 14.466934 
23.434271 24.801788 27.016302 25.582809 24.982941 25.492668 26.363924 27.516785 29.588230 25.879351 23.163647 20.422745 18.372538 17.477535 17.995527 19.813072 22.279560 21.810743 21.528942 22.078318 23.407988 25.317724 29.390396 25.717461 24.309380 23.529560 23.472364 24.337154 25.816286 25.352510 25.631260 29.257122 23.608004 21.792282 21.655907 18.966339 16.864767 15.872838 15.932173 16.539974 
24.645016 25.778225 29.435280 26.091122 25.545940 26.566753 26.950573 28.174755 29.612982 25.795673 23.101248 20.378498 18.299402 17.208717 17.310150 18.428253 19.814743 20.278721 20.530199 21.257202 22.697842 24.615570 26.316975 25.995184 25.633484 24.096773 23.585026 24.836189 29.317781 25.207314 24.011557 23.855009 21.343330 19.436487 18.222727 16.866447 16.158789 16.567152 18.263395 20.874086 
26.185158 25.530073 25.756952 25.089392 25.928913 29.495546 27.873905 29.594919 27.622526 25.773567 24.559870 21.408024 19.049992 17.707090 17.566965 18.578968 20.062611 20.745489 20.858957 21.511696 23.158535 25.587914 26.480040 27.620461 29.468655 25.239126 23.573395 23.539303 24.467621 23.482254 22.821875 22.164721 20.125393 18.112886 16.696857 15.923298 16.139660 17.716337 21.335833 29.198662 
29.608822 25.732492 24.282833 23.993299 24.884087 26.492958 26.470184 26.843906 26.515175 26.355318 29.276571 23.258492 20.590879 18.822464 18.549297 20.062496 22.855864 23.498528 22.435137 22.517010 24.437534 29.402870 27.614014 29.560942 27.383654 25.179090 23.557083 22.902166 22.992491 22.992678 23.244699 23.454649 20.590864 17.998459 16.369415 15.856096 16.578861 18.554300 21.583864 24.541443 
29.508518 24.794283 23.139225 23.252937 24.575243 26.299330 25.905176 25.958960 26.405241 25.024235 24.627428 23.100378 22.877945 20.204510 19.540352 21.916542 29.241112 29.361416 24.494019 23.330584 24.086454 25.814598 26.030954 26.649097 26.357103 25.976799 24.220667 23.264145 23.253775 23.897264 25.256405 29.246672 22.438646 18.727316 16.838057 16.471416 17.569754 20.063828 23.399889 24.080118 
23.442425 22.138186 21.847136 22.918406 25.328466 29.426435 26.217773 25.950014 29.290741 23.991045 22.347794 23.025904 28.957197 21.195066 19.136507 20.278748 23.367949 24.689529 24.184986 23.848112 24.253277 25.052166 25.368595 25.861759 26.719587 29.455795 25.663464 24.326517 24.506500 25.641247 25.974436 26.562534 22.664207 19.433651 17.691202 17.517565 18.971268 22.371546 29.215326 25.631393 
20.141907 20.120155 20.889503 22.865871 25.706339 26.467123 24.766558 23.510881 22.978914 20.602087 19.158230 19.038904 19.951748 17.881777 17.173719 18.239759 20.610643 23.083941 25.145828 25.134537 25.516323 26.222483 25.996731 26.070843 26.412949 27.043262 25.987841 25.433058 26.295986 29.516127 27.690510 29.420849 23.721844 20.439203 18.860130 18.828215 20.208637 22.685673 25.149023 24.804235 
18.669277 19.124285 20.528511 23.523321 29.381994 27.116245 24.205194 21.812916 19.861353 17.803463 16.298191 15.578214 15.385620 14.856335 15.086402 16.547007 19.266567 23.289104 29.452915 27.404413 27.790140 29.595098 27.658470 27.344864 27.145056 27.484665 27.135443 26.556021 26.992018 27.990660 26.855686 26.142380 23.745802 21.460714 20.286512 20.532434 22.063429 24.507332 25.181892 24.988226 
18.683043 19.107235 20.367199 22.783735 26.333599 29.436335 24.463049 21.191622 18.503939 16.152414 14.388497 13.317439 12.850938 12.811283 13.534602 15.288569 18.237366 22.669565 29.461502 28.277142 29.659204 28.856092 28.755363 29.672590 28.514608 29.727339 29.676403 27.960737 28.301994 29.596207 26.763123 25.742989 25.142246 23.021559 22.080626 22.684553 24.611952 29.423098 27.399235 26.364321 
20.209671 20.194069 20.853420 22.479795 24.875479 26.764019 24.330652 21.573475 18.471485 15.690185 13.580153 12.251071 11.671934 11.799926 12.740260 14.595904 17.375397 21.023289 25.217930 27.464403 27.953356 28.264582 29.697599 28.759218 28.426823 29.710638 28.692301 28.328581 29.619484 27.510708 26.026329 26.244255 29.371355 24.961910 23.978739 25.080961 25.618212 27.679419 29.653639 27.936199 
23.551788 22.410355 22.167229 23.050272 25.260399 29.436430 25.847551 23.798946 19.773449 16.323505 13.825680 12.277631 11.628016 11.818554 12.865026 14.747261 17.303173 20.326008 24.099678 29.422611 27.429516 27.531893 28.512859 28.103430 27.705988 27.928482 27.917704 28.040525 27.281990 25.827499 24.907293 25.070744 25.943996 24.812147 25.247082 29.356730 26.380432 27.016411 29.656801 28.794674 
29.472912 25.370071 24.002670 23.904882 25.011419 26.806156 26.982767 29.303835 22.079859 17.719603 14.902734 13.248759 12.586073 12.823634 13.987228 15.994693 18.452942 20.469809 22.735016 25.187315 25.886606 27.043859 29.633419 28.488583 27.524372 27.449877 28.120012 29.653006 26.797876 24.955292 24.194111 24.644838 25.782146 24.524841 24.174009 25.044075 24.706648 25.482784 27.328083 29.639360 
27.640688 26.885017 26.060749 25.047125 25.487923 26.935329 27.041147 26.947037 22.882179 19.231754 16.586897 15.027841 14.472564 14.724831 16.033031 18.530817 21.700171 21.994814 22.678062 23.990938 25.194622 26.273296 27.889790 29.637007 27.625029 27.399546 28.479076 29.696484 26.481562 24.492661 23.859268 25.021313 29.315533 24.818380 23.370262 23.287243 23.401680 24.215313 25.560860 26.390835 
27.589682 29.608488 29.531273 26.166355 26.290995 29.541016 28.416134 29.569504 24.614382 21.348154 18.851213 17.562860 17.309994 17.332125 18.576813 22.034599 29.246250 24.622717 23.566471 24.394875 26.014833 26.253000 27.027395 28.061659 27.073034 27.216398 29.632833 29.639395 26.151136 24.197031 23.373899 23.659908 24.632118 23.436853 22.841766 22.954971 22.999098 23.905052 25.636290 25.149717 
26.582426 27.010765 26.344330 25.008757 25.177742 26.891399 28.377188 29.604013 25.849941 24.193060 21.536242 20.714819 21.527836 20.369318 20.546688 23.139685 29.337366 24.999468 24.058947 25.453899 29.468084 27.007637 27.076910 29.518854 26.571203 25.937117 26.583183 26.681639 25.574745 24.375225 23.425331 23.252325 23.533518 23.074726 23.251013 24.333513 23.374321 24.259726 29.226948 24.749462 
26.396885 26.662943 25.007475 23.783863 23.912550 25.614204 29.463583 27.054920 26.134691 29.251909 23.870754 23.728241 29.129002 23.570597 21.646988 21.983870 23.659882 23.279350 23.689342 25.196568 27.376078 26.393419 25.926929 26.012899 25.021442 24.742571 25.319904 26.129250 26.483089 25.844595 24.346357 24.036610 24.792053 23.723429 24.372885 29.169950 23.398090 21.897852 22.340845 21.161024 
27.216915 29.413004 24.636604 22.732857 22.567179 23.489267 24.642515 24.047215 23.526478 23.694439 22.267384 22.502623 24.535057 24.478483 21.983667 21.004635 21.449657 22.260757 23.720680 25.611830 29.469593 26.577209 25.571123 24.919308 24.249392 24.263454 25.304165 27.364658 29.605381 29.508947 25.578785 25.324263 29.263571 24.166613 22.731735 22.789824 20.586748 19.145035 18.546570 17.975519 
26.927273 25.307831 22.734015 21.561270 21.781145 22.646742 22.908302 22.416876 21.712790 21.147400 20.518806 20.971169 23.295757 29.071705 22.318567 20.248148 20.521616 22.226240 24.812973 25.365936 26.345879 26.088879 26.306843 25.337908 24.431143 24.372833 25.729616 29.494110 27.547430 26.329950 24.458361 23.750694 24.057583 22.354448 21.153214 20.168083 18.666658 17.348850 16.503771 16.027346 
29.320646 23.342861 20.921724 20.633751 21.995583 24.042980 23.506992 22.635517 21.407267 20.312250 19.414440 19.216978 19.970234 21.182440 19.469879 18.828726 19.878019 22.901110 29.272104 26.026106 25.691898 26.457989 29.506893 27.149416 25.341497 24.676943 25.082642 26.172434 25.785482 25.019543 23.665339 22.738590 22.328836 21.689013 21.056303 19.813604 18.368134 16.966656 15.998153 15.517316 
20.851131 19.109339 18.509413 19.703606 23.069424 29.379116 25.931742 24.800831 22.616526 21.062796 19.412951 18.310322 17.843992 17.728350 17.264999 17.523359 18.987143 21.690731 24.903135 25.030313 25.270266 25.771227 27.368351 29.523615 26.565166 25.459072 25.241140 25.644924 25.741201 25.758478 24.080126 22.884163 22.497133 22.739384 23.270189 21.461472 19.831171 18.077089 16.925755 16.468180 
15.410872 15.230786 15.899653 18.141380 22.544828 29.535007 27.208870 29.345537 24.731283 23.559971 20.645247 18.570724 17.193291 16.427982 16.215160 16.882137 18.662994 21.542675 24.922775 25.285944 25.993565 25.321987 25.699883 26.810610 27.147896 26.815397 26.251244 26.839876 27.132017 29.526020 25.548986 23.867712 23.706333 25.128801 29.287268 24.543776 23.143169 20.390882 19.003693 18.843292 
11.642213 12.048602 13.296099 15.922161 20.661528 29.174299 24.986532 24.594332 24.677288 29.146507 22.688641 19.933735 17.793011 16.488625 16.205982 17.055939 19.047684 22.465111 29.239519 26.530153 29.349703 25.207891 24.632767 26.035021 29.552164 29.581736 27.432835 29.509014 27.574442 29.548838 26.058212 24.899645 24.900278 26.119486 26.252928 25.589561 29.181166 22.993044 21.624788 22.786306 
9.010002 9.567430 10.857450 13.088557 16.307035 19.881855 20.121681 20.560467 21.434660 23.091419 22.427172 22.335112 19.361919 17.408033 16.984585 17.942564 19.774199 21.493460 23.528908 23.331779 23.761864 22.862913 23.047794 24.384712 26.185265 26.234875 25.415567 25.509720 25.128643 25.668468 25.484615 26.215450 26.316126 29.379837 25.193182 23.572704 23.575102 22.177271 23.233513 29.269903 
7.279679 7.844277 9.018005 10.805975 13.076831 15.296378 16.517048 17.585611 18.892117 20.699818 23.054234 29.044106 21.564135 18.601288 18.203159 19.761927 22.275587 21.810291 21.454121 20.999928 20.943970 21.030119 21.933067 23.762863 25.772598 24.981466 23.864828 23.323742 23.205748 23.846424 25.351498 29.390287 25.945395 24.974964 22.864204 21.425674 20.786940 20.435286 21.275702 23.268644 
6.417832 6.952310 8.025901 9.579321 11.439691 13.272156 14.708628 16.024351 17.498840 19.312088 21.387018 23.283520 20.749765 18.971462 19.268471 22.280155 29.238020 23.598669 21.123882 20.024914 19.753555 20.184336 21.617617 24.482649 29.450134 25.487562 23.359898 22.362057 22.180248 22.775776 24.020397 25.477135 24.334688 23.051695 21.452763 20.178661 19.461494 19.287308 19.814129 20.682655 
