20.614092 21.865250 24.149216 26.639292 26.076494 24.855871 23.187716 20.596695 18.014708 16.039827 14.947666 14.823982 15.663359 17.401972 20.007374 23.459749 27.158293 28.213570 29.164545 30.148998 30.938446 25.368298 21.321503 18.704750 17.474043 17.591589 18.856430 20.834848 22.880980 24.069824 25.003225 26.090450 27.832550 30.896681 27.331480 25.257072 24.374582 24.652163 26.018881 27.940157 
20.972200 22.322908 25.229073 30.712139 27.763895 26.481100 25.317322 21.924685 18.899784 16.758606 15.642187 15.546333 16.377348 18.053438 20.608046 24.397470 30.725172 29.181206 29.932545 31.042425 29.232613 24.875927 21.230104 18.828260 17.771959 18.090570 19.649509 22.201378 25.072529 25.586300 26.025640 26.602612 27.474121 28.099058 26.864050 25.386263 24.599895 24.895914 26.641165 30.859724 
21.557384 22.690193 24.913544 27.741659 28.655346 29.009415 30.703117 24.211405 20.390471 18.034929 16.923944 16.951073 17.866879 19.319485 21.312195 23.964745 27.116913 28.646492 31.048685 30.196611 30.812849 24.848364 21.232330 19.124924 18.341095 18.948683 20.941807 24.586950 30.755619 28.339123 28.077568 27.863136 28.381556 28.122959 27.739590 26.124401 25.075600 25.019722 25.948589 27.368046 
22.514206 23.457430 25.188465 27.637749 30.970427 30.998177 28.505322 25.001951 21.755585 19.558899 18.678446 19.054131 20.311947 21.529497 22.691891 24.213263 26.132896 28.098810 30.964167 28.570894 26.800325 23.649115 21.114964 19.613129 19.164839 19.927792 22.009426 25.629730 30.976625 29.803074 30.978346 29.409506 30.929285 29.228277 30.859064 27.473274 25.875837 25.491322 25.952608 26.317373 
24.018026 24.775446 25.922977 27.653772 29.575428 29.400059 28.169710 26.575384 23.408672 21.255911 20.668465 21.767473 24.180170 25.131893 25.015352 25.241566 26.140524 27.517382 28.912405 27.177620 25.184654 23.080263 21.456450 20.561069 20.372108 21.078745 22.876017 26.003345 30.905075 29.641994 29.874624 28.689951 28.341068 27.843386 28.339006 28.054071 26.639593 26.395477 27.229061 26.806269 
26.098780 26.991100 27.246302 28.493839 31.021864 29.649588 29.061836 30.742277 25.229635 22.755739 22.420830 24.505186 30.689430 30.855967 28.157618 26.762365 26.763054 27.929350 30.830372 27.049395 24.858786 23.364658 22.538334 22.292929 22.174263 22.603970 23.746134 25.628290 27.845367 28.783268 30.910284 27.997696 26.792997 26.485472 27.478291 30.760084 27.371569 27.395000 30.782692 27.999666 
28.447483 30.867758 28.594980 28.917229 31.038006 29.870846 28.533884 27.616940 25.165562 23.450748 23.087729 24.318045 26.999657 28.675917 30.862455 27.907867 27.239304 27.553158 27.830128 26.353090 25.068195 24.314556 24.425245 25.290651 24.843456 24.751352 25.154570 26.090519 26.997034 27.599197 28.007671 26.589520 25.429634 24.960913 25.350798 26.236343 25.702442 26.040407 27.346111 27.373308 
29.240509 29.063194 28.211193 28.402039 29.541885 30.970182 28.449118 27.017216 25.542641 24.116369 23.494110 23.946585 25.338339 26.847317 28.155298 27.730679 27.752411 28.233070 27.561918 26.606430 25.954752 25.717951 26.831314 30.775663 28.338308 27.583195 27.207808 27.683125 27.472025 27.611435 27.870575 26.058800 24.591965 23.911060 23.948820 24.287271 24.338652 24.876610 26.200138 27.793137 
31.057705 28.791115 27.774059 27.858065 28.598028 29.003248 28.139496 27.480753 27.037895 25.311600 24.158497 23.968708 24.737581 26.251534 28.101503 28.126070 28.804981 30.964703 28.597389 27.648542 27.603022 26.948057 27.428854 29.255659 31.016136 30.999186 29.431490 30.919075 28.610592 28.520847 30.789896 26.360952 24.301884 23.515444 23.596159 23.958185 23.802692 24.138058 25.903053 30.766285 
30.984547 28.132988 27.255096 27.677309 28.881845 29.167839 28.617481 28.738338 30.839336 27.123241 25.192814 24.364878 24.704805 26.496679 30.797943 28.797302 29.240032 31.022295 29.077940 28.802649 30.873144 28.095409 27.700161 28.650084 29.953571 29.895052 29.358805 29.256727 28.393198 27.933769 27.487350 25.453236 24.072720 23.730259 24.389711 25.479193 24.108465 23.277925 23.601080 24.908180 
27.217487 26.499798 26.522209 27.733427 30.947166 31.018356 29.286844 28.877073 29.152239 28.173359 26.350548 24.925900 24.505997 25.336754 27.138159 27.887362 29.172907 29.489037 28.741617 28.473492 28.793751 27.855343 27.645296 28.568256 30.993000 30.003349 29.714293 29.208014 28.673456 28.351048 26.794304 25.106884 24.167452 24.351685 26.086452 30.633137 25.155754 22.597050 21.604445 21.534510 
25.255659 25.303207 25.776678 26.797630 28.380999 29.225101 29.481937 29.193157 29.571831 30.977377 28.288666 25.731358 24.388931 24.402422 25.552992 27.407921 30.927284 29.854216 28.788414 28.530060 28.835625 27.901974 27.476477 27.932423 29.181280 30.126932 31.056707 30.044703 29.604086 30.913471 27.339828 25.342087 24.470984 24.755337 26.128889 27.743151 24.450090 21.684256 20.082775 19.456503 
24.579453 24.997309 25.742214 26.458788 27.518616 28.876024 31.030325 29.704216 29.750601 31.094963 30.967848 26.500240 24.227486 23.660681 24.441338 26.276735 28.848215 30.943848 28.890182 28.969828 30.979364 28.459723 27.490549 27.523216 28.534554 30.972540 30.152216 31.016687 29.609539 29.487188 27.332539 25.701731 24.951660 25.372696 27.075253 30.656082 24.398216 20.955193 19.076735 18.243261 
24.899008 25.696964 27.029146 26.952677 27.381124 28.594173 31.007414 29.606468 29.375011 29.750523 30.895098 26.155947 23.691019 22.904173 23.598377 25.524567 28.105652 28.300608 27.716995 28.342087 30.931210 28.433231 27.549149 27.167170 27.428970 28.137129 28.267595 28.761066 29.121775 30.915020 27.823212 26.357311 25.554308 25.884659 27.163254 26.091627 22.713772 20.074795 18.516153 17.814608 
25.753304 27.165543 30.821329 28.098757 27.547022 28.044182 28.998554 29.119602 29.254784 28.374302 27.232456 24.695290 22.810966 22.132832 22.857176 25.296267 30.675358 27.329546 26.354931 26.647104 27.676737 27.760214 28.124895 27.338715 26.918365 26.889357 27.023531 27.502516 28.062168 28.406488 27.679420 27.490492 26.199604 26.616390 30.599438 24.858194 21.586636 19.605736 18.632643 18.330488 
26.474085 27.475704 29.104626 28.083525 27.683144 28.055199 28.685940 29.480835 30.997774 28.123022 25.987988 23.816425 22.162640 21.448750 21.851603 23.311193 25.292889 25.009678 24.869104 25.343439 26.379362 27.825094 30.857325 28.186924 27.192238 26.630032 26.580254 27.182625 28.233629 27.836058 28.016628 30.738258 26.288559 24.801870 24.583971 22.306822 20.505564 19.619585 19.609936 20.064571 
27.369396 28.178436 30.889576 28.454338 28.065947 28.819929 29.086243 29.969852 31.014513 28.046133 25.926125 23.754391 22.064535 21.193201 21.279156 22.182175 23.356739 23.823725 24.101553 24.714487 25.848969 27.312283 28.582937 28.370274 28.125782 27.034140 26.660515 27.556370 30.803150 27.706533 26.763725 26.541763 24.493055 22.895990 21.808756 20.616371 19.971487 20.246595 21.613550 23.719561 
28.483589 27.981405 28.165392 27.696590 28.318275 30.935377 29.731741 31.004045 29.475653 28.037510 27.056767 24.544769 22.637850 21.542665 21.442247 22.271410 23.535082 24.159681 24.345709 24.897055 26.181723 28.012695 28.699026 29.533661 30.916367 27.846882 26.644592 26.599197 27.231863 26.435751 25.866375 25.246832 23.524332 21.815023 20.587633 19.869032 20.006905 21.260456 24.215107 30.661791 
31.016245 28.117199 27.069530 26.867744 27.542568 28.714167 28.684990 28.928423 28.641273 28.484915 30.742287 25.946814 23.806185 22.386929 22.165245 23.395939 25.686266 26.267246 25.557396 25.673807 27.145504 30.862274 29.529606 30.982660 29.381186 27.802998 26.629951 26.139826 26.167206 26.102358 26.195311 26.232584 23.877434 21.724388 20.347891 19.863071 20.432951 22.039497 24.507320 26.925943 
30.936560 27.387346 26.180328 26.288240 27.289591 28.556580 28.228247 28.242735 28.538628 27.381569 26.994251 25.775440 25.587408 23.407423 22.863535 24.795334 30.708801 30.816095 27.125771 26.299742 26.898289 28.217388 28.407045 28.875402 28.664932 28.373842 27.108618 26.408018 26.370638 26.786936 27.743763 30.727608 25.331186 22.348282 20.795181 20.446825 21.312397 23.320417 26.027645 26.612906 
26.287161 25.337746 25.152731 25.991207 27.795626 30.874548 28.411938 28.181641 30.751598 26.462454 25.091568 25.629728 30.464195 24.087061 22.418430 23.384754 25.953638 27.092932 26.850822 26.677216 27.044336 27.682644 27.944706 28.309830 28.937529 30.909225 28.150034 27.189104 27.296301 28.074736 28.277668 28.639114 25.547247 22.980345 21.558294 21.392254 22.540262 25.237473 30.694498 27.904324 
23.758478 23.761324 24.394382 25.904739 28.038223 28.580887 27.226616 26.195566 25.644651 23.648531 22.383741 22.211058 22.932796 21.235355 20.671755 21.622936 23.654032 25.759235 27.526413 27.614954 27.957485 28.543299 28.398371 28.469934 28.729132 29.163902 28.403917 28.001545 28.613297 30.948490 29.561857 30.865299 26.418940 23.829845 22.555544 22.514248 23.608543 25.570673 27.557531 27.313530 
22.633577 22.994501 24.091768 26.372608 30.837101 29.047064 26.728933 24.759607 23.071123 21.284601 19.914307 19.221003 19.009548 18.587072 18.830246 20.116810 22.460621 25.841156 30.880589 29.318459 29.647463 31.007002 29.590050 29.376980 29.233711 29.475286 29.226326 28.819311 29.112614 29.820589 28.952845 28.391996 26.502052 24.699738 23.775570 23.944609 25.143669 27.042156 27.608389 27.497475 
22.645054 22.980961 23.957466 25.819456 28.516127 30.871819 26.904221 24.220949 21.908409 19.840528 18.254496 17.241415 16.788475 16.764875 17.436258 19.006760 21.562136 25.292910 30.880974 29.960159 31.049932 30.436138 30.369049 31.065014 30.216091 31.106113 31.068224 29.799767 30.060049 31.007755 28.899611 28.112112 27.600248 25.962799 25.236372 25.677158 27.158165 30.866653 29.315405 28.564854 
23.811363 23.816427 24.356497 25.609543 27.401711 28.774317 26.792950 24.491661 21.837038 19.400795 17.513222 16.299536 15.767784 15.885240 16.730888 18.404318 20.828768 23.953238 27.448078 29.296286 29.746962 30.005283 31.081671 30.382059 30.156605 31.093834 30.331566 30.080858 31.026459 29.462530 28.389038 28.540848 30.836136 27.492132 26.737484 27.547955 27.966204 29.542645 31.046154 29.745354 
26.367203 25.545311 25.375586 26.068024 27.727051 30.876005 28.008581 26.279488 22.883940 19.904955 17.706348 16.317160 15.731314 15.907733 16.844645 18.543327 20.792677 23.427725 26.568808 30.860292 29.361298 29.462299 30.199043 29.922255 29.640064 29.809399 29.786182 29.871191 29.323587 28.268160 27.613997 27.714546 28.306805 27.447245 27.744722 30.824749 28.594614 29.064541 31.049534 30.377960 
30.908611 27.799810 26.793079 26.736216 27.563705 28.880371 28.951784 30.752050 24.767622 21.096399 18.652346 17.178278 16.582581 16.794786 17.843058 19.624174 21.804668 23.621620 25.566526 27.596827 28.228065 29.107573 31.035473 30.201900 29.515154 29.457853 29.942715 31.052326 28.982342 27.663948 27.103466 27.415754 28.194809 27.264404 26.983337 27.628626 27.385294 27.931494 29.286655 31.036077 
29.525074 28.958107 28.355949 27.613531 27.930567 28.981482 29.003584 28.842169 25.473978 22.400354 20.120852 18.766991 18.272615 18.493055 19.623941 21.792355 24.517170 24.919493 25.606222 26.742178 27.713240 28.567917 29.750204 31.040560 29.595856 29.426470 30.196648 31.084103 28.753893 27.321592 26.863731 27.689663 30.803293 27.480659 26.408859 26.338133 26.406414 26.999655 27.969933 28.579472 
29.504311 31.015221 30.957684 28.450695 28.545666 30.962343 30.074108 30.969542 26.911978 24.199223 22.092525 20.987526 20.739599 20.772068 21.851051 24.743752 30.706316 27.110001 26.371172 27.072569 28.334248 28.563793 29.133259 29.900473 29.200703 29.302471 31.039385 31.043398 28.514448 27.103691 26.504293 26.695265 27.368017 26.466927 26.009369 26.075298 26.069378 26.713224 28.015009 27.596777 
28.792768 29.091726 28.580050 27.585978 27.701452 28.966005 30.060671 31.002241 27.978048 26.573132 24.398252 23.697117 24.317200 23.400763 23.600607 25.759947 30.791224 27.454514 26.793825 27.862492 30.910097 29.122389 29.181231 30.957357 28.866547 28.397957 28.861874 28.914120 28.101049 27.232338 26.530275 26.384207 26.557392 26.185944 26.286938 27.060226 26.258415 26.906725 30.711815 27.198977 
28.644688 28.822048 27.549061 26.631413 26.725071 27.994059 30.900475 29.024765 28.289434 30.719950 26.397108 26.265266 30.611902 26.126421 24.611216 24.946007 26.367073 26.130291 26.506037 27.669930 29.336977 28.696768 28.369701 28.448629 27.773474 27.579823 27.973272 28.513241 28.761581 28.277546 27.176271 26.929564 27.458138 26.608391 27.068119 30.674686 26.167484 24.964722 25.243368 24.302929 
29.181416 30.858013 27.174095 25.749147 25.650759 26.354223 27.217915 26.753689 26.298496 26.400139 25.215176 25.369673 26.967878 26.904892 24.947735 24.222441 24.644588 25.353075 26.522308 27.994364 30.913202 28.831703 28.130245 27.689236 27.218372 27.228392 27.957411 29.395828 31.017389 30.945473 28.050169 27.850512 30.757475 26.886551 25.744026 25.700455 23.903118 22.720348 22.176357 21.688627 
28.880285 27.556948 25.552788 24.714346 24.951191 25.675701 25.884790 25.503723 24.910231 24.411213 23.870579 24.187809 25.997272 30.577080 25.228714 23.618649 23.894178 25.291775 27.341928 27.817156 28.606297 28.449484 28.646885 27.978725 27.344170 27.308392 28.251932 30.938227 29.489887 28.612461 27.237152 26.676085 26.850950 25.514687 24.497763 23.645998 22.359459 21.253614 20.499866 20.078007 
30.752522 25.803885 23.901447 23.780752 24.968086 26.688421 26.309229 25.642401 24.652571 23.759226 23.001331 22.791676 23.331152 24.270208 22.941961 22.462381 23.343834 25.755785 30.750689 28.336786 28.108637 28.705009 30.945187 29.254017 27.983932 27.518383 27.802202 28.554375 28.233860 27.672073 26.657875 25.941769 25.565922 25.001257 24.410976 23.360168 22.105778 20.925127 20.060638 19.635956 
23.416771 22.029774 21.647715 22.764559 25.628729 30.821718 28.149509 27.280720 25.550579 24.305035 22.968185 22.017374 21.600950 21.482950 21.141296 21.388552 22.596943 24.797659 27.360352 27.544775 27.783430 28.179970 29.338503 30.957024 28.838633 28.061644 27.903299 28.171482 28.213945 28.203709 26.957123 26.053339 25.714437 25.825970 26.117760 24.629375 23.269217 21.797646 20.827744 20.415174 
18.509029 18.437447 19.136805 21.180031 24.985279 30.932810 29.050995 30.792925 27.141502 26.234230 23.882774 22.195601 21.055485 20.410105 20.242153 20.843697 22.301544 24.657486 27.360119 27.717655 28.319443 27.830545 28.114597 28.947168 29.228127 29.005648 28.597025 29.015873 29.212202 30.957895 28.020409 26.776207 26.626822 27.646797 30.763178 27.035467 25.879473 23.659422 22.532724 22.372276 
14.979649 15.409220 16.620060 19.017900 23.229040 30.618046 27.160942 26.868919 26.996183 30.631805 25.462133 23.244850 21.504848 20.440033 20.213202 20.954765 22.599136 25.353125 30.719072 28.643526 30.817270 27.726984 27.322443 28.352165 30.975243 30.999052 29.411386 30.945736 29.514053 30.973967 28.401068 27.547316 27.525908 28.387308 28.453918 27.892485 30.671335 25.763859 24.662846 25.535946 
12.400600 12.973599 14.257010 16.374842 19.338245 22.593119 22.978529 23.476870 24.297781 25.719053 25.217272 25.151896 22.756563 21.173153 20.844896 21.653404 23.180046 24.619604 26.275835 26.180208 26.554079 25.938887 26.115808 27.130968 28.470156 28.527924 27.943548 28.021557 27.751427 28.130236 27.976475 28.505463 28.561623 30.840393 27.635984 26.373133 26.335754 25.206160 25.997076 30.738237 
10.659420 11.241693 12.437242 14.229031 16.444416 18.590937 19.862370 20.943165 22.171185 23.752588 25.703865 30.547264 24.531826 22.141026 21.829439 23.111420 25.183468 24.908731 24.687496 24.402332 24.413763 24.535387 25.247551 26.632109 28.157511 27.623827 26.833143 26.444918 26.360332 26.813915 27.888088 30.854076 28.259602 27.512245 25.883980 24.742992 24.211395 23.904772 24.517797 26.063868 
9.787325 10.348516 11.467195 13.067411 14.958925 16.802431 18.273296 19.597439 21.009794 22.594601 24.343206 25.908333 23.864237 22.453627 22.688320 25.115181 30.710848 26.320372 24.445292 23.660982 23.496637 23.874598 24.985992 27.164265 30.898178 27.995993 26.464588 25.741016 25.607456 26.047266 26.918833 27.946692 27.076984 26.078321 24.822498 23.805962 23.195612 23.016756 23.415300 24.073235 
