0.000027 0.000645 0.012388 0.216859 0.012802 0.001254 0.002555 0.000442 0.000033 0.000002 0.000000 0.000000 0.000001 0.000027 0.000644 0.012383 0.216561 0.018386 0.014276 0.051721 1.315940 0.016062 0.002638 0.000154 0.000006 0.000002 0.000032 0.000423 0.002391 0.000513 0.000331 0.002607 0.015355 1.043334 0.015333 0.002577 0.000177 0.000585 0.009814 0.128170 
0.000147 0.002383 0.013261 3.048889 0.020990 0.010197 0.013447 0.004709 0.000420 0.000021 0.000001 0.000001 0.000011 0.000147 0.002381 0.013239 3.029195 0.098241 0.087443 2.597261 0.499353 0.029399 0.001543 0.000060 0.000003 0.000021 0.000411 0.004498 0.011786 0.006454 0.002798 0.001716 0.008054 0.038042 0.008020 0.000876 0.000192 0.002388 0.014967 1.030056 
0.000025 0.000502 0.006397 0.027188 0.035622 0.040964 3.058791 0.013292 0.002396 0.000143 0.000007 0.000021 0.000151 0.000172 0.000450 0.004866 0.016078 0.030075 0.733735 0.331620 2.563027 0.012797 0.002397 0.000143 0.000011 0.000148 0.002435 0.012008 0.426442 0.034554 0.013297 0.028035 0.018887 0.032054 0.018600 0.005002 0.000471 0.000461 0.004918 0.015745 
0.000033 0.000314 0.002840 0.015712 1.010101 1.045383 0.029642 0.008489 0.000927 0.000057 0.000033 0.000421 0.002555 0.002558 0.000524 0.000625 0.005235 0.021584 2.559869 0.034439 0.014659 0.004762 0.000424 0.000027 0.000008 0.000165 0.002661 0.012514 2.607392 1.050309 2.704725 0.916742 3.071683 0.697080 2.922462 0.013699 0.002993 0.000819 0.002836 0.003233 
0.000654 0.002432 0.001775 0.022799 0.464409 0.159485 0.022882 0.019260 0.005001 0.000450 0.000435 0.004759 0.015228 0.015184 0.005514 0.000775 0.002229 0.039671 2.125535 0.041728 0.004405 0.000487 0.000054 0.000143 0.000031 0.000155 0.002437 0.012007 0.426127 0.425103 0.739834 0.049576 0.016147 0.027707 0.025847 0.025164 0.014078 0.012488 0.013745 0.012610 
0.012637 0.013348 0.013223 0.026812 1.338952 0.168092 0.171903 3.050014 0.013374 0.002523 0.002529 0.015048 1.027036 1.035083 0.016428 0.005640 0.002908 0.011151 1.654636 0.010794 0.002527 0.000196 0.000427 0.002381 0.000539 0.000203 0.000485 0.004734 0.013023 0.025681 2.965837 0.015980 0.005139 0.003766 0.014580 3.040589 0.216967 0.217025 3.076461 0.217491 
0.222867 3.062230 0.155453 0.149866 0.962289 0.139687 0.021417 0.016248 0.004984 0.000465 0.000438 0.004804 0.015762 0.026481 3.041763 0.014107 0.003284 0.007555 0.015783 0.004882 0.000594 0.000463 0.004715 0.013274 0.006650 0.003035 0.002081 0.002834 0.003528 0.014300 0.215988 0.012506 0.000817 0.000494 0.004783 0.013394 0.012401 0.012636 0.018487 0.015941 
0.192246 0.030755 0.012760 0.011545 0.022615 3.068547 0.016295 0.005418 0.002972 0.000462 0.000065 0.000442 0.003072 0.014336 0.216736 0.013129 0.006113 0.019632 0.007856 0.001455 0.002574 0.002819 0.013686 3.061121 0.027147 0.019452 0.039549 0.011329 0.012606 0.020181 0.216083 0.012381 0.000651 0.000061 0.000445 0.002531 0.000687 0.001079 0.007683 0.026167 
0.866833 0.018763 0.003272 0.001625 0.014227 0.156830 0.011529 0.005851 0.013822 0.004774 0.000443 0.000070 0.000791 0.012510 0.216721 0.021647 0.031592 1.012247 0.025379 0.013230 0.013430 0.005278 0.006771 0.040416 0.639063 2.578911 2.146077 1.749374 0.203707 0.206062 3.020657 0.013221 0.002381 0.000174 0.000446 0.002528 0.000584 0.002436 0.014996 1.031538 
0.801406 0.017675 0.003055 0.005353 0.026331 0.151451 0.013826 0.024075 3.064657 0.013777 0.002831 0.000329 0.002394 0.013242 3.026405 0.163175 0.158247 1.081319 0.153240 0.158408 3.034741 0.015354 0.004659 0.036914 0.710998 0.109445 0.098116 0.021664 0.013350 0.015649 0.018389 0.004944 0.000448 0.000441 0.004703 0.013265 0.004725 0.000835 0.004781 0.015229 
0.017310 0.005026 0.002824 0.015282 1.029795 1.035956 0.022512 0.010380 0.037959 0.028835 0.007227 0.000775 0.000470 0.004822 0.015775 0.021836 0.163285 0.068731 0.015214 0.017573 0.157480 0.011071 0.003055 0.012797 2.265608 0.101980 0.100861 0.013585 0.010308 0.025556 0.007675 0.000867 0.000195 0.002402 0.013207 2.961334 0.013233 0.002432 0.000563 0.002561 
0.002590 0.000461 0.000590 0.004918 0.017911 0.033100 0.036507 0.014072 0.027017 1.395401 0.018459 0.005569 0.000518 0.000593 0.004950 0.015826 3.052941 0.052715 0.015076 0.016885 0.152426 0.010579 0.001110 0.006389 0.024369 0.072262 3.049915 0.048776 0.061861 2.948896 0.013228 0.002424 0.000195 0.001216 0.022669 0.436108 0.022616 0.001194 0.000070 0.000152 
0.000182 0.000442 0.002412 0.000999 0.005270 0.018118 1.050045 0.111118 0.108518 0.674142 0.643960 0.016501 0.002557 0.000197 0.000766 0.008453 0.043525 3.058718 0.159053 0.153979 1.128326 0.015988 0.002907 0.002950 0.013872 3.032816 0.050119 2.996349 0.416851 0.428282 0.022771 0.001355 0.000246 0.002800 0.013665 2.966545 0.013212 0.002402 0.000143 0.000011 
0.000447 0.004704 0.013161 0.004889 0.003150 0.015708 1.023361 0.027401 0.015558 0.026016 1.397761 0.015892 0.002593 0.000179 0.000615 0.008926 0.056196 0.025814 0.015042 0.026901 1.006801 0.017524 0.005138 0.001020 0.004807 0.013349 0.012183 0.014085 0.026620 2.957264 0.015750 0.004986 0.001087 0.006615 0.025139 0.025036 0.006361 0.000498 0.000024 0.000007 
0.002557 0.013358 2.964996 0.013656 0.002874 0.005199 0.018313 0.010679 0.026452 0.011291 0.018334 0.004956 0.000433 0.000163 0.002381 0.013270 3.056900 0.014277 0.003394 0.005426 0.017199 0.009868 0.015968 0.004978 0.000996 0.002445 0.001039 0.003262 0.009510 0.021172 0.010318 0.015840 0.007630 0.018405 3.065193 0.013701 0.002766 0.000175 0.000028 0.000151 
0.001394 0.022399 0.412087 0.022533 0.001665 0.003037 0.006259 0.018721 1.033747 0.017847 0.005313 0.000597 0.000039 0.000023 0.000420 0.004705 0.013399 0.004781 0.000482 0.000597 0.004939 0.015783 3.069013 0.015814 0.004964 0.000733 0.000513 0.005170 0.020232 0.010609 0.021312 3.069429 0.018290 0.007507 0.013284 0.004755 0.000439 0.000053 0.000422 0.002555 
0.005328 0.016067 2.965315 0.018254 0.007550 0.013783 0.025292 0.031164 1.037242 0.017754 0.005274 0.000603 0.000044 0.000004 0.000033 0.000441 0.002534 0.000583 0.000149 0.000117 0.000709 0.006209 0.031823 0.011417 0.015818 0.004987 0.002824 0.013684 3.068784 0.018538 0.007766 0.015828 0.005073 0.000862 0.002393 0.000424 0.000052 0.000416 0.004759 0.015225 
0.019835 0.009990 0.015862 0.007629 0.018248 2.936554 0.447898 2.958462 0.021977 0.011144 0.016101 0.004949 0.000573 0.000044 0.000034 0.000438 0.002657 0.002698 0.002518 0.001519 0.000718 0.017016 0.022054 0.027054 3.063878 0.013713 0.002839 0.004861 0.013303 0.004988 0.001297 0.004992 0.000860 0.000084 0.000144 0.000026 0.000141 0.002398 0.014967 1.031524 
0.810041 0.019682 0.005162 0.001240 0.012637 0.216070 0.031924 0.026120 0.011681 0.022361 3.069037 0.015788 0.004940 0.000590 0.000447 0.004662 0.013945 0.014988 0.030704 0.018992 0.000898 0.257530 0.262487 2.973676 0.026680 0.008450 0.000959 0.000478 0.002421 0.001000 0.004982 0.015649 0.004827 0.000425 0.000026 0.000004 0.000052 0.000853 0.007675 0.026160 
0.808235 0.017515 0.002767 0.000833 0.012454 0.216218 0.021343 0.016195 0.022340 0.010664 0.018545 0.010076 0.015788 0.004973 0.002766 0.013838 0.701118 1.773792 0.578461 0.294937 0.001083 0.243938 0.231037 0.187881 0.024291 0.019207 0.005013 0.000488 0.000733 0.004965 0.015754 2.946967 0.013181 0.002399 0.000143 0.000026 0.000428 0.004941 0.018417 0.015928 
0.017354 0.004885 0.000598 0.002794 0.013695 3.034601 0.216987 0.216985 3.044366 0.018491 0.007754 0.018525 3.068938 0.013668 0.002808 0.004877 0.016081 0.020243 0.026801 0.028090 0.026628 0.183983 0.184244 0.185468 0.188288 3.031141 0.013680 0.002848 0.005002 0.015622 0.042805 0.580439 0.024165 0.001210 0.000055 0.000144 0.002392 0.013251 3.044450 0.216870 
0.002590 0.000442 0.000529 0.006379 0.025265 0.055967 0.016718 0.012592 0.013281 0.004954 0.001010 0.004954 0.013261 0.004713 0.000455 0.000568 0.005150 0.026934 0.703644 0.749139 0.195596 0.070195 0.016634 0.013709 0.019420 0.142886 0.012844 0.003594 0.014172 2.846210 0.413027 2.848733 0.013076 0.002414 0.000147 0.000064 0.000863 0.007557 0.019273 0.012718 
0.000160 0.000163 0.002383 0.013271 3.058633 0.043288 0.008573 0.001231 0.002408 0.000429 0.000069 0.000428 0.002375 0.000420 0.000039 0.000183 0.002824 0.014632 1.332070 0.794036 0.196265 0.123945 0.018568 0.022644 0.047230 0.137244 0.025185 0.010371 0.028713 0.576503 0.043994 0.021117 0.007632 0.000870 0.000096 0.000579 0.005065 0.018330 0.008530 0.001546 
0.000157 0.000046 0.000493 0.005772 0.025027 2.971319 0.013389 0.002577 0.000305 0.000028 0.000003 0.000021 0.000141 0.000021 0.000007 0.000151 0.002542 0.014613 0.832392 0.209414 0.198203 0.033737 0.035111 2.221764 1.012009 1.007750 1.292710 0.075337 0.062144 2.938881 0.021241 0.010601 0.018380 0.005198 0.001018 0.004962 0.015834 3.053699 0.021020 0.010942 
0.002556 0.000430 0.000111 0.001478 0.023613 0.434278 0.024333 0.003518 0.000470 0.000034 0.000002 0.000001 0.000005 0.000001 0.000001 0.000024 0.000501 0.006447 0.030228 0.215869 0.034797 0.044052 2.967337 0.061419 0.071359 1.252541 0.055399 0.068017 3.053994 0.018470 0.008629 0.019381 3.044949 0.018542 0.007801 0.015830 0.020844 0.129063 1.035097 0.129867 
0.015221 0.004931 0.000712 0.002465 0.013338 2.994908 0.024163 0.011891 0.004685 0.000422 0.000021 0.000001 0.000000 0.000000 0.000002 0.000027 0.000311 0.002778 0.013675 3.022737 0.038183 0.028993 0.415558 0.027959 0.010588 0.018304 0.017706 0.084763 0.025998 0.007272 0.001443 0.012708 0.216799 0.015775 0.025777 3.052084 0.159063 0.153824 1.033736 0.143200 
1.031361 0.017762 0.005090 0.001366 0.012666 0.211481 0.209245 1.755757 0.010921 0.002383 0.000143 0.000006 0.000005 0.000002 0.000031 0.000414 0.002403 0.000851 0.004799 0.013671 0.008251 0.018898 2.965878 0.027588 0.006954 0.005927 0.016661 0.575209 0.014262 0.002991 0.000842 0.012411 0.216793 0.012941 0.005754 0.013546 0.011037 0.011542 0.021341 1.030813 
0.130588 0.033672 0.018122 0.010835 0.018541 0.209567 0.209727 1.666213 0.038607 0.002159 0.000095 0.000028 0.000142 0.000042 0.000422 0.004757 0.014940 0.004803 0.000877 0.002863 0.003364 0.006777 0.029476 2.959979 0.020622 0.010035 0.023596 2.246710 0.013195 0.002825 0.002557 0.013420 3.044558 0.013696 0.002848 0.002678 0.000690 0.001327 0.008682 0.026173 
0.130665 1.089972 1.105198 0.147598 0.150247 1.877043 1.488667 1.674202 0.019208 0.005196 0.000804 0.000650 0.002386 0.000573 0.002589 0.015254 1.031505 0.015634 0.003028 0.005139 0.014047 0.013596 0.032213 0.458162 0.028907 0.038664 1.615567 0.352943 0.014537 0.002624 0.000594 0.004845 0.015787 0.004876 0.000873 0.002565 0.000893 0.005252 0.019402 0.015982 
0.016304 0.153082 0.025809 0.010930 0.012552 0.025787 1.078034 0.766650 0.030183 0.016106 0.012555 0.012394 0.013257 0.004922 0.003013 0.015601 1.031530 0.017625 0.005179 0.015876 2.938969 0.215429 0.215424 2.935094 0.018767 0.008176 0.017067 0.019406 0.007520 0.003007 0.000655 0.001046 0.004999 0.001290 0.004984 0.013449 0.007509 0.018255 3.044508 0.216863 
0.019432 0.158225 0.013223 0.001337 0.002976 0.012863 2.477789 0.084465 0.095676 3.063615 0.216931 0.216894 3.040565 0.014084 0.003209 0.004947 0.014972 0.004926 0.001774 0.022866 0.445759 0.030811 0.013419 0.013739 0.004971 0.000922 0.003359 0.008491 0.019610 0.016111 0.010548 0.010968 0.015830 0.007636 0.018408 3.069455 0.018286 0.007504 0.013280 0.012391 
0.222797 3.030354 0.013279 0.002426 0.000604 0.004884 0.012710 0.009660 0.010016 0.013305 0.012473 0.014080 0.025337 0.025523 0.006406 0.000913 0.002442 0.000988 0.004998 0.015764 2.963134 0.016377 0.005636 0.003043 0.000503 0.000541 0.005704 0.018637 1.009981 1.126247 0.152093 0.157188 3.052452 0.018271 0.007513 0.013309 0.004944 0.000857 0.002398 0.000645 
0.202268 0.027563 0.006414 0.000530 0.000459 0.002690 0.002876 0.000812 0.000649 0.002400 0.000788 0.002995 0.013905 3.065149 0.013305 0.002421 0.000703 0.004848 0.015804 0.010085 0.018561 0.010119 0.016435 0.005766 0.000859 0.002434 0.013321 3.061921 0.026873 0.018461 0.010689 0.010841 0.013294 0.004964 0.000999 0.002417 0.000434 0.000054 0.000143 0.000027 
1.029028 0.015582 0.002810 0.000582 0.004513 0.012017 0.006614 0.002777 0.000541 0.000316 0.000070 0.000445 0.004758 0.013258 0.004706 0.000562 0.002408 0.013279 3.044369 0.018673 0.007920 0.018690 3.065056 0.016361 0.005661 0.001067 0.004921 0.016252 0.007313 0.005465 0.001042 0.000645 0.002415 0.000850 0.002433 0.000641 0.000194 0.000025 0.000008 0.000007 
0.015208 0.004834 0.000580 0.002458 0.012029 0.427231 0.034791 0.012938 0.006391 0.002774 0.000443 0.000069 0.000425 0.002375 0.000420 0.000058 0.000646 0.012380 0.216119 0.013486 0.003716 0.006227 0.017597 3.065617 0.016165 0.005275 0.002651 0.005443 0.007460 0.017892 0.004905 0.000478 0.000603 0.004784 0.013313 0.006376 0.002767 0.000445 0.000054 0.000152 
0.002555 0.000431 0.000196 0.002662 0.012469 2.584670 1.137557 2.564250 0.024393 0.013708 0.004874 0.000573 0.000063 0.000143 0.000022 0.000029 0.000650 0.012379 0.215969 0.030689 0.014461 0.005653 0.007719 0.027648 0.029259 0.021699 0.040014 0.015278 0.033472 1.063508 0.015694 0.002893 0.003014 0.013931 3.060842 0.025224 0.013700 0.004992 0.000861 0.002574 
0.000151 0.000027 0.000149 0.002435 0.012011 0.426945 0.035156 0.013368 0.024934 3.065391 0.015783 0.004938 0.000570 0.000042 0.000009 0.000162 0.002519 0.013250 2.938786 0.445103 2.962792 0.016084 0.005419 0.016000 0.684361 2.630076 2.301271 2.501605 0.902318 0.867024 0.017030 0.005593 0.008301 0.025406 0.032473 0.044365 3.061069 0.018298 0.007535 0.015281 
0.000006 0.000001 0.000021 0.000411 0.004495 0.011683 0.006503 0.003144 0.006526 0.015797 0.009834 0.015749 0.004820 0.000425 0.000053 0.000436 0.002814 0.005141 0.013583 0.022598 0.013208 0.004844 0.001027 0.009740 0.119658 0.028414 0.040009 0.012400 0.036106 0.016702 0.009912 0.016445 0.027833 3.062018 0.021073 0.010301 0.013318 0.007481 0.019647 1.033997 
0.000000 0.000000 0.000001 0.000030 0.000403 0.002249 0.000487 0.000210 0.000650 0.004948 0.015783 3.044473 0.013275 0.002402 0.000563 0.004774 0.015284 0.005204 0.002837 0.001212 0.002401 0.000449 0.000616 0.009672 0.121633 0.012176 0.002614 0.002492 0.002045 0.004970 0.015795 3.041008 0.025478 0.014047 0.005140 0.000977 0.002413 0.000850 0.004978 0.015368 
0.000000 0.000000 0.000000 0.000001 0.000021 0.000140 0.000023 0.000009 0.000051 0.000799 0.012509 0.216697 0.012392 0.000795 0.002583 0.015246 1.031690 0.015355 0.002706 0.000202 0.000159 0.000173 0.002570 0.015498 1.088706 0.015573 0.002636 0.000302 0.000101 0.000798 0.012507 0.216684 0.014168 0.003147 0.000477 0.000059 0.000149 0.000055 0.000449 0.002715 
