14.045818 15.748365 18.885824 22.367434 21.612373 20.157843 18.180595 15.122663 12.118611 9.875199 8.675283 8.537051 9.432090 11.379162 14.451143 18.639698 23.294239 24.493307 25.772594 27.243019 28.503742 21.136541 15.964523 12.701360 11.203896 11.292219 12.734094 15.078067 17.475834 18.721775 19.736229 21.162085 23.693512 28.392633 22.860731 19.721226 18.358635 18.768778 20.866072 23.829306 
14.467055 16.331388 20.353218 28.161774 23.949301 22.330166 20.996944 16.845112 13.197191 10.676943 9.399086 9.287265 10.215460 12.101834 15.112803 19.843292 28.205902 25.852831 26.916353 28.630030 26.182524 20.466789 15.770739 12.783731 11.503244 11.859374 13.736855 16.869066 20.435213 20.813808 21.192381 21.861866 23.099203 24.030670 22.121456 19.892447 18.685432 19.157095 21.821453 28.335526 
15.144820 16.723810 19.781073 23.802906 25.167103 25.731936 28.191570 19.733442 14.925476 12.082679 10.800601 10.841070 11.886592 13.541215 15.835087 19.057419 23.115662 25.127398 28.635612 27.358900 28.324968 20.322136 15.646933 13.006109 12.082100 12.813817 15.334205 20.031710 28.246902 24.617815 24.142014 23.737379 24.457281 24.045122 23.466873 21.004086 19.422318 19.341066 20.723772 22.897678 
16.354778 17.646381 20.056496 23.599688 28.521336 28.571220 25.129053 20.574083 16.469547 13.764942 12.725890 13.236767 14.784284 16.178146 17.424280 19.156109 21.579277 24.269785 28.512224 25.023609 22.636650 18.484272 15.292369 13.430449 12.925813 13.889009 16.555161 21.313419 28.548727 26.725239 28.521118 26.071413 28.439981 25.785908 28.332127 23.075962 20.625244 20.046249 20.712908 21.284277 
18.356016 19.414312 21.009205 23.522322 26.378502 26.161240 24.526613 22.544487 18.374460 15.628648 14.949691 16.430866 19.617859 20.729425 20.334518 20.359552 21.429710 23.353573 25.445425 22.945282 20.225014 17.500364 15.507468 14.445487 14.260837 15.177584 17.500000 21.636908 28.434105 26.443382 26.762625 24.915009 24.394905 23.658190 24.417475 24.000431 21.839979 21.465654 22.699114 22.044424 
21.264240 22.554359 22.838329 24.673241 28.587133 26.473146 25.661406 28.211990 20.592884 17.274960 16.862146 19.715092 28.159924 28.378639 24.481380 22.292639 22.157131 23.865084 28.302193 22.685452 19.625278 17.673061 16.729921 16.561089 16.459101 16.978195 18.442944 20.911142 23.880041 25.159376 28.413610 23.907715 22.064388 21.637342 23.171913 28.193890 23.038685 23.072289 28.225101 23.935980 
24.637409 28.348572 24.743004 25.223789 28.604065 26.773684 24.765303 23.531025 20.176083 17.862793 17.379650 19.074339 22.719841 25.094337 28.354996 23.821888 22.741856 23.197781 23.644272 21.511024 19.725592 18.797588 19.140297 20.553848 19.941214 19.742123 20.189989 21.372810 22.513502 23.312994 23.923326 21.778131 20.055779 19.427834 20.056881 21.449602 20.652645 21.156332 23.092058 23.054941 
25.777557 25.416975 24.040323 24.318817 26.168869 28.496857 24.573696 22.516695 20.511381 18.555851 17.679432 18.290264 20.191059 22.309292 24.184372 23.464685 23.453682 24.186277 23.164410 21.761465 20.888851 20.612734 22.332825 28.242006 24.761707 23.638283 22.998722 23.603430 23.134407 23.291914 23.720636 21.022606 18.881264 17.923899 18.054853 18.640236 18.773281 19.587284 21.520645 23.776566 
28.634514 24.949322 23.304417 23.424374 24.594288 25.293020 24.009951 23.101240 22.600811 20.132101 18.482143 18.176880 19.252254 21.418360 24.099520 24.042927 25.068956 28.489559 24.712603 23.275331 23.278763 22.256102 22.994244 25.794525 28.581453 28.558115 26.139462 28.426601 24.765245 24.628933 28.230085 21.519705 18.489964 17.413803 17.617027 18.243855 18.149113 18.743540 21.310335 28.247694 
28.519463 23.935314 22.483187 23.126404 25.054621 25.537462 24.676668 24.921078 28.307823 22.730536 19.901821 18.700674 19.181757 21.814148 28.250715 25.094522 25.766195 28.577251 25.410166 24.985254 28.340776 23.900070 23.241148 24.721998 26.811922 26.705334 25.902357 25.717295 24.352682 23.710485 23.124786 20.129276 18.147072 17.740303 18.803734 20.528721 18.793348 17.801443 18.395029 20.320162 
22.571980 21.397055 21.370045 23.275995 28.452507 28.565655 25.731220 25.081713 25.604164 24.236267 21.590799 19.502359 18.908052 20.110374 22.743876 23.789625 25.683153 26.102169 24.830372 24.396788 24.899076 23.392561 23.025501 24.535963 28.521082 26.853626 26.411539 25.598770 24.774971 24.365324 22.072353 19.621000 18.278334 18.651707 21.290747 28.047590 20.499180 17.145184 15.954415 15.958826 
19.519974 19.541279 20.239887 21.806883 24.289495 25.622019 26.038595 25.559628 26.202654 28.518322 24.472088 20.731627 18.796951 18.817747 20.472231 23.174534 28.443810 26.650242 24.908745 24.487736 24.956144 23.425768 22.705725 23.453184 25.503616 27.058355 28.625488 26.948196 26.273432 28.413240 22.925907 19.967733 18.755167 19.258020 21.399626 23.948658 19.673367 16.133553 14.163647 13.424867 
18.477470 19.076626 20.202162 21.234703 22.860834 25.036137 28.583376 26.375986 26.462250 28.693829 28.515734 21.946400 18.662497 17.847492 18.961739 21.600822 25.350588 28.463562 25.156414 25.263050 28.502106 24.350262 22.721235 22.762362 24.452711 28.487278 27.124859 28.561958 26.288942 26.174026 22.903011 20.502705 19.475998 20.180595 22.779825 28.105633 19.774090 15.363871 13.030320 12.049071 
18.952044 20.189577 22.218668 22.021820 22.625206 24.573408 28.544769 26.228251 25.901937 26.558350 28.409698 21.537125 18.000378 16.908201 17.860319 20.575027 24.240463 24.423731 23.449272 24.368704 28.435570 24.351141 22.841610 22.225819 22.633030 23.829729 24.047867 24.846663 25.469671 28.412682 23.664000 21.507559 20.419497 21.012558 23.057051 21.902763 17.611063 14.317823 12.417949 11.613408 
20.275354 22.473305 28.256699 23.811991 22.841528 23.651495 25.193045 25.423986 25.751211 24.519691 23.011032 19.459976 16.858498 15.933840 16.958654 20.373518 28.092625 23.017738 21.462446 21.823391 23.338358 23.355549 23.845209 22.506308 21.828442 21.793211 22.035019 22.803240 23.778667 24.409983 23.398766 23.244396 21.484764 22.177765 28.023052 20.346466 16.154449 13.728234 12.589933 12.270270 
21.361156 22.922245 25.467924 23.762512 23.048569 23.645170 24.643520 26.006727 28.544991 24.250126 21.251410 18.248495 16.026495 15.082069 15.631183 17.612465 20.306202 19.703251 19.330423 19.894417 21.381603 23.533640 28.311003 23.929193 22.290617 21.374319 21.313946 22.330521 24.077728 23.548155 23.922939 28.175274 21.786385 19.822275 19.782463 16.916475 14.710623 13.695995 13.786250 14.451396 
22.732147 24.043756 28.363478 24.368351 23.715834 24.902925 25.325317 26.790243 28.575878 24.166334 21.194868 18.215813 15.969414 14.816963 14.924030 16.106874 17.585283 18.024027 18.223007 18.994425 20.566401 22.728701 24.657198 24.246195 23.834976 22.053545 21.456219 22.930397 28.229822 23.427923 22.107201 22.018568 19.308428 17.277245 16.041969 14.637292 13.920817 14.402561 16.251690 19.072969 
24.515797 23.738876 24.019789 23.228279 24.190004 28.431417 26.454508 28.549494 26.217659 24.129293 22.833683 19.377701 16.823154 15.369406 15.218318 16.297049 17.865540 18.544577 18.614086 19.288454 21.113602 23.845928 24.833521 26.162056 28.399771 23.384405 21.446354 21.429611 22.544594 21.455183 20.782267 20.137642 17.963108 15.835280 14.362547 13.581277 13.850925 15.586176 19.503334 28.137409 
28.571560 24.020905 22.331818 21.985762 23.001785 24.855768 24.825956 25.284454 24.919907 24.791109 28.204266 21.450649 18.539368 16.623068 16.329573 17.959343 20.991600 21.633976 20.360559 20.392948 22.562204 28.328875 26.153093 28.506830 25.861876 23.298735 21.422523 20.699526 20.815378 20.870354 21.232880 21.593290 18.493958 15.706298 13.992495 13.472569 14.263886 16.437737 19.705168 22.890722 
28.461924 22.980789 21.082972 21.185158 22.671137 24.648867 24.199461 24.288277 24.829369 23.350197 22.966311 21.293427 21.070309 18.185635 17.469141 20.062965 28.175741 28.298037 22.663525 21.306089 22.104486 24.071373 24.273909 24.995955 24.643301 24.222958 22.198139 21.090059 21.100849 21.885502 23.488239 28.167053 20.555773 16.495966 14.470201 14.089605 15.294808 18.014469 21.645510 22.318708 
21.535820 20.016617 19.657307 20.850594 23.570147 28.359089 24.604856 24.329073 28.220680 22.305843 20.517832 21.308634 27.872866 19.347105 17.100504 18.308315 21.650255 23.014326 22.338245 21.866667 22.274574 23.167343 23.505201 24.051172 25.067682 28.382185 23.862978 22.313873 22.525928 23.887623 24.298035 25.046824 20.747726 17.221350 15.345911 15.173416 16.759302 20.497326 28.137726 23.995798 
17.845675 17.782967 18.640614 20.828800 24.031450 24.907768 23.007767 21.679396 21.182859 18.641428 17.143932 17.078081 18.105751 15.874723 15.065946 16.158930 18.659729 21.266445 23.454288 23.334953 23.724602 24.524399 24.204746 24.277084 24.685629 25.438963 24.203333 23.581244 24.596924 28.456823 26.263685 28.357990 21.890951 18.263660 16.550453 16.531754 18.035339 20.751204 23.455111 23.008389 
16.227259 16.710804 18.257252 21.600117 28.313971 25.670202 22.420757 19.848392 17.821783 15.677979 14.141104 13.438036 13.281638 12.711022 12.918690 14.409704 17.267118 21.589951 28.403658 25.932083 26.376448 28.546637 26.159624 25.790749 25.527925 25.958384 25.551434 24.871441 25.376293 26.590788 25.272371 24.502859 21.862753 19.326319 18.060377 18.339275 20.037846 22.744579 23.437544 23.183613 
16.241922 16.692616 18.063847 20.755537 24.773834 28.379971 22.780279 19.217087 16.389879 13.950998 12.154469 11.102690 10.651043 10.610365 11.335034 13.124531 16.204332 20.940947 28.417978 26.950512 28.623343 27.586432 27.466837 28.634459 27.167784 28.704374 28.641697 26.514473 26.936584 28.548239 25.161125 24.014309 23.399595 21.019999 19.988470 20.673983 22.844803 28.360653 25.952160 24.728506 
17.922537 17.870731 18.596422 20.395573 23.079451 25.277843 22.611084 19.657534 16.382248 13.492105 11.335299 10.018196 9.455350 9.589021 10.532296 12.400682 15.270387 19.128471 23.632565 26.044102 26.547144 26.884497 28.664333 27.451077 27.043774 28.680830 27.373415 26.942537 28.573441 26.015886 24.278299 24.569588 28.294493 23.173801 22.062328 23.333452 23.921438 26.263683 28.620604 26.522230 
21.659212 20.344843 20.016483 21.011238 23.513601 28.375469 24.286589 22.119572 17.806763 14.178437 11.600792 10.049939 9.405468 9.600574 10.649470 12.544012 15.171651 18.340309 22.408430 28.361946 25.942623 26.029430 27.170801 26.650679 26.178707 26.458704 26.445028 26.601587 25.736141 24.022093 22.968231 23.182743 24.219805 22.950911 23.463968 28.278406 24.755287 25.485914 28.623642 27.525471 
28.417364 23.643717 22.057882 21.924049 23.186974 25.254398 25.499514 28.242552 20.309597 15.669804 12.728065 11.037771 10.375812 10.614968 11.780788 13.843419 16.375191 18.437738 20.813856 23.459354 24.172440 25.475534 28.590023 27.134825 25.960358 25.864031 26.679026 28.613934 25.169748 23.017769 22.156284 22.675198 24.030642 22.592100 22.192677 23.211542 22.825317 23.691950 25.844629 28.603828 
26.176477 25.335054 24.398445 23.219372 23.703068 25.392193 25.548225 25.531532 21.135242 17.247301 14.455549 12.854298 12.291841 12.547317 13.889746 16.527094 19.863228 20.032087 20.681047 22.069653 23.372578 24.578051 26.460913 28.592945 26.102633 25.815729 27.125242 28.669067 24.807646 22.486580 21.766373 23.132635 28.225698 22.952065 21.290663 21.203268 21.347170 22.259003 23.804071 24.774857 
26.110060 28.566383 28.479084 24.499302 24.637806 28.487511 27.106140 28.534616 22.997141 19.486385 16.826765 15.481324 15.238594 15.240827 16.549957 20.259687 28.182875 22.875135 21.612600 22.509315 24.318529 24.536572 25.416431 26.647833 25.437313 25.622196 28.589855 28.602348 24.422276 22.159586 21.199612 21.563807 22.717461 21.366096 20.681301 20.836704 20.920179 21.945168 23.941463 23.386412 
24.932705 25.446085 24.694399 23.167316 23.351528 25.328382 27.043112 28.569504 24.320841 22.538141 19.668823 18.807974 19.717924 18.436127 18.586176 21.390709 28.274803 23.254875 22.148129 23.713524 28.401876 25.407190 25.483927 28.453636 24.866467 24.112825 24.890581 25.023172 23.740206 22.361021 21.267935 21.091318 21.460520 20.954531 21.191053 22.451485 21.389105 22.431997 28.145393 23.048641 
24.731712 25.055073 23.181099 21.783468 21.921684 23.890970 28.402550 25.589426 24.560678 28.179173 22.158642 22.020273 28.053005 21.860861 19.690861 20.011724 21.821062 21.302044 21.710751 23.387896 25.879099 24.679956 24.112774 24.225723 23.036470 22.720600 23.396135 24.351582 24.802788 24.081781 22.344580 22.019869 22.924820 21.723173 22.513985 28.077703 21.541101 19.891329 20.454027 19.133848 
25.715691 28.346813 22.833792 20.668480 20.454432 21.488504 22.823235 22.173622 21.614550 21.855522 20.294664 20.590521 22.858103 22.806131 20.016939 18.917585 19.356659 20.199905 21.769690 23.898695 28.403322 24.907850 23.707794 22.923117 22.137510 22.152807 23.377962 25.827459 28.560392 28.450178 23.800934 23.521523 28.172752 22.302118 20.712481 20.872374 18.464052 16.930490 16.319237 15.715265 
25.446814 23.686399 20.792231 19.445822 19.640146 20.591415 20.879814 20.345678 19.579086 18.996252 18.355558 18.901657 21.478573 27.983509 20.432096 18.088701 18.345074 20.192905 23.028988 23.582169 24.686817 24.337471 24.583441 23.424128 22.356331 22.286232 23.890608 28.426449 26.070877 24.658991 22.496927 21.727131 22.135212 20.254818 18.967901 17.965754 16.387196 15.013244 14.128675 13.627974 
28.272190 21.660498 18.943182 18.577568 19.991350 22.203299 21.561619 20.603466 19.248838 18.101015 17.168653 16.990072 17.833513 19.189032 17.300676 16.576406 17.683783 21.006916 28.191460 24.355156 23.916872 24.802980 28.443043 25.574833 23.426153 22.651365 23.122747 24.435583 23.977844 23.126242 21.598139 20.558683 20.144726 19.494419 18.869526 17.588770 16.069317 14.611032 13.588608 13.089603 
19.188862 17.261242 16.542902 17.734142 21.345387 28.321840 24.323154 23.063776 20.626114 18.951090 17.188034 16.017279 15.536639 15.430347 14.933247 15.194280 16.747101 19.659769 23.183935 23.220991 23.454191 24.006798 25.870167 28.462240 24.878571 23.573530 23.312027 23.808678 23.925352 23.992559 22.069624 20.716755 20.319031 20.668938 21.356396 19.409458 17.672840 15.809720 14.591466 14.124577 
13.569724 13.325270 13.952306 16.245457 20.897356 28.506544 25.821115 28.282520 23.049150 21.744741 18.576796 16.335377 14.860523 14.043867 13.809318 14.522854 16.415869 19.515732 23.217817 23.536755 24.318323 23.507679 23.929649 25.212797 25.579168 25.173796 24.502190 25.208023 25.565830 28.470055 23.777630 21.851473 21.691025 23.349958 28.208368 22.832087 21.316475 18.327499 16.844013 16.693855 
9.803584 10.164213 11.391847 14.065155 19.012140 28.124306 23.453672 22.984919 23.038551 28.066507 20.851974 17.848511 15.525753 14.124366 13.810650 14.713002 16.844744 20.579866 28.161385 24.991350 28.273703 23.421371 22.744303 24.351894 28.501394 28.533398 25.922777 28.446217 26.109104 28.497116 24.353971 23.024744 23.047701 24.466408 24.653425 23.938797 28.098114 21.153021 19.653179 20.964798 
7.227693 7.755604 9.012170 11.231522 14.502659 18.176409 18.279255 18.664497 19.549858 21.323994 20.573618 20.493971 17.252901 15.120902 14.651741 15.675185 17.627956 19.469872 21.679117 21.397369 21.865931 20.797657 20.971485 22.463398 24.520523 24.559278 23.586798 23.705111 23.263924 23.895761 23.669384 24.543093 24.669653 28.306427 23.469893 21.662233 21.714808 20.179543 21.389057 28.202145 
5.575770 6.101232 7.214247 8.953867 11.173854 13.349759 14.492191 15.507605 16.830460 18.723757 21.270561 27.958851 19.683262 16.435289 15.999432 17.675880 20.400385 19.795458 19.348835 18.798716 18.706688 18.754141 19.734598 21.769468 24.050932 23.106983 21.809523 21.173733 21.033400 21.791752 23.530407 28.313080 24.271591 23.193993 20.835598 19.244549 18.580854 18.225643 19.172867 21.405958 
4.760910 5.256635 6.260826 7.737987 9.515742 11.249497 12.594680 13.864346 15.351047 17.237753 19.445932 21.537140 18.752888 16.835978 17.153147 20.443258 28.169540 21.760551 18.961271 17.703737 17.371248 17.809441 19.405487 22.633724 28.386776 23.691118 21.217026 20.078632 19.865635 20.564730 21.996937 23.699203 22.409800 21.013525 19.244165 17.845959 17.092480 16.930897 17.549425 18.504921 
