22.656298 23.812756 25.892229 28.149597 27.575766 26.441307 24.820240 22.357000 19.915339 18.067915 17.022980 16.906651 17.708977 19.335907 21.821033 25.080805 28.568171 29.546688 30.454653 31.382486 32.198174 26.904749 23.096397 20.646191 19.553169 19.671879 20.824261 22.707458 24.651960 25.769554 26.639929 27.679218 29.285892 32.166660 28.858593 26.988590 26.183029 26.443272 27.652798 29.418858 
22.989326 24.231701 26.891689 31.991673 29.155886 27.948137 26.840994 23.658211 20.795467 18.756166 17.689947 17.595018 18.396128 19.969296 22.383070 25.990805 31.997589 30.480169 31.173388 32.294125 30.538721 26.479128 23.022095 20.779381 19.838984 20.132174 21.583582 23.980301 26.688383 27.193064 27.609516 28.131628 28.938417 29.548161 28.429834 27.100584 26.393660 26.670261 28.247419 32.134460 
23.530848 24.567081 26.575855 29.190432 30.009499 30.328815 31.976902 25.821074 22.187729 19.962347 18.928202 18.949057 19.801710 21.201405 23.074539 25.575869 28.567036 29.990234 32.301849 31.442501 32.082386 26.477343 23.063765 21.087168 20.380581 20.923857 22.798267 26.222866 32.031223 29.725338 29.493504 29.318794 29.779242 29.570305 29.231960 27.766624 26.821108 26.772701 27.592709 28.881979 
24.420937 25.263470 26.827597 29.105127 32.231216 32.255360 29.859451 26.553476 23.509312 21.448442 20.602007 20.961960 22.131586 23.295446 24.408768 25.829123 27.629032 29.479626 32.224365 29.934780 28.293797 25.363022 23.003580 21.575352 21.161802 21.867399 23.798796 27.184858 32.236881 31.067595 32.237038 30.734175 32.193848 30.584309 32.131470 28.980974 27.527372 27.182617 27.589231 27.942999 
25.801826 26.482292 27.532755 29.111856 30.863611 30.699125 29.532419 28.048939 25.065084 23.054655 22.512966 23.537148 25.805437 26.692123 26.613632 26.830477 27.661219 28.969198 30.267237 28.646687 26.804432 24.856977 23.346495 22.501064 22.313671 22.970261 24.647243 27.543427 32.169994 30.932158 31.138187 30.054899 29.751822 29.314915 29.760025 29.522167 28.228491 28.009922 28.753428 28.376890 
27.710707 28.508482 28.729534 29.877935 32.278297 30.928358 30.385311 32.017113 26.827858 24.524561 24.192972 26.143570 31.969213 32.123188 29.544508 28.237791 28.235832 29.351074 32.101517 28.546743 26.511618 25.147263 24.357809 24.110132 23.987158 24.386749 25.462461 27.224636 29.271969 30.141762 32.175964 29.458284 28.343523 28.077600 28.981001 32.041252 28.873983 28.894541 32.060493 29.453371 
29.842812 32.136635 29.979275 30.273191 32.293999 31.123602 29.883339 29.063841 26.781792 25.212099 24.862829 26.010201 28.502226 30.058723 32.130268 29.334957 28.697792 29.007441 29.285856 27.922724 26.724554 26.038933 26.121746 26.920460 26.472023 26.372332 26.767780 27.641562 28.469643 29.054049 29.453329 28.170435 27.106459 26.690979 27.027306 27.852581 27.337011 27.651325 28.836491 28.842794 
30.580368 30.417337 29.645575 29.808872 30.862720 32.229740 29.823425 28.491756 27.160643 25.855612 25.272665 25.708870 26.979042 28.361200 29.572968 29.183466 29.205414 29.639517 29.028341 28.153627 27.569138 27.338381 28.346905 32.050873 29.726610 29.022446 28.664621 29.123854 28.925930 29.067093 29.332846 27.683775 26.359150 25.728985 25.753319 26.066957 26.092607 26.557186 27.778740 29.247210 
32.314732 30.172937 29.239105 29.316534 29.978741 30.352804 29.556911 28.939499 28.534777 26.953583 25.916353 25.749632 26.461384 27.853949 29.532072 29.548071 30.171770 32.226616 29.976650 29.113686 29.079731 28.459946 28.901096 30.593248 32.273643 32.256897 30.725365 32.181957 29.979874 29.900957 32.067471 27.974590 26.093893 25.369148 25.428682 25.745449 25.585529 25.878939 27.494164 32.043503 
32.250214 29.598648 28.778419 29.149118 30.245440 30.506435 29.974632 30.090143 32.109184 28.626625 26.865721 26.127678 26.439058 28.081163 32.073666 30.167431 30.573902 32.280170 30.418919 30.170303 32.142437 29.540400 29.160767 30.019951 31.217138 31.154827 30.663597 30.578794 29.777925 29.390085 28.988216 27.122889 25.874863 25.557625 26.165453 27.132645 25.845480 25.055445 25.337200 26.546021 
28.788607 28.129526 28.146009 29.224684 32.213062 32.276554 30.607462 30.202988 30.480444 29.597120 27.942987 26.632336 26.262117 26.999462 28.646095 29.340075 30.511921 30.806707 30.092291 29.871452 30.166405 29.313150 29.108564 29.971506 32.251545 31.252558 30.993265 30.518085 30.025520 29.760544 28.348616 26.818171 25.957294 26.136545 27.719229 31.921499 26.784750 24.374447 23.431297 23.345825 
27.025028 27.058882 27.470751 28.396122 29.821215 30.567741 30.789988 30.496191 30.865179 32.238621 29.698193 27.367342 26.153521 26.158846 27.194693 28.899414 32.191578 31.124361 30.134474 29.919147 30.205601 29.361862 28.956198 29.396265 30.529118 31.376657 32.308899 31.292450 30.908092 32.179619 28.848112 27.020647 26.235834 26.488144 27.734615 29.169731 26.081570 23.482925 22.001457 21.395803 
26.403913 26.786226 27.445776 28.087347 29.009327 30.249470 32.287121 30.981239 31.022644 32.347294 32.232048 28.075079 26.001688 25.463850 26.187334 27.864681 30.229815 32.206619 30.248739 30.327349 32.241611 29.883284 28.977097 29.015039 29.958878 32.235050 31.416708 32.273266 30.916506 30.807257 28.818485 27.338850 26.653078 27.021488 28.580893 31.938019 26.040215 22.802351 21.029726 20.267572 
26.695965 27.412243 28.614902 28.536192 28.891912 30.002375 32.266407 30.893780 30.672911 31.018137 32.163300 27.761942 25.490931 24.772758 25.402527 27.163139 29.536701 29.716774 29.191061 29.762014 32.198582 29.862223 29.040110 28.711826 28.946468 29.617420 29.728926 30.146500 30.474300 32.181095 29.291706 27.945478 27.192066 27.499308 28.652115 27.624929 24.465530 21.992250 20.501829 19.866838 
27.447647 28.728224 32.099586 29.569729 29.021605 29.499657 30.346136 30.436558 30.573666 29.748610 28.728035 26.396412 24.678217 24.066671 24.726248 26.962872 31.962196 28.840607 27.962002 28.227840 29.170378 29.237310 29.591009 28.864660 28.509010 28.489754 28.599298 28.996193 29.519678 29.807840 29.143599 28.979086 27.789482 28.150839 31.886444 26.473524 23.385038 21.533741 20.600742 20.320436 
28.090208 28.977039 30.476200 29.542265 29.143095 29.504192 30.047876 30.794985 32.256985 29.537619 27.592958 25.596231 24.087435 23.422392 23.802128 25.135780 26.966366 26.715145 26.608486 27.037016 27.994890 29.305954 32.131237 29.663855 28.754206 28.252480 28.201569 28.732634 29.677998 29.295815 29.460575 32.018764 27.854948 26.450256 26.240143 24.093235 22.401018 21.548183 21.536446 21.965553 
28.865265 29.633276 32.159599 29.870720 29.519783 30.188589 30.408747 31.223276 32.271748 29.467375 27.531736 25.532490 23.986109 23.173120 23.257326 24.103277 25.181597 25.622120 25.895897 26.470108 27.486273 28.808853 29.986221 29.815804 29.610836 28.616838 28.283182 29.073898 32.081467 29.190153 28.303993 28.095413 26.194902 24.698172 23.678091 22.554436 21.911156 22.165354 23.405069 25.375065 
29.891912 29.441803 29.612894 29.170322 29.749598 32.198875 31.015375 32.260281 30.775690 29.446886 28.554901 26.228598 24.484798 23.487293 23.397310 24.171692 25.334530 25.944754 26.125782 26.637295 27.807150 29.476913 30.080027 30.864691 32.185528 29.340197 28.268404 28.221355 28.778515 28.041157 27.489279 26.889029 25.308819 23.718803 22.553961 21.868708 21.966660 23.130037 25.868248 31.942427 
32.277397 29.573111 28.596725 28.415947 29.017548 30.081680 30.034945 30.270021 29.983709 29.852606 32.019077 27.519896 25.559414 24.226679 24.030539 25.184906 27.321421 27.872919 27.201153 27.322275 28.669266 32.134304 30.854826 32.244198 30.725849 29.286392 28.249277 27.783699 27.795860 27.726040 27.813534 27.825426 25.646338 23.648241 22.346994 21.888285 22.385763 23.854614 26.141745 28.404816 
32.205353 28.897295 27.804428 27.898479 28.777157 29.941597 29.632507 29.626589 29.898943 28.827429 28.471148 27.331545 27.183952 25.154745 24.646120 26.442236 31.989887 32.090706 28.628780 27.894630 28.436928 29.658995 29.825079 30.250313 30.059622 29.823708 28.678028 28.035089 27.994884 28.369921 29.232719 32.009930 26.981073 24.214945 22.769840 22.440971 23.240343 25.089596 27.565678 28.095215 
27.921885 27.030024 26.863953 27.615601 29.270247 32.142380 29.789188 29.567236 32.024498 27.951283 26.679703 27.170412 31.756031 25.738642 24.197342 25.089693 27.483257 28.572893 28.346621 28.209784 28.544281 29.144077 29.398697 29.739576 30.301023 32.177773 29.623629 28.729298 28.815153 29.545805 29.704405 30.030617 27.178457 24.795095 23.501274 23.341887 24.378674 26.876930 31.974594 29.307953 
25.602446 25.609531 26.181875 27.532970 29.485065 29.955717 28.682207 27.698318 27.194883 25.299385 24.147532 23.975914 24.620155 23.025482 22.518597 23.413973 25.308052 27.304239 28.987715 29.072878 29.405476 29.931799 29.808786 29.870710 30.093618 30.508860 29.824371 29.462816 30.010517 32.212086 30.871002 32.134586 27.983442 25.610773 24.431568 24.385626 25.389767 27.191698 29.011786 28.765377 
24.594454 24.918245 25.897247 27.981798 32.109829 30.381144 28.196125 26.369518 24.786312 23.083315 21.816490 21.145775 20.936033 20.523109 20.771444 22.000166 24.210087 27.369404 32.146996 30.634624 30.936172 32.264019 30.896524 30.703287 30.556221 30.797739 30.564682 30.173677 30.440205 31.092045 30.291742 29.788355 28.061981 26.410677 25.561974 25.712729 26.780382 28.536631 29.063528 28.948442 
24.602411 24.904446 25.778625 27.456442 29.913855 32.138107 28.367270 25.834478 23.675844 21.743513 20.224447 19.277134 18.848644 18.826286 19.461012 20.940121 23.343014 26.846895 32.145283 31.211735 32.302135 31.663673 31.602766 32.317032 31.455679 32.358398 32.322334 31.089764 31.310509 32.265118 30.263603 29.554081 29.086193 27.584995 26.886887 27.299810 28.650532 32.134644 30.635109 29.912161 
25.641031 25.651306 26.140089 27.253351 28.880976 30.135742 28.254999 26.103474 23.603975 21.325268 19.537039 18.380100 17.845493 17.962238 18.796492 20.348433 22.640787 25.588041 28.872561 30.607290 31.015593 31.249805 32.331398 31.615398 31.396299 32.344742 31.569328 31.330759 32.282448 30.800575 29.809607 29.940794 32.109665 28.982031 28.277420 29.030046 29.411009 30.848734 32.301247 31.016138 
27.983530 27.203569 27.053274 27.692282 29.199511 32.142349 29.391134 27.771198 24.586885 21.794304 19.708809 18.399366 17.812531 17.985147 18.904495 20.490269 22.619923 25.097792 28.064503 32.127510 30.676060 30.755716 31.438377 31.181372 30.935066 31.083681 31.074562 31.149981 30.660080 29.711811 29.095930 29.187880 29.743254 28.933434 29.230726 32.099007 29.978004 30.414034 32.305275 31.611097 
32.177776 29.278191 28.339857 28.282457 29.031544 30.226702 30.280060 32.023846 26.358767 22.892639 20.595741 19.214298 18.651636 18.854757 19.836359 21.536083 23.586838 25.298178 27.150063 29.055580 29.615923 30.433678 32.288982 31.442200 30.811672 30.753592 31.200809 32.307568 30.352085 29.153534 28.649668 28.917978 29.651382 28.771933 28.531553 29.120424 28.868456 29.391340 30.634787 32.292610 
30.831629 30.320410 29.765465 29.085457 29.375183 30.318769 30.317661 30.174372 27.000992 24.128996 21.986008 20.700766 20.214935 20.435835 21.533150 23.566431 26.139490 26.536331 27.202929 28.237759 29.161352 29.922453 31.028595 32.293930 30.891563 30.725735 31.437887 32.338753 30.154467 28.854269 28.450247 29.190243 32.081787 28.983505 28.022564 27.955795 28.002377 28.517019 29.425613 29.958637 
30.807743 32.273006 32.220287 29.845076 29.927494 32.221752 31.315130 32.228062 28.367060 25.816652 23.853817 22.776823 22.547586 22.585159 23.629332 26.346594 31.984800 28.596926 27.907110 28.551180 29.732182 29.928974 30.457029 31.162491 30.519382 30.631281 32.296062 32.302608 29.944818 28.670584 28.125805 28.301537 28.901855 28.078482 27.638676 27.697021 27.687576 28.268339 29.455790 29.054779 
30.111322 30.418236 29.952114 29.046190 29.157423 30.312952 31.306246 32.259445 29.364944 28.050184 26.014553 25.332256 25.940552 25.062807 25.263643 27.302481 32.065540 28.936470 28.296749 29.312452 32.175880 30.466623 30.521494 32.220100 30.240982 29.833858 30.247892 30.297182 29.567909 28.777071 28.152128 28.007275 28.168520 27.809240 27.909191 28.599451 27.866898 28.432228 31.994019 28.690105 
29.970407 30.162907 29.004263 28.156549 28.248684 29.433748 32.166119 30.373575 29.682205 31.996969 27.901257 27.774052 31.894745 27.640451 26.236578 26.575434 27.914169 27.716745 28.049892 29.135479 30.673019 30.072126 29.801710 29.888470 29.256838 29.078297 29.443443 29.945471 30.156288 29.737211 28.727991 28.509350 28.974953 28.204771 28.608641 31.962278 27.767500 26.622663 26.898851 26.010580 
30.499170 32.123878 28.652971 27.346697 27.266785 27.921721 28.714115 28.264200 27.863907 27.951416 26.842154 26.990429 28.461624 28.391937 26.575222 25.923445 26.324228 26.985979 28.069923 29.435261 32.179104 30.209452 29.587074 29.174278 28.766260 28.776367 29.435518 30.747309 32.277668 32.212898 29.532784 29.346315 32.040047 28.445251 27.383934 27.337339 25.685970 24.563438 24.065254 23.622013 
30.210672 28.954746 27.106157 26.330294 26.573278 27.292166 27.496321 27.125658 26.578142 26.128244 25.628046 25.906567 27.573673 31.867428 26.864838 25.394766 25.649952 26.921944 28.828724 29.273762 29.991657 29.870132 30.053717 29.453880 28.876520 28.844500 29.713034 32.204971 30.828712 30.016743 28.762930 28.273512 28.424540 27.177732 26.249836 25.438612 24.255228 23.213709 22.511835 22.124567 
32.020168 27.279434 25.507839 25.404745 26.569580 28.200161 27.872231 27.262281 26.342339 25.532051 24.811598 24.610918 25.118464 25.985270 24.740023 24.317112 25.135044 27.366079 32.028900 29.736908 29.548193 30.088005 32.209824 30.617710 29.460564 29.021437 29.275478 29.972969 29.690023 29.152763 28.248426 27.579779 27.236925 26.719694 26.175274 25.168764 24.016245 22.904167 22.111217 21.721172 
24.939249 23.636148 23.303944 24.377663 27.120047 32.090611 29.549791 28.764284 27.173330 26.022182 24.774654 23.910378 23.530107 23.418934 23.087082 23.330828 24.438091 26.449900 28.841867 29.005825 29.238674 29.608477 30.681284 32.220764 30.225662 29.524248 29.366755 29.629326 29.670462 29.661819 28.517984 27.682804 27.363960 27.464962 27.739367 26.336765 25.069923 23.719648 22.797180 22.416992 
20.234283 20.170492 20.873613 22.816849 26.469250 32.192673 30.371645 32.063896 28.621281 27.786211 25.629608 24.058662 23.005777 22.406731 22.261728 22.814287 24.167164 26.320753 28.844370 29.179226 29.722143 29.288601 29.559694 30.317463 30.577366 30.375130 30.005116 30.385355 30.563959 32.223759 29.498621 28.352484 28.212437 29.139902 32.042404 28.546955 27.484417 25.440994 24.359507 24.203777 
16.779453 17.201042 18.383770 20.728970 24.762331 31.890627 28.553118 28.299675 28.446011 31.914637 27.077042 25.022348 23.417320 22.425240 22.228243 22.912937 24.429647 26.995314 32.001133 30.036482 32.091999 29.199739 28.814438 29.778666 32.238449 32.260468 30.755751 32.211002 30.843267 32.238274 29.827019 29.035286 29.012793 29.802553 29.852421 29.348619 31.957668 27.378651 26.330318 27.159136 
14.241846 14.809191 16.070425 18.137058 21.031185 24.183264 24.573191 25.073540 25.896957 27.244143 26.827265 26.778437 24.549498 23.107203 22.802464 23.563711 24.972445 26.307499 27.866638 27.802505 28.148657 27.566021 27.738878 28.652191 29.884550 29.941978 29.419167 29.494333 29.229164 29.601347 29.445995 29.916025 29.961792 32.113411 29.122656 27.965128 27.928541 26.857012 27.601906 32.020493 
12.512412 13.099131 14.295580 16.057878 18.228605 20.337608 21.607044 22.691290 23.895376 25.385416 27.242069 31.836496 26.198292 23.984678 23.708651 24.900736 26.828699 26.572868 26.412054 26.178932 26.200134 26.312384 26.957172 28.226629 29.618477 29.112719 28.417963 28.070194 27.988953 28.415028 29.380322 32.127953 29.695795 29.004049 27.520355 26.480783 25.995981 25.695240 26.260923 27.685389 
11.632780 12.203441 13.329020 14.935343 16.825283 18.647293 20.113304 21.418926 22.785402 24.320662 25.968189 27.452606 25.576324 24.254902 24.479559 26.751040 31.993652 27.904272 26.205759 25.477106 25.348999 25.702366 26.727205 28.699011 32.169273 29.472305 28.089113 27.434069 27.318808 27.709188 28.501451 29.434217 28.604094 27.701954 26.554596 25.618322 25.056015 24.885607 25.238140 25.858807 
