4.570666 6.423403 10.030259 14.268538 12.960961 11.219433 9.408150 6.641839 4.187451 2.559113 1.768727 1.693244 2.278988 3.661645 6.219417 10.352368 15.511717 16.415394 18.073479 20.499584 22.761265 13.871227 8.145411 4.863726 3.436558 3.435750 4.577258 6.514904 8.451772 9.064415 9.712025 11.351247 15.060090 22.499662 14.113094 9.599495 7.771903 8.404374 11.375544 15.701132 
4.852212 6.957948 11.875928 22.253498 16.137564 14.091945 12.985197 8.627614 5.214520 3.158415 2.236377 2.179644 2.815455 4.183958 6.782361 11.822819 22.321814 18.445795 19.995874 22.881950 19.775068 12.947348 7.792374 4.797719 3.598033 3.898786 5.604983 8.640057 12.220848 11.794478 11.704762 12.301061 14.066067 15.602118 12.891422 9.768223 8.150765 8.862301 12.742276 22.436138 
5.241615 7.029675 10.718931 15.932772 17.774700 18.680111 22.346651 12.013284 6.845671 4.196393 3.167364 3.270994 4.093813 5.285080 7.109854 10.289609 15.002548 17.505241 22.879118 20.998129 22.520184 12.614543 7.391633 4.746057 3.897544 4.635232 7.203064 12.428061 22.416853 16.894545 15.936411 15.084421 16.158304 15.575409 14.883744 11.316415 9.072618 8.974398 10.962489 14.113991 
6.227684 7.711623 10.660748 15.435528 22.718361 22.804838 18.085005 12.630371 8.104951 5.415576 4.554333 5.213754 6.743073 7.768051 8.439599 9.833293 12.507963 16.167509 22.702385 17.671997 14.717228 9.907423 6.531940 4.764414 4.351911 5.348140 8.185915 13.693805 22.808500 19.902737 22.693596 18.730169 22.558836 18.332527 22.410751 14.399443 10.770908 9.911512 10.835870 11.591206 
8.348610 9.639762 11.572341 15.031371 19.317669 18.993027 16.876591 14.798084 9.866850 6.862790 6.315458 8.191266 11.958570 12.877270 11.595509 10.884286 11.893726 14.604921 17.989706 14.589406 11.217779 8.194137 6.265897 5.406062 5.302764 6.217044 8.694751 13.628939 22.610870 19.342779 19.811728 16.904089 16.178562 15.109138 16.366405 15.761181 12.572496 11.997076 13.771847 12.700257 
11.992269 13.793898 13.863070 16.537056 22.791832 19.337461 18.167482 22.307354 12.176566 8.142532 7.817898 11.464939 22.312395 22.564392 16.812817 13.121219 12.586101 15.174111 22.359156 14.059980 10.033656 7.917492 7.234378 7.440073 7.356911 7.753970 9.168585 11.944575 15.626631 17.321177 22.521156 15.481878 12.780980 12.269402 14.675539 22.235260 14.536880 14.550896 22.264664 15.585244 
16.667856 22.417986 16.409088 17.105551 22.796066 19.767435 16.622200 15.097812 10.899893 8.177110 7.722914 9.881912 14.523000 17.661783 22.450895 15.090262 13.194141 13.934394 14.842652 11.914712 9.712925 8.855129 9.772087 12.101433 11.296660 10.766016 10.921067 12.081363 13.272186 14.341292 15.451613 12.402472 10.074251 9.374907 10.448199 12.556253 11.326271 11.951778 14.648890 14.375858 
18.147432 17.379740 14.957580 15.331558 18.481129 22.611895 16.165495 13.259255 10.893682 8.589084 7.580690 8.358551 10.722767 13.423244 15.854248 14.394501 14.237732 15.476683 13.911715 11.960306 10.963252 10.805913 13.530320 22.335220 17.464954 15.741565 14.467854 15.080513 13.989348 14.200690 15.181600 11.465693 8.659179 7.576757 7.927984 8.833270 8.985755 10.033842 12.618701 15.611294 
22.853603 16.609003 13.715521 13.772564 15.717892 16.971432 14.948139 13.834814 13.705656 10.498480 8.361953 7.956569 9.314908 12.153559 15.755941 15.329947 16.885798 22.611679 16.288919 14.070399 14.344646 12.768466 13.863828 18.179873 22.794222 22.758982 18.851219 22.518450 16.362791 16.208664 22.251989 12.436282 8.338808 7.099283 7.541010 8.515574 8.482094 9.353733 12.874096 22.388010 
22.690697 15.196517 12.650076 13.506500 16.591322 17.352598 15.844583 16.428070 22.355770 14.139524 10.204114 8.576873 9.231504 12.901053 22.301435 17.118113 18.054377 22.748022 17.277931 16.598635 22.362930 14.981966 13.804290 16.166546 19.682388 19.414490 18.012163 17.663948 15.472507 14.737587 14.341875 10.349970 7.881852 7.581895 9.224802 11.774776 9.696099 8.662930 9.690724 12.406334 
13.638408 11.575047 11.269571 14.099112 22.548403 22.715975 17.624111 16.520597 17.724012 16.136839 12.525170 9.699841 8.914967 10.557652 14.189239 15.361397 17.979513 18.430721 16.128029 15.397061 16.290176 13.796168 13.200336 15.761199 22.641483 19.629591 18.818165 17.394281 16.117836 15.833775 12.743498 9.542415 7.973792 8.734173 12.563868 22.120995 12.354741 8.399287 7.263227 7.512703 
9.261093 9.061937 9.767082 11.901806 15.678762 17.677912 18.161604 17.226271 18.470747 22.691011 16.771122 11.559781 8.948675 8.969242 11.164301 14.839952 22.581688 19.388460 16.309563 15.568645 16.376303 13.787001 12.578284 13.862214 17.402956 20.048481 22.818708 19.817787 18.693613 22.505983 14.122313 9.978440 8.493775 9.454796 12.669186 16.618208 11.590322 7.651271 5.691495 5.072038 
7.827243 8.509634 9.822824 11.027902 13.299465 16.719023 22.742573 18.641375 18.847666 22.945004 22.728350 13.478186 9.055160 7.966753 9.395708 12.855088 18.065668 22.601595 17.036802 17.160814 22.616590 15.480821 12.677196 12.764438 15.670379 22.593931 20.278189 22.720984 18.850874 18.886755 14.000972 10.641409 9.421242 10.653145 14.561787 22.236835 12.062331 7.147712 4.820615 3.948271 
8.471878 10.148182 12.910942 12.110335 12.751787 15.832635 22.669960 18.381990 17.917297 19.353392 22.567663 13.068083 8.463394 7.098195 8.301748 11.749445 16.522913 16.496487 14.709805 16.037462 22.542101 15.648576 13.028839 11.976309 12.705254 14.763627 15.132879 16.452110 17.506908 22.506468 15.142668 12.100122 10.781245 11.931287 15.159652 14.355936 9.585979 6.166621 4.368797 3.688259 
10.220573 13.465421 22.269400 14.732629 12.850444 14.007313 16.588923 16.981810 17.823589 16.362478 14.721764 10.270276 7.177793 6.191415 7.526048 11.879594 22.156942 14.605435 12.038378 12.379077 14.545902 14.265390 14.853112 12.564749 11.470568 11.453749 11.849934 13.134538 14.789495 15.996099 14.648094 14.707038 12.518497 13.820041 22.122332 12.700038 8.010769 5.563858 4.577439 4.400943 
11.538283 13.860806 17.668812 14.527715 13.082067 13.902645 15.573244 18.013845 22.705816 16.231800 12.301775 8.737218 6.285611 5.370349 6.127548 8.507954 11.687718 10.293069 9.306090 9.766894 11.701346 14.793801 22.331470 15.002017 12.301750 10.856484 10.785361 12.461866 15.369071 14.710965 15.494315 22.223734 13.439142 11.184150 11.707804 8.624107 6.352192 5.449268 5.763713 6.651304 
13.448154 15.503055 22.412634 15.549713 14.260029 16.153648 16.834234 19.482265 22.772627 16.166380 12.265009 8.755888 6.315472 5.184442 5.399558 6.700007 8.202214 8.209103 7.967867 8.610948 10.580784 13.566264 16.376907 15.578407 14.904932 12.025705 11.122047 13.561866 22.218765 14.753274 13.019498 13.465489 10.309120 8.230412 7.251317 5.973980 5.379983 6.055595 8.282648 11.687842 
16.177168 14.940368 15.296370 13.792893 15.295213 22.488304 18.965403 22.698359 18.954147 15.986092 14.580169 10.363605 7.466167 5.932737 5.831863 6.995572 8.616034 8.971687 8.506518 9.028119 11.382403 15.320992 16.616686 18.730385 22.464384 14.216771 11.158572 11.244202 13.206093 11.738361 11.125770 10.880611 8.668941 6.596023 5.317033 4.716239 5.146295 7.137498 11.727957 22.321941 
22.766731 15.546323 12.786530 12.016163 13.474024 16.419973 16.267876 17.158596 16.758781 16.877661 22.294735 13.249916 9.710108 7.552376 7.262626 9.145064 12.701653 13.110584 10.805740 10.479608 13.466456 22.371979 18.625792 22.626060 18.129375 13.996010 11.063650 10.019197 10.397529 10.750673 11.717364 12.935306 9.447590 6.488265 4.829003 4.436488 5.371001 7.764369 11.483186 15.160928 
22.644390 14.334467 11.239579 11.112825 13.188624 16.175207 15.388174 15.636497 16.772789 15.063495 15.031784 13.081371 13.014273 9.642315 8.816677 11.976310 22.322697 22.417847 13.843409 11.473370 12.374018 15.161213 15.248111 16.384474 15.881795 15.423882 12.157719 10.465275 10.652948 12.127645 14.866353 22.237251 12.196287 7.365066 5.169327 4.845951 6.226845 9.350675 13.670065 14.052848 
12.971627 10.542601 9.665659 11.068873 14.967165 22.430868 16.391916 16.108053 22.298782 14.247394 12.202313 13.465899 21.991077 11.503167 8.684832 9.921872 13.735738 14.973578 13.332367 12.135550 12.379626 13.471206 13.741541 14.560682 16.390739 22.399324 14.722802 12.200915 12.722943 15.182312 16.043991 17.674191 12.187848 7.922463 5.796364 5.667820 7.562016 12.131244 22.212990 15.893070 
8.199569 7.866356 8.659072 11.414066 15.858691 17.141497 14.326261 12.772371 12.791989 9.970202 8.590788 8.947218 10.563622 7.912546 6.742448 7.645774 10.159378 12.864542 15.132543 14.370737 14.644263 15.701962 14.878021 14.857973 15.576654 17.042976 15.023296 14.034746 15.898623 22.558371 19.020046 22.478140 13.448785 8.795349 6.739062 6.767888 8.601045 11.865965 15.049411 13.998202 
6.217836 6.643520 8.398295 12.798318 22.416456 18.382877 13.791346 10.664858 8.734417 6.797382 5.656318 5.406450 5.570620 4.915648 4.842590 6.051619 8.868777 13.758900 22.570398 18.434694 19.056963 22.682745 18.302856 17.569584 17.060417 17.917572 17.285292 16.118336 17.094963 19.320662 17.274502 16.350666 12.902822 9.664673 8.131047 8.572091 10.790735 14.315792 14.754330 13.977358 
6.204844 6.582873 8.091593 11.523851 17.145542 22.519457 14.543414 10.162562 7.280523 5.199166 3.929011 3.360092 3.195243 3.114502 3.542224 4.962166 7.888651 13.161139 22.624430 20.169403 22.832125 20.943245 20.686724 22.813648 20.047892 22.946339 22.835176 18.976841 19.789505 22.694048 17.015516 15.369383 14.888417 11.625666 10.280357 11.331404 14.385965 22.469656 18.453121 16.237875 
8.224409 7.897575 8.506711 10.730325 14.496667 17.889402 14.334015 10.887950 7.516919 4.948759 3.330807 2.501459 2.207081 2.292183 2.901339 4.309384 6.832714 10.790216 16.051012 18.918036 19.288645 19.700228 22.872221 20.494028 19.706181 22.886770 20.402576 19.677505 22.722435 18.281183 15.391593 16.001287 22.329128 14.490827 12.891311 14.868483 15.580122 19.066832 22.833502 19.172827 
13.062724 10.894572 10.091487 11.228063 14.871618 22.486839 16.629562 14.194674 9.390225 5.810138 3.634521 2.518768 2.122802 2.263438 2.978289 4.393281 6.578372 9.607881 14.294420 22.465555 18.125113 18.104397 20.060093 18.893404 17.887972 18.438223 18.515881 19.029593 17.693378 14.835841 13.147978 13.651499 15.588377 13.777673 14.718077 22.312220 16.611759 17.693907 22.836634 20.897554 
22.559061 15.248219 12.644280 12.181803 14.013544 17.338688 17.963528 22.385027 12.469728 7.367428 4.600147 3.242503 2.791089 2.989574 3.894262 5.577674 7.710256 9.306793 11.626280 14.727036 15.262164 17.246771 22.738604 19.843641 17.467365 17.279047 18.943115 22.782934 16.813581 13.208723 11.853012 12.877276 15.276508 13.131367 12.564569 14.133636 13.440565 14.769643 18.234447 22.807091 
18.636501 17.522305 15.992210 13.922944 14.637437 17.483677 17.943914 18.506117 13.176517 8.841207 6.059172 4.677985 4.293493 4.529685 5.750047 8.324236 11.714599 10.914878 10.992386 12.375624 13.920246 15.654808 18.902205 22.731894 17.881104 17.315323 19.865597 22.893219 16.284271 12.441643 11.375452 13.747961 22.201159 13.795274 11.203845 11.039729 11.201711 12.591947 15.020858 16.652233 
18.288774 22.727591 22.593891 15.888225 16.107866 22.610170 20.344011 22.764402 15.387373 11.195100 8.297821 7.044086 6.984256 6.919325 8.240940 12.488400 22.323565 14.320195 11.999223 12.945300 15.499415 15.553999 16.983070 19.155327 16.827959 17.175564 22.736679 22.786598 15.705209 12.006212 10.602865 11.380780 13.444083 11.418810 10.422755 10.671409 10.841274 12.430314 15.433375 14.768306 
16.117641 17.225264 16.134590 13.678411 14.039512 17.371872 20.212641 22.792879 16.868698 14.793820 11.302755 10.460794 11.835714 10.094339 10.065193 13.407084 22.394680 14.653777 12.685487 14.927919 22.456341 17.063459 17.138601 22.498810 15.983204 14.639980 16.177362 16.535009 14.507751 12.382099 10.802702 10.732944 11.527529 10.938016 11.395553 13.386021 12.075273 13.790218 22.201822 14.966938 
15.861234 16.643116 13.827641 11.700533 11.989852 15.205750 22.505980 18.212570 16.853819 22.273640 14.152147 14.081665 22.163473 13.939587 10.939376 11.087962 13.108051 11.853906 12.065775 14.397103 18.176786 15.831523 14.741335 14.959552 12.840968 12.291919 13.577459 15.369197 16.301813 15.274133 12.608102 12.260098 13.899864 12.324460 13.690317 22.094803 13.026155 11.048845 12.140131 10.435965 
17.841570 22.410877 13.828216 10.467360 10.118155 11.728147 13.910891 13.068529 12.491363 13.164229 11.319013 11.880513 14.987536 14.963025 11.207875 9.516039 9.744342 10.438881 12.289167 15.268693 22.460121 16.222178 14.061916 12.696966 11.336381 11.382090 13.566646 17.904510 22.716702 22.552963 15.034378 14.694443 22.168495 13.507602 11.519295 12.240048 9.369140 7.759485 7.324031 6.697313 
17.854668 15.702876 11.447277 9.314508 9.393041 10.638936 11.087633 10.464865 9.662981 9.230870 8.719069 9.696676 13.292628 22.059378 11.964514 8.691124 8.683458 10.743405 14.305000 14.675102 16.141382 15.335191 15.673266 13.624763 11.753091 11.653723 14.470210 22.474005 18.455889 16.227367 12.923278 11.942111 12.962628 10.600163 9.261846 8.476721 6.948569 5.701489 5.001803 4.592709 
22.455137 13.637228 9.787768 8.933920 10.506546 13.290742 12.251505 10.967596 9.348926 8.165291 7.334951 7.483801 8.880369 10.840864 8.339851 7.161469 8.238578 12.314957 22.229364 15.819096 14.858593 16.225197 22.505779 17.435917 13.658125 12.276847 13.134219 15.489437 14.843754 13.642295 11.428574 10.102005 9.875057 9.427261 9.137926 8.019011 6.635161 5.333325 4.488942 4.106434 
11.861144 9.163131 7.839800 8.899511 13.190681 22.455149 16.457951 14.671576 11.461551 9.497333 7.593338 6.523417 6.300585 6.401496 5.739861 5.793437 7.334254 10.635731 14.899570 14.252479 14.215394 14.998394 18.140518 22.545591 16.220177 13.902956 13.455853 14.358068 14.709806 15.064726 12.150433 10.253199 9.973979 10.945361 12.536716 10.378421 8.625481 6.714531 5.560730 5.192117 
6.308418 5.711218 5.961330 8.160721 13.403029 22.767126 18.915920 22.412226 15.051240 13.438498 9.573036 7.119788 5.659046 4.898413 4.604443 5.210200 7.131234 10.608051 15.044511 14.948716 15.775589 14.373089 15.045924 17.111166 17.536316 16.746468 15.598162 16.825945 17.534899 22.576811 14.915740 11.917230 11.853353 14.673472 22.273970 14.891798 13.218143 9.622146 8.001581 7.983155 
3.337802 3.438984 4.274946 6.679012 11.857759 22.337973 16.136185 15.403810 15.306846 22.156252 12.661310 9.079860 6.522276 5.023487 4.651378 5.512513 7.784197 12.201107 22.244392 17.444050 22.325853 14.619579 13.435369 15.919830 22.638554 22.678572 18.238598 22.533363 18.606056 22.630522 15.815388 13.696105 13.851076 16.297972 16.854549 16.079590 22.177607 12.976048 11.174125 13.041900 
1.748695 1.996968 2.775482 4.469549 7.353059 10.858791 10.253602 10.208812 10.995213 13.214608 12.250805 12.393163 8.564736 6.131979 5.560452 6.604544 8.679777 10.639413 13.238521 12.537503 13.005216 11.080493 11.079785 13.180223 16.256859 16.194019 14.551206 14.801513 14.074805 15.121119 14.715275 16.136141 16.435278 22.370138 15.188515 12.772548 13.106513 11.290904 13.085235 22.339827 
0.935729 1.156070 1.716920 2.760389 4.274666 5.794356 6.233920 6.726300 7.825332 9.926379 13.131063 22.049006 11.510263 7.574742 7.033956 8.945696 12.114145 10.931585 10.032474 9.059156 8.704515 8.473628 9.574772 12.336286 15.600286 13.903791 11.789040 10.815685 10.610668 11.803593 14.574836 22.349173 15.970021 14.558269 11.331964 9.377729 8.764074 8.533649 9.927649 12.945689 
0.593847 0.772834 1.189505 1.898371 2.842755 3.761738 4.346308 5.008069 6.170704 8.101462 10.757668 13.571174 10.201192 7.919257 8.345284 12.406842 22.306120 13.426130 9.495872 7.638432 7.004002 7.348740 9.313097 13.829340 22.486223 14.860544 10.911601 9.137618 8.831534 9.907141 12.181145 15.004552 13.123688 11.262352 9.036637 7.449575 6.767267 6.793144 7.723684 9.058921 
