21.567139 22.723581 24.893440 27.226543 26.670044 25.523819 23.879211 21.369112 18.876245 16.993502 15.935914 15.819433 16.621927 18.296530 20.832977 24.147320 27.705383 28.713882 29.641382 30.562229 31.324945 25.976894 22.091211 19.579773 18.427717 18.545263 19.748035 21.674892 23.644188 24.805029 25.693350 26.758022 28.404755 31.290051 27.931227 26.012451 25.156744 25.415140 26.686489 28.512362 
21.900183 23.181215 25.908447 31.111252 28.279272 27.056250 25.923429 22.686613 19.758091 17.695147 16.601942 16.507481 17.330357 18.926420 21.392197 25.065042 31.122061 29.656376 30.361912 31.424744 29.696512 25.543499 22.014128 19.711336 18.725634 19.036776 20.514452 22.967461 25.740101 26.253872 26.693213 27.229242 28.049669 28.666931 27.505190 26.126160 25.367685 25.658854 27.300503 31.255276 
22.441809 23.534445 25.610020 28.302706 29.144583 29.486252 31.099199 24.878977 21.183924 18.918159 17.867744 17.888897 18.756487 20.177792 22.081274 24.635931 27.688833 29.133051 31.430796 30.604385 31.205906 25.519264 22.046818 20.016537 19.294769 19.851587 21.768171 25.258959 31.151733 28.852118 28.620434 28.435341 28.906694 28.685143 28.316908 26.795849 25.832045 25.782661 26.623222 27.951344 
23.372513 24.238495 25.867830 28.209953 31.357866 31.383274 28.988829 25.627552 22.518587 20.417206 19.552599 19.914621 21.121010 22.298714 23.443142 24.887936 26.732634 28.609991 31.350332 29.058542 27.378931 24.384260 21.973270 20.503605 20.086716 20.796919 22.783653 26.247730 31.362528 30.246161 31.365908 29.886343 31.319757 29.712482 31.253681 28.055567 26.558090 26.213522 26.626337 26.984945 
24.780993 25.503792 26.590549 28.225977 30.039423 29.872856 28.671450 27.148993 24.108248 22.051706 21.496965 22.533367 24.851761 25.763002 25.682924 25.909138 26.765209 28.089586 29.395515 27.749825 25.853827 23.845213 22.313358 21.427748 21.241709 21.930338 23.638956 26.613174 31.295410 30.108521 30.317150 29.196350 28.874725 28.416687 28.874109 28.626276 27.294592 27.063049 27.826511 27.454685 
26.766352 27.582851 27.822411 28.999868 31.406712 30.103485 29.538797 31.139702 25.893805 23.518812 23.185232 25.178045 31.087765 31.246700 28.665844 27.344425 27.349163 28.481611 31.225365 27.634296 25.553844 24.134050 23.340714 23.093031 22.974207 23.377615 24.489714 26.295862 28.397596 29.281094 31.302374 28.569901 27.430527 27.152788 28.062878 31.160572 27.950466 27.973263 31.181158 28.571871 
28.960041 31.260233 29.099974 29.408646 31.422249 30.301691 29.028994 28.183193 25.833164 24.213688 23.851053 25.036476 27.584024 29.172146 31.255194 28.463644 27.815168 28.126091 28.402332 27.007376 25.770094 25.067347 25.154676 25.964039 25.519142 25.424263 25.823730 26.733320 27.582472 28.171402 28.575617 27.249249 26.145247 25.721605 26.060013 26.903915 26.371824 26.707979 27.923250 27.947159 
29.717953 29.549910 28.770023 28.942389 30.022079 31.357687 28.951971 27.595903 26.210213 24.873116 24.257162 24.709526 26.015400 27.446474 28.699471 28.302883 28.324615 28.769480 28.137840 27.242311 26.622681 26.386774 27.424473 31.172358 28.842297 28.141335 27.780466 28.250788 28.044230 28.183640 28.442780 26.726776 25.355911 24.705214 24.729038 25.050211 25.101591 25.596907 26.856953 28.365341 
31.440956 29.295668 28.350105 28.431351 29.114443 29.493319 28.687881 28.052958 27.618713 25.988207 24.921444 24.731668 25.488472 26.919106 28.656090 28.673016 29.301218 31.352503 29.101833 28.220747 28.176449 27.552814 28.003586 29.737967 31.401051 31.385313 29.901260 31.309414 29.110184 29.031536 31.188677 27.028524 25.068930 24.344864 24.404596 24.722687 24.566051 24.897661 26.562370 31.164223 
31.373640 28.705193 27.870285 28.254097 29.373356 29.648556 29.115807 29.225668 31.232832 27.710798 25.900270 25.127823 25.464148 27.147387 31.195621 29.294331 29.716869 31.407366 29.560257 29.299538 31.266787 28.664330 28.273098 29.161089 30.393515 30.335848 29.836287 29.736143 28.916813 28.505974 28.073242 26.156223 24.851007 24.533310 25.154118 26.153370 24.852053 24.041759 24.354639 25.579710 
27.845873 27.167671 27.190964 28.310415 31.337320 31.403717 29.763681 29.358011 29.633902 28.715820 27.018120 25.661505 25.268936 26.032021 27.723118 28.448044 29.652946 29.965874 29.239086 29.007492 29.295242 28.427547 28.222651 29.102657 31.380465 30.433943 30.172607 29.686218 29.177536 28.888775 27.430019 25.849657 24.934784 25.115732 26.754025 31.037678 25.823326 23.363556 22.413568 22.327419 
26.018612 26.066147 26.506006 27.465202 28.939390 29.711456 29.958775 29.671041 30.043108 31.365438 28.819759 26.407686 25.151871 25.165361 26.225122 27.984713 31.317110 30.298697 29.285109 29.058348 29.336342 28.476635 28.069342 28.509752 29.673563 30.551216 31.439871 30.475821 30.080923 31.305511 27.929079 26.054445 25.235041 25.507183 26.796461 28.287529 25.123779 22.467508 20.943087 20.325584 
25.375937 25.768669 26.477777 27.130478 28.107351 29.375824 31.415600 30.166412 30.208063 31.476446 31.356234 27.138405 24.990425 24.440754 25.198429 26.927048 29.346323 31.332943 29.382351 29.466728 31.367823 29.014072 28.087324 28.122776 29.084463 31.361910 30.584536 31.402512 30.086376 29.964025 27.912088 26.380924 25.683603 26.057501 27.657530 31.056608 25.072704 21.774599 19.960533 19.188244 
25.673128 26.435692 27.682089 27.613859 27.991030 29.128368 31.394133 30.076479 29.851856 30.198833 31.287289 26.822695 24.468857 23.738207 24.377804 26.200056 28.648417 28.832455 28.292439 28.879740 31.322685 28.987982 28.145149 27.812941 28.043472 28.710028 28.839800 29.271370 29.609787 31.306599 28.395416 27.015154 26.236761 26.552231 27.735458 26.691620 23.472046 20.933554 19.425192 18.768282 
26.478205 27.795521 31.220606 28.670961 28.129324 28.616386 29.486410 29.599195 29.731621 28.886578 27.815611 25.420601 23.643681 22.998154 23.686066 25.979713 31.078730 27.919495 27.022503 27.301218 28.252621 28.333340 28.697100 27.959440 27.585938 27.556929 27.680578 28.097158 28.634373 28.934458 28.251625 28.067612 26.855362 27.218300 31.003017 25.525766 22.370886 20.465851 19.528442 19.243237 
27.141958 28.066097 29.595770 28.655729 28.257872 28.627403 29.194784 29.957672 31.384420 28.663313 26.655560 24.579403 23.020967 22.334873 22.722500 24.098957 25.981588 25.737801 25.631256 26.070433 27.046934 28.397299 31.253685 28.761074 27.831524 27.297623 27.247829 27.819128 28.800474 28.408262 28.580284 31.138678 26.917864 25.481112 25.261868 23.073183 21.356316 20.478569 20.469137 20.922878 
27.963964 28.750641 31.284195 28.999149 28.638151 29.324677 29.570217 30.403013 31.400187 28.591953 26.593697 24.517351 22.922857 22.087307 22.169527 23.046503 24.149038 24.595552 24.870726 25.478575 26.524523 27.898619 29.107754 28.929485 28.701006 27.682613 27.328087 28.150351 31.202576 28.282803 27.385336 27.161911 25.217007 23.675474 22.637970 21.477144 20.836227 21.104902 22.380814 24.395227 
29.018940 28.553610 28.736664 28.281078 28.876160 31.325907 30.191338 31.390152 29.947329 28.576143 27.644680 25.257057 23.456724 22.411297 22.311230 23.122499 24.305508 24.922621 25.109442 25.654982 26.850571 28.584900 29.211826 30.010498 31.309042 28.423212 27.312164 27.269466 27.849001 27.103323 26.536158 25.927525 24.290636 22.671764 21.472305 20.788818 20.888157 22.095005 24.890388 31.060150 
31.403027 28.689404 27.691088 27.507738 28.122442 29.210827 29.184597 29.415880 29.131021 28.983694 31.140287 26.587923 24.569155 23.201569 22.992077 24.160091 26.353838 26.924910 26.233963 26.357626 27.744877 31.258047 30.006901 31.370998 29.863705 28.377764 27.297894 26.828653 26.841293 26.771559 26.862883 26.884089 24.640373 22.582714 21.264709 20.806839 21.304554 22.831442 25.177847 27.498148 
31.327295 27.976538 26.850056 26.955822 27.872845 29.064545 28.765699 28.760599 29.034460 27.942621 27.570141 26.407736 26.248125 24.166521 23.628294 25.467661 31.107466 31.211700 27.710598 26.968145 27.533012 28.786169 28.958076 29.383902 29.191175 28.941179 27.756697 27.081720 27.041376 27.440844 28.320425 31.128157 26.004473 23.177122 21.686560 21.358763 22.172592 24.083357 26.630909 27.191263 
26.958780 26.055147 25.887220 26.659149 28.367830 31.266762 28.915344 28.688623 31.147240 27.045334 25.745937 26.244038 30.871355 24.764200 23.183998 24.105715 26.550026 27.667765 27.441349 27.307453 27.652340 28.258589 28.517862 28.873011 29.438328 31.302673 28.725838 27.818167 27.907417 28.649570 28.821766 29.141176 26.217840 23.769901 22.421513 22.258760 23.344408 25.908909 31.094473 28.436117 
24.565321 24.575531 25.160934 26.573452 28.598114 29.081573 27.798820 26.790134 26.266153 24.337532 23.146681 22.973997 23.633354 22.006876 21.489584 22.400288 24.344090 26.382435 28.098618 28.187164 28.529690 29.067274 28.950922 29.014397 29.239502 29.653534 28.951498 28.577253 29.140507 31.339146 30.038694 31.258724 27.046646 24.597744 23.394640 23.349909 24.372179 26.238245 28.129736 27.885735 
23.495493 23.853930 24.868000 27.037010 31.232721 29.523901 27.301382 25.427315 23.814568 22.072184 20.772614 20.079384 19.867855 19.450735 19.701107 20.965466 23.223560 26.441158 31.271370 29.795296 30.110907 31.393387 30.066887 29.856569 29.714031 29.952124 29.712070 29.324287 29.601652 30.268089 29.442982 28.912489 27.136889 25.432629 24.542831 24.707548 25.814772 27.620754 28.180593 28.069679 
23.505241 23.840050 24.750383 26.495899 29.026075 31.262804 27.476425 24.888916 22.671711 20.698835 19.154570 18.185318 17.742149 17.718550 18.371212 19.871578 22.335245 25.914101 31.270594 30.391739 31.432989 30.836758 30.777229 31.447107 30.629913 31.486723 31.451582 30.269106 30.492975 31.394062 29.399330 28.673754 28.176662 26.630463 25.924101 26.344879 27.736801 31.259350 29.792242 29.063103 
24.608942 24.620293 25.130560 26.291624 27.977076 29.259306 27.365154 25.159233 22.600105 20.259371 18.452839 17.255680 16.732517 16.844379 17.684563 19.278542 21.630877 24.639145 27.992769 29.773123 30.192360 30.431217 31.462515 30.788441 30.576193 31.475132 30.748587 30.513273 31.411867 29.944447 28.938406 29.069101 31.232569 28.070848 27.355556 28.123968 28.528719 30.015463 31.430218 30.190641 
27.034775 26.234825 26.088156 26.739193 28.299255 31.266863 28.513990 26.860119 23.617132 20.763262 18.632280 17.274721 16.697783 16.865801 17.798319 19.418808 21.608009 24.140802 27.157173 31.253084 29.838217 29.939137 30.619356 30.360596 30.116901 30.269279 30.256136 30.327209 29.808577 28.836750 28.203224 28.293325 28.864929 28.029129 28.323364 31.220993 29.101608 29.551046 31.432949 30.784824 
31.301207 28.373188 27.424454 27.368895 28.136938 29.361555 29.428621 31.147104 25.427483 21.885036 19.529661 18.120579 17.536255 17.748461 18.754969 20.482481 22.577753 24.339413 26.229429 28.169031 28.754963 29.590185 31.419594 30.623150 29.991991 29.934690 30.384996 31.436440 29.480082 28.253838 27.746006 28.015343 28.767347 27.864212 27.613422 28.208235 27.966978 28.503698 29.767670 31.420097 
30.001911 29.451141 28.888044 28.194324 28.497257 29.461994 29.480421 29.319006 26.090008 23.155212 20.959112 19.632055 19.143723 19.363594 20.482248 22.555607 25.184742 25.588081 26.273794 27.341625 28.285444 29.074549 30.208187 31.425179 30.072693 29.903307 30.618567 31.466402 29.275747 27.950104 27.530725 28.273809 31.202482 28.066149 27.077173 27.005705 27.073986 27.613640 28.542137 29.089098 
29.981148 31.400629 31.346174 28.974451 29.058207 31.349415 30.490042 31.355270 27.482534 24.866901 22.855522 21.764851 21.533865 21.570908 22.621078 25.406496 31.104259 27.686552 26.998964 27.658298 28.864853 29.077196 29.620516 30.342968 29.684103 29.784288 31.424007 31.428776 29.068611 27.759129 27.171869 27.362837 27.976337 27.135410 26.684603 26.745001 26.737482 27.354372 28.578899 28.168982 
29.270187 29.568563 29.083382 28.161610 28.273657 29.453527 30.479250 31.386665 28.487295 27.145336 25.065825 24.372662 24.991560 24.099838 24.300516 26.373159 31.186651 28.027323 27.396111 28.433876 31.301916 29.611265 29.668327 31.347544 29.373686 28.963568 29.374060 29.421116 28.675283 27.865616 27.197849 27.051779 27.224964 26.854305 26.956623 27.671661 26.925987 27.506937 31.112829 27.776905 
29.123226 29.303408 28.121265 27.256760 27.347086 28.556892 31.291603 29.508055 28.798365 31.117393 26.976398 26.846985 31.012918 26.715094 25.284651 25.621365 26.985296 26.792194 27.142622 28.243149 29.817814 29.210096 28.933531 29.015574 28.361204 28.185163 28.549171 29.067768 29.283480 28.849751 27.808712 27.581213 28.054811 27.268673 27.675817 31.079052 26.825737 25.653963 25.920187 25.021524 
29.658253 31.249294 27.749784 26.416719 26.320852 27.000690 27.800720 27.351318 26.942293 27.019440 25.883862 26.037245 27.545212 27.477097 25.616846 24.951632 25.362556 26.033102 27.158377 28.557875 31.305159 29.340067 28.702450 28.283028 27.871199 27.879444 28.532366 29.879637 31.403954 31.336876 28.625301 28.428696 31.159077 27.508755 26.417194 26.368027 24.666082 23.534138 23.022694 22.546949 
29.357777 28.078693 26.192736 25.388926 25.628656 26.344069 26.552362 26.174995 25.620869 25.156521 24.633741 24.929808 26.633707 30.982801 25.896397 24.381643 24.657118 25.964149 27.920137 28.389360 29.128603 29.003345 29.183905 28.556704 27.980087 27.948149 28.824137 31.330271 29.971872 29.138664 27.853445 27.343657 27.491837 26.209730 25.259537 24.413836 23.209818 22.128262 21.424622 21.023788 
31.143772 26.381254 24.574856 24.466442 25.636681 27.281193 26.948957 26.311344 25.375771 24.528563 23.794592 23.591970 24.101021 24.990030 23.716484 23.284283 24.118599 26.423357 31.149792 28.867929 28.678205 29.223034 31.335802 29.742123 28.563416 28.127987 28.383198 29.100140 28.806065 28.256678 27.325775 26.625113 26.276423 25.746414 25.173916 24.143675 22.964693 21.818171 21.013544 20.589630 
24.027061 22.703432 22.360073 23.441910 26.211411 31.213785 28.670391 27.854631 26.218801 25.045195 23.756960 22.875681 22.459257 22.342413 22.004610 22.253714 23.417315 25.487038 27.932556 28.116980 28.355635 28.735109 29.821688 31.346399 29.349165 28.636251 28.478247 28.743687 28.786150 28.775913 27.601988 26.730589 26.406815 26.501694 26.785332 25.355715 24.045822 22.656300 21.711407 21.329659 
19.271969 19.200386 19.899744 21.876013 25.565439 31.318464 29.527832 31.187660 27.714537 26.853907 24.645714 23.030315 21.925583 21.326143 21.180613 21.733694 23.143915 25.353788 27.933149 28.289860 28.849903 28.402750 28.679993 29.446444 29.713600 29.501873 29.130896 29.511606 29.697117 31.348171 28.595730 27.432516 27.289337 28.226614 31.162535 27.626152 26.536217 24.422628 23.335331 23.177715 
15.790669 16.220013 17.409658 19.779327 23.850510 31.013235 27.686766 27.429653 27.568388 31.033964 26.129705 24.007814 22.363155 21.345440 21.147444 21.831242 23.405487 26.030090 31.119884 29.152641 31.214184 28.299189 27.912077 28.900497 31.364197 31.386421 29.894388 31.336212 29.990891 31.363297 28.944836 28.133852 28.110802 28.920877 28.973133 28.461670 31.075806 26.431431 25.364151 26.203518 
13.250208 13.818135 15.078449 17.166641 20.084435 23.260691 23.646101 24.144735 24.965353 26.324999 25.884844 25.819468 23.525513 22.034510 21.721878 22.511642 23.951752 25.334354 26.927990 26.847780 27.205717 26.606760 26.784344 27.743502 29.009811 29.064814 28.517305 28.593761 28.323778 28.702440 28.549799 29.038771 29.084175 31.235924 28.208979 27.033766 26.989513 25.895456 26.663670 31.138685 
11.517750 12.100015 13.295548 15.064793 17.248116 19.364433 20.628334 21.706879 22.932449 24.438820 26.317598 30.952501 25.219582 22.956501 22.669634 23.875515 25.855352 25.604939 25.432615 25.165285 25.176764 25.298473 25.988743 27.299681 28.729715 28.209108 27.487926 27.112516 27.027973 27.480856 28.464796 31.250412 28.811810 28.089336 26.553099 25.495586 24.975567 24.673183 25.276779 26.731440 
10.645632 11.206855 12.325533 13.925734 15.817232 17.658630 19.128620 20.432863 21.796865 23.357540 25.016993 26.516844 24.598244 23.235189 23.457485 25.782753 31.110977 26.967409 25.208233 24.455980 24.326859 24.680439 25.748932 27.772383 31.291777 28.568197 27.132244 26.475824 26.358660 26.747961 27.571922 28.522148 27.686893 26.746447 25.573254 24.596800 24.034424 23.863600 24.215893 24.836174 
