0.002419 0.003452 0.003993 0.195275 0.007385 0.006849 0.004627 0.002639 0.001351 0.000587 0.000274 0.000318 0.000765 0.001802 0.003168 0.003580 0.136396 0.047849 0.047576 0.048016 0.173997 0.002642 0.002421 0.001450 0.000745 0.000701 0.001234 0.002032 0.002741 0.003403 0.004319 0.005950 0.006300 0.213784 0.006027 0.005679 0.004873 0.005595 0.006498 0.017097 
0.001970 0.002682 0.002718 0.183210 0.007000 0.006965 0.004792 0.002831 0.001740 0.000871 0.000458 0.000469 0.000821 0.001553 0.002445 0.002496 0.254632 0.049246 0.049231 0.263369 0.077558 0.003013 0.002419 0.001435 0.000807 0.000884 0.001525 0.002298 0.003154 0.004167 0.005496 0.008311 0.011375 0.105532 0.010909 0.007858 0.005504 0.005066 0.005326 0.133489 
0.002062 0.002908 0.004109 0.005734 0.007236 0.007390 1.830761 0.002688 0.002523 0.001464 0.000893 0.000906 0.001200 0.001697 0.002304 0.002394 0.002932 0.022997 0.091432 0.054097 0.194276 0.002037 0.001972 0.001223 0.000823 0.001060 0.001710 0.002136 0.050685 0.004839 0.005620 0.008548 0.011495 0.105457 0.011026 0.008431 0.006267 0.005588 0.006347 0.008652 
0.003003 0.003901 0.005451 0.005699 0.087072 0.161337 0.007434 0.006114 0.004378 0.002452 0.001615 0.001633 0.001817 0.002142 0.002362 0.002427 0.002880 0.004892 0.108733 0.012959 0.001640 0.001650 0.001578 0.001095 0.000875 0.001203 0.001870 0.001987 0.166187 0.129555 0.140541 0.140615 0.768756 0.136126 0.136793 0.006904 0.006798 0.006487 0.006912 0.008403 
0.004522 0.005517 0.007993 0.008404 0.084760 0.036024 0.007330 0.006174 0.004550 0.002926 0.002262 0.002273 0.001996 0.002304 0.002348 0.002407 0.002824 0.003245 0.098760 0.003021 0.001568 0.001517 0.001433 0.001068 0.000907 0.001357 0.002363 0.002933 0.061309 0.037401 0.135970 0.006535 0.006225 0.005698 0.005567 0.006929 0.007335 0.007025 0.006981 0.008527 
0.005242 0.005659 0.010157 0.010300 0.387980 0.046454 0.046499 0.427787 0.002771 0.002711 0.002572 0.002731 0.087681 0.096195 0.002379 0.002403 0.002709 0.002833 0.114091 0.001685 0.001468 0.001360 0.001238 0.001009 0.000961 0.001907 0.005350 0.009376 0.015021 0.015249 0.408559 0.006324 0.006105 0.005435 0.005461 0.128349 0.291027 0.291067 0.624326 0.064219 
0.036872 1.243079 0.061384 0.061250 0.044021 0.045715 0.013644 0.013368 0.005939 0.003433 0.003083 0.003034 0.003282 0.003304 0.056384 0.002676 0.002724 0.002770 0.114081 0.001469 0.001397 0.001268 0.001165 0.001011 0.001006 0.006622 0.012316 0.013668 0.014745 0.015762 0.211076 0.007121 0.006002 0.004633 0.004068 0.003901 0.006685 0.009288 0.009959 0.019274 
0.034939 0.014890 0.016518 0.018334 0.018388 0.696438 0.013391 0.013311 0.006667 0.003759 0.003294 0.003236 0.003198 0.003189 0.003248 0.002997 0.002782 0.002800 0.102790 0.001370 0.001335 0.001265 0.001256 0.014819 0.006393 0.007160 0.012775 0.013777 0.014729 0.015766 0.210959 0.006129 0.005008 0.003605 0.003186 0.003874 0.006145 0.008748 0.009889 0.019346 
0.122984 0.014740 0.014472 0.016280 0.017224 0.058017 0.020931 0.019907 0.006791 0.003911 0.003406 0.003336 0.003278 0.003256 0.003251 0.003076 0.002880 0.014598 0.011765 0.001351 0.001333 0.001267 0.001266 0.009124 0.053877 0.058011 0.051177 0.069909 0.014995 0.015037 0.201497 0.003652 0.003615 0.002725 0.002580 0.003204 0.004390 0.005697 0.005955 0.133365 
0.102100 0.010777 0.010484 0.012560 0.017097 0.057943 0.066515 0.066632 1.359079 0.003443 0.003320 0.003296 0.003260 0.003261 0.019898 0.002974 0.002925 0.021793 0.015963 0.006680 0.009971 0.001273 0.001273 0.009606 0.037792 0.022413 0.023479 0.010169 0.010252 0.008420 0.008194 0.007182 0.004290 0.002759 0.002626 0.003259 0.003378 0.003733 0.003607 0.002425 
0.003096 0.005451 0.006048 0.006312 0.135890 0.184576 0.075931 0.075718 0.075997 0.006010 0.003876 0.003537 0.003355 0.003317 0.003341 0.003342 0.003056 0.010454 0.013724 0.008128 0.001282 0.001275 0.001275 0.001304 0.044305 0.021959 0.021859 0.009449 0.009299 0.008427 0.008164 0.007522 0.004347 0.003051 0.003105 0.125379 0.002937 0.002882 0.002580 0.002159 
0.002758 0.003436 0.004033 0.004812 0.005402 0.005963 0.075253 0.075847 0.075886 0.125577 0.003755 0.003601 0.003429 0.003370 0.003351 0.003351 0.018953 0.011300 0.012719 0.008748 0.001284 0.001276 0.001276 0.001311 0.027190 0.023315 0.032119 0.009471 0.009490 0.070745 0.007267 0.007229 0.003841 0.003405 0.003588 0.101948 0.002617 0.002430 0.001880 0.001483 
0.002348 0.002691 0.003277 0.004286 0.005142 0.005467 0.174139 0.076336 0.076281 0.105859 0.047597 0.015417 0.007456 0.005277 0.004443 0.003616 0.003753 0.015333 0.010966 0.009798 0.015369 0.001280 0.001278 0.001311 0.013560 0.035571 0.017963 0.018082 0.006979 0.006496 0.004562 0.004396 0.003874 0.003859 0.003914 0.124196 0.001942 0.001886 0.001317 0.000934 
0.002700 0.002919 0.003324 0.004520 0.005176 0.005369 0.096961 0.065190 0.077386 0.076629 0.117435 0.011696 0.008380 0.006375 0.005606 0.004296 0.003901 0.005216 0.008267 0.009269 0.025173 0.001285 0.001279 0.001315 0.011791 0.005925 0.006648 0.005297 0.006430 0.023401 0.004526 0.004520 0.004182 0.004099 0.003945 0.002108 0.002133 0.001682 0.001103 0.000801 
0.003904 0.003951 0.137865 0.006130 0.006085 0.006971 0.009099 0.009425 0.055232 0.061878 0.066096 0.066853 0.051486 0.031161 0.015043 0.014442 0.018129 0.007254 0.008071 0.008038 0.007629 0.001288 0.001286 0.001504 0.006727 0.005067 0.005061 0.004876 0.004835 0.004574 0.004526 0.004522 0.004268 0.004298 0.354010 0.002052 0.002020 0.001578 0.001247 0.001126 
0.005657 0.005882 0.114200 0.007037 0.006816 0.007477 0.009020 0.009190 0.111722 0.069674 0.068442 0.068183 0.062318 0.050439 0.031756 0.023934 0.030713 0.032862 0.033563 0.033723 0.006461 0.001709 0.018960 0.005114 0.005621 0.005035 0.004987 0.004866 0.004838 0.004720 0.004676 0.019406 0.004266 0.004263 0.001915 0.001812 0.001771 0.001700 0.001751 0.001726 
0.006592 0.006639 0.140998 0.007147 0.007101 0.007551 0.009153 0.009237 0.082869 0.074965 0.072511 0.071142 0.067895 0.061346 0.048378 0.035989 0.034670 0.034341 0.034260 0.034226 0.019636 0.003856 0.010685 0.005355 0.005568 0.005152 0.004979 0.004953 0.012955 0.002895 0.002898 0.002938 0.003480 0.002861 0.001884 0.001894 0.001943 0.002205 0.002444 0.001988 
0.006911 0.006978 0.006646 0.007111 0.007185 0.119993 0.072659 0.076031 0.083159 0.076754 0.072689 0.071852 0.069898 0.065892 0.057758 0.046319 0.040997 0.038753 0.037515 0.036813 0.035170 0.004445 0.014536 0.015859 0.028227 0.008191 0.007420 0.004588 0.003107 0.002870 0.002870 0.002838 0.002844 0.002632 0.002650 0.002639 0.002770 0.003451 0.003710 0.131748 
0.109023 0.006913 0.006598 0.006939 0.006963 0.006935 0.007013 0.007058 0.030698 0.031599 0.062337 0.070854 0.070358 0.068094 0.063351 0.055549 0.048596 0.043099 0.040643 0.039260 0.038830 0.109859 0.036432 0.040267 0.018206 0.009521 0.009727 0.005627 0.003175 0.003169 0.003209 0.003276 0.003542 0.003602 0.003811 0.003943 0.004298 0.005788 0.007223 0.016387 
0.106487 0.005898 0.005590 0.005924 0.005903 0.006847 0.006976 0.007032 0.026438 0.029314 0.016241 0.014959 0.064934 0.067470 0.064461 0.058187 0.065959 0.072155 0.054187 0.047146 0.041067 0.035819 0.028602 0.028125 0.027224 0.031218 0.039550 0.037445 0.036999 0.036915 0.038348 0.039257 0.003421 0.003429 0.003464 0.003551 0.003944 0.005649 0.007275 0.016266 
0.002629 0.003752 0.004046 0.004478 0.004483 0.020920 0.006996 0.007011 0.045141 0.014406 0.010850 0.010853 0.021904 0.009352 0.009094 0.008367 0.008248 0.008237 0.014566 0.017212 0.033662 0.051686 0.052933 0.056235 0.059813 0.061281 0.044169 0.040409 0.037244 0.029863 0.026132 0.010373 0.003021 0.002821 0.002656 0.002653 0.002655 0.002709 0.272582 0.043698 
0.002303 0.002618 0.002962 0.003538 0.004396 0.005180 0.005573 0.005846 0.007615 0.009740 0.010825 0.010993 0.010383 0.009600 0.008935 0.008424 0.008137 0.008178 0.025865 0.030869 0.039276 0.039816 0.036551 0.039439 0.046465 0.056948 0.074706 0.081166 0.083485 0.085330 0.052070 0.061788 0.004421 0.004355 0.004249 0.004306 0.004667 0.006908 0.014493 0.017162 
0.001714 0.001901 0.002252 0.002255 0.039929 0.005758 0.005786 0.005942 0.007900 0.010957 0.011882 0.011202 0.010271 0.009380 0.008707 0.008202 0.007967 0.008221 0.043350 0.037477 0.042742 0.082573 0.027585 0.026268 0.026105 0.025486 0.020476 0.018858 0.018494 0.018164 0.005036 0.005000 0.004946 0.005011 0.004885 0.004971 0.005212 0.007015 0.014444 0.017049 
0.001668 0.001946 0.002543 0.003346 0.004129 0.026097 0.026896 0.040883 0.031422 0.019705 0.013335 0.010295 0.008810 0.008085 0.007724 0.007462 0.007661 0.008620 0.030947 0.026367 0.052347 0.039397 0.072069 0.078319 0.064166 0.069063 0.041843 0.020139 0.020824 0.041836 0.005039 0.005027 0.005076 0.005669 0.005667 0.005819 0.005925 1.072689 0.018034 0.018097 
0.002184 0.002772 0.003389 0.004245 0.004252 0.006659 0.026890 0.045791 0.026369 0.013302 0.009478 0.008233 0.007734 0.007509 0.007378 0.007202 0.007939 0.010051 0.011308 0.015079 0.015420 0.029222 0.046960 0.027433 0.031682 0.042951 0.019823 0.019488 0.023431 0.007502 0.005027 0.005033 0.031914 0.005686 0.005684 0.005872 0.009526 0.023134 0.144858 0.028161 
0.002449 0.004527 0.005286 0.006435 0.006468 0.062648 0.037571 0.060325 0.015293 0.008222 0.007649 0.007468 0.007373 0.007319 0.007239 0.007003 0.009238 0.012703 0.013020 0.027313 0.015581 0.025342 0.029622 0.020170 0.019398 0.020957 0.020045 0.017361 0.006713 0.006150 0.006634 0.006831 0.007048 0.007050 0.007057 0.066093 0.023687 0.023692 0.141474 0.028630 
0.132086 0.008337 0.008095 0.010092 0.010913 0.024836 0.025075 0.098447 0.007784 0.007548 0.007462 0.007390 0.007332 0.007294 0.007158 0.006685 0.013387 0.016142 0.013877 0.012145 0.013596 0.023918 0.044507 0.021401 0.016518 0.023289 0.024030 0.025331 0.005979 0.005980 0.006121 0.006569 0.007042 0.006982 0.006992 0.007981 0.010540 0.014349 0.015211 0.142418 
0.156760 0.009001 0.008492 0.012604 0.013471 0.024937 0.025213 0.088353 0.007789 0.007568 0.007469 0.007380 0.007320 0.007284 0.006924 0.005884 0.025359 0.019130 0.013077 0.011546 0.016399 0.027912 0.020412 0.031574 0.010254 0.011968 0.019649 0.022509 0.005957 0.005934 0.005877 0.005867 0.049367 0.006971 0.006965 0.007970 0.009687 0.013620 0.015553 0.023268 
0.165858 0.242230 0.283955 0.162367 0.162356 0.312894 0.124302 0.180396 0.007809 0.007568 0.007465 0.007339 0.007291 0.007262 0.005914 0.004070 0.050465 0.017139 0.010865 0.009133 0.027528 0.030542 0.015336 0.015081 0.009164 0.009339 0.027424 0.014319 0.006157 0.005969 0.005883 0.005787 0.005789 0.006270 0.006191 0.006241 0.007863 0.011303 0.015600 0.023116 
0.151751 0.034831 0.012860 0.014404 0.013686 0.011969 0.106935 0.081749 0.007792 0.007586 0.007470 0.007087 0.007240 0.006680 0.003097 0.001949 0.028644 0.011428 0.006765 0.006321 0.046387 0.035093 0.013524 0.020841 0.009151 0.009546 0.010736 0.008840 0.008651 0.006170 0.006038 0.005784 0.005759 0.005758 0.005744 0.006406 0.005838 0.005892 0.276286 0.032077 
0.151718 0.034867 0.012345 0.011860 0.011150 0.011265 0.227805 0.007509 0.007487 0.085028 0.005159 0.005186 0.034843 0.001766 0.001726 0.001726 0.002031 0.002104 0.002123 0.004507 0.041406 0.030295 0.008778 0.008772 0.008761 0.009076 0.011200 0.016631 0.016662 0.006903 0.007009 0.006188 0.005795 0.005799 0.005964 1.845566 0.004272 0.004107 0.002738 0.003158 
0.163873 0.509307 0.007280 0.007204 0.006873 0.006701 0.005046 0.006496 0.006155 0.004132 0.004664 0.005312 0.005315 0.002078 0.001725 0.001726 0.002087 0.002161 0.002166 0.006188 0.041611 0.022564 0.008779 0.008783 0.008770 0.008384 0.008390 0.019058 0.052613 0.046196 0.008692 0.008689 0.329863 0.004430 0.004393 0.002945 0.003200 0.003016 0.002684 0.003022 
0.146101 0.003873 0.004507 0.004450 0.004539 0.005011 0.004925 0.005306 0.004900 0.004116 0.004660 0.005307 0.005310 0.035523 0.001724 0.001726 0.002211 0.002254 0.002195 0.008670 0.008733 0.008731 0.008784 0.008844 0.008826 0.008387 0.008392 0.030454 0.008943 0.008973 0.008582 0.007032 0.004791 0.004111 0.003618 0.002780 0.002362 0.001960 0.001748 0.001892 
0.126138 0.003769 0.003517 0.003487 0.003980 0.005459 0.004918 0.004537 0.003836 0.003265 0.003377 0.003612 0.003341 0.001843 0.001661 0.001725 0.002332 0.002356 0.023120 0.008619 0.008714 0.008710 0.020433 0.008959 0.009064 0.008396 0.008416 0.008439 0.008597 0.008939 0.008565 0.007014 0.004754 0.003780 0.003209 0.002643 0.002104 0.001633 0.001321 0.001243 
0.002005 0.002677 0.002736 0.002921 0.003407 0.069499 0.005129 0.004655 0.003564 0.002995 0.002701 0.002487 0.002195 0.001833 0.001613 0.001768 0.002553 0.002637 0.002899 0.008078 0.008703 0.008674 0.008728 0.053453 0.009632 0.008392 0.008416 0.008436 0.008536 0.009181 0.007156 0.005719 0.004455 0.003938 0.003377 0.002868 0.002466 0.002235 0.001886 0.001605 
0.001744 0.001860 0.001964 0.002290 0.002411 0.127023 0.115093 0.127669 0.003284 0.003163 0.002752 0.002348 0.001828 0.001420 0.001478 0.001901 0.002860 0.002902 0.002939 0.007867 0.008717 0.008641 0.008776 0.009084 0.033733 0.008606 0.008520 0.008585 0.008828 0.229621 0.005571 0.005317 0.004935 0.005103 1.874604 0.002802 0.002634 0.003274 0.003101 0.002506 
0.001007 0.001065 0.001337 0.001912 0.002387 0.066383 0.003414 0.003507 0.003675 1.880445 0.002768 0.002599 0.002082 0.001549 0.001497 0.002158 0.003120 0.003160 0.048691 0.007530 0.062171 0.008217 0.008443 0.009082 0.077269 0.095184 0.056440 0.156733 0.066757 0.067883 0.006069 0.005836 0.005596 0.005271 0.005119 0.005287 1.874390 0.004269 0.004101 0.002771 
0.000430 0.000512 0.000832 0.001460 0.002045 0.002249 0.003054 0.003386 0.003848 0.004494 0.003925 0.002635 0.002555 0.002174 0.002034 0.002523 0.003208 0.003521 0.003413 0.002916 0.002919 0.005357 0.008274 0.011426 0.069280 0.011276 0.008186 0.005585 0.005104 0.005564 0.005996 0.005871 0.006039 1.879316 0.004951 0.004783 0.003235 0.004174 0.004433 0.133689 
0.000148 0.000213 0.000436 0.000891 0.001423 0.001766 0.002169 0.002524 0.003329 0.004325 0.004360 0.180000 0.003268 0.003233 0.003031 0.003305 0.003467 0.003613 0.003383 0.002905 0.002881 0.004520 0.007437 0.010514 0.069479 0.011182 0.008127 0.005448 0.004778 0.005327 0.005363 0.183614 0.007189 0.007154 0.005465 0.004128 0.003067 0.003374 0.003705 0.003451 
0.000052 0.000091 0.000222 0.000501 0.000873 0.001160 0.001400 0.001842 0.002983 0.004516 0.005060 0.196999 0.005149 0.004609 0.004054 0.004310 0.133048 0.003347 0.003087 0.002524 0.002314 0.003206 0.004892 0.005204 0.182086 0.006136 0.005826 0.004405 0.004325 0.005377 0.005915 0.195767 0.007523 0.006986 0.004991 0.003246 0.002338 0.002475 0.002970 0.003190 
