2.182733 3.697531 6.877221 10.873084 9.157363 7.427159 6.022222 3.859230 2.098986 1.062160 0.614850 0.582038 0.917883 1.794445 3.676332 7.159808 11.920377 12.308277 14.031891 17.064405 20.104477 10.920218 5.553588 2.807559 1.720565 1.706707 2.515756 3.956732 5.409894 5.577413 5.903476 7.396395 11.335279 19.798815 10.617798 6.046449 4.311251 4.944768 7.875512 12.328753 
2.360045 4.158399 8.773836 19.553532 12.522199 10.402244 9.672387 5.731277 2.941999 1.465624 0.883839 0.864398 1.256320 2.155484 4.162016 8.750643 19.611824 14.745146 16.487001 20.202429 16.840982 9.956863 5.206820 2.721911 1.815322 2.054234 3.395641 5.953758 9.143539 8.231992 7.848645 8.274560 10.117311 11.903574 9.160565 6.111508 4.612958 5.367887 9.330037 19.750469 
2.514670 4.008204 7.340657 12.472536 14.300813 15.337504 19.659523 9.016389 4.287400 2.165845 1.452318 1.570391 2.153190 2.926146 4.234542 6.940709 11.464222 13.910239 20.201067 17.977573 19.856119 9.677199 4.823829 2.623375 1.985511 2.593903 4.780658 9.636716 19.757036 13.437840 12.281900 11.189009 12.389798 11.778853 11.253692 7.623967 5.426847 5.352245 7.333374 10.587034 
3.147751 4.389556 7.037847 11.849734 20.029360 20.122482 14.762133 9.318875 5.196963 2.981315 2.384488 3.018396 4.318222 4.998860 5.240006 6.218244 8.667542 12.487648 20.017668 14.352352 11.438618 6.859966 3.917740 2.523685 2.233238 3.048514 5.512058 10.746638 20.164135 16.649862 19.991152 15.282145 19.839512 14.908274 19.695999 10.852254 7.051588 6.174288 7.084111 7.787107 
4.867611 6.018307 7.697305 11.182021 15.906110 15.394390 13.131610 11.384616 6.712003 4.072361 3.713839 5.533145 9.149280 9.835437 8.146414 7.054676 7.871716 10.721455 14.622177 11.022604 7.758991 5.065307 3.522806 2.935713 2.869032 3.579561 5.719476 10.450848 19.927618 15.907200 16.459711 13.156156 12.461355 11.319643 12.818714 12.234587 8.860229 8.269489 10.150192 8.868624 
8.264241 10.147616 9.913301 12.758047 20.094929 15.726557 14.438957 19.593084 8.967305 5.106201 4.910364 8.540033 19.660112 19.898886 13.459680 9.209580 8.484417 11.335114 19.635132 10.523918 6.509213 4.657613 4.256271 4.637244 4.517542 4.706851 5.808525 8.325011 11.964720 13.678252 19.799864 11.786390 8.924216 8.470387 11.156861 19.528276 11.058898 11.046847 19.545574 11.936584 
13.051652 19.681288 12.537240 13.268761 20.094769 16.298336 12.701832 11.383307 7.351215 4.896992 4.581117 6.680163 11.239034 14.417404 19.737097 11.216322 9.018073 9.886161 11.068951 8.085769 6.021575 5.372085 6.509514 9.040442 8.113461 7.366188 7.244667 8.200343 9.228220 10.337563 11.773965 8.625297 6.361484 5.782201 6.978130 9.218667 7.782690 8.307157 11.056980 10.564624 
14.503710 13.569017 10.709286 11.098283 14.814487 19.872734 12.237062 9.241171 7.161620 5.138034 4.283397 5.019460 7.213755 9.774708 12.166674 10.299271 10.081856 11.599812 9.927388 7.964458 7.123306 7.084143 10.046669 19.645498 14.308681 12.329300 10.728583 11.314525 9.902478 10.161283 11.535605 7.841464 5.188368 4.252156 4.658529 5.536154 5.552681 6.470467 8.997172 12.028269 
20.174456 12.795280 9.396876 9.366197 11.534138 13.006634 10.684645 9.688637 10.051714 6.963059 4.945253 4.546438 5.784012 8.489573 12.077918 11.309317 13.044619 19.894579 12.500607 10.094177 10.609420 8.880222 10.010556 14.720447 20.117479 20.068176 15.362855 19.774532 12.459176 12.369156 19.527922 9.083531 5.059048 3.939937 4.404768 5.328772 5.196298 6.002276 9.576508 19.714136 
20.019665 11.468628 8.492433 9.294512 12.651621 13.440797 11.582787 12.383165 19.617914 10.685715 6.696111 5.107054 5.749199 9.466292 19.580063 13.370801 14.356421 20.038914 13.459825 12.738336 19.615267 11.123723 9.710524 12.259200 16.234056 15.731649 14.000355 13.638506 11.215701 10.675001 10.702664 6.860803 4.598542 4.418344 6.091622 8.674009 6.519154 5.514119 6.611073 9.464545 
10.283170 7.885635 7.362878 10.304646 19.831923 19.996347 13.621750 12.264031 13.911583 12.598668 8.973195 6.195010 5.433821 7.039292 10.656942 11.559658 14.289618 14.697157 11.937598 11.167358 12.363511 9.623486 8.964480 11.847174 19.911554 15.977139 14.936975 13.229210 11.887601 11.958958 8.960038 5.952035 4.590828 5.452837 9.376870 19.453533 9.310256 5.467509 4.515579 4.890133 
5.893821 5.518646 6.015558 8.027987 11.949029 13.971790 14.273585 12.981399 14.572818 19.997149 13.525447 8.138238 5.538674 5.519332 7.599165 11.288485 19.870388 15.858126 12.171336 11.364229 12.458453 9.612180 8.292352 9.719942 13.712802 16.653273 20.108601 16.262220 14.951488 19.777245 10.512343 6.323882 4.975457 6.013460 9.320304 13.561911 8.572790 4.929940 3.293406 2.864110 
4.530400 5.073618 6.174242 7.113895 9.298032 12.965392 20.023348 14.691607 14.953897 20.267565 20.073711 10.245181 5.795346 4.685290 5.978089 9.339003 14.812400 19.889084 13.231204 13.377201 19.899532 11.646097 8.502462 8.601851 11.872245 19.878090 17.102301 20.008560 15.266265 15.500563 10.249250 6.862979 5.753235 7.090524 11.212253 19.570658 9.197382 4.630465 2.695433 2.050406 
5.112576 6.726163 9.421113 8.197251 8.625710 11.937723 19.939886 14.400105 13.826122 15.805595 19.883520 9.886881 5.351042 4.042180 5.123286 8.392117 13.170197 12.994791 10.865586 12.343869 19.837034 11.917004 8.980169 7.833209 8.664221 10.976671 11.287741 12.701238 13.810383 19.780642 11.461333 8.298265 7.054885 8.358436 11.871433 11.306585 6.789317 3.792017 2.374110 1.900040 
6.672440 10.037071 19.554295 10.886036 8.581112 9.695768 12.502486 12.771117 13.878464 12.495248 11.190600 6.963108 4.185628 3.367300 4.632741 8.858345 19.476383 11.157251 8.287409 8.594398 10.913999 10.457214 11.086930 8.545903 7.392375 7.402853 7.771170 9.072847 10.811170 12.230322 10.814650 11.078462 8.915299 10.449451 19.452293 9.800893 5.368538 3.270875 2.542023 2.487464 
7.727684 10.161242 14.246643 10.526823 8.746986 9.502175 11.258977 14.099482 19.989552 12.581901 8.650496 5.433830 3.394986 2.721259 3.456709 5.652457 8.667779 6.956772 5.754511 6.078641 7.955033 11.150353 19.599569 11.247540 8.328238 6.827472 6.751192 8.493044 11.596149 10.849903 11.815227 19.512520 10.133805 7.973598 8.797164 5.910672 3.874714 3.141040 3.513009 4.398966 
9.547276 11.813684 19.682087 11.669958 10.086065 12.131945 12.765234 15.925582 20.077610 12.536066 8.622746 5.452326 3.431914 2.581467 2.823085 3.953127 5.235041 5.015046 4.569427 5.025908 6.836006 9.776651 12.711138 11.788435 11.185404 8.133127 7.222084 9.887600 19.489958 11.100969 9.297352 10.062643 7.040194 5.240825 4.568402 3.516482 3.024190 3.641657 5.716029 9.052673 
12.478086 11.095233 11.509680 9.744446 11.386765 19.739670 15.369816 19.971521 15.444170 12.192171 11.067150 7.047870 4.489635 3.221695 3.177436 4.206406 5.634858 5.798729 5.129750 5.463255 7.695415 11.699090 12.898535 15.310962 19.745743 10.541384 7.301072 7.453246 9.595265 7.963808 7.396308 7.416090 5.508746 3.810774 2.873502 2.444880 2.817514 4.556393 8.883895 19.674715 
20.090328 11.908947 8.835400 7.895292 9.371355 12.556720 12.183843 13.221478 12.780953 13.106382 19.583336 10.018979 6.615889 4.666373 4.439142 6.226120 9.682173 9.943897 7.344470 6.841450 9.880771 19.646584 15.160708 19.909210 14.661065 10.178720 7.136031 6.113531 6.547642 6.914927 8.021512 9.608128 6.366181 3.789019 2.472403 2.192407 2.955789 4.985533 8.335299 11.818377 
19.985420 10.833571 7.409481 7.113340 9.174871 12.325479 11.230134 11.506091 12.917272 11.252215 11.549727 9.715159 9.889361 6.665620 5.896289 9.016079 19.667362 19.740505 10.313580 7.633652 8.439987 11.300790 11.196902 12.457297 11.935476 11.667943 8.186443 6.442863 6.677815 8.267967 11.261080 19.546913 9.161633 4.604059 2.719720 2.465487 3.626456 6.384777 10.432511 10.438538 
9.857047 7.164659 6.067961 7.315124 11.333298 19.699003 12.578186 12.318790 19.574564 10.812651 8.811060 10.293984 19.341660 8.675356 5.818975 6.900394 10.538296 11.569307 9.584862 8.122148 8.241069 9.273849 9.385721 10.232370 12.390372 19.645517 10.840358 8.068698 8.691682 11.480442 12.404381 14.458297 8.960920 4.965804 3.111712 3.024090 4.704047 9.047269 19.510416 12.214375 
5.230621 4.743129 5.310605 7.876981 12.364493 13.606218 10.440043 8.978192 9.430905 6.751363 5.591666 6.156388 7.980801 5.388049 4.151941 4.802886 6.974757 9.402300 11.526026 10.428867 10.623462 11.738619 10.588822 10.462145 11.273545 13.090875 10.861871 9.785644 11.984848 19.833340 15.614406 19.775999 10.126974 5.581102 3.728145 3.767891 5.409816 8.424178 11.378933 9.923436 
3.444523 3.712128 5.222408 9.506255 19.721542 15.024840 10.028816 7.014311 5.494333 3.970762 3.183900 3.187226 3.502371 2.876777 2.660530 3.526325 5.917902 10.581384 19.884830 14.906938 15.621534 19.958210 14.523111 13.610394 12.937019 14.054471 13.361336 11.938075 13.113332 15.814596 13.456457 12.634784 9.228559 6.142746 4.756079 5.214640 7.334597 10.805568 10.849036 9.712126 
3.424314 3.632764 4.874444 8.096343 13.863585 19.822353 10.994114 6.674592 4.249152 2.712932 1.907506 1.647295 1.626722 1.524894 1.733807 2.729992 5.141644 10.092594 19.954842 16.887287 20.130743 17.620108 17.346693 20.093079 16.511917 20.267796 20.127670 15.241628 16.286043 19.971989 13.189930 11.430552 11.230483 7.927289 6.625950 7.726184 10.877254 19.758007 14.890183 12.111919 
5.229586 4.722001 5.075978 7.071551 10.852859 14.559866 10.717202 7.448681 4.558005 2.595990 1.522885 1.058689 0.922378 0.957709 1.300157 2.236667 4.176805 7.636590 12.706464 15.456736 15.636332 16.034536 20.157766 16.944986 15.926229 20.171522 16.865543 15.998815 19.996431 14.685651 11.339715 12.135646 19.595224 10.864563 9.152481 11.279703 11.877368 15.689099 20.141659 15.489166 
9.898435 7.432917 6.368915 7.329877 11.124131 19.767622 13.118968 10.874205 6.380404 3.367615 1.768626 1.060529 0.841136 0.922435 1.351664 2.288826 3.897387 6.415577 10.911098 19.738855 14.257350 14.078746 16.448343 14.822391 13.503420 14.256356 14.382092 15.221492 13.887551 10.720729 8.905868 9.562536 11.863545 9.937979 11.047608 19.583086 12.927975 14.069799 20.148630 17.589386 
19.870579 11.668984 8.721333 8.037201 9.886972 13.558034 14.314626 19.689264 9.398982 4.678917 2.447959 1.504683 1.238394 1.376714 2.000307 3.241832 4.875352 5.977341 7.942229 10.909628 11.090891 13.243753 20.000765 16.115446 13.034788 12.797624 14.961681 20.065660 13.032288 9.035949 7.643476 8.841846 11.565392 9.252111 8.673555 10.372648 9.432978 10.784208 14.703911 20.114849 
14.949163 13.897017 12.210129 9.767855 10.459007 13.660649 14.192049 15.192451 9.819872 5.793918 3.474323 2.467687 2.257147 2.438926 3.413087 5.643862 8.716680 7.434800 7.132301 8.271930 9.647253 11.430311 15.260342 19.991972 13.759182 13.019020 16.233171 20.216429 12.544932 8.341201 7.302326 9.986083 19.470308 10.121640 7.313210 7.096655 7.131501 8.485997 11.062563 12.891221 
14.398036 20.013016 19.875036 11.997748 12.214997 19.880781 17.017166 20.088167 12.014647 7.877470 5.270743 4.302560 4.390790 4.280458 5.433814 9.536631 19.659065 10.799341 8.090308 8.894787 11.518858 11.331912 12.943851 15.555578 12.701124 13.149579 20.019287 20.103144 11.940227 7.944664 6.571664 7.515173 9.825465 7.641945 6.586197 6.819918 6.921002 8.509717 11.663092 10.890210 
11.758923 13.301044 12.235767 9.516030 9.932390 13.715177 16.917141 20.116728 13.475240 11.443822 8.001687 7.320693 8.859697 7.016631 6.886223 10.222053 19.711260 11.074144 8.791757 11.151630 19.713165 13.150621 13.233662 19.747829 11.999421 10.442791 12.296945 12.754706 10.537271 8.345484 6.791615 6.832915 7.758282 7.168691 7.686418 9.829397 8.453045 10.305597 19.496227 11.513238 
11.510479 12.682674 9.743649 7.523427 7.883155 11.456594 19.792515 14.871328 13.399050 19.574362 10.866413 10.842767 19.488190 10.699653 7.552144 7.652126 9.649250 8.101136 8.125490 10.510999 14.654432 11.770499 10.551785 10.981330 8.604185 7.981081 9.401611 11.412465 12.558641 11.542823 8.726380 8.450605 10.316786 8.693182 10.232838 19.399759 9.769069 7.799897 9.075750 7.269128 
13.993897 19.670460 10.076397 6.493381 6.131071 7.843794 10.251395 9.318582 8.793283 9.708252 7.862544 8.474779 11.726509 11.694025 7.837975 6.100572 6.225280 6.716445 8.427553 11.510431 19.718536 12.280974 9.857934 8.464581 7.037076 7.100685 9.483478 14.370896 20.021763 19.847836 11.398417 11.099550 19.454439 10.090032 8.097747 9.065866 6.286714 4.850955 4.584826 4.016380 
14.249841 12.198534 7.736756 5.537724 5.585462 6.820659 7.270488 6.658113 5.975039 5.738212 5.353066 6.405261 10.128276 19.393101 8.864702 5.490056 5.337236 7.193920 10.659965 10.738575 12.239830 11.244659 11.747737 9.530849 7.513293 7.418505 10.538377 19.738472 14.973474 12.518789 9.016124 8.128293 9.422319 7.074919 5.882927 5.333399 4.058332 3.093989 2.625649 2.336334 
19.782614 10.333969 6.328620 5.409068 6.921323 9.735387 8.519275 7.233347 5.732987 4.759343 4.130751 4.427036 5.940000 8.036804 5.510766 4.246284 5.123585 9.048685 19.510004 11.950235 10.706809 12.264983 19.766752 13.871064 9.571041 8.002546 8.904245 11.526887 10.778227 9.584486 7.366847 6.162426 6.119670 5.838833 5.763608 4.870012 3.776492 2.791799 2.208234 1.966634 
9.033798 6.196982 4.769693 5.694317 9.945873 19.772034 13.023161 11.171657 7.924888 6.134336 4.467689 3.639510 3.617429 3.858874 3.218969 3.130031 4.360459 7.313797 11.383989 10.243354 10.000038 10.851830 14.535441 19.816380 12.385312 9.700768 9.142406 10.136312 10.581303 11.187570 8.125028 6.243602 6.097268 7.284950 9.197233 7.125941 5.603519 3.964032 3.052603 2.818784 
4.012775 3.331660 3.403646 5.319113 10.378004 20.122824 15.740376 19.718843 11.710401 10.180039 6.437556 4.246895 3.076147 2.522544 2.263462 2.684770 4.241514 7.339853 11.576725 11.126595 11.889580 10.263661 11.020962 13.384389 13.836715 12.907598 11.546253 12.969178 13.828547 19.862867 11.135411 7.878386 7.885316 11.050761 19.570688 11.621087 10.078275 6.582683 5.110375 5.194477 
1.723520 1.707476 2.276086 4.270818 9.085478 19.689766 12.887418 12.076373 11.968949 19.472048 9.536050 6.112113 3.852597 2.601664 2.284219 2.958645 4.900530 9.080121 19.554344 14.135215 19.607159 10.866379 9.462465 12.182599 19.933720 19.976187 14.739146 19.810093 15.196301 19.928890 12.055958 9.673965 9.880749 12.690262 13.373290 12.670742 19.492151 9.813169 8.009498 9.991689 
0.716977 0.832137 1.319583 2.575092 4.982062 8.140423 7.190050 6.948776 7.637324 9.932652 8.972035 9.346490 5.715546 3.515149 3.002126 3.881246 5.689585 7.408619 9.956347 9.121720 9.630740 7.409956 7.215424 9.314086 12.635214 12.515526 10.682458 11.069615 10.239423 11.391654 10.823731 12.381564 12.749078 19.647726 11.661678 9.191705 9.742172 7.956878 9.873336 19.677761 
0.296824 0.393721 0.692991 1.346519 2.413850 3.533375 3.632743 3.841183 4.698829 6.645075 9.871730 19.381781 8.556999 4.751225 4.245050 6.022096 9.054889 7.652662 6.694378 5.726471 5.381781 5.007373 5.921427 8.593729 11.980016 10.037835 7.802588 6.874109 6.668207 7.895392 10.842986 19.618237 12.331877 10.941991 7.652849 5.831096 5.397814 5.236997 6.651532 9.739512 
0.146906 0.215799 0.403243 0.773148 1.320371 1.855409 2.093106 2.427986 3.262177 4.912868 7.445195 10.405910 7.086236 4.943089 5.401795 9.413329 19.647469 10.198803 6.197782 4.411676 3.813432 4.053071 5.850662 10.385267 19.790970 11.190243 6.984538 5.222881 4.928855 5.981303 8.299076 11.341764 9.245969 7.426131 5.363076 4.012274 3.522282 3.617178 4.518138 5.821630 
