0.000013 0.000398 0.010101 0.241717 0.010355 0.000780 0.002098 0.000280 0.000016 0.000001 0.000000 0.000000 0.000000 0.000013 0.000398 0.010098 0.241474 0.014774 0.011629 0.055520 2.039163 0.017127 0.002175 0.000096 0.000003 0.000001 0.000015 0.000269 0.001982 0.000320 0.000204 0.002145 0.016402 1.580162 0.016392 0.002131 0.000107 0.000360 0.007897 0.135855 
0.000093 0.001993 0.013737 5.101944 0.020155 0.008468 0.013855 0.003959 0.000270 0.000010 0.000000 0.000000 0.000005 0.000093 0.001992 0.013725 5.080811 0.110007 0.098643 4.282522 0.776781 0.030212 0.001094 0.000031 0.000001 0.000010 0.000263 0.003794 0.012244 0.005330 0.002250 0.001081 0.006561 0.034700 0.006546 0.000555 0.000115 0.002008 0.016120 1.568964 
0.000012 0.000317 0.005318 0.028992 0.036754 0.043077 5.111930 0.013758 0.002000 0.000091 0.000003 0.000010 0.000095 0.000105 0.000284 0.004058 0.016046 0.031430 1.028378 0.467234 4.243248 0.013201 0.001998 0.000091 0.000005 0.000093 0.002014 0.012454 0.551691 0.037045 0.013623 0.024415 0.018245 0.026064 0.018097 0.004139 0.000294 0.000289 0.004117 0.016651 
0.000016 0.000195 0.002291 0.016653 1.545979 1.584436 0.027228 0.007006 0.000592 0.000028 0.000016 0.000269 0.002120 0.002122 0.000331 0.000391 0.004316 0.022296 4.119758 0.036134 0.014559 0.003985 0.000271 0.000013 0.000004 0.000102 0.002180 0.013055 4.501975 1.428857 4.600669 1.205759 5.109699 0.800904 4.966986 0.014019 0.002369 0.000504 0.002278 0.002535 
0.000403 0.002016 0.001112 0.019201 0.551380 0.168066 0.018325 0.018680 0.004139 0.000284 0.000276 0.004018 0.016337 0.016288 0.004658 0.000489 0.001586 0.040741 3.317488 0.042486 0.003451 0.000304 0.000026 0.000091 0.000015 0.000096 0.002015 0.012453 0.551520 0.515020 0.994189 0.043648 0.016012 0.023178 0.026787 0.026348 0.011444 0.010157 0.014040 0.010231 
0.010258 0.013781 0.010776 0.025737 1.956268 0.176786 0.181781 5.103908 0.013815 0.002083 0.002099 0.016179 1.564163 1.574680 0.016537 0.004720 0.002313 0.010997 2.584952 0.010769 0.002072 0.000117 0.000273 0.001992 0.000345 0.000121 0.000301 0.003942 0.013132 0.026460 4.999113 0.015915 0.004219 0.002858 0.014580 5.093019 0.241788 0.241826 5.130033 0.242145 
0.246910 5.114992 0.167609 0.161148 1.471017 0.149734 0.017387 0.016113 0.004130 0.000292 0.000278 0.004047 0.016691 0.027694 5.094154 0.014275 0.002561 0.006239 0.014900 0.004043 0.000375 0.000290 0.003962 0.013749 0.005594 0.002441 0.001493 0.002263 0.002682 0.011555 0.241020 0.010172 0.000504 0.000305 0.004002 0.013823 0.010107 0.010251 0.018031 0.012830 
0.207716 0.032777 0.010285 0.009281 0.021292 5.121657 0.016138 0.004400 0.002367 0.000290 0.000032 0.000279 0.002438 0.011722 0.241605 0.010542 0.004839 0.019946 0.006441 0.000918 0.002108 0.002271 0.014013 5.114285 0.028995 0.020487 0.040665 0.011142 0.010167 0.016260 0.241098 0.010096 0.000401 0.000029 0.000282 0.002087 0.000419 0.000674 0.006343 0.025054 
1.291925 0.020072 0.002565 0.001015 0.011588 0.168934 0.009194 0.004658 0.014098 0.003998 0.000280 0.000034 0.000491 0.010178 0.241594 0.017374 0.029366 1.543188 0.024543 0.010785 0.013840 0.004315 0.005533 0.041972 0.895950 4.154396 3.347111 2.698840 0.225356 0.228237 5.071955 0.013713 0.001992 0.000106 0.000282 0.002086 0.000371 0.002032 0.016136 1.570354 
1.218354 0.019206 0.002442 0.004376 0.025350 0.162672 0.011041 0.022354 5.118515 0.014082 0.002282 0.000203 0.001998 0.013725 5.078734 0.174365 0.168468 1.628770 0.164263 0.170360 5.087704 0.015216 0.003586 0.037140 0.992506 0.114741 0.101899 0.019432 0.010618 0.012596 0.017953 0.004104 0.000283 0.000280 0.003956 0.013746 0.003966 0.000536 0.004029 0.016334 
0.018979 0.004207 0.002286 0.016323 1.568453 1.574180 0.022118 0.008309 0.037824 0.030881 0.006036 0.000494 0.000294 0.004029 0.015814 0.017680 0.174463 0.072041 0.012000 0.013915 0.169553 0.008908 0.002395 0.012951 3.740814 0.106795 0.105326 0.010842 0.008110 0.023670 0.006313 0.000551 0.000117 0.002002 0.013700 5.007637 0.013713 0.002017 0.000360 0.002123 
0.002152 0.000288 0.000373 0.004111 0.018534 0.035502 0.038118 0.011266 0.025850 2.231864 0.019040 0.004713 0.000328 0.000375 0.004106 0.015845 5.106424 0.053777 0.011979 0.013299 0.163545 0.008519 0.000691 0.005287 0.025438 0.076055 5.100778 0.048960 0.063037 4.994147 0.013710 0.002013 0.000116 0.000764 0.019051 0.492985 0.019017 0.000753 0.000034 0.000095 
0.000110 0.000280 0.002007 0.000637 0.004337 0.018704 1.592664 0.116998 0.113778 0.968174 0.937969 0.018003 0.002121 0.000117 0.000482 0.006929 0.044815 5.112286 0.170869 0.164851 1.683883 0.016867 0.002336 0.002350 0.014139 5.083839 0.050461 5.045623 0.475063 0.489326 0.019142 0.000853 0.000141 0.002255 0.013997 5.013073 0.013702 0.002002 0.000091 0.000005 
0.000283 0.003956 0.013675 0.004068 0.002496 0.016623 1.558264 0.026113 0.012547 0.025103 2.235056 0.017021 0.002152 0.000108 0.000381 0.007284 0.058473 0.026771 0.012208 0.025743 1.536558 0.018199 0.004239 0.000648 0.004014 0.013790 0.010219 0.014265 0.027425 5.002957 0.015793 0.004124 0.000688 0.005437 0.026334 0.026281 0.005283 0.000315 0.000012 0.000003 
0.002100 0.013796 5.011236 0.013983 0.002297 0.004287 0.018681 0.008740 0.025339 0.009333 0.019012 0.004154 0.000276 0.000101 0.001992 0.013745 5.110342 0.014388 0.002625 0.004422 0.017951 0.008230 0.015952 0.004120 0.000636 0.002024 0.000658 0.002545 0.007750 0.020205 0.008480 0.015852 0.006291 0.017970 5.118958 0.014031 0.002239 0.000107 0.000013 0.000095 
0.000871 0.018818 0.466118 0.018898 0.001047 0.002397 0.004950 0.019014 1.569855 0.018455 0.004371 0.000377 0.000019 0.000011 0.000269 0.003957 0.013829 0.004001 0.000300 0.000376 0.004110 0.015831 5.123013 0.015840 0.004114 0.000465 0.000315 0.004241 0.019394 0.008658 0.020291 5.123356 0.017899 0.006216 0.013752 0.003989 0.000279 0.000026 0.000270 0.002121 
0.004366 0.016018 5.011447 0.017868 0.006237 0.014060 0.021138 0.031418 1.576324 0.018365 0.004327 0.000380 0.000021 0.000001 0.000016 0.000280 0.002088 0.000370 0.000084 0.000062 0.000446 0.005102 0.033272 0.009452 0.015843 0.004131 0.002273 0.014010 5.122837 0.018050 0.006373 0.015846 0.004182 0.000549 0.001998 0.000271 0.000026 0.000266 0.004018 0.016332 
0.021007 0.008326 0.015894 0.006290 0.017870 4.980653 0.508904 5.003810 0.021014 0.009197 0.016038 0.004106 0.000365 0.000021 0.000016 0.000277 0.002173 0.002203 0.001976 0.001183 0.000461 0.019634 0.022731 0.027275 5.117377 0.014027 0.002281 0.004054 0.013761 0.004125 0.000826 0.004128 0.000548 0.000041 0.000091 0.000013 0.000090 0.002014 0.016123 1.570346 
1.228639 0.020912 0.004264 0.000774 0.010251 0.241079 0.026148 0.024027 0.009507 0.021128 5.123033 0.015826 0.004102 0.000374 0.000281 0.003932 0.014778 0.015688 0.032514 0.019989 0.000785 0.465123 0.461996 4.971024 0.024467 0.006975 0.000608 0.000298 0.002012 0.000638 0.004122 0.015734 0.004032 0.000272 0.000013 0.000001 0.000026 0.000544 0.006340 0.025050 
1.227078 0.019116 0.002260 0.000511 0.010139 0.241185 0.016977 0.012952 0.021113 0.008694 0.018054 0.008332 0.015826 0.004124 0.002239 0.014656 1.011472 2.757984 0.761232 0.384453 0.001161 0.406095 0.350059 0.197726 0.019421 0.018644 0.004145 0.000302 0.000465 0.004114 0.015793 4.991445 0.013682 0.002001 0.000091 0.000013 0.000273 0.004102 0.017992 0.012824 
0.019018 0.004118 0.000376 0.002252 0.014018 5.086411 0.241764 0.241766 5.097060 0.018022 0.006367 0.018044 5.122964 0.014002 0.002264 0.004067 0.016525 0.022624 0.034261 0.036943 0.027843 0.191529 0.191968 0.193769 0.197959 5.086572 0.014006 0.002284 0.004138 0.015710 0.036182 0.676428 0.020407 0.000763 0.000026 0.000091 0.001998 0.013732 5.097138 0.241708 
0.002152 0.000279 0.000331 0.005293 0.026422 0.058280 0.013484 0.010215 0.013746 0.004109 0.000643 0.004109 0.013741 0.003961 0.000287 0.000356 0.004218 0.028788 1.018678 1.101223 0.345106 0.116826 0.015734 0.010628 0.015072 0.150110 0.010386 0.002740 0.014300 4.881008 0.468014 4.883294 0.013613 0.002009 0.000092 0.000031 0.000550 0.006249 0.018692 0.010299 
0.000099 0.000101 0.001993 0.013746 5.111804 0.044617 0.006990 0.000771 0.002005 0.000273 0.000034 0.000273 0.001990 0.000269 0.000019 0.000110 0.002287 0.015384 2.068217 1.184112 0.347367 0.219035 0.019173 0.020638 0.045597 0.143255 0.024294 0.008154 0.023848 0.670201 0.036868 0.020163 0.006292 0.000553 0.000047 0.000368 0.004179 0.017926 0.007034 0.000958 
0.000098 0.000022 0.000316 0.004796 0.023579 5.017622 0.013809 0.002109 0.000191 0.000013 0.000001 0.000010 0.000090 0.000010 0.000003 0.000095 0.002103 0.015582 1.220040 0.339917 0.353174 0.038319 0.038332 3.712196 1.427981 1.429176 2.053509 0.077649 0.061977 4.983002 0.020240 0.008656 0.017953 0.004258 0.000646 0.004112 0.015850 5.106508 0.020090 0.008768 
0.002121 0.000273 0.000054 0.000937 0.019826 0.489678 0.020373 0.002698 0.000293 0.000016 0.000001 0.000000 0.000003 0.000000 0.000000 0.000011 0.000315 0.005359 0.032864 0.341753 0.037253 0.047340 5.009550 0.061977 0.074290 2.007514 0.056677 0.070230 5.107612 0.017990 0.007095 0.018758 5.097517 0.018047 0.006390 0.015847 0.017038 0.140545 1.572152 0.137431 
0.016328 0.004126 0.000454 0.002033 0.013768 5.040327 0.024668 0.011664 0.003927 0.000270 0.000010 0.000000 0.000000 0.000000 0.000001 0.000013 0.000194 0.002243 0.013992 5.047402 0.034101 0.023600 0.472625 0.023106 0.008340 0.018695 0.014457 0.089568 0.027217 0.006019 0.000904 0.010294 0.241663 0.012707 0.023833 5.105483 0.170963 0.164824 1.571241 0.152105 
1.570071 0.018435 0.004219 0.000848 0.010232 0.233324 0.230555 2.793186 0.011049 0.001982 0.000091 0.000003 0.000003 0.000001 0.000015 0.000266 0.002016 0.000544 0.004009 0.013973 0.006666 0.018264 5.011617 0.025460 0.005522 0.004729 0.016509 0.768653 0.014661 0.002372 0.000515 0.010111 0.241660 0.010436 0.004599 0.013919 0.008899 0.009305 0.020969 1.568640 
0.137688 0.035921 0.018687 0.008661 0.014854 0.230899 0.227885 2.529411 0.039632 0.001545 0.000048 0.000013 0.000091 0.000021 0.000270 0.004017 0.016106 0.004039 0.000556 0.002292 0.002612 0.005409 0.027028 5.005488 0.019687 0.008129 0.023552 3.655783 0.013674 0.002277 0.002100 0.013836 5.097231 0.014012 0.002285 0.002180 0.000416 0.000834 0.007148 0.025042 
0.137732 1.632488 1.652528 0.158334 0.161441 2.968278 2.247823 2.562916 0.019585 0.004283 0.000497 0.000401 0.001995 0.000366 0.002137 0.016346 1.570339 0.016588 0.002416 0.004227 0.014239 0.010843 0.026589 0.520829 0.023527 0.035742 2.635945 0.472073 0.015627 0.002135 0.000374 0.004039 0.015821 0.004055 0.000554 0.002104 0.000564 0.004292 0.018790 0.012857 
0.012770 0.164025 0.024870 0.008722 0.010122 0.026461 1.669957 1.093418 0.031594 0.016052 0.010205 0.010104 0.013735 0.004092 0.002409 0.016569 1.570351 0.018300 0.004260 0.015888 4.983178 0.240584 0.240581 4.979209 0.018226 0.006667 0.017960 0.019629 0.006218 0.002403 0.000397 0.000654 0.004131 0.000823 0.004123 0.013854 0.006217 0.017877 5.097172 0.241705 
0.015431 0.170115 0.010780 0.000831 0.002352 0.012973 4.071290 0.096546 0.108290 5.117204 0.241762 0.241737 5.093006 0.014275 0.002519 0.004131 0.016121 0.004112 0.001121 0.019185 0.507331 0.025498 0.010734 0.014047 0.004116 0.000578 0.002641 0.007021 0.019927 0.016951 0.008503 0.008849 0.015845 0.006294 0.017971 5.123384 0.017897 0.006215 0.013747 0.010102 
0.246919 5.083145 0.013743 0.002014 0.000380 0.004063 0.012876 0.008028 0.008249 0.013760 0.010150 0.011445 0.026458 0.026592 0.005305 0.000582 0.002035 0.000631 0.004130 0.015800 5.008925 0.016182 0.004525 0.002413 0.000310 0.000340 0.004763 0.018337 1.540418 1.679999 0.163257 0.169297 5.105837 0.017888 0.006219 0.013765 0.004104 0.000547 0.002000 0.000398 
0.220836 0.029293 0.005329 0.000331 0.000286 0.002172 0.002299 0.000508 0.000400 0.002001 0.000489 0.002370 0.014148 5.118918 0.013763 0.002012 0.000450 0.004041 0.015829 0.008336 0.018065 0.008352 0.016225 0.004794 0.000550 0.002018 0.013772 5.115037 0.028199 0.018923 0.008592 0.008772 0.013755 0.004114 0.000638 0.002010 0.000276 0.000026 0.000091 0.000013 
1.567894 0.016585 0.002277 0.000368 0.003801 0.012390 0.005431 0.002241 0.000336 0.000197 0.000034 0.000281 0.003990 0.013740 0.003957 0.000360 0.002005 0.013746 5.097071 0.018133 0.006469 0.018147 5.118314 0.016276 0.004729 0.000683 0.004079 0.016110 0.005993 0.004458 0.000649 0.000395 0.002008 0.000544 0.002017 0.000406 0.000116 0.000012 0.000003 0.000003 
0.016321 0.004066 0.000368 0.002025 0.012465 0.552462 0.037293 0.013386 0.005303 0.002243 0.000281 0.000034 0.000272 0.001990 0.000270 0.000028 0.000399 0.010096 0.241137 0.010774 0.002825 0.005081 0.017198 5.119224 0.016096 0.004336 0.001859 0.004403 0.006034 0.018545 0.004103 0.000297 0.000380 0.004003 0.013767 0.005291 0.002239 0.000281 0.000026 0.000095 
0.002121 0.000274 0.000117 0.002180 0.013020 4.474555 1.532501 4.441105 0.025721 0.014033 0.004062 0.000366 0.000031 0.000091 0.000011 0.000013 0.000401 0.010096 0.241029 0.025419 0.014490 0.004552 0.006315 0.028675 0.030727 0.022387 0.040986 0.014805 0.035093 1.628204 0.016730 0.002329 0.002389 0.014171 5.114442 0.026399 0.014029 0.004135 0.000548 0.002130 
0.000095 0.000013 0.000093 0.002015 0.012456 0.552274 0.037571 0.013672 0.026091 5.119113 0.015824 0.004101 0.000364 0.000021 0.000004 0.000100 0.002081 0.013734 4.983054 0.506718 5.008689 0.016020 0.004407 0.016103 0.970421 4.224006 3.612436 4.009994 1.333030 1.296865 0.017407 0.004521 0.006781 0.026507 0.032421 0.045256 5.114668 0.017928 0.006261 0.016364 
0.000003 0.000001 0.000010 0.000263 0.003792 0.012180 0.005360 0.002479 0.005382 0.015831 0.008183 0.015803 0.004028 0.000272 0.000026 0.000276 0.002282 0.004234 0.013941 0.019024 0.013701 0.004039 0.000640 0.007822 0.126923 0.027794 0.040977 0.012493 0.037119 0.017206 0.008247 0.016256 0.028536 5.115385 0.020135 0.008459 0.013770 0.006212 0.019999 1.572465 
0.000000 0.000000 0.000001 0.000015 0.000259 0.001892 0.000307 0.000124 0.000411 0.004105 0.015820 5.097156 0.013743 0.002003 0.000360 0.004025 0.016327 0.004300 0.002279 0.000762 0.002002 0.000283 0.000376 0.007798 0.129296 0.009897 0.001831 0.002046 0.001456 0.004123 0.015830 5.093355 0.026547 0.014238 0.004224 0.000617 0.002008 0.000543 0.004151 0.016420 
0.000000 0.000000 0.000000 0.000001 0.000010 0.000089 0.000011 0.000004 0.000024 0.000495 0.010175 0.241602 0.010102 0.000493 0.002134 0.016342 1.570464 0.016413 0.002216 0.000119 0.000099 0.000105 0.002128 0.016511 1.632660 0.016553 0.002162 0.000190 0.000050 0.000494 0.010173 0.241580 0.011495 0.002465 0.000296 0.000028 0.000094 0.000026 0.000283 0.002220 
