0.001190 0.005244 0.010776 1.171139 0.013515 0.007991 0.003572 0.001624 0.000487 0.000097 0.000016 0.000021 0.000150 0.001066 0.005236 0.010771 1.132043 0.048684 0.043354 0.045789 0.550118 0.003951 0.003215 0.000853 0.000153 0.000112 0.000481 0.001561 0.002745 0.002215 0.001888 0.004027 0.005311 0.692018 0.004791 0.003507 0.001836 0.006410 0.023028 0.145454 
0.000734 0.002426 0.002614 0.938187 0.009838 0.009650 0.004415 0.003234 0.001254 0.000285 0.000057 0.000065 0.000206 0.000719 0.002399 0.002594 0.958254 0.056261 0.056048 1.373061 0.234420 0.006390 0.004214 0.000994 0.000193 0.000310 0.001347 0.003782 0.004275 0.005503 0.004044 0.009049 0.032706 0.333477 0.031303 0.007356 0.001997 0.003145 0.004062 0.416616 
0.000546 0.001810 0.004751 0.005801 0.010646 0.011437 8.992598 0.003021 0.002177 0.000585 0.000185 0.000339 0.000705 0.000959 0.001671 0.003525 0.004813 0.006236 0.202117 0.099322 1.310146 0.002811 0.002382 0.000656 0.000210 0.000625 0.002436 0.003962 0.152100 0.006481 0.004459 0.009876 0.033189 0.333212 0.031665 0.009079 0.003199 0.002974 0.005657 0.010385 
0.001266 0.001838 0.004793 0.005612 0.264993 0.542749 0.038396 0.016204 0.004363 0.000977 0.000588 0.001485 0.002561 0.002664 0.002076 0.002476 0.004620 0.005201 0.798183 0.005381 0.004731 0.003500 0.001381 0.000392 0.000210 0.000682 0.002308 0.002698 0.539842 0.433462 0.448160 0.449876 2.964978 0.426837 0.426209 0.007842 0.007500 0.006383 0.005283 0.009530 
0.005428 0.004163 0.010464 0.011950 0.260501 0.558051 0.038764 0.016457 0.005660 0.001858 0.001719 0.003880 0.003447 0.003550 0.004280 0.002935 0.003694 0.004508 0.414956 0.005121 0.004304 0.001901 0.000768 0.000579 0.000456 0.000798 0.002580 0.004201 0.162349 0.089342 0.441468 0.007494 0.006441 0.006558 0.006161 0.007994 0.012670 0.011549 0.005669 0.013532 
0.011494 0.004753 0.026323 0.026901 1.495368 0.744338 0.744913 1.781921 0.002605 0.002351 0.002717 0.003603 0.415557 0.425494 0.004598 0.004947 0.004391 0.005061 0.407363 0.003379 0.002697 0.001243 0.001387 0.001837 0.001663 0.001306 0.002273 0.006327 0.017516 0.018433 1.310723 0.006738 0.005961 0.005663 0.005813 0.717566 1.460009 1.460232 3.359359 1.443294 
0.218887 4.940203 0.253649 0.253079 0.116290 0.726496 0.015606 0.008277 0.004356 0.001896 0.001888 0.004864 0.009009 0.009671 1.026530 0.008586 0.008385 0.008628 0.014686 0.006125 0.002401 0.001862 0.003282 0.002693 0.004496 0.003372 0.003338 0.005758 0.016218 0.024785 0.803838 0.015476 0.006886 0.003088 0.003749 0.003085 0.011286 0.015274 0.034510 0.243703 
0.206397 0.013525 0.027929 0.032181 0.032508 2.950589 0.008377 0.008026 0.004105 0.001886 0.001102 0.002658 0.008143 0.013564 1.034502 0.032974 0.027642 0.009519 0.014057 0.009572 0.003708 0.003533 0.004389 9.177526 0.004809 0.003941 0.004601 0.006894 0.027851 0.036478 0.803812 0.014611 0.006037 0.001688 0.001746 0.002932 0.006118 0.010107 0.034119 0.242447 
0.411195 0.012852 0.011818 0.016164 0.031204 0.449262 0.037680 0.023437 0.004943 0.003610 0.001704 0.001740 0.005956 0.011374 1.034271 0.099525 0.098359 0.370050 0.025091 0.023959 0.004036 0.005925 0.008180 0.011523 0.190543 0.590636 0.829993 0.855221 0.542359 0.542416 1.394009 0.002809 0.002555 0.001094 0.001513 0.002304 0.002751 0.003958 0.004881 0.417805 
0.311158 0.007847 0.006774 0.012535 0.031773 0.448951 0.112156 0.112952 8.947045 0.004085 0.003248 0.001699 0.002688 0.002891 0.945451 0.207426 0.207143 0.590807 0.474042 0.474242 2.439908 0.008988 0.008663 0.010703 0.190953 0.164361 0.162619 0.054698 0.059167 0.130257 0.021662 0.005660 0.001860 0.001516 0.002745 0.002498 0.003134 0.002750 0.004250 0.003542 
0.004082 0.005336 0.004402 0.005299 0.427202 0.427583 0.039097 0.038332 0.050943 0.004828 0.005721 0.002803 0.001985 0.003454 0.004307 0.017273 0.207812 0.150426 0.147985 0.158072 0.503696 0.023617 0.010756 0.011231 1.584233 0.163145 0.162724 0.053455 0.048658 0.130501 0.021410 0.004524 0.001479 0.002299 0.002494 0.428057 0.002823 0.002628 0.002073 0.002660 
0.002962 0.002220 0.002517 0.005133 0.006946 0.007974 0.039717 0.049365 0.050118 1.284440 0.005494 0.004711 0.002161 0.002140 0.004103 0.004718 5.799743 0.150174 0.149045 0.159177 0.503459 0.022093 0.009003 0.006602 0.004820 0.079523 1.543808 0.054407 0.054670 1.639284 0.003318 0.002952 0.001720 0.003993 0.006304 1.103945 0.006050 0.003739 0.001212 0.000809 
0.001195 0.001593 0.002268 0.003468 0.006059 0.006979 0.457936 0.217541 0.217161 0.188243 0.103157 0.003617 0.002751 0.001443 0.003022 0.007502 0.009199 3.247552 0.540753 0.540396 0.593687 0.005848 0.005002 0.004085 0.004314 1.278757 0.460623 5.606113 0.421642 0.420371 0.008867 0.004995 0.002260 0.003544 0.003738 0.429380 0.002384 0.002187 0.000658 0.000233 
0.001645 0.002906 0.002454 0.004039 0.004837 0.005724 0.413039 0.074852 0.075040 0.072196 1.419146 0.003317 0.002600 0.001193 0.002620 0.007425 0.009811 0.036874 0.042642 0.043206 0.996028 0.005683 0.005166 0.003476 0.003810 0.003271 0.008968 0.006221 0.006725 1.535587 0.005436 0.005094 0.003879 0.005576 0.004596 0.003791 0.003878 0.001554 0.000396 0.000178 
0.003124 0.003311 0.526987 0.004889 0.004705 0.006794 0.011294 0.027232 0.075410 0.025130 0.006916 0.004553 0.001675 0.000846 0.001984 0.002593 6.463248 0.036570 0.036003 0.036412 0.028573 0.005392 0.005176 0.004326 0.003137 0.003041 0.005504 0.005606 0.009257 0.011691 0.009825 0.005953 0.007010 0.007867 9.210680 0.003591 0.002734 0.000930 0.000482 0.000684 
0.006208 0.009493 1.273980 0.009769 0.006483 0.005863 0.010394 0.011408 0.489920 0.007215 0.006193 0.002580 0.000727 0.000401 0.001222 0.002597 0.002493 0.017257 0.028277 0.029920 0.028433 0.024339 0.074397 0.004069 0.004057 0.002671 0.002929 0.005547 0.010114 0.011352 0.012210 9.229074 0.007154 0.006295 0.002885 0.003168 0.001458 0.000784 0.001517 0.002548 
0.006911 0.007097 0.530946 0.007141 0.006955 0.006120 0.011392 0.011826 0.424835 0.006782 0.005876 0.002480 0.000736 0.000254 0.000497 0.001310 0.001880 0.008861 0.019647 0.024331 0.025545 0.024874 0.004385 0.004079 0.004082 0.003979 0.003433 0.004291 9.222821 0.008832 0.007974 0.005370 0.004853 0.002868 0.002027 0.001282 0.000727 0.001527 0.003827 0.003430 
0.008001 0.009080 0.006641 0.007390 0.007651 0.395003 0.454188 0.460989 0.022017 0.014568 0.006733 0.004400 0.001934 0.000681 0.000594 0.000895 0.001092 0.003414 0.008476 0.014276 0.020041 0.022217 0.004456 0.004321 0.165019 0.003339 0.003304 0.003818 0.003373 0.004930 0.004311 0.004511 0.002761 0.001128 0.000635 0.000393 0.000726 0.002646 0.003576 0.417626 
0.334037 0.007541 0.006456 0.008090 0.014578 0.430996 0.208165 0.192939 0.045049 0.045886 9.202070 0.004938 0.004081 0.001959 0.001569 0.001777 0.001776 0.003213 0.005830 0.008355 0.014228 0.110570 0.083941 0.072726 0.002743 0.002693 0.002212 0.002144 0.002515 0.003131 0.004278 0.004873 0.003354 0.001327 0.000385 0.000231 0.000978 0.005553 0.029979 0.207831 
0.331282 0.005850 0.004768 0.006905 0.013397 0.431093 0.208697 0.193155 0.045248 0.017054 0.008457 0.008375 0.004342 0.002363 0.001874 0.002117 0.065664 0.205023 0.006906 0.007556 0.013336 0.089354 0.015930 0.005771 0.002731 0.002702 0.002398 0.002254 0.002539 0.003883 0.004250 0.490709 0.002319 0.001951 0.000599 0.000412 0.001621 0.006634 0.030187 0.208578 
0.004004 0.004707 0.002731 0.003838 0.004052 0.861054 0.808203 0.808335 1.190781 0.007828 0.007600 0.007859 2.687089 0.007036 0.006768 0.006136 0.023584 0.007787 0.019343 0.020541 0.040124 0.025224 0.013171 0.012859 0.012147 0.089606 0.004331 0.004312 0.004917 0.004186 0.006104 0.378117 0.003696 0.002760 0.000811 0.000657 0.001911 0.002119 1.039035 0.893608 
0.002899 0.001963 0.002066 0.004387 0.004908 0.012296 0.016191 0.012391 0.003085 0.004280 0.003436 0.004360 0.001997 0.001516 0.001300 0.001141 0.001065 0.001425 0.087022 0.133241 0.169955 0.157847 0.013683 0.013446 0.013264 0.012734 0.010164 0.010662 0.010953 0.348233 0.753657 0.349062 0.002532 0.002226 0.000813 0.000924 0.002870 0.006870 0.014305 0.019903 
0.000913 0.000885 0.001983 0.002839 9.180180 0.012081 0.011155 0.007368 0.002856 0.001562 0.000967 0.001439 0.001736 0.001143 0.000789 0.000598 0.000896 0.001470 0.193371 0.194351 0.172711 0.231869 0.013807 0.013549 0.013398 0.012907 0.011959 0.018338 0.019220 0.376265 0.012342 0.010438 0.006387 0.003201 0.001599 0.002156 0.004759 0.007546 0.014104 0.015248 
0.000832 0.000733 0.001800 0.004991 0.005870 0.424911 0.003932 0.003661 0.001460 0.000492 0.000207 0.000305 0.000464 0.000282 0.000198 0.000329 0.000951 0.001811 0.102924 0.135936 0.162111 0.074072 0.035688 0.278224 0.261289 0.334089 0.396599 0.020761 0.020183 0.495676 0.010505 0.010142 0.006586 0.007994 0.006333 0.004623 0.005300 6.618338 0.031483 0.031639 
0.002596 0.001778 0.001675 0.004137 0.005104 0.464794 0.006099 0.005134 0.002021 0.000540 0.000116 0.000058 0.000080 0.000050 0.000080 0.000368 0.001074 0.002568 0.002772 0.116212 0.009711 0.009783 0.388730 0.018382 0.018441 0.397920 0.021708 0.022555 9.004335 0.009810 0.009260 0.009457 0.996455 0.032569 0.032368 0.005353 0.018035 0.153519 0.442524 0.145368 
0.003486 0.004764 0.003054 0.004314 0.004635 0.554136 0.006122 0.005729 0.003578 0.001282 0.000294 0.000061 0.000028 0.000029 0.000112 0.000471 0.001465 0.002808 0.002851 0.148411 0.009271 0.009453 0.368528 0.017842 0.017068 0.015628 0.019799 0.023400 0.006152 0.007157 0.008425 0.013499 1.002011 0.271133 0.271755 7.114889 0.160386 0.159575 0.440238 0.148661 
0.417691 0.007960 0.007099 0.013023 0.021899 0.132196 0.130944 0.418508 0.002760 0.002158 0.000689 0.000230 0.000121 0.000135 0.000465 0.001460 0.002525 0.002878 0.003549 0.004108 0.007456 0.008785 0.423021 0.017540 0.016920 0.015096 0.015525 0.060351 0.005306 0.004747 0.006653 0.011737 1.002496 0.038821 0.033820 0.004736 0.020044 0.024917 0.031722 0.442949 
0.241869 0.009458 0.008454 0.030586 0.039830 0.132455 0.133787 0.455126 0.004404 0.003424 0.001778 0.001174 0.000670 0.000612 0.001558 0.003871 0.003410 0.004558 0.003229 0.004078 0.008617 0.027151 0.031218 0.469794 0.036823 0.036518 0.027241 3.456660 0.004174 0.003571 0.003428 0.003627 0.995403 0.007220 0.007021 0.004007 0.007612 0.012550 0.036801 0.210329 
0.247275 0.543813 0.838182 0.445629 0.445647 0.991165 0.373564 0.457464 0.006205 0.005484 0.006032 0.005362 0.002457 0.001942 0.003048 0.003930 0.419788 0.005458 0.004585 0.005210 0.008884 0.032701 0.033926 0.414761 0.427749 0.428411 4.020987 0.026606 0.003945 0.003397 0.003098 0.004659 0.005614 0.004568 0.003340 0.003140 0.004292 0.009580 0.037000 0.211024 
0.181947 0.419984 0.029676 0.032013 0.028251 0.014536 0.325757 0.255927 0.006830 0.005672 0.011549 0.010880 0.002646 0.003837 0.004175 0.005051 0.420455 0.006747 0.005877 0.006140 0.402957 0.446546 0.446527 0.419705 0.029751 0.029464 0.006667 0.009306 0.007525 0.005280 0.007706 0.008311 0.005418 0.004309 0.004878 0.003999 0.006302 0.006510 1.046226 0.885823 
0.183207 0.420241 0.027548 0.014066 0.010321 0.010793 0.888921 0.019306 0.019512 0.950335 1.174055 1.174051 0.932223 0.004605 0.004419 0.004953 0.003956 0.005500 0.005559 0.006659 0.511195 0.021549 0.020517 0.005204 0.008803 0.008027 0.005885 0.008916 0.008201 0.006675 0.022033 0.022472 0.005821 0.007011 0.007870 9.233589 0.006803 0.005944 0.002806 0.010000 
0.289444 2.420494 0.004353 0.003974 0.003216 0.004885 0.004600 0.012677 0.012422 0.003143 0.011397 0.013166 0.008694 0.005463 0.004893 0.003101 0.003072 0.003427 0.004878 0.005155 0.438546 0.011689 0.011416 0.004919 0.002912 0.002886 0.005430 0.009654 0.234255 1.269366 0.669421 0.669664 3.521260 0.006756 0.006354 0.003257 0.004175 0.002758 0.002597 0.005205 
0.269400 0.004900 0.004885 0.002307 0.002244 0.003909 0.004112 0.004417 0.003999 0.002953 0.005882 0.007648 0.008505 9.211212 0.003318 0.002461 0.002364 0.003923 0.005188 0.008321 0.009434 0.010403 0.012273 0.006086 0.003009 0.002712 0.003569 9.194184 0.010405 0.009585 0.023288 0.021548 0.003494 0.004432 0.003211 0.002397 0.001580 0.000786 0.000708 0.001075 
0.406507 0.004481 0.003594 0.002382 0.004449 0.005617 0.006125 0.003559 0.002334 0.001580 0.001688 0.002422 0.003994 0.002635 0.003113 0.001858 0.002815 0.003126 2.017134 0.009474 0.009164 0.010022 9.224165 0.006368 0.004936 0.003477 0.004837 0.007494 0.008665 0.008194 0.009024 0.007364 0.003090 0.002722 0.002608 0.002109 0.001157 0.000496 0.000256 0.000265 
0.003446 0.004099 0.002238 0.002994 0.004709 0.205361 0.007341 0.003968 0.004264 0.002876 0.001677 0.001041 0.001425 0.001777 0.001322 0.001472 0.005692 0.013444 0.705100 0.018112 0.010437 0.008096 0.008978 9.210690 0.006090 0.005232 0.004967 0.006638 0.008742 0.009087 0.006250 0.003206 0.002465 0.003774 0.003464 0.004418 0.002859 0.001624 0.000810 0.000769 
0.002553 0.001600 0.001122 0.002396 0.002802 0.413160 0.837771 0.413822 0.004156 0.003734 0.003710 0.001881 0.000843 0.000599 0.000433 0.001193 0.005662 0.013435 0.704869 0.018996 0.010714 0.007308 0.008146 0.009038 0.007340 0.005817 0.005691 0.007112 0.008342 0.765815 0.005333 0.004427 0.004264 0.005119 9.185241 0.004573 0.003715 0.004497 0.003051 0.002849 
0.000671 0.000427 0.000718 0.002587 0.004310 0.203833 0.006909 0.004307 0.005165 9.215105 0.004744 0.003885 0.001788 0.000592 0.000314 0.000915 0.002839 0.003094 0.374740 0.453882 0.448332 0.007184 0.006910 0.008180 0.225827 0.544654 0.600622 0.521753 0.209280 0.205647 0.007465 0.006660 0.007105 0.005978 0.010224 0.011082 9.183701 0.007999 0.007143 0.003743 
0.000114 0.000094 0.000310 0.001384 0.003959 0.004051 0.005486 0.003896 0.005054 0.005701 0.006969 0.004073 0.003329 0.001420 0.000792 0.001760 0.003508 0.004290 0.003922 0.004365 0.002438 0.004326 0.008041 0.029585 0.245335 0.030740 0.009589 0.004069 0.005294 0.006520 0.008451 0.006848 0.007705 9.202114 0.009367 0.008509 0.003275 0.006744 0.007625 0.423011 
0.000014 0.000017 0.000083 0.000410 0.001332 0.002304 0.001831 0.001358 0.002373 0.004843 0.005031 0.936676 0.002914 0.002725 0.002129 0.004215 0.004390 0.005218 0.003674 0.003351 0.002154 0.002244 0.006918 0.028472 0.245896 0.030147 0.008863 0.003588 0.004101 0.005707 0.005896 0.940677 0.009423 0.009234 0.005886 0.003510 0.002418 0.003006 0.005090 0.004266 
0.000002 0.000003 0.000017 0.000090 0.000316 0.000601 0.000429 0.000416 0.001486 0.005959 0.011497 1.172128 0.011558 0.006033 0.003778 0.004653 0.420660 0.004174 0.003291 0.001566 0.000883 0.001129 0.003365 0.004535 0.614079 0.005198 0.004030 0.001725 0.002147 0.006222 0.011759 1.170092 0.013914 0.008377 0.002977 0.001109 0.000776 0.000922 0.002042 0.003380 
