0.002552 0.003137 0.003448 0.114946 0.006634 0.006327 0.004665 0.002866 0.001606 0.000810 0.000452 0.000474 0.000591 0.000616 0.000652 0.000654 0.000672 0.033077 0.033084 0.033069 0.033056 0.001129 0.001083 0.000972 0.000975 0.001116 0.001578 0.002220 0.002940 0.003686 0.004757 0.006130 0.006423 0.182633 0.006365 0.006073 0.005408 0.005614 0.006392 0.016326 
0.002302 0.002776 0.002811 0.174867 0.006488 0.006454 0.004822 0.002960 0.001911 0.001092 0.000668 0.000584 0.000603 0.000616 0.000647 0.000650 0.012772 0.031172 0.032665 0.033738 0.014036 0.001160 0.001072 0.000979 0.001001 0.001187 0.001732 0.002532 0.003477 0.004254 0.005537 0.007590 0.009691 0.077981 0.009561 0.007482 0.005958 0.005526 0.005774 0.128599 
0.002521 0.003202 0.004172 0.005607 0.006713 0.006859 1.752256 0.002603 0.002446 0.001598 0.001048 0.000828 0.000721 0.000680 0.000666 0.000664 0.000720 0.000780 0.078823 0.006786 0.021116 0.001091 0.001067 0.000995 0.001067 0.001560 0.003231 0.009407 0.042851 0.004728 0.005637 0.007780 0.009805 0.077931 0.009668 0.007867 0.006512 0.006024 0.006609 0.008358 
0.003388 0.004176 0.005339 0.005573 0.083397 0.150917 0.005658 0.004860 0.003172 0.002165 0.001465 0.001110 0.000953 0.000873 0.000790 0.000741 0.000741 0.000786 0.115601 0.001140 0.001093 0.001082 0.001068 0.001044 0.001193 0.001833 0.003467 0.006208 0.069009 0.045962 0.114320 0.114362 0.735845 0.130728 0.131396 0.006850 0.006750 0.006575 0.007025 0.008119 
0.004563 0.005427 0.007115 0.007503 0.080851 0.016001 0.005532 0.004882 0.003403 0.002469 0.001865 0.001382 0.001088 0.000990 0.000957 0.000901 0.000867 0.000896 0.110560 0.001131 0.001088 0.001080 0.001071 0.001070 0.001272 0.002178 0.003555 0.004711 0.120405 0.051902 0.066212 0.006129 0.006024 0.005706 0.005582 0.006874 0.007060 0.006886 0.007087 0.008222 
0.005239 0.005562 0.008504 0.008631 0.346370 0.018871 0.018609 0.145932 0.002538 0.002472 0.001963 0.001710 0.030996 0.063076 0.001370 0.001127 0.001021 0.001030 0.113997 0.001128 0.001090 0.001087 0.001093 0.001225 0.001520 0.002320 0.003530 0.004252 0.004555 0.024713 0.018122 0.005918 0.005910 0.005457 0.005481 0.122055 0.173679 0.173714 0.562365 0.054976 
0.035462 1.195499 0.042306 0.042175 0.040130 0.018939 0.018904 0.014108 0.013986 0.010203 0.004594 0.002903 0.019539 0.024754 0.027245 0.001085 0.001035 0.001051 0.094169 0.001129 0.001098 0.001106 0.001136 0.001225 0.001440 0.002656 0.003948 0.005025 0.005498 0.005502 0.005510 0.005553 0.005494 0.004706 0.004312 0.004151 0.006086 0.007797 0.008360 0.016044 
0.033615 0.014418 0.015256 0.016088 0.016065 0.077432 0.014061 0.013968 0.013908 0.013811 0.011303 0.007703 0.013662 0.018787 0.017644 0.008340 0.002589 0.002077 0.073885 0.001128 0.001105 0.001111 0.001118 0.009494 0.002472 0.002732 0.004408 0.005251 0.005496 0.005495 0.005486 0.005260 0.005129 0.004198 0.003785 0.004126 0.005773 0.007484 0.008298 0.016120 
0.118092 0.014278 0.014020 0.014596 0.014618 0.012680 0.013901 0.013885 0.013907 0.013835 0.012672 0.010586 0.011951 0.014755 0.016760 0.011328 0.005681 0.014332 0.068730 0.001129 0.001109 0.001113 0.001117 0.014497 0.026050 0.024073 0.018647 0.030654 0.005512 0.005511 0.023181 0.004854 0.004830 0.003916 0.003671 0.003799 0.004559 0.005554 0.005798 0.127944 
0.098388 0.010994 0.010712 0.011009 0.012272 0.012585 0.013872 0.013873 0.042300 0.012849 0.012705 0.011583 0.011804 0.012412 0.025397 0.010960 0.006304 0.023213 0.046395 0.007800 0.011719 0.001121 0.001123 0.012994 0.016612 0.008020 0.008355 0.004547 0.004534 0.004534 0.004539 0.004648 0.004513 0.003811 0.003686 0.003820 0.003610 0.003864 0.003650 0.002430 
0.003297 0.005831 0.006545 0.006626 0.047062 0.065043 0.013956 0.013861 0.014268 0.013455 0.012959 0.012186 0.011965 0.012171 0.012228 0.012261 0.007784 0.014298 0.030066 0.009238 0.003044 0.001125 0.001126 0.005522 0.021696 0.007388 0.007329 0.004533 0.004529 0.004526 0.004496 0.004494 0.004289 0.003797 0.003792 0.069650 0.002952 0.002922 0.002634 0.002178 
0.002974 0.003785 0.004401 0.004833 0.004853 0.004868 0.014922 0.014397 0.014326 0.034676 0.017340 0.014197 0.012860 0.012501 0.012384 0.012374 0.028974 0.016876 0.024683 0.010027 0.001896 0.001129 0.001130 0.007709 0.011664 0.008160 0.018035 0.004541 0.004546 0.019911 0.004443 0.004430 0.004197 0.004005 0.004763 0.011806 0.002392 0.002374 0.001959 0.001623 
0.002669 0.003041 0.003524 0.004233 0.004737 0.004818 0.047224 0.036673 0.027766 0.052251 0.059207 0.033595 0.021495 0.016528 0.014586 0.013126 0.013578 0.029686 0.019702 0.011940 0.024913 0.001140 0.001137 0.008839 0.013430 0.025673 0.012250 0.016900 0.010325 0.011119 0.004412 0.004365 0.004147 0.004029 0.004384 0.037617 0.002218 0.002197 0.001512 0.001156 
0.003002 0.003208 0.003547 0.004111 0.004661 0.004780 0.058429 0.058321 0.047050 0.047248 0.066966 0.056524 0.040497 0.026271 0.020902 0.015970 0.014221 0.017035 0.018259 0.014028 0.047866 0.001162 0.001148 0.009234 0.009833 0.008111 0.008442 0.008540 0.010405 0.022772 0.004286 0.004249 0.004098 0.004026 0.004040 0.001950 0.002019 0.001803 0.001234 0.001020 
0.004047 0.004073 0.077205 0.004586 0.004682 0.004770 0.026124 0.034523 0.039227 0.041925 0.042938 0.043254 0.043193 0.039163 0.030700 0.028565 0.034658 0.019528 0.017745 0.015461 0.017407 0.001183 0.001183 0.007605 0.007654 0.007339 0.007351 0.007197 0.007019 0.005811 0.004273 0.004250 0.004134 0.004123 0.021960 0.001888 0.001884 0.001469 0.001167 0.001104 
0.005444 0.005507 0.036753 0.011939 0.005711 0.005196 0.015855 0.021394 0.053897 0.048537 0.046880 0.045999 0.045386 0.044140 0.040532 0.035888 0.038592 0.039870 0.040354 0.034486 0.013394 0.007098 0.039279 0.007398 0.007393 0.007279 0.007234 0.007118 0.007003 0.005979 0.005245 0.014403 0.001678 0.001671 0.001675 0.001736 0.001624 0.001354 0.001302 0.001340 
0.006293 0.006301 0.050043 0.007480 0.005634 0.005278 0.010509 0.017370 0.052394 0.050585 0.049663 0.048867 0.048132 0.047328 0.046146 0.043016 0.042231 0.041867 0.041642 0.041328 0.012981 0.010406 0.014046 0.007393 0.007399 0.007250 0.007201 0.007146 0.015067 0.002055 0.001750 0.001662 0.001667 0.001662 0.001659 0.001651 0.001521 0.001344 0.001315 0.001359 
0.006518 0.006491 0.032743 0.025267 0.017527 0.035022 0.019618 0.035692 0.046715 0.048622 0.049518 0.049152 0.048702 0.048186 0.047555 0.046097 0.044916 0.044132 0.043554 0.043015 0.034940 0.011725 0.013316 0.012561 0.041428 0.003037 0.002894 0.002095 0.002034 0.001786 0.001668 0.001658 0.001657 0.001647 0.001635 0.001601 0.001479 0.001354 0.001354 0.034415 
0.123562 0.062677 0.049379 0.033175 0.022820 0.018017 0.018797 0.021222 0.036544 0.037309 0.053310 0.048933 0.048746 0.048452 0.048082 0.047380 0.046450 0.045441 0.044762 0.044103 0.043460 0.265140 0.061331 0.074503 0.002763 0.002466 0.002284 0.002215 0.002194 0.002191 0.002294 0.002465 0.002955 0.003435 0.004378 0.006014 0.009159 0.013104 0.019490 0.020226 
0.112900 0.007904 0.003989 0.002569 0.002296 0.008889 0.014337 0.017475 0.032493 0.034962 0.034835 0.041136 0.047936 0.048275 0.048135 0.047704 0.073667 0.101000 0.069106 0.057287 0.049929 0.024969 0.018150 0.010473 0.003146 0.003160 0.003431 0.003701 0.004447 0.005810 0.008739 0.017021 0.003493 0.004079 0.005275 0.007131 0.010376 0.014342 0.019679 0.020213 
0.002413 0.002228 0.002148 0.002052 0.002055 0.014731 0.014683 0.014986 0.039616 0.034842 0.034715 0.034257 0.055462 0.049292 0.048321 0.047526 0.042679 0.034059 0.039278 0.046251 0.044425 0.041946 0.042174 0.043519 0.047722 0.062844 0.015780 0.018055 0.021675 0.022873 0.025845 0.024842 0.022011 0.022106 0.022207 0.022307 0.022423 0.022527 0.034023 0.022572 
0.002202 0.002126 0.002068 0.002005 0.002049 0.006027 0.007681 0.007725 0.013566 0.016719 0.020355 0.023738 0.026779 0.027140 0.026793 0.025979 0.025001 0.024140 0.051751 0.057567 0.068595 0.046777 0.046591 0.041980 0.036617 0.034346 0.033663 0.034304 0.037232 0.044056 0.028548 0.035042 0.022139 0.022209 0.022298 0.022393 0.022513 0.022665 0.022878 0.022703 
0.001902 0.001905 0.001931 0.001933 0.012939 0.014036 0.014929 0.015852 0.017890 0.021200 0.024513 0.026754 0.027436 0.027280 0.026553 0.025343 0.024059 0.023097 0.093802 0.064844 0.078372 0.349875 0.063736 0.057001 0.044066 0.036193 0.027637 0.024182 0.023923 0.023959 0.022071 0.022062 0.022133 0.022210 0.022298 0.022393 0.022513 0.022668 0.022914 0.022820 
0.001882 0.001887 0.001890 0.001915 0.003839 0.016802 0.013715 0.015868 0.019598 0.023892 0.027041 0.028387 0.028185 0.027046 0.025598 0.023744 0.022414 0.021530 0.055848 0.042191 0.100665 0.049173 0.084891 0.089011 0.059020 0.088685 0.055261 0.029101 0.030327 0.043769 0.022011 0.022034 0.022098 0.022132 0.022219 0.022246 0.022226 0.041945 0.024706 0.024779 
0.002253 0.002319 0.002526 0.003127 0.004241 0.009571 0.012706 0.017055 0.022237 0.027045 0.029529 0.029540 0.027976 0.025978 0.024054 0.021675 0.020781 0.020267 0.018864 0.027869 0.025015 0.031658 0.079880 0.032553 0.035408 0.048455 0.024727 0.023405 0.031849 0.019675 0.021372 0.024333 0.036167 0.024682 0.025966 0.026336 0.035889 0.036862 0.067076 0.025979 
0.002473 0.002649 0.003955 0.006797 0.007076 0.035300 0.016653 0.023730 0.029674 0.032364 0.032088 0.029518 0.026332 0.023738 0.021492 0.018596 0.019500 0.019728 0.017672 0.039651 0.023246 0.032469 0.046569 0.029254 0.025917 0.026353 0.025230 0.022147 0.011428 0.014383 0.019235 0.020861 0.020867 0.020859 0.020907 0.043138 0.035306 0.035634 0.082026 0.026111 
0.125361 0.008135 0.008329 0.008474 0.008487 0.008751 0.008794 0.042185 0.036471 0.034604 0.031797 0.027022 0.023113 0.020646 0.018273 0.014825 0.020617 0.019891 0.015156 0.012493 0.016668 0.033305 0.072123 0.033977 0.025116 0.028700 0.030193 0.033032 0.011243 0.012027 0.017687 0.020857 0.020865 0.020855 0.021027 0.021709 0.022473 0.023026 0.023157 0.121279 
0.135245 0.015357 0.009189 0.008881 0.008968 0.008870 0.008840 0.032018 0.033211 0.033067 0.028888 0.022263 0.018799 0.017029 0.014318 0.010417 0.026723 0.019357 0.013343 0.011484 0.022380 0.041732 0.032248 0.046664 0.022089 0.022752 0.028330 0.025384 0.009964 0.008377 0.006387 0.006900 0.037517 0.020731 0.020724 0.021644 0.021788 0.022967 0.023063 0.023178 
0.135304 0.195761 0.168525 0.010763 0.010606 0.035290 0.026915 0.077862 0.033788 0.032844 0.023614 0.015677 0.014218 0.013373 0.009571 0.006346 0.041116 0.016593 0.010593 0.009486 0.035146 0.042561 0.027555 0.027485 0.021726 0.022860 0.034184 0.025983 0.014320 0.009098 0.006213 0.007809 0.010879 0.017613 0.018596 0.019836 0.019758 0.022932 0.023097 0.023082 
0.123241 0.026654 0.010886 0.010265 0.009579 0.009541 0.016922 0.044667 0.025692 0.030574 0.012968 0.008610 0.011066 0.009963 0.005001 0.003815 0.023086 0.010006 0.006564 0.008288 0.054546 0.043791 0.028255 0.034045 0.021236 0.023042 0.023686 0.021456 0.018730 0.011398 0.005406 0.006080 0.008684 0.008622 0.013755 0.018638 0.002703 0.002746 0.230342 0.019415 
0.123232 0.026692 0.010717 0.010152 0.009439 0.009464 0.046817 0.005451 0.005443 0.028363 0.004458 0.004377 0.015410 0.003441 0.003382 0.003387 0.003423 0.003443 0.003452 0.010996 0.043173 0.037511 0.028742 0.014439 0.017322 0.022344 0.024818 0.025268 0.024452 0.015559 0.005151 0.005134 0.007891 0.002679 0.002674 0.043418 0.002559 0.002552 0.002645 0.002765 
0.134875 0.476859 0.007469 0.007397 0.007113 0.006873 0.005480 0.005362 0.005076 0.004835 0.004628 0.004092 0.003928 0.003574 0.003385 0.003393 0.003435 0.003460 0.003466 0.014221 0.044497 0.031829 0.030595 0.011419 0.011886 0.015405 0.022573 0.027736 0.034454 0.028388 0.005161 0.005133 0.024780 0.002668 0.002557 0.002371 0.002631 0.002532 0.002603 0.002690 
0.119599 0.004006 0.004801 0.004939 0.005090 0.005407 0.005352 0.005202 0.004955 0.004830 0.004480 0.003842 0.003826 0.015903 0.003386 0.003400 0.003468 0.003491 0.003487 0.018604 0.019586 0.018372 0.027029 0.010389 0.010209 0.008247 0.007797 0.017482 0.005433 0.005424 0.005181 0.004978 0.004753 0.004508 0.002594 0.002362 0.002324 0.002154 0.001961 0.001977 
0.120713 0.003909 0.003671 0.003759 0.004289 0.005833 0.005315 0.005143 0.004873 0.004622 0.003991 0.003589 0.003356 0.003244 0.003328 0.003413 0.003522 0.003536 0.037963 0.018162 0.019645 0.015718 0.013441 0.010932 0.011370 0.008468 0.006562 0.005654 0.005492 0.005500 0.005406 0.005150 0.004756 0.004603 0.002914 0.002436 0.002248 0.001912 0.001643 0.001535 
0.001909 0.002619 0.002785 0.003003 0.003469 0.067187 0.005546 0.005253 0.004748 0.004505 0.003714 0.003333 0.003205 0.003238 0.003396 0.003547 0.003648 0.003606 0.030342 0.015937 0.019966 0.003136 0.003120 0.019360 0.013915 0.011795 0.007384 0.005678 0.005668 0.005702 0.005679 0.005610 0.005320 0.005209 0.002989 0.002568 0.002471 0.002316 0.002060 0.001822 
0.001661 0.001865 0.002047 0.002311 0.002425 0.120768 0.110716 0.135764 0.004628 0.004549 0.003160 0.002990 0.003095 0.003334 0.003639 0.003766 0.003800 0.003561 0.031106 0.013028 0.021558 0.003126 0.003103 0.003121 0.023011 0.018113 0.013951 0.031635 0.035694 0.044345 0.005771 0.005706 0.005502 0.005575 0.826367 0.002707 0.002632 0.003048 0.002925 0.002490 
0.001066 0.001178 0.001441 0.001880 0.002333 0.063886 0.003175 0.003342 0.003395 0.567241 0.002926 0.002871 0.003231 0.003582 0.003859 0.003932 0.003874 0.003375 0.031872 0.009262 0.028765 0.003120 0.003102 0.003118 0.045278 0.018971 0.007046 0.029532 0.023301 0.061960 0.005952 0.005764 0.005628 0.005715 0.004628 0.004789 1.804681 0.003810 0.003649 0.002741 
0.000537 0.000645 0.000940 0.001429 0.001903 0.002222 0.002815 0.003225 0.003688 0.004186 0.004080 0.002913 0.003655 0.003961 0.004082 0.004094 0.003934 0.003148 0.003153 0.003136 0.003126 0.003113 0.003097 0.003094 0.005067 0.005043 0.005047 0.005121 0.005252 0.005503 0.005731 0.005797 0.005938 1.583826 0.004555 0.004413 0.003437 0.003848 0.004093 0.128027 
0.000228 0.000315 0.000550 0.000956 0.001405 0.001764 0.002195 0.002664 0.003387 0.004136 0.004170 0.177188 0.004348 0.004313 0.004173 0.004170 0.004011 0.003139 0.003137 0.003124 0.003112 0.003105 0.003093 0.003096 0.005060 0.005023 0.005027 0.005078 0.005133 0.005287 0.005321 0.176316 0.006725 0.006691 0.005253 0.004133 0.003276 0.003362 0.003563 0.003463 
0.000101 0.000163 0.000331 0.000632 0.000997 0.001316 0.001656 0.002184 0.003135 0.004171 0.004471 0.111363 0.004683 0.004394 0.004145 0.004156 0.050806 0.003153 0.003140 0.003124 0.003111 0.003105 0.003094 0.003106 0.035531 0.004942 0.004930 0.004790 0.004813 0.005244 0.005552 0.115836 0.006859 0.006550 0.005098 0.003658 0.002806 0.002794 0.003084 0.003216 
